1.576830297564695371e+01 -2.550253503979018177e+01 1.289375582784069640e-03
-1.576471129142485772e+01 -2.551063320371624243e+01 8.721016014773102717e-03
1.578772364245404880e+01 2.553997678700374507e+01 -9.316933567841932662e-03
-1.577019821475331796e+01 2.552536129076141336e+01 -1.089861742919395228e-02
5.527878510068733736e-03 1.577258878570149392e+01 -5.103648860401833076e+01
8.897318185710722388e-03 -1.576893448995706848e+01 -5.103687062620151238e+01
-7.682860160321419024e-03 1.577584999657362452e+01 5.102231558276571377e+01
-9.731714923507208889e-03 -1.577280206317789713e+01 5.103838361029070825e+01
-2.553847890464444603e+01 3.695995870340270002e-03 3.157586645985738016e+01
-2.551089693964043903e+01 6.262953273517805550e-03 -3.154948926914919127e+01
2.552337796023864414e+01 -1.185767051305366970e-02 3.153393983500550490e+01
2.553384002379153017e+01 -1.307519172272726183e-04 -3.156225135807844140e+01
1.739196416995856739e-02 -2.998304714120719794e+01 6.821618827831434258e-03
1.677894804866764686e-03 2.999618364410572013e+01 -1.281555037856352199e-04
9.269315114553943857e+00 2.427491675886978939e+01 -2.997811014130201102e+01
-9.280473223578461273e+00 2.426948148293373819e+01 -3.001384849543252642e+01
9.249974876269961399e+00 -2.427055325537341091e+01 -2.999393501890659408e+01
-9.264737662689409348e+00 -2.427486645499129736e+01 -2.999578783249395642e+01
-1.288630203228232143e-02 7.174717727540965567e-03 -6.001972823590728012e+01
9.263105756181243322e+00 2.428214554892098320e+01 3.000349854201195399e+01
-9.267944375227783027e+00 2.427964737562963649e+01 3.001054480791507117e+01
9.280338693829749630e+00 -2.425896644706953253e+01 2.999122583074656845e+01
-9.264269032302729912e+00 -2.427490263580877183e+01 2.999788964918842993e+01
1.286426554828380177e-02 4.954681291435129344e-04 6.000769077884169889e+01
-2.426994103319336205e+01 -1.500430386734460875e+01 1.853933003236561561e+01
-2.427421575177305257e+01 1.499832753022069376e+01 1.854934721782623441e+01
-1.499103605300013697e+01 9.273357863106154397e+00 4.853826500084793594e+01
-1.500395600309116340e+01 -9.267571553579196930e+00 4.853093261557098970e+01
-2.425638116754696583e+01 -1.500685097198156903e+01 -1.853605271672404697e+01
-2.426638303852153911e+01 1.500649401488345269e+01 -1.854582655284455939e+01
-1.500440839792342373e+01 9.265601861959330776e+00 -4.852979005824462888e+01
-1.500704383329630076e+01 -9.272280126577616244e+00 -4.852558996733105090e+01
-2.999244326543009365e+01 1.886317286345369840e-02 3.581371495658632054e-03
2.426972400905977523e+01 -1.499041383662616944e+01 1.854474588236227817e+01
2.428536731583798769e+01 1.500328055136708194e+01 1.853597496247078169e+01
1.500585461879439464e+01 9.279195672945711237e+00 4.852791204886931808e+01
1.499512074455076416e+01 -9.259032236460209120e+00 4.853286201046358173e+01
2.427697271129331824e+01 -1.499003132887649592e+01 -1.854085425480023375e+01
2.428277104640722328e+01 1.498672524315059995e+01 -1.854685336294980402e+01
1.500283455330436588e+01 9.263621294052596156e+00 -4.853262218871668665e+01
1.500365823883727145e+01 -9.277520810390535999e+00 -4.854355402719921386e+01
3.000476709255887897e+01 -1.413538783116944503e-02 -2.610776057790768247e-03
