1.463896979289801550e+02 -2.372956691119244965e+02 1.209012325819776162e-01
-1.477197487732401555e+02 -2.363744015227086379e+02 1.013448838138526244e-02
1.468478911489508789e+02 2.375591189919222472e+02 -2.309512809562197164e-02
-1.479185581353801240e+02 2.385073568852704113e+02 4.799982593021749344e-01
-1.355989317692729845e-01 1.474587858455292917e+02 -2.545581071713944610e+01
-1.361828988235065374e-01 -1.469814896484484450e+02 -2.537147279692293012e+01
-3.368013335123336005e-01 1.485503019851856834e+02 2.579001836086310107e+01
2.941359274551663128e-01 -1.478944482030200902e+02 2.688741986667927364e+01
-2.371798738942661942e+02 -3.720574770263154751e-01 1.518044750861904646e+01
-2.372932022857839343e+02 -1.256606478296922180e+00 -1.641741139895581370e+01
2.366745510391949381e+02 5.053904858668141209e-01 1.627136357654706345e+01
2.382001173530738072e+02 -4.951609252107928016e-01 -1.648217782747595805e+01
-1.040348671983398532e+00 -2.789808373883558943e+02 -2.718676144260099847e-01
-2.331755509017968686e-01 2.797001370976125258e+02 -9.457800699535819922e-01
8.778400678651932765e+01 2.265221293195280339e+02 -1.402748760357729374e+01
-8.714154667661081533e+01 2.253918302445847814e+02 -1.463757647171305010e+01
8.636055878681975173e+01 -2.257018888204046334e+02 -1.666895094955237866e+01
-8.570912404208874591e+01 -2.269703064854290631e+02 -1.581259999212909406e+01
-1.880381703714748692e-02 1.527466206675121840e-01 -2.879837508207652164e+01
8.604289560063443787e+01 2.247340332970754844e+02 1.632206280920912889e+01
-8.545973853803070597e+01 2.255213531553519886e+02 1.367917440778328775e+01
8.784329099310984645e+01 -2.255586683127521610e+02 1.471307307196352454e+01
-8.565405357380342366e+01 -2.257250751139607132e+02 1.529068945310505079e+01
9.011523466368294155e-01 -8.534177012299145604e-01 2.955892880234389608e+01
-2.261962569441472226e+02 -1.390951543932561378e+02 9.262907537716207784e+00
-2.261078984589445895e+02 1.390079935841907002e+02 9.572019107685241224e+00
-1.400475097567877185e+02 8.607114556747310985e+01 2.460789864335425392e+01
-1.399297793159064724e+02 -8.653291827124998292e+01 2.427611289019476715e+01
-2.252035143652190072e+02 -1.403171300461435465e+02 -9.553054377467136149e+00
-2.244568566419799822e+02 1.403763622937279933e+02 -1.042810323746432566e+01
-1.406680897671957098e+02 8.691485112180922101e+01 -2.382327923745301845e+01
-1.404831433747310712e+02 -8.670820800885810797e+01 -2.492469393206862449e+01
-2.794492981150414721e+02 -8.124775786807080236e-01 1.435609350637419901e+00
2.257353648694076469e+02 -1.397845911957134604e+02 9.605442157997185149e+00
2.247871768981597711e+02 1.395944622247869233e+02 9.182922864637452776e+00
1.390543839146344567e+02 8.606662008056322577e+01 2.441698245554250590e+01
1.401799540422958330e+02 -8.584831765254976688e+01 2.467991070086713279e+01
2.259171247398111575e+02 -1.401319313325284668e+02 -9.167870436876087936e+00
2.258222505530255546e+02 1.382443658792526833e+02 -1.015629670285955832e+01
1.405646452261515549e+02 8.569841920728475770e+01 -2.401190054325065404e+01
1.390598229467105966e+02 -8.575622468061516201e+01 -2.377795495016663452e+01
2.792926700597652712e+02 4.589931573231876283e-01 3.957966454831053915e-01
7.709187313015885934e+01 -2.677746403771944870e+02 6.018506355923063378e-01
-7.745326278042094259e+01 -2.687717883016546239e+02 9.739686614566516187e-01
7.617318253466919487e+01 2.681465525990107608e+02 -6.282370188211489070e-01
-7.558195244679278346e+01 2.671760777596257981e+02 5.185387155581072660e-01
1.200574048416926303e+02 2.410706863313706378e+02 -8.768273719543792311e+00
4.483453239016519376e+01 1.936097981650933377e+02 -2.014672290134977573e+01
4.538550891915262042e+01 2.658700504969868348e+02 -8.059626738297486881e+00
-1.201947164803040664e+02 2.421165467104912068e+02 -8.857121651233535786e+00
-4.556260223556019895e+01 1.944493412623684492e+02 -2.098938709696737703e+01
-4.540700941587835615e+01 2.652955222140413412e+02 -8.194207961793662065e+00
-2.557785898218075116e-01 2.391787144366915072e+02 -1.581974882088908529e+01
1.208109265209475893e+02 -2.402392986847114287e+02 -8.461104492924521381e+00
4.477525923244765949e+01 -1.954032696384504106e+02 -2.011796310115372677e+01
4.505717327712699216e+01 -2.633278645922051737e+02 -7.993470969242763680e+00
-1.215401824828079924e+02 -2.403574636312216057e+02 -7.660210602160398174e+00
-4.465539913060053578e+01 -1.942084595017674360e+02 -2.270468456641068400e+01
-4.541157733384315520e+01 -2.659313536096830717e+02 -8.220630920211693393e+00
-7.868927534863879858e-01 -2.381097876395736250e+02 -1.488942977332275852e+01
4.809066430297413985e-01 7.484438937498710231e+01 -2.915059042854646165e+01
5.584595180836455786e-01 -7.534135960474294791e+01 -2.735715662102868961e+01
1.211804498302696658e+02 2.397558964903059291e+02 7.478437296854092864e+00
4.458855326166034416e+01 1.939583310319690383e+02 2.124464945986406406e+01
4.488795030884176640e+01 2.651539499366358541e+02 7.996582461585812318e+00
-1.205307310325830059e+02 2.417254512913971496e+02 7.137362869295185597e+00
-4.477266071196443420e+01 1.929292047973836759e+02 2.057221209644116655e+01
-4.520737789930671369e+01 2.644303480164100506e+02 7.364083403902392355e+00
9.746057661680974926e-02 2.384146273352939716e+02 1.552534453516664392e+01
1.210482472047700924e+02 -2.408243567202039799e+02 7.713975957808694162e+00
4.519202533845125913e+01 -1.942661121487340665e+02 2.176712999558933959e+01
4.526766646448724885e+01 -2.648351322850394354e+02 7.889248316087919655e+00
-1.219452368175256680e+02 -2.404290459980419143e+02 8.881657387719730679e+00
-4.561380097473363548e+01 -1.943031517773492283e+02 2.190047527843875486e+01
-4.474082608819266227e+01 -2.634402019302316944e+02 9.052807495492183776e+00
2.946001539615925036e-01 -2.384097623765131857e+02 1.533044247405808846e+01
2.931108687313877526e-01 7.465036444537327043e+01 2.956174185047776248e+01
-1.417327535873717237e-01 -7.465322780367708333e+01 2.845132011200895406e+01
-1.932908392580515056e+02 -1.956710806199839965e+02 5.449128995186739211e+00
-2.411130404160466867e+02 -7.327071043323367405e+01 1.345591284254725295e+01
-1.626541066557475119e+02 -1.917396709979855416e+02 1.312031813033130945e+01
-1.934887955829594830e+02 1.966155330482756654e+02 5.860427119260154250e+00
-2.407006256527376422e+02 7.216251049849536514e+01 1.185284263734733656e+01
-1.624015812591381405e+02 1.914696551903371926e+02 1.364631339262290233e+01
-7.267951815962933892e+01 1.213709282023238671e+02 2.677211483654707891e+01
-1.980195890211048493e+02 4.443759591657497765e+01 2.073473081322786626e+01
-1.208644339610974043e+02 1.650612322398548315e+02 2.051096829648473374e+01
-7.413773894736883108e+01 4.209815693652419100e+01 2.747253889494049872e+01
-1.912785545388085779e+02 1.195614528651559141e+02 1.694627109438005164e+01
-7.146886900897584383e+01 -1.212803627534125752e+02 2.658425300577169281e+01
-1.961952233038875590e+02 -4.702259624603951238e+01 2.063821354568152344e+01
-1.206099461237764530e+02 -1.646225002932491179e+02 2.030930046040577963e+01
-7.548559430677387638e+01 -4.192018837053552716e+01 2.860140058773778904e+01
-1.923719340636630761e+02 -1.185658167186732612e+02 1.824573507086465796e+01
-1.443982804417681223e+02 2.196037814640777186e-01 2.592039901979347860e+01
-1.934005540696638832e+02 -1.959971807146181959e+02 -3.935416275848897083e+00
-2.399809876705742226e+02 -7.250625694037515245e+01 -1.296191422943862470e+01
-1.635746521462463932e+02 -1.908273223591299370e+02 -1.177367897003763275e+01
-2.376693900016024372e+02 -1.464102368878909886e+02 3.207299729956090695e-01
-1.944076841178555242e+02 1.972327539518975072e+02 -4.325687090976900073e+00
-2.405056345651175889e+02 7.248509383724938004e+01 -1.333827311190859888e+01
-1.631738503507335736e+02 1.912657421704109026e+02 -1.309941969522862237e+01
-2.382873606601453957e+02 1.464179174300201112e+02 -7.514093334892163467e-01
-7.190671590136388147e+01 1.222868467841040570e+02 -2.510565749780471734e+01
-1.963751248275377748e+02 4.446234979418475319e+01 -1.945973174925586946e+01
-1.193641554111943179e+02 1.643665942434027158e+02 -2.116442451328793339e+01
-7.435001366985730442e+01 4.149077537858720177e+01 -2.880148198456507203e+01
-1.902919367057687339e+02 1.180842513621442293e+02 -1.859176981415623686e+01
-7.243493396826463027e+01 -1.214716242173962542e+02 -2.630761934735486207e+01
-1.965293037659106403e+02 -4.581143908569602985e+01 -2.063059201772375317e+01
-1.195633083473364593e+02 -1.647639603415328509e+02 -2.016209800784147887e+01
-7.429750829801027123e+01 -4.129012131718921808e+01 -2.860976120909265319e+01
-1.909204226529833477e+02 -1.202814879947316342e+02 -1.771844693872660415e+01
-1.429477487809398326e+02 5.893333784510249584e-01 -2.724965001704431344e+01
-2.679569116022947242e+02 -8.698340656026865014e-01 8.877414539864336263e+00
-2.689566632902194101e+02 4.924846257482299872e-01 -8.270197588038099568e+00
-2.649190479720812732e+02 -7.359439890425950637e+01 6.084596902573492727e+00
-2.662843391825107915e+02 7.188608643779328133e+01 4.660192815540319167e+00
-2.657424163303771820e+02 -7.271949289701881014e+01 -3.855539658560657390e+00
-2.663921446187202378e+02 7.280292033610845692e+01 -4.832730388010713973e+00
1.939880495811092942e+02 -1.962606031360924135e+02 4.907338064856186399e+00
2.406792651028766841e+02 -7.360303001667985257e+01 1.329406371740522097e+01
1.623132420599920067e+02 -1.905931307620588484e+02 1.304958896984755157e+01
1.943938917422281918e+02 1.972114358252179045e+02 4.830942745681048756e+00
2.410920436185409983e+02 7.239942372655229974e+01 1.357887301890578513e+01
1.628000688843132480e+02 1.908912125083897422e+02 1.356145251568511512e+01
7.201535210841382195e+01 1.211392623817513510e+02 2.573577795021428472e+01
1.959615257000326380e+02 4.397457615642090900e+01 2.177313242707636221e+01
1.194211276620863771e+02 1.644232530667090941e+02 2.159567547165872270e+01
7.352248401303300795e+01 4.219275855012345744e+01 2.812615020504784979e+01
1.907630897804160952e+02 1.209496336502194680e+02 1.906066281161551146e+01
7.266818809001902935e+01 -1.235703449904753768e+02 2.677957625561635169e+01
1.957607479005131665e+02 -4.388365451918030402e+01 2.054737137918799306e+01
1.205424210493356298e+02 -1.641383357534305389e+02 1.981718936861645375e+01
7.487614034724816747e+01 -4.161374040703248056e+01 2.956824644991316831e+01
1.912547276016963167e+02 -1.194790063714372081e+02 1.785967394029350430e+01
1.431546248548892493e+02 -1.121893298408070810e-01 2.607832363718538460e+01
1.942726734024219866e+02 -1.968523109696282063e+02 -5.386563338229425568e+00
2.416029868664698483e+02 -7.235679965906737721e+01 -1.314393642912220983e+01
1.637232526507998500e+02 -1.904118054070714265e+02 -1.327685954793577849e+01
2.381916902469630770e+02 -1.468751008339273483e+02 2.695193786934803049e-01
1.934342596317018206e+02 1.954313580619869697e+02 -5.707916051648152411e+00
2.403194574804548154e+02 7.319489661439489225e+01 -1.235571529704910176e+01
1.630664447967442356e+02 1.914022373503271126e+02 -1.327906657935516677e+01
2.384173989810623482e+02 1.471597926570617574e+02 1.231477504446825799e+00
7.270040593280899088e+01 1.210337654886745327e+02 -2.688988959264716883e+01
1.961026406828159452e+02 4.471671125581484318e+01 -2.001451339788634343e+01
1.203171467904908667e+02 1.638787246892127598e+02 -2.080943038236912557e+01
7.404506153947143332e+01 4.328280099603036746e+01 -2.865850408774428715e+01
1.905441928830410063e+02 1.188628193995149331e+02 -1.810336604082319312e+01
7.253616469046440329e+01 -1.210442320804471592e+02 -2.433447817463331830e+01
1.980150048406090946e+02 -4.556711671199871461e+01 -1.955550850966924159e+01
1.189868824087963759e+02 -1.636679274627886116e+02 -2.108761535694474887e+01
7.392066886521175206e+01 -4.270693190213580692e+01 -2.895902357475067035e+01
1.906434188835518171e+02 -1.201155553869221819e+02 -1.871605682830761808e+01
1.427666019969547619e+02 3.975428118388975030e-01 -2.545875406918253603e+01
2.691778205450949031e+02 -1.942156090821422598e+00 7.493649449088669812e+00
2.683851953771718968e+02 9.345459593794138708e-01 -7.789154098993607889e+00
2.660139379710978460e+02 -7.381396998865713499e+01 3.967149799961263934e+00
2.668109948178578179e+02 7.350344152378561091e+01 5.238400842046927686e+00
2.647424424375228682e+02 -7.276507191939234076e+01 -5.096280548005655220e+00
2.662014509984107349e+02 7.302342625183106861e+01 -4.533325132167361993e+00
1.134156886367743340e+02 -2.562199540008514873e+02 -4.262195861563429777e-01
3.829731071870136105e+01 -2.761545696114537805e+02 -1.105243433287022459e+00
-1.127262380584981400e+02 -2.558753842226666393e+02 7.509766736447230917e-01
-3.784275095515009468e+01 -2.760503315970436802e+02 -3.297773287987127988e-01
1.129194124743587082e+02 2.550255239998331547e+02 6.828240525091953117e-01
3.929196727801555511e+01 2.778842403918292234e+02 -8.525168566892358246e-01
-1.145248604884228030e+02 2.549050456730583676e+02 3.245267658517110299e-01
-3.982916013790620724e+01 2.761715805759405384e+02 -1.885551730645831925e-01
1.352537131611226755e+02 2.409493365247533916e+02 -3.798884945543387737e+00
1.047085639768370413e+02 2.360386035759372305e+02 -1.237053523457798576e+01
1.002278717612519188e+02 2.583197186114186366e+02 -4.090407906335018495e+00
2.255828653848944754e+01 1.729604837345059991e+02 -2.296514175520302459e+01
6.633305078508145414e+01 2.126663599694716709e+02 -1.857888109523860010e+01
2.393409402465685787e+01 2.752445702371588254e+02 -3.856954060189049738e+00
6.593174005616845079e+01 2.471606590631328118e+02 -1.303087836830766655e+01
6.188963808832697566e+01 2.685580175294442711e+02 -5.259631420178038752e+00
8.358120684635375142e+01 2.569467759911969438e+02 -7.534388084100336336e+00
-1.350632488382561007e+02 2.407899473546981142e+02 -4.347736084093478226e+00
-1.048493379596747559e+02 2.364693688728862355e+02 -1.158202539565400180e+01
-1.000939491794185727e+02 2.574345252734506175e+02 -3.396539493422143785e+00
-2.325979977262773346e+01 1.725161009537440862e+02 -2.379947950434891268e+01
-6.632392364865046375e+01 2.123477661788884348e+02 -1.815319298339345977e+01
-7.126967021931653878e-01 1.974498854368399634e+02 -2.249832347271129862e+01
-2.257484444765447762e+01 2.748902061315937431e+02 -3.084681553995895609e+00
-6.625747389802666021e+01 2.487581110898478300e+02 -1.144274295961433907e+01
-6.184596011989683717e+01 2.698052366092481407e+02 -3.791772698171740785e+00
3.721366185831024853e-01 2.692358609723274299e+02 -8.734976051054378132e+00
-8.357544298892702272e+01 2.563199361865776496e+02 -7.722882372258831118e+00
4.359831359726155142e+01 2.366533002751896788e+02 -1.563072206269992570e+01
-4.423388160614145903e+01 2.354281657665927980e+02 -1.607513711538287282e+01
2.216992044305933973e+01 2.186843667474054485e+02 -1.890327156182006263e+01
2.244324964469178596e+01 2.541359925607911521e+02 -1.223801751894450796e+01
-2.194371250683408192e+01 2.184918939141109320e+02 -1.948424091203268915e+01
-2.231066153939545060e+01 2.537652964290861348e+02 -1.216958096782726706e+01
1.351755763206413690e+02 -2.418351851452956964e+02 -3.529375595210620276e+00
1.037194866178118815e+02 -2.359474260269255410e+02 -1.199929198242875472e+01
9.887696938299295368e+01 -2.584034683601638562e+02 -4.762352731452454080e+00
2.174507529696262509e+01 -1.716552090172578744e+02 -2.451157551718901573e+01
6.553278502929116200e+01 -2.113348496086007060e+02 -1.848462040555299879e+01
2.200122533869528851e+01 -2.756021167759649302e+02 -4.457993793392103221e+00
6.655062147841660192e+01 -2.473467785141767195e+02 -1.170343098231787948e+01
6.200166982318265241e+01 -2.699979998625838107e+02 -5.373626718630305277e+00
8.406093235669271735e+01 -2.560568030501486305e+02 -8.509264658042495100e+00
-1.355187937084612599e+02 -2.398087780510690834e+02 -3.604905672015404683e+00
-1.053682181075786559e+02 -2.359244910448699670e+02 -1.166755842717406644e+01
-1.001701442773191673e+02 -2.577709744728584838e+02 -2.881391819803512444e+00
-2.286172944289870657e+01 -1.721165168359426048e+02 -2.390496580886366473e+01
-6.694968054525567425e+01 -2.128607359925639173e+02 -1.771769030582483140e+01
-6.215200325424825589e-01 -1.974807440046000693e+02 -2.204061034497712868e+01
-2.298835053256306438e+01 -2.753905047406544782e+02 -3.494666445427240031e+00
-6.608477733741969473e+01 -2.478854507201775732e+02 -1.172397521830866474e+01
-6.199344751474909287e+01 -2.695952410008989659e+02 -4.813868024662983025e+00
-4.394181868359627874e-01 -2.687246473610319981e+02 -8.817225734793716185e+00
-8.380176600315812152e+01 -2.565834713186192744e+02 -9.918121896802333026e+00
4.506091996424754598e+01 -2.355050260175514723e+02 -1.650471001592176634e+01
-4.345533164242122126e+01 -2.357886641607718730e+02 -1.565172231826189453e+01
2.157651463122172686e+01 -2.179473290655575113e+02 -1.882759696528800930e+01
2.184841059635085614e+01 -2.538643800382010340e+02 -1.172917942200521324e+01
-2.271481983184198938e+01 -2.185837859667733483e+02 -1.894836391991788460e+01
-2.462670189996813264e+01 -2.558131730897478064e+02 -1.094056980779878252e+01
-2.566331581149799423e-01 1.113291221725636007e+02 -2.737181035254675265e+01
-6.396273786324836452e-01 3.832031680433323118e+01 -2.923194746622321460e+01
-4.779051671659927947e-01 -1.125286045900318328e+02 -2.662371536800954530e+01
-3.403589450064616884e-01 -3.787455519822263739e+01 -2.907804819073675517e+01
1.350145860686535286e+02 2.412443620832678448e+02 3.539647429587375882e+00
1.052691827652798509e+02 2.347482173267679002e+02 1.179293821155329347e+01
9.963734269537185639e+01 2.574590663837178681e+02 3.713786639104866616e+00
2.239200964748077993e+01 1.718688740402640747e+02 2.396011756440019269e+01
6.592177664800946957e+01 2.124142013828763424e+02 1.875813502312623982e+01
2.276585834094404603e+01 2.758915599157672318e+02 2.309568610295030577e+00
6.600413464072538261e+01 2.476949590303744060e+02 1.176431929879228200e+01
6.244222289563344219e+01 2.704589058726978124e+02 3.932605596267030545e+00
8.403412146832208407e+01 2.557379479680385259e+02 8.232043397975198573e+00
-1.353100008087694164e+02 2.428075270293299184e+02 4.122414635875115252e+00
-1.046801007266840742e+02 2.348494395096637675e+02 1.169464653010371080e+01
-1.007820201154275850e+02 2.591486060192882519e+02 4.934434972012003762e+00
-2.238988045925916381e+01 1.718629033321907400e+02 2.366058659125688024e+01
-6.547712964197718577e+01 2.113614120182960221e+02 1.834884496403909182e+01
-7.687801541898008351e-01 1.968538399950392375e+02 2.219002842643780937e+01
-2.267226340790397998e+01 2.757091812788970060e+02 4.598719475964336389e+00
-6.684846259864150397e+01 2.475434621503461585e+02 1.099675919552862169e+01
-6.147560009637985701e+01 2.704262337598530053e+02 5.689973162233750159e+00
5.541765737740284026e-02 2.683928428635355772e+02 8.517563106664432837e+00
-8.352181449053227880e+01 2.554596295328561268e+02 7.566639623664772607e+00
4.399534343341365172e+01 2.352450684022821292e+02 1.610998407834287605e+01
-4.262829058334205001e+01 2.356782285829254135e+02 1.575327225461498060e+01
2.253694909423817805e+01 2.172526308795258103e+02 1.901501923849469833e+01
2.161339070162032527e+01 2.547678327397555336e+02 1.137212407171786666e+01
-2.245851060638512919e+01 2.190961948248935300e+02 1.842491144705537565e+01
-2.427920776333067820e+01 2.537340123291886300e+02 1.325993474155984586e+01
1.346710865380825339e+02 -2.416022282901942617e+02 4.541309411196302825e+00
1.047060757051640678e+02 -2.356999887636685571e+02 1.234372429776610680e+01
1.006072324756666347e+02 -2.588714250734121833e+02 3.868292161414169872e+00
2.340211655003423630e+01 -1.722926068917702764e+02 2.383645897080897669e+01
6.503349431868630859e+01 -2.112885538347809984e+02 1.972914144637681488e+01
2.211646001347714829e+01 -2.750968657786060589e+02 3.431857028367640616e+00
6.591431635018909674e+01 -2.471169464507998441e+02 1.102262465098355371e+01
6.222732595054686300e+01 -2.695530098863327453e+02 4.116748426226161328e+00
8.444314743020774472e+01 -2.559622410786266755e+02 7.380651535589533019e+00
-1.350462226841955840e+02 -2.412218130615925418e+02 4.883821964765550305e+00
-1.031340338221712187e+02 -2.353798407688650514e+02 1.237566365088716402e+01
-9.855878701075324955e+01 -2.572417447114758602e+02 3.572766986987196081e+00
-2.332285391444181855e+01 -1.729482901221126383e+02 2.433400251413775806e+01
-6.633308745376933757e+01 -2.127414014849637454e+02 1.824663384263338983e+01
4.440136565314008465e-01 -1.965493123141870058e+02 2.202266289924196485e+01
-2.247692854813390895e+01 -2.754815902390600968e+02 3.610262310510724326e+00
-6.704042614183522630e+01 -2.479726251661248000e+02 1.111523855133829031e+01
-6.116578994026114913e+01 -2.690285602246070198e+02 4.122208117284085205e+00
-4.318686502564045848e-01 -2.685351666385864178e+02 8.373462403190631065e+00
-8.371311138495930493e+01 -2.560291392511779236e+02 8.622404142778425040e+00
4.367124876204960771e+01 -2.356991969805465601e+02 1.625970916178152237e+01
-4.237304462162864382e+01 -2.347075410215342117e+02 1.532048145286976393e+01
2.214813676878857862e+01 -2.171111021676412918e+02 1.899961720105116569e+01
2.357457430735102832e+01 -2.544278179939840356e+02 1.157622055984409926e+01
-2.187774822541189579e+01 -2.181776419940975700e+02 1.879385751898016466e+01
-2.288208270658126509e+01 -2.541956706528457346e+02 1.283383232565384802e+01
1.286857857302456276e+00 1.122926196346621452e+02 2.764669052983316888e+01
1.716510764948250001e-01 3.726774112007241513e+01 2.998555424715127415e+01
5.051048434018137190e-01 -1.128741751096727626e+02 2.736441243847911764e+01
-8.891887292268642051e-01 -3.889158707252537539e+01 3.016086354051052965e+01
-1.721491469797053924e+02 -2.191846971585837878e+02 2.200317790572284604e+00
-2.111212859282706518e+02 -1.697932969336951601e+02 8.636140147393046362e+00
-1.602710513882924488e+02 -2.210052714219191330e+02 6.565496566038160786e+00
-2.421825449271613309e+02 -3.682303171915243212e+01 1.383103904440578447e+01
-2.362785261829627359e+02 -1.076307533551563864e+02 1.184784864370116786e+01
-1.263117099488409991e+02 -2.105115399425930320e+02 1.371837809715997025e+01
-1.958830071120974594e+02 -1.672282169432559442e+02 9.758601389302297591e+00
-1.441458660593694674e+02 -2.189588031936009997e+02 9.043999758724462268e+00
-1.810641953418636092e+02 -1.961077677336131728e+02 8.930018815250354791e+00
-1.713934013001765493e+02 2.192983368539355240e+02 2.939674895554091449e+00
-2.126667077647808526e+02 1.698494220801399592e+02 7.255510226317667843e+00
-1.597066790265024281e+02 2.211404894346111689e+02 6.951677264490651709e+00
-2.408531769879101887e+02 3.694738439289609033e+01 1.357818889608144808e+01
-2.354164867266811711e+02 1.062198177125430476e+02 1.075790325409621850e+01
-1.259806396450513688e+02 2.098005871456293789e+02 1.359953866026028990e+01
-1.965549406023584424e+02 1.663056086643294122e+02 1.096150616770030872e+01
-1.443826956428992787e+02 2.182365525013716763e+02 1.015730193587807406e+01
-1.804903849111717022e+02 1.958742198217003647e+02 9.215602988352443958e+00
-3.615271457235539998e+01 1.360808010035204916e+02 2.632848291669790441e+01
-1.079135040891527666e+02 1.053179593940289891e+02 2.588191261843166657e+01
-6.049265728308057533e+01 1.607428896626630319e+02 2.402299516336823260e+01
-3.817310105080424165e+01 1.005008543045107388e+02 2.870325594587132656e+01
-2.194090593283975466e+02 2.219263050775223434e+01 1.884511103465473525e+01
-1.701549058778336985e+02 6.594605261609382296e+01 2.353321991207740638e+01
-2.197481548765539401e+02 6.106933986225945432e+01 1.672307234007480048e+01
-1.049618114231762007e+02 1.983403311305719114e+02 1.736325924239572771e+01
-1.331143375088322216e+02 1.276287270968946785e+02 2.280759332761311242e+01
-8.371236118498454459e+01 1.799927110085991160e+02 2.154364393412706846e+01
-1.436599518342631541e+02 1.799498688974478853e+02 1.745404415475131188e+01
-9.544257735396874409e+01 1.438592307446235168e+02 2.274982870111596256e+01
-3.995928941767339637e+01 1.900160787972433241e+01 2.997560702009170441e+01
-1.079563341038423090e+02 6.503071960541186058e+01 2.687939360645552611e+01
-3.663167171342384165e+01 6.175497994975817306e+01 2.964109926784743010e+01
-7.122532791774185057e+01 8.453453698426872620e+01 2.735188542946271539e+01
-2.114930852682252294e+02 1.307042431199130590e+02 1.337506691915477042e+01
-1.673444482694807220e+02 1.058429233107346334e+02 2.084307541371959971e+01
-2.197244190068651903e+02 9.640434795101812426e+01 1.508639757391579472e+01
-1.794111228745630910e+02 1.572664591943359369e+02 1.578443495055585544e+01
-1.960928724949522177e+02 8.192024132185508734e+01 1.928563749106236358e+01
-1.573201979715744869e+02 1.431625575497775174e+02 1.887292462161520845e+01
-3.566268451380827997e+01 -1.354697649295999327e+02 2.573779685936470685e+01
-1.064642089575132644e+02 -1.041899609299689473e+02 2.550769563330963408e+01
-6.038564913314816351e+01 -1.605997857215311910e+02 2.474891380202843649e+01
-3.620570951107856672e+01 -1.003554425586007284e+02 2.839144515447042849e+01
-2.193792556134335996e+02 -2.251910981563234060e+01 1.895774746694195656e+01
-1.697726818741994634e+02 -6.555366766000619805e+01 2.235414285465143180e+01
-2.202032828360223391e+02 -6.019429411532360774e+01 1.786073651039281174e+01
-1.999525229455003057e+02 -2.489494469463518211e-01 2.010296550201449151e+01
-1.042378532861223448e+02 -1.994172818657129653e+02 1.886730733553912742e+01
-1.338974667529855083e+02 -1.268579827192646690e+02 2.219177940212221500e+01
-8.424822067131498216e+01 -1.811934709240941004e+02 2.133875744940414521e+01
-1.424926009415373755e+02 -1.799617447556582874e+02 1.740390173087672565e+01
-9.647835897392764082e+01 -1.437762013316724392e+02 2.348691515252290429e+01
-3.872799229427764800e+01 -1.904733112859417687e+01 2.895834284506759815e+01
-1.086595023771250510e+02 -6.367216778227251694e+01 2.781696124305390683e+01
-3.698235392290240497e+01 -6.070176645917064207e+01 2.882738293039811239e+01
-7.505394407620613606e+01 3.545104115985746596e-01 2.966630182372750824e+01
-7.252011228040008461e+01 -8.340606981089582916e+01 2.794263877517342465e+01
-2.114586547401347332e+02 -1.310342119657332489e+02 1.347388404862473621e+01
-1.672791443328163439e+02 -1.042521380630942076e+02 2.121122858613648532e+01
-2.186516960699377137e+02 -9.509797440027108451e+01 1.503185472471631279e+01
-1.782410649200651847e+02 -1.567800568316272063e+02 1.585404598736434423e+01
-1.955427214615028504e+02 -8.235445937236006841e+01 1.969878401742205298e+01
-1.572504408698588065e+02 -1.442163804451936073e+02 1.917139911827749899e+01
-1.419429583423661256e+02 4.258257383181803846e+01 2.617209210536975661e+01
-1.424906935474105012e+02 -4.415825881423054966e+01 2.566125217679361370e+01
-1.724351930346051347e+02 2.153867130219348880e+01 2.352956184665451289e+01
-1.082517579350320460e+02 2.213676385016876580e+01 2.727314969754464968e+01
-1.736787725622978940e+02 -2.317610810817817679e+01 2.359112391311550638e+01
-1.096589139828737558e+02 -2.182865928831737889e+01 2.681180550386597261e+01
-1.706507091300707089e+02 -2.186842111275805962e+02 -2.505768485747705832e+00
-2.117014859530027877e+02 -1.692136411851265905e+02 -6.526446067614535274e+00
-1.593275507812465719e+02 -2.206751997857606113e+02 -6.643051999629742355e+00
-1.966925247886151169e+02 -1.983389867195564307e+02 -1.091206939497829133e-02
-2.411383515772452313e+02 -3.639740414486765019e+01 -1.435493074235760247e+01
-2.357404851741724201e+02 -1.067846199987022970e+02 -1.105640726281553832e+01
-1.260842225642311405e+02 -2.111569357360621382e+02 -1.387258011724058093e+01
-1.981239485180809936e+02 -1.672386902584712232e+02 -1.258263929293693195e+01
-1.436414920466600904e+02 -2.188936746335955377e+02 -1.046382399826342890e+01
-1.797977390787843035e+02 -1.954207964001637094e+02 -1.046994659325081045e+01
-2.343813824205109313e+02 -1.454290914274355941e+02 4.801072776657332675e+00
-2.350040864330825059e+02 -1.430300523986123267e+02 -4.803001268555364689e+00
-2.185846056948102500e+02 -1.738998734356227374e+02 2.851264080372078347e+00
-2.178350573654281277e+02 -1.737544359249654065e+02 -2.106390224580725334e+00
-1.720629161143684769e+02 2.182231700435281709e+02 -2.355262413932154963e+00
-2.118647003036119827e+02 1.715379694870120773e+02 -6.814952446792699625e+00
-1.599134365858149636e+02 2.204952661711682254e+02 -5.983007095972948441e+00
-1.967064313790848189e+02 1.991156592871586213e+02 -1.681884008519241025e-01
-2.409285844845815063e+02 3.768842481218641183e+01 -1.474830772505864118e+01
-2.353677083044056246e+02 1.062052840079469149e+02 -1.093866207756583009e+01
-1.259294750239720599e+02 2.103123269593441194e+02 -1.382205954706228290e+01
-1.980494232006170137e+02 1.674224302059161573e+02 -1.045396611425454481e+01
-1.431890607408265339e+02 2.191391929602717141e+02 -9.834067982801576235e+00
-1.798151721703078181e+02 1.956277147679369932e+02 -9.230649567700027092e+00
-2.343522722411570669e+02 1.441679917356916860e+02 4.985936417955241673e+00
-2.348546401026044634e+02 1.450239799699679963e+02 -6.277230677037976214e+00
-2.164777581865881757e+02 1.732036429071785619e+02 2.212130873596604097e+00
-2.179616858230717753e+02 1.734318512812060078e+02 -3.575827521969071832e+00
-3.652078669068772854e+01 1.361122002175397938e+02 -2.693309079023886454e+01
-1.079344651643373538e+02 1.054557441314754698e+02 -2.602826626880798244e+01
-6.089680463144535594e+01 1.599159058628705452e+02 -2.390412652134462235e+01
-3.770391090406764789e+01 9.857918122739225453e+01 -2.862384539230734504e+01
-2.201410302418928779e+02 2.204464042630568343e+01 -1.827707461379448617e+01
-1.683637557842668286e+02 6.652243540043777159e+01 -2.475872076660177967e+01
-2.216718431952858168e+02 5.935571845052946571e+01 -1.596359654076512946e+01
-1.049056226380843100e+02 1.978410598331345511e+02 -1.879958394982260828e+01
-1.324127303235526085e+02 1.267827020264291917e+02 -2.376054129940765591e+01
-8.292796774054293962e+01 1.804066829627915922e+02 -2.125189328943593026e+01
-1.429601357988806285e+02 1.802494352989324682e+02 -1.688353479720321459e+01
-9.659958044606571548e+01 1.433654515442428021e+02 -2.352087510672842541e+01
-3.806295569999253559e+01 1.941735729233196039e+01 -2.987944339315186681e+01
-1.081988218730942322e+02 6.480707522679510646e+01 -2.629953957183651525e+01
-3.735558642725119682e+01 6.067033292275338141e+01 -2.924877996212394393e+01
-7.270063485490447874e+01 8.378622915302619845e+01 -2.988943428119792500e+01
-2.098609613713459510e+02 1.300493531059826466e+02 -1.385919805942341299e+01
-1.665545850612714958e+02 1.059116489158677581e+02 -2.068889645292705026e+01
-2.187421251336955379e+02 9.580979030486594183e+01 -1.529444759319906844e+01
-1.788250945237281826e+02 1.575038747072037211e+02 -1.486256731555536170e+01
-1.959140450527610255e+02 8.338447818589480676e+01 -1.976702243447402907e+01
-1.570881711752301442e+02 1.431941857016341828e+02 -1.965464586697136085e+01
-3.693018179948679602e+01 -1.358698469279530059e+02 -2.684128703524033810e+01
-1.072006099025839063e+02 -1.032770879692515535e+02 -2.584030877802003801e+01
-6.092674948589648665e+01 -1.601835103607599535e+02 -2.475341173424041941e+01
-3.653346031889033441e+01 -9.895989928460203089e+01 -2.775374614264125483e+01
-2.186066946298444691e+02 -2.401382972630382895e+01 -1.961869688680874901e+01
-1.698979658753243029e+02 -6.629279863307297660e+01 -2.311337872973184204e+01
-2.220427349096236185e+02 -5.987006426520995461e+01 -1.754327765005806938e+01
-1.980459408181355059e+02 -1.244347471145518247e-02 -2.184248661526100577e+01
-1.044719871735361636e+02 -1.987267045107514605e+02 -1.862348118739657110e+01
-1.335626004536128448e+02 -1.271697296627643254e+02 -2.351371418856407303e+01
-8.346943659554575845e+01 -1.803228392383455230e+02 -1.972111905993864056e+01
-1.429552323398162059e+02 -1.796269958276227214e+02 -1.707242781519662600e+01
-9.644267702509930018e+01 -1.449233687246714055e+02 -2.357870504114924159e+01
-3.895918499671874713e+01 -1.941099406938691629e+01 -2.953206902322262195e+01
-1.097465810378768367e+02 -6.342236572547939488e+01 -2.592487354626191731e+01
-3.576517058028053953e+01 -6.127637252031638582e+01 -2.967470213821811953e+01
-7.545076612354117174e+01 7.732007203400739215e-01 -2.845858381264044112e+01
-7.296425348437811920e+01 -8.336328975549895404e+01 -2.772808681898176175e+01
-2.093679261440302355e+02 -1.297650249178167030e+02 -1.358478175517105768e+01
-1.659662592606707960e+02 -1.059157771859850499e+02 -2.183323811277622895e+01
-2.182192949244490308e+02 -9.423862731820750582e+01 -1.557358313742167155e+01
-1.791184667426628323e+02 -1.582153466430244748e+02 -1.505650437127040497e+01
-1.957184909012344463e+02 -8.225124307749041463e+01 -1.995188433738906753e+01
-1.577637255803309984e+02 -1.432065818322173527e+02 -1.977005128244357479e+01
-1.430922148499544733e+02 4.333831501669294539e+01 -2.681810573302158573e+01
-1.412986060621963418e+02 -4.345607785807359136e+01 -2.465521409465338820e+01
-1.741137308689776546e+02 2.153413397948430585e+01 -2.427898790404767837e+01
-1.103301670115797322e+02 2.183424700561417353e+01 -2.675548396809670848e+01
-1.738487028385132760e+02 -2.175261792759533108e+01 -2.345414293922137006e+01
-1.096234445872273682e+02 -2.082832006928640922e+01 -2.721916911160507979e+01
-2.550373500540097211e+02 7.078807171379476459e-01 1.253315707845483296e+01
-2.764323866900235203e+02 2.934267278106267307e-01 4.185355958310477575e+00
-2.582220716473755715e+02 -3.635636670245451540e+01 1.171900066325116185e+01
-2.579753575616922490e+02 3.784324215312439321e+01 1.112083895341216078e+01
-2.562207287339961113e+02 -3.543945259588488494e-01 -1.292845229797254625e+01
-2.774883338057230162e+02 3.928451960233999424e-03 -4.802860451176525380e+00
-2.591281450768311174e+02 -3.798589781099323659e+01 -1.295559183081523003e+01
-2.579862867975917311e+02 3.726799044773721903e+01 -1.004184912196685531e+01
-2.499268695957812554e+02 -1.075217409783282534e+02 7.955798082070938193e+00
-2.764852429431785481e+02 -3.735953756396921221e+01 2.385711519184600338e+00
-2.554612425940538856e+02 -7.295632222476965012e+01 9.580137278144771784e+00
-2.554934131862957543e+02 -1.116957514010681223e+02 1.699052158039116911e+00
-2.702330957838740346e+02 -3.773547003298266134e+01 6.787637361285662863e+00
-2.488112411384862526e+02 1.067419620531246096e+02 8.135812816472473230e+00
-2.756158570786058135e+02 3.642163343096981976e+01 7.552483424385456612e-01
-2.558390359969899350e+02 7.421589947901813389e+01 8.944830546201655963e+00
-2.548842312043818765e+02 1.110740202191708335e+02 2.490985190832090357e+00
-2.704724895342956756e+02 3.749266105029374785e+01 7.614898692060768859e+00
-2.489266339120036378e+02 -1.079351811782086372e+02 -8.034405016616386064e+00
-2.768734223066056757e+02 -3.634426760181958116e+01 -3.898263008736205126e+00
-2.554172611741226717e+02 -7.402609694162620713e+01 -9.836908660330648146e+00
-2.550207632289994137e+02 -1.110961753951691833e+02 -3.789806985207524015e+00
-2.690652749793179055e+02 -3.713638832716350890e+01 -5.751109807536566088e+00
-2.691724551300241046e+02 -7.425160450436452209e+01 2.294358140441763727e-01
-2.479546621142644938e+02 1.064999336096310145e+02 -7.675144502579566819e+00
-2.752615302320124329e+02 3.719101255113598370e+01 -1.805716938109722003e+00
-2.563517538546309424e+02 7.415873186808252626e+01 -9.451868451341043809e+00
-2.556234260057922540e+02 1.117682721860655022e+02 -2.714853891495740523e+00
-2.696886279122379619e+02 3.646097120080397502e+01 -6.853577747307265433e+00
-2.702749005444400154e+02 7.477212082815091776e+01 -2.383843518077674029e-01
1.739070005924565123e+02 -2.179357980184854569e+02 2.468669241404964243e+00
2.123135514893224922e+02 -1.700875702035301060e+02 5.432550419242382134e+00
1.608836290291711464e+02 -2.216709359193721127e+02 6.744828044445977611e+00
2.407448615562628618e+02 -3.683741760113994701e+01 1.630796542481736822e+01
2.346904045389770204e+02 -1.066105394085632128e+02 1.184341892113360828e+01
1.258537778274974954e+02 -2.097142295481828569e+02 1.359899810181548219e+01
1.973073330846780209e+02 -1.665046633273800012e+02 1.131460066070498982e+01
1.426296677074867603e+02 -2.179511233786616913e+02 9.855877977713733529e+00
1.805611648860847538e+02 -1.963180639375210603e+02 8.643127353925137868e+00
1.720489836770435943e+02 2.177966782715597844e+02 2.059058406504997052e+00
2.125401860158781631e+02 1.698955620989663942e+02 6.447405645054263168e+00
1.591647498265072898e+02 2.206277219928945783e+02 5.446174739957729827e+00
2.416677006156844811e+02 3.600425566593996507e+01 1.479020149265634565e+01
2.364939406509730588e+02 1.073562835160298334e+02 1.148553142722282949e+01
1.269717096265853797e+02 2.106780562953191236e+02 1.294084828584128211e+01
1.961071762043495141e+02 1.679005032342026595e+02 1.116140228574657556e+01
1.438302081208464074e+02 2.197138970191534213e+02 1.135654495378113538e+01
1.813090207539356697e+02 1.965023138832012251e+02 8.725371866322021219e+00
3.719940408685764766e+01 1.359857721896265161e+02 2.621211625835990233e+01
1.075552567820367784e+02 1.054118033488447850e+02 2.566708359239941828e+01
6.106733777856238987e+01 1.609831481244984843e+02 2.357431806832606114e+01
3.766387978148483739e+01 9.812087279560226705e+01 2.673867326852706938e+01
2.191131118983004171e+02 2.289660260853070994e+01 1.924028275120184261e+01
1.694359753548385754e+02 6.658765762731438542e+01 2.290450237782089360e+01
2.209770333507934765e+02 5.915818657213404919e+01 1.658742818326243196e+01
1.047894928347422905e+02 1.977642264479648304e+02 1.854518719475815303e+01
1.325538270943804093e+02 1.280614775842697668e+02 2.396134524489232120e+01
8.383764748071213546e+01 1.799198820966470009e+02 2.037302079059341153e+01
1.429987101781860872e+02 1.798724544238085628e+02 1.791795532003467173e+01
9.725662504743817749e+01 1.444903642022800057e+02 2.440897503374209876e+01
3.791337385264190374e+01 1.945347505774149610e+01 3.030171444990887153e+01
1.076497357019636638e+02 6.383975978431563902e+01 2.804126617273831101e+01
3.721879580115398056e+01 5.976603510813995257e+01 2.925523044208557266e+01
7.308753797679551667e+01 8.301210250412790970e+01 2.740393345466019070e+01
2.112034363307961087e+02 1.308664322119828967e+02 1.291166924007651140e+01
1.668433016167941219e+02 1.052455385780476007e+02 2.194459292597173317e+01
2.198114992152781042e+02 9.661830989851165441e+01 1.615092420239063742e+01
1.783489525570837486e+02 1.553445809674597911e+02 1.640527451873210296e+01
1.952584752993352595e+02 8.343479271311070988e+01 1.877913310143197734e+01
1.583851663592587045e+02 1.433004496978790598e+02 1.895557236585992911e+01
3.649288052883023425e+01 -1.365425824629122360e+02 2.609912045367001809e+01
1.073814821071520811e+02 -1.049362132958707434e+02 2.543809463781741087e+01
6.155684409177922589e+01 -1.605827037089223950e+02 2.296206652705295070e+01
3.770173388127750513e+01 -1.007496227024251283e+02 2.687740302581243057e+01
2.189889924405564727e+02 -2.249925163634587832e+01 1.806575392762016463e+01
1.703542924782000227e+02 -6.567984198500776927e+01 2.244232651634626663e+01
2.217888967226037948e+02 -5.973698510008757978e+01 1.775645074558315173e+01
1.984051548497519661e+02 -2.989522600938593344e-01 2.198579404236238943e+01
1.041160061589199444e+02 -1.982761606680082309e+02 1.786583854527652093e+01
1.328168011308060557e+02 -1.271932897199667281e+02 2.294970516971637764e+01
8.419752610723017483e+01 -1.805176605227480877e+02 2.107621865072799139e+01
1.440679446847455836e+02 -1.793564622245677072e+02 1.754254052803592856e+01
9.730638748565304752e+01 -1.451877995228344673e+02 2.497395683498847063e+01
3.844921235347278810e+01 -1.987126647288312853e+01 3.062514153447616749e+01
1.089856837253120432e+02 -6.376280497832932070e+01 2.729072768665281501e+01
3.606087228011113410e+01 -6.116758886420039687e+01 3.003820867324634492e+01
7.407141074638535372e+01 2.607435047254783589e-01 2.901839311553594314e+01
7.326885010589357705e+01 -8.285454594157486952e+01 2.810408340321229659e+01
2.100211144333041204e+02 -1.309496062422429361e+02 1.250031276492251386e+01
1.658508021482480785e+02 -1.049059296585901535e+02 2.235548099135674605e+01
2.182259163457874536e+02 -9.781675068411500718e+01 1.663702044580835704e+01
1.801710015869248593e+02 -1.567754276897246370e+02 1.600334883034403077e+01
1.947990696374609740e+02 -8.277905045402700068e+01 2.095479050487188033e+01
1.571609950380434100e+02 -1.424052388233950808e+02 1.990573148282787841e+01
1.409322662020254029e+02 4.359413635247965146e+01 2.531265309875695380e+01
1.423633689011240619e+02 -4.233634215502841869e+01 2.554231345757781213e+01
1.725435490158229186e+02 2.328772024565998322e+01 2.434257873210113488e+01
1.101423755877926141e+02 2.154699630357068685e+01 2.718032109653858797e+01
1.737843328702871304e+02 -2.222606613925092844e+01 2.206534713365540057e+01
1.095552570266262080e+02 -2.004475362287089979e+01 2.834420897800243466e+01
1.716053431724775180e+02 -2.184713293967996890e+02 -2.190099233773739495e+00
2.116133029933788521e+02 -1.687587140677018738e+02 -6.973646120180672980e+00
1.592257654060927052e+02 -2.221964093377120548e+02 -6.354075483336007579e+00
1.960996679758939933e+02 -1.994069365221638179e+02 2.096899353640831742e-01
2.422245164363225740e+02 -3.737535956666721404e+01 -1.428928575109824983e+01
2.354518175505092756e+02 -1.059516274939238798e+02 -1.191107630710952670e+01
1.268745347334111528e+02 -2.099192542753237944e+02 -1.444973385111882358e+01
1.970383746857001768e+02 -1.675032905668761600e+02 -1.197218431004377948e+01
1.439663213812642084e+02 -2.200605383809357818e+02 -9.236417681548466874e+00
1.812053353211949798e+02 -1.957106655550272478e+02 -9.096690183795749007e+00
2.345881125040754114e+02 -1.448273362867824119e+02 4.291617788207558348e+00
2.339912359893380938e+02 -1.446760699817058935e+02 -4.277487018783595829e+00
2.181426240826010883e+02 -1.732551978250235720e+02 2.897080292721514905e+00
2.176957125643985194e+02 -1.734258835177108722e+02 -1.961804700499974796e+00
1.724806002582345172e+02 2.194971445505808845e+02 -2.792824389991926726e+00
2.105442818809137577e+02 1.698095620589782300e+02 -6.704674099948563892e+00
1.601590524517627614e+02 2.215058025590935245e+02 -5.309826650963627159e+00
1.961861332814307843e+02 1.980878630633512785e+02 -1.129705310372472793e+00
2.403679504640749371e+02 3.682058126656674801e+01 -1.507154933418657272e+01
2.363820409222538501e+02 1.071093268583337164e+02 -1.202028070492518985e+01
1.258039363596615914e+02 2.109610281208354365e+02 -1.320363942583545480e+01
1.970095897081154703e+02 1.671021997073149237e+02 -1.095529247747266766e+01
1.432091774723016613e+02 2.172044498659564908e+02 -1.013258154001048794e+01
1.806385752480044289e+02 1.958651073211848086e+02 -9.956853058640637855e+00
2.344535882502226514e+02 1.448605533342811498e+02 4.211937767515345321e+00
2.349408596011392660e+02 1.454502953108192003e+02 -3.781562624040415432e+00
2.183277005637587251e+02 1.725025509453204791e+02 3.336368001395043414e+00
2.191348909579968449e+02 1.727405855754379331e+02 -2.248922539314885505e+00
3.763335651002568483e+01 1.362311944216335178e+02 -2.657234461731410491e+01
1.070738238633322510e+02 1.061983156212466781e+02 -2.527961910203046614e+01
5.998413258493008016e+01 1.607833338624825785e+02 -2.360273330180417517e+01
3.641419648673040399e+01 1.001256715362603842e+02 -2.745759406977646933e+01
2.191134817475570173e+02 2.297156485570766193e+01 -1.752108446034325340e+01
1.689328420139166269e+02 6.586281591787221146e+01 -2.177598426964934575e+01
2.211768849512308748e+02 5.961744827512124800e+01 -1.722192205946600296e+01
1.049291908570136513e+02 1.974817123777034169e+02 -1.977891868416649501e+01
1.328575132219647514e+02 1.268477631800545282e+02 -2.337176917788479358e+01
8.275383335290197806e+01 1.803736895989570996e+02 -2.170834496530902769e+01
1.441884317539994242e+02 1.798368728469462781e+02 -1.803873987551085634e+01
9.624913394256682864e+01 1.433730649830217203e+02 -2.466978523121160549e+01
3.890219137871007860e+01 1.886629546223421983e+01 -3.017213968441156524e+01
1.091854496000221246e+02 6.482986705474264966e+01 -2.775293987007204422e+01
3.662390346370926864e+01 6.182775570520674790e+01 -2.913201263188337009e+01
7.354669493727463703e+01 8.388097521190525185e+01 -2.771219986362312326e+01
2.094489201251901989e+02 1.296558688713967058e+02 -1.345250282359790361e+01
1.670304143352236963e+02 1.046469533748452676e+02 -2.065248746216707687e+01
2.175240773559389709e+02 9.695779429942508898e+01 -1.461188910822446019e+01
1.787375640429464454e+02 1.551071215702353072e+02 -1.605098942429788877e+01
1.968266184728711607e+02 8.114763720575327000e+01 -2.023555059101910203e+01
1.559538459932263095e+02 1.437522539911237232e+02 -1.964031113928004757e+01
3.625354209507772651e+01 -1.352049493989862299e+02 -2.654005092512969100e+01
1.072251245776114672e+02 -1.037260392769071018e+02 -2.615919078503048922e+01
5.963265032209206140e+01 -1.588792424258167841e+02 -2.417694242388856196e+01
3.711892058249117810e+01 -9.998793040705693613e+01 -2.789166988160453897e+01
2.184373698596943143e+02 -2.329186548380505783e+01 -1.846506808318111936e+01
1.709466968694079299e+02 -6.560711119708074079e+01 -2.311757582201401817e+01
2.204709885159346641e+02 -6.053206982172441286e+01 -1.692669204942374961e+01
1.978337222547239946e+02 4.649747513006647348e-01 -2.187455335221775954e+01
1.050916392970092232e+02 -1.972525007047736381e+02 -1.693045373766369366e+01
1.340254862079497116e+02 -1.262545454327701435e+02 -2.310346209496880832e+01
8.193664715097899887e+01 -1.807712655442007303e+02 -2.063555929591948868e+01
1.423160455881337896e+02 -1.806204004043855207e+02 -1.677153528347518829e+01
9.609899542370912684e+01 -1.442196370438972224e+02 -2.334308643005168094e+01
3.842245057475940229e+01 -2.085725298162856944e+01 -2.927604454846295567e+01
1.085265109570239161e+02 -6.522132819115685720e+01 -2.680279248851621077e+01
3.689458649771925280e+01 -6.175109815917026879e+01 -2.840359213529145066e+01
7.434186952680860827e+01 5.047967762742956721e-02 -2.929478334456180733e+01
7.200312173496477897e+01 -8.312590682546240828e+01 -2.805853382520632167e+01
2.122084352160195522e+02 -1.308323612819479251e+02 -1.363202537143528836e+01
1.680291436672969496e+02 -1.054242666184538137e+02 -2.205573358674278950e+01
2.188287447661810745e+02 -9.728101213448114493e+01 -1.452183941924989163e+01
1.799022827462146665e+02 -1.572991546535004659e+02 -1.621678409498678519e+01
1.965773354152992454e+02 -8.253967230474368932e+01 -1.974819706604432312e+01
1.574513023483594907e+02 -1.438156624817186184e+02 -1.916416160401295343e+01
1.413532329157369531e+02 4.211386604525623767e+01 -2.496597247235981598e+01
1.420536860091390849e+02 -4.394805134307652850e+01 -2.499634797147595933e+01
1.731524679840981946e+02 2.314283546516041312e+01 -2.385059396471477910e+01
1.097731257609196689e+02 2.175533826125866455e+01 -2.812141424720976346e+01
1.735112921296337447e+02 -2.233944695979037576e+01 -2.397883365746170625e+01
1.097912760610490750e+02 -2.140936243100546932e+01 -2.666981444201153906e+01
2.558470338929571710e+02 -8.923670036778590386e-01 1.323777013811217529e+01
2.760789553536176868e+02 2.476867626486406737e-01 3.861714468599763528e+00
2.586726825460468149e+02 -3.561065749839993089e+01 1.029595227024731585e+01
2.583917668925257658e+02 3.703871320000038736e+01 1.191877437826119568e+01
2.566077971185993079e+02 -7.063449579804833567e-01 -1.137467325641596716e+01
2.762479809797749226e+02 1.172454298481581392e-01 -3.775420055151249787e+00
2.586260527300963190e+02 -3.580619277582509596e+01 -1.083829202945607229e+01
2.586363036544191800e+02 3.710214200939424956e+01 -1.127469155685693813e+01
2.496184737657154642e+02 -1.066267388305294617e+02 6.775499741616530791e+00
2.756752480009698161e+02 -3.821453951583180952e+01 3.741970350182826532e+00
2.570020077644450680e+02 -7.345205305916536531e+01 9.786253442568311200e+00
2.540065757099440305e+02 -1.117219243829386670e+02 1.569690994177859400e+00
2.688506321361272740e+02 -3.647437230472520753e+01 7.654236645866960842e+00
2.495655190908219936e+02 1.083916838745134186e+02 6.585159307269551121e+00
2.761507813546550096e+02 3.658832207210608800e+01 2.258775078039447770e+00
2.556081657851540001e+02 7.425182346536836064e+01 9.516705215676312335e+00
2.551050447823912748e+02 1.113494121086577167e+02 3.280082284787234848e+00
2.698525128930279493e+02 3.651132831991181860e+01 6.850328870660955971e+00
2.487675517990544449e+02 -1.094054105460652693e+02 -7.326113163296720465e+00
2.753853937708697117e+02 -3.735446696508461883e+01 -2.336185765107277046e+00
2.564540725978869773e+02 -7.317482965394007977e+01 -8.468865328825859962e+00
2.548287619433063185e+02 -1.120445206718076463e+02 -3.034528436826935849e+00
2.695432332134926128e+02 -3.628195554800397815e+01 -5.774522817702841593e+00
2.699184786016906514e+02 -7.401454310471919484e+01 -1.807395043388241029e-01
2.497249847629570638e+02 1.070737158944255043e+02 -6.742804571076596254e+00
2.758792292331638691e+02 3.669110558165937874e+01 -2.753576492483497784e+00
2.578790475238133695e+02 7.392359673434854983e+01 -9.831620423318607749e+00
2.549108738158805352e+02 1.128666014010944423e+02 -9.520876511419108512e-01
2.698202552347381697e+02 3.739572361262275280e+01 -7.297669071916108585e+00
2.698111943073844259e+02 7.482124240337346066e+01 6.137704649863907624e-01
