1.367048975775333730e+01 -2.255413495786750744e+01 6.528981771976924821e-05
-1.367080777913176703e+01 -2.255519531987313542e+01 -1.772737000388183170e-04
1.367131054424002201e+01 2.255425494411032616e+01 -5.554961703777676216e-05
-1.366983591649053764e+01 2.255306622726133625e+01 -1.292194630870300914e-05
2.133554588705667131e-04 1.463243544674379493e+01 -2.300160167232585309e+02
3.326554679116035121e-05 -1.463184594263243987e+01 -2.300168024548962080e+02
-1.345652662385343350e-05 1.463749463722631106e+01 2.300583494181954336e+02
5.110220979651677441e-04 -1.463371953629714106e+01 2.300199645747471209e+02
-2.249969739029093319e+01 -7.677250652820766458e-04 1.421032116331816155e+02
-2.250068479629319995e+01 -5.715998547448153860e-05 -1.421150795704112397e+02
2.249763265109482546e+01 -5.766688210627029772e-04 1.420892508261211731e+02
2.249848948969938078e+01 1.359032352825090143e-03 -1.420891293498064556e+02
-1.314310328441511359e-03 -2.647208505038326720e+01 -6.524165311312364948e-05
5.284953081142444329e-04 2.647111814175708489e+01 -5.245567297540044819e-05
8.198024645514365716e+00 2.121115153014639887e+01 -1.351886813788835013e+02
-8.196400002614785407e+00 2.121063261304795589e+01 -1.351719591924059216e+02
8.195754324644179079e+00 -2.121084195646859172e+01 -1.351715296390592584e+02
-8.196675225353969196e+00 -2.121012501934400518e+01 -1.351718989213505893e+02
1.242615338844405579e-05 9.590631488443242519e-05 -2.705203300214091655e+02
8.197245109335680624e+00 2.121069160470077719e+01 1.351762326720084104e+02
-8.197569073401700379e+00 2.120977715068654135e+01 1.351722214797423476e+02
8.196998051289927645e+00 -2.121035912810599910e+01 1.351817386190766115e+02
-8.197139091588791615e+00 -2.120904705377551025e+01 1.351588679040905845e+02
1.573266130831032914e-05 -2.520807329892330701e-04 2.705512495668367023e+02
-2.146146660941870010e+01 -1.310150842152315676e+01 8.354281724276421528e+01
-2.145882352780001767e+01 1.309841674378402310e+01 8.351272267289046169e+01
-1.354734135043832666e+01 8.547155295446239975e+00 2.188151563053110067e+02
-1.354997377230143130e+01 -8.548972850206746799e+00 2.188449202280576458e+02
-2.146100460591734205e+01 -1.310110677824387615e+01 -8.352975020738048784e+01
-2.145967992267128110e+01 1.309913624138173027e+01 -8.351694707923907401e+01
-1.354771835756405807e+01 8.547554154037380059e+00 -2.188252670186149942e+02
-1.354990303138677277e+01 -8.548682638068024531e+00 -2.188479437783983883e+02
-2.608774013543137826e+01 2.768401634603713090e-04 -1.473816656416954672e-04
2.145855999539211467e+01 -1.309941084204028883e+01 8.351537676429765611e+01
2.145851880363841246e+01 1.309931355166398781e+01 8.351346705524828451e+01
1.354929370845779779e+01 8.548759061077754851e+00 2.188346486998359239e+02
1.354696481278287479e+01 -8.548235347635031900e+00 2.188158356437023428e+02
2.145932808520013424e+01 -1.309917516260928849e+01 -8.351735273101027701e+01
2.145979304554749589e+01 1.310046513013315028e+01 -8.352535773460061819e+01
1.354629364175431405e+01 8.547947266166772806e+00 -2.188203512300878515e+02
1.355058022336948120e+01 -8.549725336705991552e+00 -2.188549565401537507e+02
2.608751915768945295e+01 1.847415175163181957e-04 5.632149245367280236e-05
