6.652532146348775655e+01 -1.115376229057849145e+02 -6.184594494995285796e-01
-6.744599601609118622e+01 -1.104085710777045364e+02 1.330480171175659754e+00
7.041225402514784548e+01 1.118972719807253355e+02 5.286825406315464049e-01
-6.748582876268719133e+01 1.141237195379150933e+02 -1.298332041369256951e+00
-9.164454959171686177e-01 7.215345200450344976e+01 -1.164601284713895701e+01
-9.560289046791955458e-01 -7.003735505478381640e+01 -1.270918611231525652e+01
-8.884026592890448271e-02 7.108184251571337597e+01 1.186646269150950772e+01
-1.078603869485929900e+00 -7.139030547131683591e+01 1.034904597439140517e+01
-1.115852723142132135e+02 2.019928925601485459e-01 6.360958622662392870e+00
-1.106523273310237130e+02 -1.194144564945790910e+00 -6.313721480243514428e+00
1.126756601206684394e+02 -1.138821924470315494e+00 6.157637374368872152e+00
1.106400777479003494e+02 7.991775484415717390e-01 -6.509084982383884999e+00
7.362716162109914642e-01 -1.309804277960896854e+02 -1.753474494030892616e+00
-1.491214765393974462e+00 1.316652117116629768e+02 -1.191970182711363374e-01
3.967983022296864704e+01 1.072766108823480948e+02 -8.106120964451417166e+00
-4.162498239940313027e+01 1.057112512468453787e+02 -6.537377155889762648e+00
4.236308222068367968e+01 -1.064189604604729311e+02 -5.247926720933884681e+00
-4.325210191618347721e+01 -1.074701373691601560e+02 -8.092869264093152992e+00
-8.992868379517588995e-01 2.613030391422047072e-01 -1.283430403291687583e+01
4.340296391335376569e+01 1.052235386259790033e+02 6.634082354973489082e+00
-4.061343530243411948e+01 1.064264630150702260e+02 7.298967467842242485e+00
4.127877413139917451e+01 -1.055143620923582830e+02 7.737110720944125219e+00
-4.250735300056590660e+01 -1.045220213678731227e+02 5.874029721001078563e+00
-5.736750985664880176e-01 1.874653128105866706e+00 1.314724430653348364e+01
-1.078028043556760593e+02 -6.405966906742283129e+01 4.507103259665540484e+00
-1.066688163261087112e+02 6.464443979881080793e+01 6.450631109207847658e+00
-6.750423064605870138e+01 4.074910994549883725e+01 9.062573803733199540e+00
-6.772111050129740306e+01 -4.222521599631703282e+01 1.157161512541796355e+01
-1.079651056999358616e+02 -6.591287320670876682e+01 -4.464987993916932574e+00
-1.095118345331761276e+02 6.510523846974008677e+01 -5.732317069865036530e+00
-6.505365199149410671e+01 4.099654343753491759e+01 -1.170773529014292968e+01
-6.542988489376904226e+01 -4.144094791988317183e+01 -9.620809713088229742e+00
-1.330151653056248051e+02 7.673290052076119361e-01 8.729816128205272197e-01
1.063328976360086102e+02 -6.515248332410482135e+01 4.120460023878870004e+00
1.076504177202185417e+02 6.452566944313790032e+01 5.250162717939600654e+00
6.800688215144425897e+01 4.042837255788689532e+01 1.054460056437583937e+01
6.732773521729509980e+01 -4.262484315647181177e+01 1.137970187997665938e+01
1.079926719340760854e+02 -6.560459763885866380e+01 -3.268052587932281039e+00
1.079445555586745229e+02 6.426117801593250078e+01 -4.346890678068573877e+00
6.581989199072422991e+01 3.862529687847128201e+01 -1.101920542141390236e+01
6.494026249640558035e+01 -4.013361158949550145e+01 -1.077111661883191651e+01
1.314490834935540420e+02 -3.204289082027269031e-01 7.203674776565363591e-02
3.560642476781169563e+01 -1.259682172423915176e+02 -5.016361499749936170e-01
-3.505815841046729275e+01 -1.261061180712350165e+02 6.277253836281062593e-01
3.523423648470534175e+01 1.258791406136104456e+02 5.645591663269031724e-01
-3.760971325814730903e+01 1.260361826185085050e+02 4.437590121146702260e-01
5.703570888217098656e+01 1.150983551643243459e+02 -3.178944470731812633e+00
2.170054459931901292e+01 9.257783871524230790e+01 -9.052057917638309803e+00
2.152814073100989489e+01 1.249375618652636746e+02 -4.050369411161978128e+00
-5.696565167798318896e+01 1.126287390387097673e+02 -3.711656458423095106e+00
-2.212159510397748008e+01 9.464120046237329120e+01 -1.026584707010214181e+01
-2.063149995540090487e+01 1.247581178127300632e+02 -3.238649043081384793e+00
-1.038571587979510102e+00 1.131679928794464445e+02 -6.817915705222964640e+00
5.852707289030556126e+01 -1.134693482720433479e+02 -2.259071636331924982e+00
2.121422672228059270e+01 -9.335358523532917729e+01 -8.226192163385764644e+00
2.190803914420994403e+01 -1.243978816247050503e+02 -4.992152016701770556e+00
-5.682693777309629013e+01 -1.118770980619993765e+02 -1.868968776814383226e+00
-2.259124180562725570e+01 -9.286773545332661683e+01 -1.009566061024093742e+01
-2.137073051210361641e+01 -1.239134288068055412e+02 -4.518492751638295779e+00
-4.306317233223452834e-01 -1.146534961258331862e+02 -6.334303498421528289e+00
-3.016076312492675382e-01 4.046124474037752350e+01 -1.249251117075807294e+01
-4.937518657051428450e-01 -3.720010095879357692e+01 -1.228588720383097055e+01
5.857290370352123432e+01 1.123307427524687938e+02 4.062537981705580670e+00
2.189270848183042517e+01 9.265326787042675960e+01 9.151385061907676644e+00
2.136344881592154010e+01 1.256803713188966469e+02 3.038427153034485961e+00
-5.851836893466308709e+01 1.112930732802754363e+02 1.503248313985406259e+00
-2.230617213803305177e+01 9.331970154382186422e+01 1.034673162575533922e+01
-2.198695930933048714e+01 1.249271867134543470e+02 3.257096512090976503e+00
-6.011621821990000836e-01 1.105408352234603342e+02 6.344810525780085975e+00
5.688570888705712036e+01 -1.111803894125069121e+02 4.243229399542856939e+00
2.275872628884118498e+01 -9.486403348533276869e+01 8.868586460187078302e+00
2.201442423143189231e+01 -1.259801835283069380e+02 4.137318403272349343e+00
-5.798691622600554751e+01 -1.122876980727162675e+02 3.069073835214574331e+00
-2.292912164585595747e+01 -9.419242618117282007e+01 8.460911119024316918e+00
-2.176667868327663058e+01 -1.263238585527846141e+02 3.627752693303052833e+00
-2.529818003244243552e-01 -1.116463586312478782e+02 6.049829151397375426e+00
1.860028171839072930e-01 3.709400394767019549e+01 1.306315410464808657e+01
-1.793581999243249347e+00 -3.862421526147657147e+01 1.235088773100315329e+01
-9.284135308474172632e+01 -9.183749841371157174e+01 2.348076036446590020e+00
-1.116275548618014000e+02 -3.518541209967069960e+01 5.770541025999281537e+00
-8.062844213522588177e+01 -8.994620978694993596e+01 3.849585421196257684e+00
-9.076656910526430977e+01 9.466107378512776904e+01 1.431579213533832107e+00
-1.138324208688172092e+02 3.310717086881863480e+01 5.469064986060474531e+00
-8.119122321563071409e+01 8.950894614912151326e+01 5.063023501259221959e+00
-3.569725731426738946e+01 5.876176402710552793e+01 1.222130821190772565e+01
-9.327249746543733977e+01 2.186978473517197230e+01 7.982108314450693243e+00
-5.744965011313521330e+01 7.914484876061025886e+01 9.985196530098765066e+00
-3.435014623462336658e+01 2.247872880106618965e+01 1.154227147366227157e+01
-9.317210393208715402e+01 5.487300594540055698e+01 7.149628179448282772e+00
-3.640472697834592708e+01 -5.981232519536705894e+01 1.065916541858759814e+01
-9.296739475723651935e+01 -2.149722010356838808e+01 9.606898888175317452e+00
-5.847009860709338369e+01 -7.891984426334259695e+01 1.021708979204824885e+01
-3.447846584059431763e+01 -2.254549023359996696e+01 1.162460681179503297e+01
-9.164649973259339788e+01 -5.537319038063235865e+01 7.609439347633093043e+00
-6.864490469384047344e+01 -8.474222193000879866e-01 1.096488351801230188e+01
-9.188496245656986616e+01 -9.386196773471517929e+01 -3.278074696882546935e+00
-1.123667466772978969e+02 -3.430194928891938844e+01 -3.953056146846872121e+00
-8.049819673149470134e+01 -8.905959637642581583e+01 -4.359365050853048373e+00
-1.097482560841750114e+02 -7.198627147306261520e+01 2.218674224249419069e+00
-8.984717513331843008e+01 9.542206897708916813e+01 -1.757822759843024940e+00
-1.135325685160659077e+02 3.410458810021125231e+01 -5.405246625873619593e+00
-7.953331509672419486e+01 9.005765689465796697e+01 -7.287268591481696589e+00
-1.095611602772762723e+02 7.201277580686046065e+01 -7.861796549458089922e-01
-3.712454670653295352e+01 5.839225435147464083e+01 -1.407463007440876090e+01
-9.219322850385613322e+01 2.156885394539177980e+01 -7.946255160623639568e+00
-5.874880628222971524e+01 8.035981554646554059e+01 -8.388687704644341991e+00
-3.462104131286059783e+01 2.237935800310435042e+01 -1.303403958632033444e+01
-9.315694230457019387e+01 5.337608725437706880e+01 -9.467441765661565256e+00
-3.571724743283528625e+01 -5.830840243238058207e+01 -1.073211601247683511e+01
-9.155879967929962504e+01 -2.183323108507616439e+01 -8.922136372343475230e+00
-5.738151409727767316e+01 -7.904697095816588615e+01 -8.742086238117638075e+00
-3.515170513530936347e+01 -2.332548803110953628e+01 -1.324479683187243850e+01
-9.095492899536020559e+01 -5.489278284973137545e+01 -8.969077607912151251e+00
-6.922700928079660798e+01 2.580030488868335636e-01 -1.072819979558163617e+01
-1.260435451617536700e+02 -3.323920014931272537e-01 3.189982873503379501e+00
-1.262209725629659545e+02 -9.808436933566681004e-01 -3.180126427025818714e+00
-1.252781444257388586e+02 -3.618925573590939848e+01 3.875284272454188272e+00
-1.253593010646525272e+02 3.289569383187205887e+01 2.475834285523532241e+00
-1.237924897812420113e+02 -3.440563895999746080e+01 -2.587982671962691494e+00
-1.241435763947335431e+02 3.405717546063103640e+01 -1.186493011114085006e+00
9.196824273061129418e+01 -9.208236811854636983e+01 4.092724035158549434e+00
1.143454806258756236e+02 -3.448805825396721758e+01 5.046661779508119672e+00
7.906825527489863248e+01 -8.839944091355651778e+01 6.348552853489994874e+00
8.980467731380703356e+01 9.284313690565744537e+01 2.360408832054586625e+00
1.135511913040863732e+02 3.357644028466385322e+01 5.582745982112536254e+00
8.051384266621354868e+01 9.046785597880241880e+01 6.692995779744209450e+00
3.417072188928472798e+01 5.992966130534110647e+01 1.079742949443019384e+01
9.290024142152115871e+01 2.087063122502142676e+01 9.448115592691026521e+00
5.674635554491249678e+01 7.909810436723488181e+01 1.038424454274062292e+01
3.542985131681383848e+01 2.300293236255511786e+01 1.409487035893626050e+01
9.364692607851007722e+01 5.412388398698133329e+01 9.913576167646571236e+00
3.645482753346158944e+01 -5.908000265026489473e+01 1.112772793101470015e+01
9.248855671741877416e+01 -2.086929242185677680e+01 8.507566287377080982e+00
5.697588441029078155e+01 -7.978227678792882216e+01 1.022411206961259111e+01
3.417340377807961005e+01 -2.278821618742782817e+01 1.276603513074635288e+01
9.193278922285711019e+01 -5.408216196196762837e+01 6.936780226788261672e+00
6.812434950810384748e+01 -2.019864359228864814e-01 9.598012669085306925e+00
9.163846271267766497e+01 -9.385660123992767012e+01 -1.035320890394373139e+00
1.137790861819658375e+02 -3.433764783731398751e+01 -5.846411925843578494e+00
7.769920354115822647e+01 -8.825077862399005824e+01 -4.880144849638202054e+00
1.094546715685579699e+02 -7.205520773324958839e+01 -7.291413263867844163e-01
9.159216617807183525e+01 9.396400489527950128e+01 -2.824395906871060014e+00
1.141608358739163833e+02 3.235434564319154305e+01 -5.120817318623314129e+00
7.807794118981711051e+01 8.941194753393246231e+01 -6.553252481929821904e+00
1.103156091482686918e+02 7.319283927251447608e+01 1.100951679860111110e+00
3.672342128245569626e+01 5.946522209648568946e+01 -1.141041898963203138e+01
9.363832415592210623e+01 2.076923187668746351e+01 -9.161383777442875243e+00
5.772645798218218971e+01 7.821421128231924058e+01 -9.531424452944934345e+00
3.355589615167680506e+01 2.396462380972766226e+01 -1.382079671497384332e+01
9.235712020985280901e+01 5.422695914657565197e+01 -8.804349131079758806e+00
3.689002998738959604e+01 -5.976068561222498943e+01 -1.360973206759219600e+01
9.185222806666097028e+01 -2.117327245151215109e+01 -8.083691489934084373e+00
5.714611132284618833e+01 -7.970379050931761356e+01 -9.172298916466735008e+00
3.444525240423162415e+01 -2.245595696900342375e+01 -1.334680187591688139e+01
9.218491756661407521e+01 -5.414267362541334450e+01 -6.655128635118970237e+00
6.899418053561326758e+01 7.757238430486483871e-01 -1.046191827104011907e+01
1.283959036363040696e+02 -4.705108122475564203e-01 2.544888205615331245e+00
1.251542686933234734e+02 1.424331160605231350e+00 -2.790484797538292927e+00
1.245205356822712446e+02 -3.283513580849007241e+01 3.480004279522546096e+00
1.243005355944106327e+02 3.331657966107871260e+01 2.813256358960137593e+00
1.254601888112728147e+02 -3.364757566432167124e+01 -1.711519949072063840e+00
1.255868490632047525e+02 3.427009101094783716e+01 -1.665211450117067615e+00
