-9.977153876482404149e-01 8.265131421440770065e-01 -4.273500926923516352e-01
4.855944037587848205e-01 3.461491509446596448e-01 -2.093955701149332604e+00
1.143869245551308450e-01 -6.214666856141192186e-01 -4.513296687548827291e-01
-5.926127429949463732e-01 -1.155773270697270316e+00 -4.937212936716334211e-02
-3.076049518936182503e-01 7.732013309473011464e-01 2.409869077327338349e+00
-3.065299285617848479e-01 -6.352561339348623548e-01 1.194449613807879285e+00
1.444056609216581633e+00 7.256921922087713472e-01 7.753585810014619328e-01
5.801683566719652019e-01 6.678448899710145437e-01 -7.385642840082280447e-01
1.128770694979112782e-01 2.449879042027832896e-02 5.019159191651876295e-01
-7.636124428265100850e-01 1.651107437966566893e+00 5.333571958652055800e-01
-6.495257888460179707e-01 -2.584883414400167001e-01 -1.211855980360130758e+00
1.586441883989968105e+00 1.762458783184184696e+00 -5.498853020282115645e-02
1.551513120255014089e+00 6.164579250321855497e-01 1.007479434558953058e+00
-1.479661725989112608e-01 9.436375323111977353e-01 9.589023949240298439e-01
4.827648756109493289e-01 -6.620108487468683300e-01 -2.514122280031649836e-01
5.771259230459391092e-03 7.205281411313299023e-01 5.887693809390889266e-01
-5.647489066797897195e-01 -8.624638248839944232e-01 -1.112788969364778280e-01
9.010603258472658916e-02 2.698859247739708866e-01 -1.446362429028523189e-01
-7.021821026344969852e-01 4.042180963334462418e-01 -3.328792309691134821e-01
-1.994807533276870215e+00 7.524539912401777553e-01 -7.676947503851514476e-01
1.347984431734461808e+00 1.521777744912098163e+00 -1.358105320596132204e+00
1.281760204341768850e+00 7.844919749487820892e-01 -1.143675479591337751e+00
-1.878184150515067374e+00 -1.426383333487370175e-01 6.104439587050489724e-01
2.038915366326273126e+00 -2.338820212695024992e-01 1.078560024519003013e-01
-1.363137620715448584e-01 7.871348625095198059e-01 3.206392024248963524e-01
1.423402725042994366e+00 -2.342394660968266651e-01 9.536454477066220736e-01
-7.512113860865259063e-02 1.844477668915751156e+00 -8.489063951882702685e-01
-2.227483578911114703e-01 -2.408991255089196759e-01 1.196321197589054863e+00
1.107006576878046822e+00 -3.002546979673468841e-01 -8.463069291164153352e-02
7.785168872099423876e-02 1.147180502449830941e+00 1.740891259893985188e+00
-3.198099349709451200e-01 -1.152546031043672814e+00 4.994651556043343960e-02
4.853329382820887883e-01 8.104744774181723566e-01 2.485748301167175489e-01
4.349199662884913331e-01 7.336709502783776982e-01 -4.586557970905472681e-01
1.579051375686431502e+00 4.572431252870695073e-01 1.603463697138729049e+00
2.793217102157057874e-01 -6.534086426190446328e-01 -1.031777906320638261e+00
-1.527315738064799477e+00 -1.096600786535766758e+00 -3.041954246547534102e-01
-4.790707369686042494e-01 1.010198415759941293e+00 -7.426894105440887683e-01
-4.540125074552576745e-01 7.716680293945286095e-01 -3.532733807313332419e-01
1.612825934738037148e+00 -2.810909185705168678e+00 -2.001661695398648799e-01
-1.297543732877251832e-01 6.077520595071491671e-01 -7.306879217285821015e-01
-1.694129632371332406e+00 1.691597306890775920e+00 1.073847039264569148e+00
-2.265630514436245857e+00 7.543512020192885137e-01 3.593548478045091588e-01
1.016166187815337407e+00 -1.526017718088839237e+00 2.009204740191579130e+00
-2.313077695953700552e-01 6.432113338526498358e-01 1.223018818994549978e-01
-7.644995268762879714e-01 4.990786584295829331e-01 1.536910171778166578e+00
2.049030319240587317e-01 3.307317502912768825e-01 -2.272675286122341765e-01
-6.252255890120254067e-01 5.167589155625571529e-01 -3.125098988143019341e+00
-9.435551519971414891e-02 -1.209482279088961665e+00 8.682030108380745653e-03
-9.388416196264378621e-01 -1.932699198249360761e-01 -6.456125633706218114e-02
-6.831820699297259658e-01 6.150506109945051980e-01 -1.217938169655080893e-01
-7.787940079852866404e-01 -1.206505506797433958e+00 -3.524490602353620439e-01
1.581509137657102437e+00 -5.930129026763648614e-01 7.560110469519558674e-01
1.543217386411689152e+00 1.489462614747707470e-01 4.692537613336770774e-01
9.337095687324634685e-01 1.760228598347741924e+00 2.094620454967011380e-01
-5.828842351461687166e-01 -3.291589361121860513e-01 1.092970640798913706e+00
7.102788121598252458e-01 -3.947597911392081715e-01 4.834224373617092285e-02
-1.149965242628038675e+00 3.124765874046888658e-01 -1.244836535912515085e+00
8.266806561408465148e-01 3.380276349424429783e-01 -2.344420122239714854e-01
1.916381622986254252e+00 -1.815054912329556736e+00 1.091411940879001730e+00
-1.314025972772048023e+00 -1.590495946636845959e-01 1.528559663804372359e+00
1.988245770133764689e-01 9.703832592769521259e-01 4.059036107383765524e-01
1.507015806631851751e+00 -4.428600185880637863e-01 6.484918726696643487e-01
7.265387711546011928e-01 1.115181209894025249e+00 -1.582419985871081902e+00
4.267365383843667592e-01 -7.904744013701865413e-01 -1.409493079909019064e+00
-5.574070061825388001e-01 -1.991656270610672463e-01 4.032896625758788933e-01
-1.112944373152667144e+00 -8.462005595453293560e-01 -5.189697092526626143e-01
-1.302276390328099609e+00 1.427996545879763213e+00 -4.646970410560300607e-02
8.828329265855329178e-01 -3.828575026440383389e-01 -9.147545245283422721e-01
1.857228822588269157e+00 -1.562720784691912890e+00 -8.753034852871359461e-02
-9.071573477138757946e-01 -7.627597355999943263e-02 5.564381490916788797e-01
-2.606068969966207072e-01 6.904949874123060827e-01 3.114054599514455290e-01
-7.117283988313434229e-01 1.114682395790697056e+00 8.283840034124932972e-01
-9.602937176918326934e-01 1.286185044589392978e+00 1.336108940610532647e+00
-1.234948762190338334e+00 6.553687360582393095e-01 6.004698512224224682e-01
-3.072816433582778450e-01 8.194527756514285999e-01 -1.119303956093592678e+00
7.455234357920657029e-01 -2.105974362420711676e-01 -1.817356418486960168e+00
-1.496513553253836726e+00 -1.303566619077831890e+00 1.915592254942529715e-01
2.227397751187204289e+00 1.193569246366334324e+00 -1.891679104425695535e+00
-1.092071698062103913e+00 -4.239106374919190401e-01 1.151232563677398346e+00
1.373987715047108038e-01 -1.220870186417761794e+00 7.644219190859130597e-01
1.724806744771236078e+00 1.970367034662499517e+00 5.057828472028210731e-01
1.556556666511705656e+00 -7.917244188836637386e-01 -1.641172524509139530e+00
-8.609985941466604675e-01 -4.171697974596764169e-01 1.780290909823389445e+00
8.577768653584696423e-01 -1.449769773086087898e+00 -8.969337047754333270e-01
-1.336947642829770855e+00 6.930939691606965436e-01 2.036395778119397537e-01
-9.892293542027863484e-01 -5.390566002790897482e-01 6.995398027819123288e-02
-1.363645926249546392e+00 2.402019275982602675e+00 1.933807879181823175e+00
1.269422651422583925e+00 -3.105902243885925174e-01 1.414699618165886852e+00
1.773929431138172808e+00 1.237500557776342935e+00 2.126002694524881331e+00
1.750647945846255826e+00 -2.152850687278129449e-02 1.092796399901900584e+00
9.751839336876941822e-01 6.434660731229642217e-01 5.303428821050271136e-01
-8.448600274011022204e-01 1.297220920961743573e+00 1.982233496384207871e+00
-2.701500748383826256e+00 2.321017958861988917e-01 -5.722640931981060053e-01
6.532808451655559567e-01 6.767047387096074562e-01 -1.219304598632493741e+00
3.550949472228085435e-01 -6.191626471466730175e-01 1.231126803300996775e+00
-2.375752177079216043e+00 1.186958701256835669e+00 1.862346460371194778e-02
-1.094501127799583529e+00 1.322759644616098518e+00 -2.151286837530652196e+00
-4.597043391681892577e-01 1.434921205257035093e-01 -1.873800269971587218e-01
9.010220547292259186e-01 1.927478025562722408e+00 9.412963884441527540e-01
-1.020648755413074538e+00 -2.318717095492855290e-02 6.639046347756306643e-01
-6.374687374538869911e-01 8.809884329830023342e-01 6.727988496979565858e-02
9.187156512303437106e-01 -5.862384301433798406e-02 1.019633979723348460e+00
-5.563824037203242145e-01 -9.699647772818017488e-01 -1.026226841558806058e+00
6.130692425372138432e-01 1.189492706012154066e+00 6.387448291133278611e-01
9.515640059244261373e-01 -7.755817305552861751e-02 1.114366423183906912e-01
4.282654683636037962e-01 -7.529948030939448422e-01 -1.059814608210511322e+00
6.618823960738845491e-01 -2.988797916847390490e-01 -1.361220215073054129e+00
1.006539539123706861e+00 4.390874553607587161e-01 -2.357686165704079018e-01
1.527729607781829424e+00 -7.720906682742231797e-02 -9.057534284216284259e-01
-2.018243337523392134e-01 -2.146063615705058880e-01 1.210842357896111610e+00
-6.647936492011279341e-01 5.127159526158863168e-01 -1.768864890934513934e+00
-6.875495162686581230e-01 5.273625031915283312e-01 6.776101327757669823e-01
3.304306551845264672e-01 7.333288545821813331e-01 7.476926435201680654e-01
-1.126713326861847470e-01 1.058168841225615386e+00 2.221178318057639989e-01
-8.967360610325594283e-01 3.460803036397425703e-01 2.545631550897733963e-01
1.178487631581416561e+00 7.186829100616877186e-01 -6.579518699421157968e-02
-1.588894392946254008e+00 -3.162826943574626459e-01 -8.832216015597297298e-01
-5.980107027438013034e-01 8.923467767544922546e-01 2.555041626953747924e-01
1.851890109282574359e+00 6.548088627256217764e-01 -1.146443879155799456e-01
-1.096984887977521472e+00 1.467009373957265383e+00 1.033748655082589174e+00
1.170615045715082403e-01 -7.625227765720871131e-01 2.076215229492895276e+00
-1.257664572596864927e+00 -1.221115456186115278e+00 -6.694381497966590544e-01
-4.318484300491332029e-01 -1.820334480580014236e-01 -1.225576935116784894e+00
9.373842397904968982e-01 -2.139202193536650087e-01 4.769375368648682417e-02
-1.617804802700441691e+00 -9.397511571552491505e-01 4.931090052566868831e-01
-6.114415395541796805e-01 1.630561845099224971e+00 -2.279973895413326956e-01
1.592006466851126234e+00 -1.553930092860210666e-01 1.960946918206109835e-01
-1.463300814417634710e+00 5.748040300213328457e-01 8.032084729798004419e-02
1.386629509417095063e+00 -2.769789962565742392e-01 -3.542592780741024572e-01
-1.566869729917770293e-01 -2.994549099426010996e-01 6.602731545760320842e-01
1.274402186978428997e+00 -1.032673395130741939e-01 3.437539979184070504e-01
5.517454114313633529e-01 1.328012368144817490e-01 3.811657117902542136e-01
-1.026431584172334821e+00 6.094586301926552263e-01 -5.652466544424846612e-02
4.883907968844545255e-01 1.217234655075519312e+00 5.760812594686275379e-01
-9.988109695432952906e-01 7.093943020254859233e-01 8.611378829679897651e-01
7.418880939332791469e-01 -9.243751500167097790e-01 -1.791798828814648026e+00
2.120870074324996857e+00 -6.989755838986906333e-01 -2.798531627858708570e-01
1.956653665332402259e+00 -8.757937985120248237e-02 -1.377919907337054717e+00
-6.932607029339923344e-01 -1.894644942750528527e+00 1.962887889238793315e+00
5.100554815760817151e-01 1.431021463467214705e+00 2.222569994935438831e-01
-2.380385171762942620e-01 -6.450287163118491041e-01 5.275497924893646912e-02
2.642788229651437115e-01 -4.296875779923342020e-01 -4.997556977526039224e-01
-1.563040419876503551e+00 9.767808191666754736e-02 1.214676970391360793e-02
1.786193346395539727e+00 -2.816754548679102910e-01 -1.018605463809495876e-01
-3.972804107229029880e-01 4.225722782997394789e-01 9.697054123287941474e-01
6.526710581957850810e-01 -7.844792355319071264e-01 -8.405845464214387608e-01
-7.698214780627758713e-02 -1.018375204995694450e+00 3.749157506746967350e-01
1.346740771243414514e+00 3.093466593290010169e-01 -2.580638122350081165e+00
4.821494395600968152e-01 1.959021653783230787e+00 2.702185783703756616e-01
5.509718724793878364e-01 -6.822387528971991522e-01 -1.247861532114194816e+00
2.858218522729690236e-01 1.130097911887011364e+00 4.600006341409265120e-01
1.366417850406003165e+00 -1.224300677777757196e+00 1.404885862341299863e+00
-1.226747625990737056e+00 -2.526601631773213175e+00 -1.213053693090694329e+00
-1.760073093939256150e-01 1.487307236060487758e-01 7.569309475322765213e-01
6.072881559529041962e-01 -2.403854193845077258e+00 -1.441596197543151936e+00
4.897208343847169187e-01 5.730748707373337636e-01 -8.801001723043516689e-01
2.940039009563135686e-01 -8.837750294383953653e-01 5.004833077531047891e-01
-6.048577709949070069e-01 2.758929800233695051e+00 -6.980310743418359776e-01
-1.907462323882513078e-01 5.011856160100386370e-01 -9.617431350777267962e-01
1.475333584586014046e+00 3.260170126876220098e-01 -1.361261811232681619e-02
-8.042150793226644778e-02 1.128410519993528066e-01 1.339012023927334205e+00
-1.614315652090458686e+00 6.373242393147227070e-01 1.429512744244902933e-01
-2.258355195097970558e+00 1.334664997495139449e+00 -1.364053843784927667e+00
-7.359377333910335217e-01 1.524053891028968710e+00 1.439566488007638645e+00
-1.701651660148835454e-01 9.163434273121984219e-01 9.720911319743308354e-01
1.182642048995810491e+00 -5.570745913144385941e-01 -1.621794684852805091e+00
-2.513632975061171337e-01 6.284930831269808227e-01 -2.220760349395477506e-01
2.141639133564046393e-01 1.363690330467567602e+00 -1.166243428632175672e+00
-5.857067930580608373e-01 -2.359805967179670283e+00 -3.614524539882344456e-01
1.420969419108316201e+00 -2.119517542640385888e-01 -1.197717020042989411e+00
-1.932357220300310541e+00 -7.008930095812971883e-01 7.195340277675850160e-01
5.093767370184298926e-02 3.157264913703917708e-01 3.614685524115108239e-01
-1.167471673924615372e+00 -6.359888423004962377e-01 -1.213223276959087965e-01
5.438765925699113879e-01 5.135830423075723322e-02 -1.338060789089062230e-01
-3.530857412987689625e-01 3.935241147084065916e-01 6.689428979829485922e-01
-1.418016217061667916e+00 1.409161871262061549e-01 -2.343935728254109563e+00
1.035472193339378677e+00 -3.631840628277750449e-01 -5.532706689339940143e-01
2.756066294908155467e-01 -1.753067981417680554e-01 -4.463576322889910575e-01
4.707982060889446263e-01 -4.750359785336015772e-01 7.571498855389551252e-01
4.187918965435354773e-02 -7.292006602696284867e-01 -1.423274287369546531e+00
-6.447784916350041140e-01 4.767952253271389718e-01 2.310928132946905578e+00
-1.736980710927115423e-01 1.622978783914591050e+00 -7.639233858396296539e-02
1.616708997802386305e+00 7.556961086743773093e-01 2.397709162856378029e+00
6.160127784525159383e-02 -8.866275545199198138e-01 -1.140182479695614370e+00
-3.924729946707334327e-01 -1.390867356015631717e+00 -1.415519473372436554e+00
-4.526874909065548569e-01 -2.580454535760657309e-01 -1.416973386418738601e+00
-4.530318532252082808e-01 -2.111516291958618619e-01 7.369360800765579755e-01
-7.180963002294101782e-01 -3.939001062056614599e-01 8.106972371944051736e-02
-1.235594929903074846e+00 1.216097959143132012e+00 -1.397737469892481599e-01
1.906102056891372243e+00 9.997009779081325043e-01 1.158290114793402159e+00
1.346892611090396707e+00 -2.478961825317301249e-01 1.499761900080508470e-01
8.619304012903343803e-01 -2.666302836273183541e+00 3.220901220834700429e-01
9.006432551182730339e-02 1.301058924386274906e+00 -3.248814576117565189e-01
1.295304353727391167e+00 2.685652999392404983e-01 -8.329386610927577150e-01
-1.230225124004433318e-01 -1.640272252443569112e+00 2.844005857302241425e-01
-3.396644570555243381e-01 -1.361415521565890518e+00 -1.151386240155952478e+00
8.206943208705569370e-02 1.737213507739435503e+00 -1.013084414743808281e+00
6.391151365991843969e-01 -2.500751072552244089e-02 2.732531695137287442e-01
-1.368434712510527840e-01 9.527274330473656239e-01 -1.553419521763973243e+00
-3.601593349920311216e-01 4.713944293209804681e-01 2.598299768438855906e-01
2.981710654614945222e-01 1.086276089216001495e+00 -9.774641023985103372e-01
-7.509163473520765741e-01 -1.911942880539960754e+00 -5.311216616399607737e-01
8.213636288488813664e-01 -6.711121068432993608e-01 1.392595736868262435e+00
1.080346866971070297e+00 1.356515013199614428e+00 -4.811226178566350153e-01
-1.179068445415907052e+00 -1.354780519713620457e+00 3.160359060170598866e-01
-4.357788061677731473e-01 2.493849638184214290e-01 -2.306506371836037239e+00
3.176476446042588164e-01 -9.860621362808892343e-01 -1.584951209362682523e+00
5.363154329157218125e-01 5.593928252579679489e-02 -2.860988964118576394e+00
-4.488978217250508274e-01 1.606585188290608368e+00 -8.896605549652224498e-01
-1.925423994017870233e-01 1.128907154815592007e+00 -4.686154353287959595e-01
1.003857985115009788e+00 -1.524302629895193162e+00 -2.944712521102417213e-01
-1.395338588315677031e+00 9.052116171572597292e-01 -4.907083224052738446e-01
1.019283725030068338e-01 -6.634340564249344707e-01 -3.166375156389575340e-01
3.670593993879998074e-01 -6.905351584510586171e-01 -2.551162929398272716e+00
1.320847150529415703e+00 -7.635367284630649731e-01 -3.622710309372069726e-01
-4.814537941825156597e-01 -1.092725577772160728e+00 7.791201020795203158e-01
-1.309574747015180840e-01 -8.203622299300596110e-02 -5.988991472510241110e-01
7.076365981947931039e-02 1.255031983901179204e+00 9.600692827837470356e-02
-6.435783300865348389e-02 8.152621667322239585e-01 1.402230556035050535e+00
1.475524990829164551e-01 2.174432115754090789e-01 8.721560735954577703e-01
-1.783910193503977837e+00 8.712959981071345394e-01 -5.867412286040994962e-01
9.009309879705940105e-01 3.964138598062966201e-01 -1.096899327373674460e+00
2.142576491755920354e-01 6.841853172999500243e-01 7.957240060133216053e-01
2.468512521641468282e+00 -7.596890111150155223e-01 -8.285481395078467814e-01
-7.683351517702432520e-01 -1.638888100031124229e-01 -1.883631614942703258e+00
7.098254740415003150e-01 6.270393279996934188e-01 4.930935179642109145e-01
-6.276797415864820984e-01 9.112728750511905895e-01 -1.498584116722665005e+00
-8.876163651836613822e-01 -2.307750428941582665e+00 -5.653578007878429235e-01
-3.510518266011864452e-01 1.486973508376060460e+00 2.927281692086692866e-01
-2.051918756092180329e-01 1.225549832804024852e-01 -7.308272444880907492e-02
1.099857532440285279e+00 1.075453968918159031e+00 8.347916332618570134e-01
1.414514873185270805e+00 1.488883560766269543e-01 2.718540163130878651e-01
-9.187188180084473466e-01 -3.143365388963200169e-01 -1.710329785317835360e-01
-3.363723613308804428e-01 -2.472212725832417579e+00 9.333281766373088262e-01
-3.423841858016272721e-01 -1.100345180829296332e+00 1.532530389191116393e+00
-1.636862915744568214e+00 8.353976889249257187e-01 1.325045237076955651e+00
7.683970041572492082e-01 7.925881972639587936e-01 -7.899034814944366767e-02
-2.868762916977979915e-01 1.043915165633281239e-01 1.355751873489388748e+00
-9.619768708513283251e-01 -3.936772173660167962e-01 -6.812965018329627531e-01
-6.538944931191720267e-01 1.047544605866298273e+00 3.784636010738083312e-01
1.297835971037449188e+00 -5.734160662752237902e-01 1.837071349764592687e-01
7.515921210446619982e-01 1.129010846716600236e+00 1.096456034509413424e+00
1.215927423759459447e-01 -1.127368749038825252e-01 1.189463333201617123e+00
8.586663319686487217e-01 6.936329528314961745e-01 3.945208165931003985e-01
5.835556072479054501e-01 -5.663280152063282502e-01 1.527288114804730146e-01
-4.153659766925241192e-01 -3.068153516458175800e-01 8.653074305570506164e-01
3.211426022057166652e-01 4.581749410697680269e-01 -2.668091981279471780e-01
-3.300688585003200282e-02 -3.569616932314572111e-01 -5.148806340667251291e-01
1.682231407386823419e+00 1.246032074280454482e+00 1.106821798940451407e+00
-2.706982461447755006e-01 5.509234952672608099e-01 1.308492628366992594e-01
-5.469509988471550344e-01 -2.201883586569527984e-01 -1.659179438592206290e+00
4.101096094078458543e-01 -7.768170337292421568e-01 2.486300000513067265e-01
1.149066533434172310e+00 -2.981549208278838070e-01 -2.385682197586127262e-01
6.968833988482262543e-01 3.416731117126210471e-01 4.084127348029573668e-01
3.864961394312819154e-01 -7.156484321477146748e-01 -5.929814219517008933e-01
-3.019542122415229124e-01 7.126006714495060068e-01 1.137145282380990219e+00
2.125753074030678202e-01 3.158802495758711859e-01 1.840040117097901107e-01
1.428659582303513920e-01 -1.104070710262011756e-01 1.460318434414774158e+00
-1.778248758970734311e+00 -1.556301732729885312e-01 1.647595663498299667e-01
1.157731037026875187e+00 1.365797017608078479e+00 -1.286514577979657181e-01
-2.859928816190488998e-01 -6.285492836672298411e-01 2.777884758691865907e-01
8.841693584694989561e-01 1.180740351984506997e+00 1.157470234990534586e+00
-1.270994003561441543e+00 1.317769618443387358e+00 2.053428269723026334e-01
-1.185436991402206708e+00 4.111998052238552415e-02 5.112219176585460767e-01
-8.681433013695540879e-01 2.832930968671344696e-02 1.877802540612536486e+00
8.637518290490954209e-01 1.148906208553986286e+00 2.593321512981082155e-01
7.370072357298801391e-01 1.901956065818199426e-01 2.581038305019282830e-02
-3.086437036042665172e-01 -2.097939412895953037e-01 6.693268827903678941e-01
1.092439842967664498e+00 7.549895716261157963e-01 7.727121454008132329e-01
8.571445425207457891e-01 -2.071294277035774289e+00 5.826228728573852322e-01
-4.730950792265967708e-01 2.028483400204407427e+00 -5.280092548155636001e-01
9.492575945932493209e-01 -9.450949677478492905e-01 -7.033000363915810349e-02
-3.688074493465475223e-01 -3.162112620428587095e-01 4.952825326976820208e-01
1.833335280992755278e-01 8.623520534399002901e-01 1.862428070624078114e+00
1.545622327567839571e+00 -9.011510732550842562e-01 8.408767533157373020e-01
2.516521794344986684e+00 -1.727700314764214040e+00 -1.263313418998607551e-01
9.565282559382043415e-01 5.292944779592684279e-01 -2.651301626841890968e+00
-4.814038414562932244e-01 -5.156942030549788170e-01 6.613622527246731941e-01
-7.735344876609648868e-01 -4.933027935114666085e-01 6.757963676887547566e-02
-7.957727164344076121e-01 2.392818007057599949e+00 1.063381883084552282e+00
-1.670764731341196407e+00 1.218179371432522862e+00 -7.901709937680569951e-01
-7.376087875507343627e-02 -1.693313079986454195e+00 1.429210061039768997e-01
1.307109135502555475e-01 1.135541740709537617e+00 -8.452719062669671324e-01
1.750039639491738797e+00 -1.040211510443280973e+00 -1.040409452114312572e+00
-4.990193631660777007e-01 -1.479501381595228926e+00 9.891705691134153877e-01
2.343740190220201802e-01 9.882247414680267461e-01 -3.448931175967783758e-01
-2.107902352361823439e-01 -3.836899983867027020e-01 5.365430706973588482e-01
1.847690320126756103e-01 8.972742399547983805e-01 6.032578791948824959e-01
-1.555206809817587743e+00 -1.726545389823498991e-02 -1.031747311316431742e-01
2.127399844340329249e+00 -6.485751436164597372e-01 -1.434639445732969643e+00
-7.011331150586583849e-01 -9.889000913610079824e-01 -1.118410857520941937e+00
9.535328561176477091e-01 -3.918048538409073522e-01 -2.885928670449361966e-01
-1.580157499413009425e+00 -1.635506784712505990e-01 -4.670188632782025784e-01
-7.667261856684779442e-01 4.453577463063169151e-01 -8.163801626845722526e-01
-9.208164741317662050e-02 8.965517567575514990e-01 1.298387909613625046e+00
-1.555638056894649290e-01 -2.989708540114700552e-01 1.960118353044291439e-01
-2.128083613231058990e+00 -2.325936806589228745e+00 -3.648098183355083513e-01
1.575781765723482719e+00 5.116003504359329518e-02 5.523260875183699792e-01
7.109586377276544411e-01 -4.873255659315336441e-01 1.723005556357913415e+00
-3.966690051616563184e-01 1.815471661643671908e+00 9.801660492786893331e-01
1.445822629667934622e+00 -1.360982442025582051e+00 2.710167914483430085e+00
8.983516725687890406e-03 8.499693337254974335e-01 -2.714691469645664768e-01
4.183128154929040277e-02 1.355892674262677566e-01 1.154401121291405596e+00
9.288591296617650928e-01 1.009737719362699293e+00 6.389448002790668601e-01
-3.873917817156000143e-01 -4.295342196864271878e-01 6.875958401720931867e-01
8.944939419818604964e-01 1.180311004112404749e+00 1.112594542454453883e+00
3.808088597617310112e-01 2.624169070189391051e-01 8.541307529440579360e-01
4.783394848665132315e-01 -9.935540792472872251e-01 -1.511436719975935539e+00
-5.590073784022940862e-01 1.777330937062852889e-01 5.986978120075827636e-01
-6.247034007677840783e-01 2.280088241756567102e-02 1.928324736721460653e-01
7.004579792436026464e-01 4.067776534064302396e-01 5.401111269397529391e-01
-1.042908421435146948e+00 -1.696479504446638531e+00 1.931444525317665084e+00
1.188022228081069498e+00 -5.627067626725787974e-01 -8.353163726953054535e-01
-1.143858652605033166e+00 5.769295804380534382e-02 -1.605531521598352052e-01
-3.192999336156274737e-01 -3.819990009165978306e-01 -6.450860947678355162e-01
1.439804731595096809e+00 9.898357432098416897e-01 -9.471530659289395526e-02
-1.382029785552441492e+00 -3.006198683528918392e-01 -3.646946085108428159e-02
-7.967174876726715871e-01 4.055588096290426714e-01 -6.910295287945154852e-02
6.267786094435214839e-01 -1.196410087801152121e-02 3.122454787707808488e-01
1.666789555396250178e+00 -9.572729237980123207e-01 -1.939825513533439960e-01
1.340474279384134437e+00 -1.005155705924225956e-01 -1.825536056850911359e+00
1.810140992559310380e-01 -2.553388618552601685e-01 -5.562921866598464771e-01
-2.045721206260985969e+00 -1.179623194179357570e+00 4.061835949979180072e-01
-1.166282648777454023e+00 -4.189579616764685377e-01 -1.017484006841249844e+00
5.811733888739978315e-01 1.914441490784866140e+00 -6.490406074640421297e-01
1.925779863938532621e+00 -1.405641117447973487e+00 1.643011409139125245e+00
-1.351335796831182767e+00 1.417918192022339152e+00 1.108332313970316285e+00
-1.582030256791028044e+00 3.683691898981827362e-01 9.830605753801276991e-01
3.591009429192141278e-01 -1.301879834410488268e+00 -1.229647559115155220e+00
7.373364224467542360e-01 1.209640728933701892e+00 6.478179125891653234e-01
1.015241017037385785e+00 1.216080038839269406e+00 -1.480019850089251410e+00
2.395443584461808939e+00 -2.335032666908349430e+00 1.273778126597534088e+00
-7.156189639863110852e-01 -1.262664023393097024e+00 -9.949103829950705080e-01
-6.010314131271365934e-01 -3.313273082091100497e-01 -1.956031750288923510e+00
8.748607618252060014e-01 8.934281436425715039e-01 -8.382504160679198069e-02
-4.563401584821253354e-01 -1.577085299834599441e+00 -1.762519682470809146e+00
-1.852769919994266434e+00 2.557099812737376743e-01 -6.291796119670830523e-01
-2.498421879902215370e-01 5.389510919058634331e-01 -1.247821852107869223e+00
-3.264518695595260978e-01 2.150620356318779347e+00 1.258571744055436981e-01
-1.447786628594428082e+00 3.666252998060715029e-01 -2.525547987289573637e-01
2.468190217286345245e+00 9.507746948557519451e-01 -1.853947458314255003e+00
6.680349335057580440e-01 -5.242727567444708248e-01 8.397504087922750271e-01
7.294245635221108248e-01 1.269993560508910546e+00 -4.930884896769077153e-01
4.715080374955112064e-02 1.046488892184576303e+00 -5.314400901176653536e-01
-1.847203038219635385e+00 1.786477421544709066e-01 -6.224618999772209005e-01
1.184585654781398878e+00 1.768938745811615920e+00 -1.998878513402362556e+00
2.746554920131007438e-01 9.966566959844779666e-03 -2.671716524795963443e-01
4.406641800614413684e-01 -3.257912707144418607e-01 9.887478373745844928e-01
-8.581566235221965711e-03 -1.289028925640787415e+00 9.353519347153104180e-01
1.162966657037570295e+00 -2.824614125434297129e-01 9.083162971654247519e-02
-1.315058638391240153e+00 1.176962192224838777e+00 1.412675539445757689e-01
-4.235792647080409701e-01 1.021439777542565208e+00 -2.416834329830630512e+00
1.625117895768371179e+00 -1.263174095755001280e+00 -1.100424875447913869e-01
-5.527963457487455878e-01 3.773128003673159037e-01 -5.246531530239572083e-01
-6.315461000195031760e-01 -9.795648061912555216e-01 -9.937373005549952065e-01
-2.508223832171260770e-01 7.146192852589510203e-01 -8.758337993395063359e-01
1.860504453771532951e+00 -4.478716132834372199e-01 2.440928245206145597e+00
-3.565593778791282253e-01 5.289651157533968862e-01 6.589600381802332985e-01
8.738853863735993599e-01 -2.771669997826329279e-01 -6.888304395616594578e-01
-1.048958164610050758e+00 1.010307694112056121e+00 5.135143644051592959e-02
3.544039343105038209e-01 -1.190423206795437228e+00 -2.408475493413916313e-01
1.384545420801976068e+00 -2.571761362452750221e-01 -1.592598275286990939e+00
1.097382043810364971e+00 1.297326241627732468e+00 -1.655582487295211402e+00
6.668286283783346757e-01 -9.717757317262571970e-01 -1.481163334631379946e+00
-3.734893528765113047e-01 6.529760268190742956e-01 -2.049913756539760712e+00
1.811432055613796388e+00 -6.929253030072550779e-01 -5.680211191213256905e-01
1.081042054349271586e+00 1.915590464734098664e+00 7.760448280528728926e-01
2.939316868693703899e+00 6.945903262256121202e-01 1.243508081983040192e+00
-1.111078738834578861e+00 -7.673390585523286456e-01 1.324238207423193092e+00
9.289104501710119255e-01 -1.998154103191444875e-01 -2.551811713910090984e-01
-2.472187027941744386e+00 5.414133767659821128e-01 -1.417300848367996080e+00
4.575913186366610819e-01 1.861304805000268958e+00 1.604407259159148780e-01
-3.124365932468153306e-01 -1.280253630328142656e+00 7.368088143038324933e-01
1.349897515756327104e+00 -6.876616438912722673e-01 -5.414543692118404250e-01
5.227146133736499944e-01 1.342194450242506498e+00 -6.510661642362022272e-01
6.135456123626501501e-01 9.928361325749227584e-01 -6.039131450004128210e-01
-1.270860810088194848e+00 -2.091255307991787271e-01 8.634116588364982858e-01
-6.653073803394871089e-01 -7.579853268379735387e-02 -5.902071407322263541e-01
1.449747479888623847e+00 -1.212570653769066364e+00 -7.311822729343268046e-01
3.700087957090866242e-01 5.590006311389569271e-01 9.779119602289587654e-01
3.802313403302029493e-01 -3.723169392163654945e-01 1.129767641382189325e+00
3.301268972834017768e-01 1.076704061411276891e-01 7.808632051992414613e-01
-4.404897542895583884e-01 -4.380440633693089558e-01 1.308046301819733248e+00
-1.125514275854172075e+00 4.498318337693921753e-01 -2.675233064188736742e-01
2.385431647288944301e+00 7.332953422782489961e-01 -1.104112698878846333e+00
9.956065467156961502e-01 -1.381079131147825878e+00 1.443885452486743937e+00
1.753968691422842785e-01 -1.366333125339676879e+00 1.844281447445673128e-01
7.467753164588448733e-01 4.917574406550419552e-01 1.357035400689223792e+00
1.271372441283265875e+00 -8.530383632902679425e-01 -9.790684270967988656e-01
-4.545385793696472554e-01 2.725411483748239883e-02 -9.687553417735870198e-01
1.354417848076511777e-01 -6.556936907376154089e-01 -1.058356390499824329e+00
-7.945024097531913077e-01 1.179091817606017445e+00 -1.511103142986474746e+00
-7.141073952950651726e-01 5.762829574943425515e-01 -1.722528943690519121e+00
-7.186033123081005947e-01 -6.253185028106619803e-02 2.829583936944073952e-01
2.006445222551658525e-01 -2.574303403689961467e-01 -1.372606852681549583e+00
-9.686526418516259174e-01 1.371430545960071745e-01 -1.685967791015635875e+00
9.640834811376088054e-02 -1.461081200358746557e+00 -1.023068120175721463e+00
-9.755891625512875809e-01 -2.767021058139141676e+00 5.962815797631948467e-01
-1.843162648464974351e+00 -1.102374826743052649e+00 -8.189773312411349204e-01
2.057763239951289069e+00 9.024703485961098615e-01 -5.957813834300953459e-01
9.962569288950305912e-01 -4.428639966905134617e-02 -8.578093299360662893e-01
2.335351875978734781e-01 -2.742338515413128008e-01 1.369770844358127355e-02
-6.382175624354698151e-02 -1.619583554147259630e+00 5.391563993048525960e-01
1.867319871438884449e-01 1.953249958288559629e+00 -1.735467633972002932e-01
1.779058248923550689e+00 -7.444607512244227898e-01 -6.820032859840871042e-01
-4.482435973329458312e-01 -3.552136003716738766e-01 -5.402760644503964427e-01
2.640255862435755829e-01 -1.214479355452720011e+00 -4.809658536092625836e-01
-8.484423669659324485e-02 -1.756145445993597232e+00 5.193944599198609957e-01
9.801712950931233681e-02 -1.644881396858210332e+00 -5.969344248201462477e-01
-8.258005094023763981e-02 -1.974716690881044734e+00 -1.584782061771839334e+00
-5.399544592322798320e-02 -1.614710813054175853e+00 -1.819672833298667802e-01
-1.837070445991713319e+00 1.514657752076551955e-01 1.245629640093782846e-02
4.183105899148484297e-01 6.254351835139592142e-01 5.704699025386896771e-01
1.523606924385080379e-02 -2.019414640835881958e+00 -9.324649822629643703e-01
1.276547435281857323e+00 1.097249788134975867e+00 1.866443671968537610e-01
-1.075819863339328997e+00 3.556855648605841691e-01 -1.340596057787351914e+00
1.331704682707267051e-01 1.219289811617229324e-01 -1.272119818447633222e+00
6.888869836321822593e-01 3.648694233951801924e-01 1.580144043290126143e+00
-3.835400504361939356e-01 8.920159909672625842e-02 1.762631685306826679e+00
-2.236475060178210461e-01 -8.505448300648069671e-01 -1.225830909516276018e-01
1.242875088296732322e+00 7.094854788701551174e-01 -2.831525030392469389e-01
5.997127024110988636e-01 1.394757277431083187e-01 1.309187398481842290e+00
-6.597380618343866576e-01 -2.386793364966750985e+00 5.758012668139455004e-01
9.675832196932163676e-01 -8.373822384442065614e-01 -1.444043130851987211e+00
8.933640696873950127e-01 3.335180865530868455e-01 -2.855108224936100836e+00
1.867977240505736436e+00 3.579540013337169646e-01 -1.422415481183524899e-01
-1.389415726386618866e-01 -4.136814289778007470e-01 5.606582588546955570e-01
5.520999678061733196e-01 -1.642247175757501232e+00 4.721435847367016492e-01
-1.393927244686033351e+00 4.111985784578846004e-01 -2.469337404297911875e-01
2.467687519407942009e-01 -4.437008372985168370e-01 2.599909185659108890e-01
1.425636151352669190e+00 -7.216234031799982629e-02 7.328837021728525081e-02
-1.391146967088393360e+00 8.677686203540545540e-01 -3.151263957120785664e-01
1.416109825426933089e+00 -1.028800387616044532e+00 -9.589509346873792417e-01
1.259140096490428240e+00 1.234737908579150112e+00 9.313550225779988478e-01
-4.841196296086609507e-01 2.328038845353029629e+00 5.479187672870958759e-01
-1.444690627011988582e+00 9.430589481393895079e-01 4.951729278342708040e-01
1.302822848059680301e-02 6.171445094834980827e-01 2.820679046320835881e-01
-3.303964204769327950e-01 5.284643000123070422e-01 7.620048594084597449e-01
-6.701618327270653097e-01 1.059561029772128293e+00 1.369476990108607684e+00
-1.158980946964402570e+00 -9.191017722654349908e-01 -1.575475272764718326e+00
-1.430392682842160645e-01 2.936899043868280712e-01 7.160682877447617223e-01
-1.288981741382682511e+00 1.027974107422852335e+00 5.051873665947250736e-01
2.359080575313913519e-01 1.444788248444269563e+00 -4.452176680536260034e-01
1.992330489101538538e+00 4.260287477649835064e-01 -2.187189754948558384e+00
1.730061607918540023e+00 1.122046089386539824e+00 7.723046770600416888e-01
1.103384372206101194e+00 2.012788035544645637e-01 -1.200127939494856702e-02
1.475227243627314611e+00 -9.334808661541491581e-01 1.113378238678025767e+00
-8.216857427145023429e-01 8.335449913786985299e-01 2.206392753844328147e-01
-9.777666143737985260e-01 -5.803064444945411210e-02 6.870863852846024189e-01
4.347099471793012260e-01 -9.024402508103537279e-01 -2.297460506499903854e+00
-1.716256680531138001e-01 8.188971172433080481e-01 1.094610323526576529e-01
1.184413619170139764e+00 -3.115723446096753391e-02 1.435867982718900038e+00
1.013793994328012760e+00 -5.513056079726026404e-01 -1.746538821895128990e+00
-7.282277558683816210e-01 9.568443630944058198e-02 4.228808243787492982e-01
-6.022404264562243315e-01 1.269573403363277730e+00 -8.428780267863220654e-01
-9.218237693897600726e-01 -1.046733432849676904e-01 9.608949429204068082e-02
-2.219609377723005483e+00 8.096251024280988196e-01 9.904642262859528756e-01
-8.402404585040491591e-01 4.832380959168104950e-01 3.922577825634022131e-01
-3.381596337379844663e-01 9.117242498476716417e-01 -3.288825384515973727e-01
2.334588121160241503e+00 3.823274080258961538e-01 -8.370055318445848158e-01
-1.023816273954093026e+00 -1.294612799209930998e+00 -3.481292187267248650e-01
2.542034648132828756e-01 -1.668196171856635088e-02 -1.655764036389987925e+00
5.403611474251843738e-01 7.566649699469344403e-01 6.975051514213950199e-01
-9.275237045456917739e-01 1.039333493325161228e+00 -1.962080474103594374e-01
1.172222608637419228e+00 1.491280622464570049e+00 -9.136217822086019069e-01
2.989393626366696477e-01 1.652946044654760804e+00 5.738014345790619641e-01
-7.779864400425666737e-01 -1.387780192628387477e+00 3.628302442340727296e-01
-1.451777784474584498e+00 -8.557157535167754236e-01 -1.243543061967022911e+00
-9.781996221914902589e-01 6.122387460839818774e-01 -4.016330645847861480e-01
7.321712884804331134e-01 2.058685652226763807e+00 6.847634978386135662e-01
-8.926844676309911852e-01 -6.746517815238912974e-02 -3.104639363196430302e-01
1.014704244299234004e+00 -6.297592644924119298e-01 2.076440346267747483e-01
2.334675065836265828e-01 2.792606695591309252e-01 -2.059992360434797387e+00
2.270790085509940326e+00 -8.146715069186877267e-01 -8.007501603534774581e-01
-2.908493430681995395e-01 -6.731200447717874402e-01 9.359797346868001799e-01
4.927994434495235054e-02 -1.157493146307682519e+00 -5.467939886950603894e-03
3.052140149212216880e-01 -9.975066226868564145e-01 -2.215474945961550812e+00
1.777749773023424185e+00 -1.160996403720588432e+00 6.088411028379822065e-01
-1.537486970530551611e+00 1.840953389124320438e-01 -1.311607744490745076e-01
-1.036069034733567040e+00 -1.213553941617869780e+00 -2.038627478849957875e+00
1.489998223071250072e+00 8.005165136980797458e-01 6.449830195767913832e-01
9.824300608466074447e-01 -1.232886016799205509e+00 1.884945167088730278e+00
-7.885768645087068984e-01 -8.936823223255055959e-01 -6.016089969313392904e-01
-5.174919700528843869e-01 1.048578625086998395e+00 -4.178435940134390125e-01
-4.691751750800171039e-01 1.107013484055847874e+00 -3.153208171888143285e-01
3.522191149524739884e-01 9.252824386278850621e-01 6.979880770316253535e-01
9.156626011010754462e-01 -1.036800818979036087e+00 -1.148741622739760215e+00
3.296529910778764338e-01 1.251387336579295795e+00 4.836800941699273548e-01
2.180742440741973542e+00 -4.172431885513529504e-01 2.007193131303727229e-01
1.023407243466349259e+00 -7.495524532016596408e-01 -1.666051205848616545e+00
-2.835877744168096015e-01 1.780154301300368447e+00 5.021053416098826272e-01
5.186424400645214816e-02 -5.119769323175517028e-01 4.653500642478978766e-01
-2.003925398899760069e+00 -5.413124718495180947e-03 1.271567504219765166e+00
-1.236585977835091388e+00 -2.634059044251926274e-01 -1.813746101882011130e+00
-8.389892572164654450e-01 1.684735920479913940e-01 1.194423179120328582e+00
-3.176725960672324711e-01 8.713410634399860744e-01 5.923272830191808058e-01
-9.014582775634787382e-01 -8.756121795325388923e-01 1.850807883800561771e-01
1.376916211838542070e+00 1.206195815419331741e+00 8.630248821484093336e-02
1.198102839149436605e+00 1.127674524227567504e-01 -4.023196864134258033e-01
8.852905731264945066e-01 -1.053456499464468177e+00 -4.824057402780463355e-01
-5.237201845692580626e-01 1.043263391158992359e+00 1.459125290385963947e+00
-1.854084500539993074e+00 3.709253066877750138e-01 6.666615284748645953e-01
-1.688111025238750340e+00 4.338727277496680704e-03 7.990797458328244840e-01
6.162530694569619966e-02 8.122189536933135390e-01 1.899882109290101928e-01
-8.911419027805511650e-01 -9.640436343611463732e-02 -1.294652600843112955e+00
-1.165906163534580875e+00 -8.644754935921512562e-01 4.570305040187823686e-01
9.831977473989630401e-01 6.683261447320507261e-03 5.733830367932242211e-01
-1.047444823403407943e+00 -4.641774450324928636e-01 -1.689809333940740232e-01
8.673901009178569543e-01 3.858904687635629216e-01 6.726819675115417452e-01
5.590280387063764067e-01 1.182548524505415699e+00 -5.749120029333558701e-01
-1.656855178410286733e+00 5.879610968308528474e-01 -1.050804756746073654e+00
-9.493372852638463089e-01 7.766085946223716396e-01 -1.549598441352273426e+00
1.997568625996023028e+00 9.381699929328651821e-01 9.228199314075917759e-01
1.494811466348547668e+00 -5.211470495624089816e-01 5.408324977153279312e-01
-6.139984649162495423e-01 1.527588478763055369e+00 -9.755369194881613470e-01
-5.409060893692164695e-01 1.331711654039562376e+00 -2.398564230946329978e+00
9.228774100967607197e-01 -3.065207127720225855e-01 -8.727166909731672029e-02
9.795299270474272513e-01 6.590491649108614070e-01 -1.800203913571568615e-01
4.013753884241547665e-01 4.473503263734857072e-01 6.966076163559066226e-01
1.363554902492539189e-01 2.514051457870978834e-01 -2.660198337104514033e-01
-1.363346701475051104e+00 1.046662493611214106e+00 -1.594907935573107283e+00
-4.540930392779612967e-01 -3.510449540729674855e-01 -6.856412175024207967e-01
-1.228872243740015247e+00 -4.445089605750638939e-01 -4.635318565754165676e-01
-2.628006935782116749e-01 -1.436199677572063793e+00 -4.030659163733207873e-02
9.204241859400287273e-01 2.820554789984651076e-02 -7.318679952753269491e-02
-5.594778385961453326e-02 5.850111432545271883e-01 1.501407755031746394e+00
-1.767338907396154957e+00 -2.225461727488128039e-01 -1.139968451644597369e+00
-1.348643450210502415e-01 1.990405325606151299e-01 -1.969960337929185790e-01
1.428052912346543746e+00 -2.392044892807969891e-01 -5.143059425177857191e-01
2.721814627550386501e+00 8.505469656826585012e-02 1.156160611746100297e+00
2.846203658526444413e-01 1.870561126807258390e+00 -4.896759104110017247e-01
-1.439390464761047816e+00 -2.926640003104249432e-01 4.698683184807261326e-01
-7.345978327590717283e-02 -2.407724443457280872e-01 4.494341112593697729e-01
-1.228627867340668312e+00 -1.073660713288943525e+00 1.141522506223048294e+00
8.317608839585336478e-01 -2.917326960025313776e-01 -2.747344229945555827e-01
-2.732491482291804497e-01 -1.660119667428473944e+00 -5.453058447749415949e-01
6.859200109856024019e-01 1.078815435008084522e+00 -1.344410423024835710e+00
-3.425643096578263047e-01 5.886451467103237523e-01 4.961679566090668181e-01
7.282318713930521215e-01 2.754000681329225597e-01 8.033429050102682822e-01
4.200324367795727487e-01 2.307617095990318057e-01 1.657773482064303083e+00
9.757337663916789694e-01 9.823082092635103402e-02 9.363071881880267178e-01
-7.335456965292239673e-01 4.063828491121181385e-01 -4.638194012748958484e-01
1.670918350586937662e-01 -1.139904351229341861e+00 8.591841516138362111e-01
1.459673654956964439e-01 1.176087883538301737e+00 -8.970861398048398661e-01
-4.485761846248116913e-01 1.379715230497395861e+00 3.815014994547847316e-01
-6.195448495901343389e-01 2.571258524488109765e-01 2.656008807924695736e-01
1.214656981529605106e+00 2.894278121450098440e-01 -7.448275607825570743e-01
1.089067550798164641e+00 -4.477348889689152789e-01 1.889033983630357127e-01
-1.127454972938799704e+00 -1.443453996394867267e-01 6.030228903411498642e-01
-1.531430638575593139e+00 -8.198510821762562406e-01 -1.553798389988923223e-01
8.981175765963900215e-01 -8.353676054314278232e-02 -8.557063523039428743e-01
-1.784295123498179425e+00 7.859167342770466691e-01 3.276065132987139306e-01
-8.178058466068858223e-01 -7.018953310273550183e-01 1.619554053975923447e+00
-1.623705979704097802e+00 -4.471112994414691566e-01 1.666479821103265424e+00
3.921091997986111272e-02 -4.555620174269209982e-02 3.725363939193401253e-01
1.757349477758410661e+00 3.467049686748898130e-01 1.077426487072657757e+00
-6.666449041253545982e-01 2.832818447117237404e-01 1.122944339719078588e+00
6.467939696646907155e-01 -3.311957453083678171e-01 8.688603474386561443e-01
1.252353015842403716e-01 5.638863625075859476e-01 1.763348923822845304e-01
9.061378434182848496e-01 -8.422711857499058929e-01 -2.620708641591727783e+00
-5.540167521296610609e-01 8.382187903003430751e-01 -1.269883832773971259e-02
-8.297262417177011518e-01 -7.138744450380091200e-01 -1.760095425794196977e+00
-5.280188404487982101e-01 -1.297082662638558981e+00 -1.188451379497631910e+00
8.281966167871018802e-01 2.117834059856258389e+00 1.480200383019243171e+00
4.694509579553401979e-01 -2.923933881899747345e-01 2.468897429590026338e+00
4.204207224143103883e-01 -1.389434184124355598e+00 -9.212517654874001760e-01
1.067391524189565288e+00 -8.152970914016727244e-01 7.705306993206872956e-01
7.933940523626845653e-01 3.218343938487061018e-01 -3.222170378160441051e-01
2.022617669820175657e+00 -6.264242283502650110e-01 7.785444037974869058e-01
2.430200567601638051e-01 1.691746213068501037e+00 -3.641360749766899829e-01
-2.503482150625130354e-01 -1.575445362153339968e+00 6.862249365236443577e-01
1.596036791160454937e+00 -4.193865719209502463e-01 -1.374456303420206194e+00
9.513857921668874562e-01 7.341850351100116523e-01 7.023946321809902971e-01
4.985813395514377966e-01 -6.513708736471032212e-01 -6.553320309742812766e-01
-6.228611069185189253e-01 1.476267644552459402e+00 1.096483624765437065e-01
-2.652410774732777421e-01 1.221306593782178318e+00 3.124518110657193981e-01
1.167140163100091943e+00 7.414667542324834271e-01 -1.377020404755387450e-01
-1.223233144024537422e+00 -1.514620245075593674e+00 -1.134694093025353512e+00
5.302818471413903723e-01 8.446947553470479653e-02 -2.975777905817335589e-01
2.070300457810548833e-01 -3.829371127033487920e-01 -3.529876887760566850e-01
9.841108196440933042e-01 1.121962232851055230e+00 -1.853647944025389904e+00
-2.501397147622541062e-01 1.112154278914955219e+00 2.834233168708380490e-01
-1.148429854443835385e+00 9.825106977100056538e-02 1.700703646683595194e+00
9.941574689713602100e-03 1.391329624364205264e+00 -1.340989185414999341e+00
1.406174968185584406e+00 3.938890820388750158e-01 -1.276689449039890345e+00
-5.439991147496265889e-01 -4.104302241504050874e-01 1.835002708046722608e+00
6.590424177219760260e-01 8.327227354097375134e-01 -5.562638189266213562e-01
9.081752037658091803e-01 5.621608823189945259e-01 5.146459575906614514e-01
-1.310203534750679522e+00 6.576417866854505911e-02 -1.318864635954120068e+00
-1.747415345108078999e-01 3.442000941972170325e-01 -1.449867050560822879e+00
-5.684895655699431227e-01 -7.584301802359197930e-01 -1.628921167818905946e+00
1.467130402038216430e-01 -7.591227795346855434e-01 2.009117524248027031e+00
-8.344882966686990589e-01 9.024673527506573700e-01 -4.869329505050180584e-01
-1.299837560675228598e+00 1.712110491371880094e+00 -3.729923327937417071e-02
1.043540522383503255e+00 -2.835311958842086644e-01 -1.053138814323710593e+00
-2.043007838151809641e-01 -5.250639867017522500e-01 6.598133662460817783e-01
-1.954288989365102314e+00 1.789343719982434411e-01 -8.584572684989453251e-01
8.977799163720209252e-01 -3.698227256015314546e-01 -1.563866755509753181e+00
1.255443877325555402e+00 4.563337546103426456e-01 5.014443536573752747e-01
6.892489613763539413e-01 7.516020110487323658e-01 -4.707114000871526205e-02
4.597034186522880317e-01 4.655712502363418825e-01 3.978383078179894561e-01
-9.612540491029841760e-01 2.389663430820641477e+00 9.639336945834663106e-02
2.020381738165938579e+00 -1.918678798688665754e+00 8.074790501953444943e-01
1.759528670504355796e+00 5.980480465737626761e-02 5.427465366154977239e-02
-8.681099731835313638e-02 1.222651653381492176e+00 -7.646624060237602327e-01
1.639654745852984485e-01 2.813977719870875416e-01 1.350489994461857579e+00
-1.342832648349866931e+00 -7.066160341414290391e-01 9.791826088202792988e-01
-1.198385375367451822e+00 1.555702382183958399e+00 -1.824611674805275696e-01
-7.007102007234037311e-01 -1.175834854252453932e+00 -3.293129013183191400e-01
3.058700011600681834e-01 -1.821316904216754295e+00 1.696717185514023396e-01
9.089202287112467527e-02 7.228923247720118184e-01 -1.197034055940238817e+00
-7.111176042013958032e-01 -2.596073727424890731e-01 3.743210336714747899e-01
6.495465182082947424e-03 -5.297762858604263547e-01 6.012507758998958396e-01
8.042900311678524705e-01 -2.460602643985600468e-01 -1.127512359694413213e+00
-4.710811831012268192e-01 -2.304129646593849334e-01 -7.874002561541345591e-01
-2.225581934438647103e-01 -8.077027500098303558e-02 -1.526704801498581121e+00
7.769159920806433250e-01 -1.750397530899690635e+00 6.695150951192200273e-01
3.603248048369346868e-01 -1.700789690466863568e+00 -1.785832570882942005e-01
1.386640059774285172e+00 -9.363277915242695926e-01 -1.313203690405062574e-01
2.876001072353578714e+00 -5.731373789353831905e-01 3.839510795561399958e-01
4.440364340218468930e-01 1.630548995964133802e-02 -1.552789786566843022e-01
4.228853719887068485e-02 -8.011490434401739025e-01 2.924575983070359930e-01
1.574121651174447134e+00 9.188365749905603314e-03 2.216246554078178665e-01
1.332020152491729004e+00 1.045357726730259396e+00 -1.154688756917061854e+00
1.480686727661495672e+00 -1.696305625925916827e+00 1.189004342676641679e+00
4.010915596412176209e-01 1.020555840751095067e+00 2.004843532039615628e+00
1.587823822611912974e-02 1.288799432333904260e+00 9.617634635452229075e-01
-1.297587580753062131e+00 -4.597163792480641331e-01 1.063749325745123153e+00
9.233891682162770342e-01 5.304345311867282309e-01 -6.498847626656623078e-01
1.737040777445642226e+00 -1.200298710937390156e+00 2.029454621248105457e-03
-4.086286589880360615e-02 -6.178188590188792295e-01 -7.390301545520041593e-01
2.944265732926545365e-01 -2.332401885885173165e+00 2.247416786732432392e-01
-2.233808026349260345e+00 9.277619938773095098e-01 -1.276306890931538096e-01
2.047321796097132385e-01 1.701811046827394758e-01 5.738973864015752824e-01
-7.054372643514634778e-01 2.884533670621042267e-01 3.971497747808430678e-01
4.367490541277365690e-01 -8.908180834935745807e-02 -1.815749578005470211e+00
2.342012838222439441e+00 -8.790925939018684465e-01 8.667085334766512217e-01
9.350709476112776253e-01 -5.778148578025104065e-01 1.108060246849774666e+00
-1.857405160032637781e+00 1.026867338645929495e+00 1.356798587612545015e+00
8.868171244650633334e-01 -8.747843720814668655e-01 1.468310102906561498e+00
1.094812464780761774e+00 -5.154580818902454453e-01 -3.509470690795463144e-01
1.935222344436767106e+00 3.549843400270095706e-01 -1.804244386536487388e-01
