6.835688603696434029e+01 -1.119771836406113295e+02 -3.752736990934470995e-01
-6.904692198496941558e+01 -1.130667744913350532e+02 -3.959264220808189627e-01
6.908782049680438320e+01 1.113326668025721347e+02 4.614307638406023870e-01
-6.874465418861409205e+01 1.134740265770809486e+02 9.940427411149341808e-01
1.419406222927537709e+00 7.159242123308037264e+01 -1.174429968475882369e+01
6.226365026829881050e-02 -7.168921666315270613e+01 -1.204176718415237701e+01
5.386020875154856613e-01 7.050356553248809632e+01 1.153671290444502340e+01
-1.529110514941630417e+00 -7.132698246999412106e+01 1.226277666905501817e+01
-1.132613535564710077e+02 1.309654764540133076e+00 7.168702048122633563e+00
-1.106177147279950788e+02 5.959308953646643564e-02 -6.839848219436007071e+00
1.134282463618803121e+02 1.329732515654426184e+00 7.188501151644725695e+00
1.114521136414884381e+02 -9.278551211559712408e-01 -5.301616863646722244e+00
3.008780927971870800e-01 -1.315591242909754044e+02 -1.965898460555487226e+00
-2.837931525950291856e-01 1.303396201400759651e+02 -1.426214353934780910e+00
4.191120117160836855e+01 1.056049176003510723e+02 -5.391634886696665241e+00
-4.298229131023973082e+01 1.053581773726077984e+02 -5.330618969034723875e+00
4.255365877299418287e+01 -1.070385608489858384e+02 -7.981839783230431529e+00
-4.189296918105759460e+01 -1.064052129122094925e+02 -7.125078521888942085e+00
-5.575938631705447401e-02 8.808959807225005267e-01 -1.364963285771302459e+01
4.346445820430921003e+01 1.060384239828202055e+02 5.148106342856278772e+00
-4.236772606791382145e+01 1.068828207152285188e+02 6.737156507708759179e+00
4.347249986616441220e+01 -1.053460866515634535e+02 6.729799235296639814e+00
-4.328297348772105124e+01 -1.078252832647831809e+02 6.512475457802105794e+00
2.632360682359831672e-01 -1.097355327936565539e+00 1.128298060840368322e+01
-1.092287880197214065e+02 -6.399682285442489871e+01 3.543694465785021119e+00
-1.092111490417938313e+02 6.597083320599244871e+01 5.285179578887871266e+00
-6.790704828762646628e+01 4.172512067604680652e+01 9.853693068018472445e+00
-6.681203993807305608e+01 -4.034979307904620072e+01 1.036421158033323486e+01
-1.076790092602402069e+02 -6.552709818220233728e+01 -2.338614750988561752e+00
-1.084011534238589149e+02 6.402971068494490225e+01 -3.530257337605026802e+00
-6.620855128259412936e+01 4.150992161405687852e+01 -1.033053380163060808e+01
-6.606651258770443746e+01 -4.220895012493793530e+01 -1.107287011710065805e+01
-1.320704417899796397e+02 -2.580016570259498487e-01 5.428893307720392310e-03
1.064242482669638576e+02 -6.505396250094135269e+01 4.200855873747611824e+00
1.072587793985875777e+02 6.462754405617951647e+01 3.654909887241615696e+00
6.762328574289199423e+01 4.168552938471515290e+01 1.126167872724882102e+01
6.513145882062050873e+01 -4.065265078411508881e+01 1.189879756623457574e+01
1.084144018733436639e+02 -6.607182924654865985e+01 -5.260849250189061799e+00
1.072004650865054174e+02 6.591792884429339949e+01 -2.653802312353837234e+00
6.807830602544618159e+01 4.081949075307780106e+01 -1.105656663023758846e+01
6.597769844207761025e+01 -3.952117306219854242e+01 -1.264639390821168163e+01
1.329044869009908041e+02 -8.289380074539668408e-01 1.717419774079024034e-02
3.677549101984042323e+01 -1.259621780130316608e+02 -5.481958590648982055e-01
-3.538965961712960961e+01 -1.240457026666593805e+02 1.852456712150378493e-01
3.566623223823374644e+01 1.237607376997113704e+02 7.021544830962047623e-01
-3.738847461191824095e+01 1.263460452117620463e+02 -6.120876412993242477e-01
5.748007815983466173e+01 1.123799872911284439e+02 -3.764792337671374778e+00
2.012724555289389627e+01 9.383556361339384466e+01 -1.067804127635565514e+01
2.113430336913104668e+01 1.253079489818743752e+02 -4.437229988966580940e+00
-5.729499391243513173e+01 1.131808229352038495e+02 -2.244799018945675240e+00
-2.254899551395077495e+01 9.259942338508571424e+01 -1.085967125590567939e+01
-2.300645491239570362e+01 1.250064798899383192e+02 -4.334832557010145138e+00
-3.570351580411363357e-01 1.133577964805167682e+02 -7.456956564826895395e+00
5.789488734903189737e+01 -1.134350867784487491e+02 -3.909670292029680638e+00
2.192508565614284421e+01 -9.326043270416555231e+01 -8.597386361106654107e+00
2.079703493861499197e+01 -1.237015656814159428e+02 -4.659562325300259822e+00
-5.635501363732611679e+01 -1.117246280875890818e+02 -6.198569108315004961e+00
-2.211027492956243279e+01 -9.128801313709645626e+01 -1.023457117185321863e+01
-2.196457248089884118e+01 -1.251895676329657476e+02 -2.531292583677802632e+00
-3.804572636346910119e-01 -1.119232656737760152e+02 -8.288651060791922376e+00
-1.268087788436183638e+00 3.983042939429330431e+01 -1.279131560371712872e+01
-9.040742523130454456e-02 -3.711676840433085545e+01 -1.493518325365142729e+01
5.703946724868469431e+01 1.124434006249860971e+02 3.112851552248295128e+00
2.175753151983916567e+01 9.337727825691779060e+01 9.652802975578628875e+00
2.189382346191597151e+01 1.238887913644306593e+02 5.041720223337814666e+00
-5.682954100072615944e+01 1.122890966352179163e+02 2.141183040463233933e+00
-2.206496148906443366e+01 9.158752205382559453e+01 8.856258092975352270e+00
-2.260090991204398136e+01 1.251291217511224687e+02 3.614058985982801175e+00
-1.922603412288654834e-01 1.134772568510348520e+02 6.403904251823416161e+00
5.724562022599284461e+01 -1.113208583560549414e+02 1.712737992191736058e+00
2.326182858990528146e+01 -9.111194853991132447e+01 7.545029454580062911e+00
2.250785813111447808e+01 -1.268388343280056034e+02 2.055243005966052028e+00
-5.812937457799355911e+01 -1.123945986728937925e+02 3.708004149610620637e+00
-2.092488650955386831e+01 -9.299465718098780087e+01 9.962059478923411149e+00
-2.135837843279388082e+01 -1.234277275540522254e+02 3.496524630240979814e+00
-2.339440717094455890e-01 -1.127482793280862268e+02 6.234371464149218056e+00
-3.928373861045103554e-01 3.841948014655089594e+01 1.611994620396997036e+01
2.921643089793688919e+00 -3.827626243972382980e+01 1.194799325884483920e+01
-9.230613112308088830e+01 -9.292941147298171245e+01 2.335116215907471204e+00
-1.135093529388374378e+02 -3.344212266986427551e+01 3.683102145983901288e+00
-8.019765794451163288e+01 -8.932368291020974027e+01 6.508205730880480822e+00
-8.982461280475203580e+01 9.426599670183377100e+01 1.111422998541120588e+00
-1.136975032708045603e+02 3.282017820334889535e+01 5.252200792503440852e+00
-8.033204077568674961e+01 8.866300568435445939e+01 6.101459502242083666e+00
-3.574524201190229178e+01 6.015901475593810233e+01 1.124470080888381851e+01
-9.290599442993524804e+01 2.117467018740421381e+01 9.530276581695252602e+00
-5.920266783258745846e+01 7.905944975505052241e+01 8.238091645717057432e+00
-3.218035879297562474e+01 2.080158327160158649e+01 1.180588453238187796e+01
-9.143163953313346326e+01 5.554944366171430659e+01 6.014768474962200351e+00
-3.638114420757568013e+01 -6.022479932534341174e+01 1.119818160932853957e+01
-9.196967949472194448e+01 -2.006007170693916208e+01 8.755176458134661388e+00
-5.799312448698274380e+01 -7.930389512497568205e+01 8.622462503217422025e+00
-3.304671393128734280e+01 -2.247925821526790813e+01 1.408784212372575873e+01
-9.132591371457398566e+01 -5.630895118174188241e+01 8.003670283279467057e+00
-6.814348792028484070e+01 -1.036311048640490062e+00 1.070802877545729537e+01
-9.150368367523959989e+01 -9.251744474542297780e+01 -1.827222285247878109e+00
-1.146319181039984443e+02 -3.327069129878530163e+01 -3.640987382577602460e+00
-8.018740131872088739e+01 -8.885440236508189571e+01 -6.730211178422365492e+00
-1.112286040028688632e+02 -7.171767194136272394e+01 -2.484535166286772900e-01
-9.030681350374185001e+01 9.373236136873207158e+01 -2.516916700413246666e+00
-1.142706151922997435e+02 3.350165951503338846e+01 -5.617644665645509683e+00
-7.919950999938538416e+01 9.027371690034323137e+01 -5.241647881258708175e+00
-1.118741864115051214e+02 7.464616122253116259e+01 1.977857797067030132e+00
-3.752097636484099041e+01 6.003319493556967501e+01 -1.231674505617311510e+01
-9.324662888280496986e+01 2.041896001160469964e+01 -7.566474097222997131e+00
-5.840511348490197463e+01 7.792643741680291214e+01 -1.001653197281386198e+01
-3.416519517079473900e+01 2.204130891129250358e+01 -1.446931579258318656e+01
-9.175327232361244967e+01 5.361227310407277002e+01 -6.142912626217747807e+00
-3.584571457788872095e+01 -5.958397038406279478e+01 -1.326324435236738175e+01
-9.252641472095859854e+01 -2.102220275280861728e+01 -9.232711874227980786e+00
-5.865430294228583108e+01 -7.988618298307713417e+01 -9.724246620361098437e+00
-3.527092985889920840e+01 -2.257359085214631023e+01 -1.070324223549273412e+01
-9.196828602070151248e+01 -5.425685556128294706e+01 -7.298216847884608782e+00
-6.955210488793446189e+01 -2.054477572941474928e-01 -1.051141137062304054e+01
-1.266204727975447781e+02 -1.154348047945025213e+00 2.966631446273691353e+00
-1.259465017527152497e+02 -5.473830162979445024e-01 -2.998780975212061772e+00
-1.249566890193813009e+02 -3.391455758976771051e+01 1.510312063689681183e+00
-1.244399333868540936e+02 3.137483086975575830e+01 1.814842928320830495e+00
-1.243421406219160588e+02 -3.213210494277664964e+01 -3.195215545001629298e+00
-1.255046008761380278e+02 3.384280579156595081e+01 -2.589126348346969309e+00
9.132817114921087409e+01 -9.367352909433532204e+01 2.474766257655375501e+00
1.123086531554154277e+02 -3.326809910269722081e+01 5.715372377603507026e+00
7.864873645786212819e+01 -8.881869737878955107e+01 4.638730151543063229e+00
8.988211962420258772e+01 9.324812880111331026e+01 3.505983006290508630e+00
1.132687243788547704e+02 3.124561931288185335e+01 4.713500153552423910e+00
7.886081350752050412e+01 8.859135853681617334e+01 5.040942814703741170e+00
3.632022005786264884e+01 5.937145265679245654e+01 1.320750114643431949e+01
9.277925260778346228e+01 2.082891978120361287e+01 8.775059921638794336e+00
5.912771783136390269e+01 7.825731967698769154e+01 1.052666196145152000e+01
3.290022154180664415e+01 2.279746739766428121e+01 1.204598265619044284e+01
9.223223850017421910e+01 5.686297891879721789e+01 8.989004306453082904e+00
3.414015324985501110e+01 -5.923469269232215595e+01 1.149479340162587526e+01
9.281790132153717821e+01 -1.979782769456463143e+01 9.513734243367396815e+00
5.757187146973529224e+01 -7.812826633014132938e+01 8.173229648423195215e+00
3.338235124211289673e+01 -2.253106858949498914e+01 1.291812351652242974e+01
9.093615911109043282e+01 -5.413431874417975109e+01 7.657519070507414760e+00
6.700129090917320696e+01 7.429018535720365302e-01 1.188562693640689893e+01
9.102567679463005845e+01 -9.432230305706963236e+01 -2.251176809837631243e+00
1.134561107323548725e+02 -3.357786394439824562e+01 -6.444873440450928470e+00
8.089942204078029420e+01 -9.051036052169936852e+01 -4.624393388360478419e+00
1.091188848612251689e+02 -7.521848641395330048e+01 -5.438224305631944588e-01
9.251406667803945538e+01 9.313698751822630584e+01 -2.612688050386299032e+00
1.142782523063516322e+02 3.387095449968557404e+01 -5.167851153860061331e+00
8.175957162843194226e+01 8.860998077657808381e+01 -6.753788254180479456e+00
1.102721148607568011e+02 7.378242902632499067e+01 -3.083595953515447241e-01
3.608279847413814423e+01 5.871426026124367326e+01 -1.273290853732077466e+01
9.294477182327270270e+01 2.186058307757694763e+01 -8.731741129556393588e+00
5.986975885992082880e+01 7.942807855364567615e+01 -8.708678885145241466e+00
3.574145642254749333e+01 2.196278327079550152e+01 -1.305432156604105565e+01
9.135255330605512825e+01 5.676332332878229892e+01 -9.379545282530473926e+00
3.512949717072267219e+01 -5.842587513618350670e+01 -1.075141802601377172e+01
9.266890208172506505e+01 -2.074142224747118846e+01 -8.175638661132026641e+00
5.880027953386363038e+01 -7.708742263879855727e+01 -1.098173827877351627e+01
3.450929195717348819e+01 -2.191427319058431777e+01 -1.263626430968827030e+01
9.242215928329747499e+01 -5.548499736479126909e+01 -7.146942174239214296e+00
6.770303159203639609e+01 -1.865618593767060851e+00 -8.736350229536935075e+00
1.273073619828299741e+02 5.824737409063831528e-01 4.366145203069505598e+00
1.270755596897714099e+02 6.245021336510268029e-01 -3.520118321765857150e+00
1.275865428910569932e+02 -3.150555220529529521e+01 1.945710569979602012e+00
1.255196777567416575e+02 3.293795496623778973e+01 2.839713508840055578e+00
1.259672147275268657e+02 -3.273850507511328090e+01 -9.146427770409804037e-01
1.247413876293851871e+02 3.395216223953338641e+01 -1.945166760144802387e+00
