1.607567223063729012e+00 1.086222710097677902e-01 -8.135190546480171037e-01
-1.151377066298802543e+00 -7.819742403571138256e-01 -2.198652021587834682e-01
1.016371808195201343e+00 -1.203912524896328939e+00 1.105070800103553408e+00
-1.385354021098329280e+00 6.087510908858462244e-01 1.210859085843407623e+00
-6.202081519112514346e-02 -5.227563119234031053e-01 1.041281190998144091e+00
4.556079534554869914e-01 1.374927303615512075e+00 6.371274708300506129e-01
9.478780755222241394e-01 1.506737998103866716e-01 -5.753842115971223858e-01
6.471065619790199452e-01 3.116607013634148937e-01 1.498374070686908199e+00
-5.578397101930776536e-01 -1.593599328441226648e+00 5.151254279526282787e-01
1.022143205695576373e+00 2.327696291247425830e-01 -1.042276905664603959e+00
4.769797675065114428e-01 1.940155608110228913e+00 9.132009200833073326e-01
-1.706818332969891827e+00 1.714751545178800907e+00 -9.082544877916552684e-02
1.620311114196385793e-01 -1.257015360370618229e+00 1.860650425954608389e+00
6.938082273041007442e-01 8.891101537641038499e-01 8.816328175701899639e-01
5.111397017641999829e-01 -3.342091197532376379e-01 -1.431934102835180189e+00
-8.294817756644299322e-01 1.112849269954363285e+00 6.935022616127091144e-01
1.234975953778929769e+00 1.976955700716624964e+00 1.417753609059188680e+00
-5.283621979364073740e-01 -5.777827390934286989e-01 -9.661117589065640887e-01
-1.197734310763747034e+00 5.118993580151448564e-01 -1.821091243924543912e+00
-2.672372322673149253e-02 1.021803170121533544e+00 3.122893287757568248e-01
1.993075437236611347e-01 1.352276545116386730e+00 -1.129405757842624425e+00
-9.126592047743727065e-02 2.273843638524042088e-01 -2.199731492871605937e-02
-1.105755690662620694e+00 6.140019242172682912e-01 2.017578931043760571e-01
3.599340002223722634e-01 -1.185330149100202179e+00 -6.714944836904800374e-01
1.060997119848111181e+00 6.521071128961679619e-01 -6.284967526592449838e-01
1.173247579882514602e+00 1.096346683429875624e+00 8.163986663596924098e-02
-9.808809121326135250e-01 -9.233981583681174499e-01 6.185209813956545899e-01
-3.281979417213605199e-01 -1.344878301798558065e-02 3.449618769836953515e-03
-3.736305882363114006e-01 1.129106092598597177e+00 9.044457502074654265e-01
-1.431342109656479122e+00 -5.467046435371585300e-01 1.454203961617893670e+00
1.190897581207681855e+00 -1.775204818390947459e+00 -9.966458846252809201e-01
6.983370746129956563e-01 1.307534925316015118e-01 2.320843105822123775e-01
5.575008825134907253e-01 -2.507679264654772422e-01 3.083618749957331984e-01
-8.023457718515741161e-03 1.052253602560021539e+00 2.170081082054048371e-01
8.665205866257237322e-01 -3.126851997399484606e-01 3.351852093025941559e-01
-1.228232449470144649e+00 -7.335864015435400454e-02 -1.676291181777235684e+00
6.922341318398154142e-01 1.399242520352906194e+00 4.053432891017116346e-01
9.486186275917573019e-01 5.791554465292861886e-01 -8.640697611497755171e-01
1.269932238188008045e+00 -4.054810226286815200e-01 -1.182417619404037890e+00
-9.268650424225403084e-01 -6.276066271098817984e-01 1.238496459530220362e+00
6.847704662325583280e-01 -7.538455610242252858e-01 1.439561098093729841e-01
1.435859042871516222e-01 8.881439132852709806e-01 5.870696593461749435e-01
1.205207722851927121e+00 1.129092543258323200e+00 -9.348277385474315082e-01
-1.105296292865980634e+00 -1.299834341041986363e+00 -1.089543114860657136e+00
4.261224223704652703e-01 -9.997598634522917305e-01 -7.589668518886105719e-01
3.864443061501001142e-01 -5.042741314758715232e-01 -1.194678905225254884e-01
1.144607389970014655e+00 -1.764391610147917622e-01 -4.761038048927677679e-01
-4.511196918793519695e-01 -4.367672665255143971e-01 -5.570378418307482260e-01
1.539006953354849383e+00 -7.596626321671198223e-01 -6.387235767348474758e-01
-1.178767865394042991e+00 -7.556031762403104812e-01 -3.993580115833052502e-01
-1.313958169597765624e-01 5.425540592931962225e-01 5.281729957921119656e-01
9.935571632716858614e-01 1.990413026645359240e+00 9.311498977895630302e-01
4.150107303635763301e-01 -4.282595932132968741e-01 -2.121897425941638993e+00
-7.914818524416309398e-01 2.016827701120642580e+00 5.429197654559373420e-01
-1.832038068027241895e-01 1.413475397860876948e+00 -6.244322121442132806e-02
-1.158359682047985562e+00 -1.471465500013349470e-01 1.665335245582009627e+00
-8.138239781845330034e-01 -4.055840539215732621e-01 7.471594118599895751e-01
-8.303666567366040363e-01 9.280786071536996085e-01 4.435716297081487847e-01
-3.145063459894183455e-01 -7.059796243929089554e-01 -9.251288575297251793e-01
-5.393558473015351851e-01 7.530833893922070921e-01 -1.407523281199666965e+00
1.387242241947185040e+00 1.327349297758394497e+00 1.066854445575131649e-01
9.015286327498719388e-01 -1.721629803222569366e-01 1.518140957587996720e+00
6.219002535524352782e-01 -1.497109803207866463e+00 2.524781155205974681e+00
1.237042462982143598e-01 6.314591263943277744e-01 2.419180776677093136e-01
1.657524462745002536e+00 -4.882256731463498478e-01 -9.342141521487186129e-01
2.186241039675237197e+00 -1.831844170680690054e+00 4.885140614493638234e-01
7.441567012020455785e-01 6.828250201969238153e-01 9.532383491877973736e-01
-6.043054885747810578e-01 -3.522106953569794641e-01 1.338899820189970724e-01
-1.176015985604521363e+00 1.786602816245487502e-01 4.083908583639674350e-01
-1.397652356190011824e+00 3.081709373301182997e-01 -1.033895060426486490e+00
-1.145688837292300422e+00 -6.658027436014649636e-01 -1.049923492472621733e+00
-1.308583890769954849e-01 9.402353160496922102e-02 -2.071877333565952661e-01
-5.611597902526847814e-02 -1.026423310326108229e+00 2.652196030166525387e-01
1.098557310662628517e+00 -8.060866626501050902e-01 -2.864630457795516727e-01
-3.698083731715955114e-02 8.939021594445829555e-01 1.194171101204289237e-01
-7.237278817328145486e-01 4.541660583833222464e-01 4.082576364766521415e-01
-1.637416903829330694e-01 -6.576037079661127827e-01 -3.005225412852641567e-02
-1.311249853164901058e+00 -8.668441830956865601e-01 5.212190819975077716e-01
3.022916173365953196e-01 -9.461082271048181225e-01 1.694755642090877368e+00
3.138276768376495052e-01 1.051403645757975180e+00 -2.054525125432563604e-01
-1.690559170483574514e+00 -9.011818695080070496e-01 4.169034128834623321e-01
-1.720991234816547477e+00 6.845418089285061347e-01 -8.948503253522935852e-01
-1.685064183932008852e+00 2.073344179699703638e+00 -5.790887271293653216e-01
-4.045643811506318332e-04 2.296634378794601417e-01 -1.554547285638985477e+00
2.041570816244199893e+00 5.437575439063662142e-01 1.152631106296508001e+00
1.335051209819803297e+00 -5.267541684258282286e-01 -1.148816329318289808e+00
1.937331941790626511e+00 -1.670938615446951603e-01 -5.653414363136436416e-01
1.498788751331994462e-01 -2.079752920565604568e-01 1.127704335650858036e+00
1.570053929202204657e+00 1.988874835674306063e-01 -9.626207787441063424e-01
-7.889898691994700064e-01 -9.508168837690477160e-01 -6.489485979962884565e-01
7.532252694391998737e-01 5.872374737135401812e-01 1.574645877271004357e+00
-5.985067322633273561e-03 6.185425516087118547e-01 2.830373323199489644e+00
-5.621347721807532505e-01 2.452818281458390634e-02 -8.095174162717214683e-01
-1.180187973718527461e+00 -1.070718177465468823e+00 -6.679025546707713090e-01
-1.336424207027107069e+00 1.621036417703470844e+00 3.717408845280587015e-01
9.962164841025977768e-01 5.578550383518422473e-01 -2.985146953888526689e-01
5.959235643472567956e-01 4.678533761813565284e-01 5.772226132730076120e-01
-3.898589297862834480e-01 4.493346390841053695e-01 -1.208362362618787822e+00
-1.027381218037736188e+00 -1.001079703621281410e-02 -2.839781446090148265e-01
-3.124810082422980750e-01 1.138206266282454804e+00 2.563538665690981988e-01
2.783553588647413868e-01 1.536441328332677769e-01 -1.616236619426858201e-01
-1.485346833440069902e+00 1.529584604761608790e-01 -1.757463636895650883e+00
-5.096098870670117131e-01 7.406892496296414441e-01 1.272514487870713751e+00
-1.343740547828666809e+00 -3.041325179444180349e-01 1.374057930734577715e+00
4.740999048379487824e-02 -5.665105657515377979e-01 -2.798421167294595224e-01
4.091491569732837869e-02 -8.925932913358652909e-01 2.485099081368507434e+00
-8.513909248678873665e-01 -1.610047706869190298e+00 -2.743364014496201708e+00
-1.579132518760222315e+00 1.413814548619406475e-01 -1.161054346832059547e+00
4.876938624701385866e-02 -1.218775018159690554e-01 -2.933345515140879378e-01
-4.931015227494328634e-01 -1.986367088009918458e+00 -1.684702245336397564e+00
3.600014422527086921e-01 -6.531767356095615762e-01 1.169409442462934767e-01
1.790357283388666954e+00 -1.242783296457422360e+00 -7.528608176729372214e-01
-1.809354129592768201e+00 1.632693308839768376e+00 1.605004837662296346e-01
-6.866565247152957019e-01 -4.858626392025602314e-01 -4.574162617820430321e-01
1.164208503180588772e-02 -1.725850832162787896e+00 1.490737748641350668e+00
-4.234884415139698599e-01 6.184366870599709021e-01 1.214506940526847822e+00
-1.260490645427281509e+00 2.867374646128552640e-01 -5.910925428099220863e-02
-9.207245119288384738e-02 7.764453704468307071e-01 -3.049363470187403391e-01
4.333147133185029087e-01 -3.365404008656710522e-01 1.725440163287948137e+00
-1.468152191947306395e+00 -1.986301971666672994e-01 -1.242714632756241944e+00
2.948589827005162478e-01 9.256234969784015165e-01 -1.595953389623888219e+00
-1.140068097323246654e+00 -8.356774870002412481e-01 6.116481769955215420e-01
1.020836872139894824e+00 -1.267231033950394048e+00 5.710256273403159222e-01
8.807855782590766625e-01 -4.127821055798545080e-01 -7.481443370949291127e-01
1.199252642036016558e+00 1.427594051647417484e+00 -1.217718815926587261e+00
1.526678586218127798e+00 1.249966071643761500e+00 1.506695984128715526e+00
-1.707304382965182610e+00 3.854431663705538136e-01 2.197996381029181656e-01
2.374143057738329898e-01 1.672495629857270405e+00 -5.441637361606422862e-01
-5.349124645472937978e-01 -3.524955047507067896e-01 -1.288557950186394220e-02
-4.389851040694919132e-02 1.054311999511399867e+00 8.222690770693303897e-01
-7.677803490981873757e-01 1.149234184545019133e+00 2.276482055433565466e-01
2.013584222504610111e+00 1.124456372017277328e+00 -2.730869041610686221e+00
-4.108239249054188580e-01 -5.337701378179323664e-01 -6.780107486381080628e-01
-1.408446094932758186e+00 -2.570685929805545666e-01 9.097815659625956286e-01
-8.759684069957572872e-01 6.849078828746076875e-01 -5.053322107449325085e-01
-9.144388508192243803e-01 1.384339144714878289e+00 -4.534342569883333396e-01
-1.240945372925902790e+00 -6.191140084889754647e-01 -3.088121517578849562e-01
-1.327476850341029246e+00 -2.325916339362313068e-01 -1.248302481238011241e+00
-1.506149714796487515e+00 5.721044579108007788e-01 1.035174720187139741e+00
-1.794808317758528893e-01 1.119914891513611011e+00 3.795100240718778939e-01
1.686967911442008861e+00 -1.298476838629281982e+00 -1.487592613868647495e+00
-1.128615589891760695e+00 -2.176347478126767765e-01 1.315627539942521235e-03
-2.572124669971758704e-01 -3.344510352304979617e-01 3.815986781739436062e-01
-3.726954600141398066e-02 7.652127302024248623e-01 -7.094292997459223926e-01
-1.562795340055977089e+00 -1.555930623841986993e+00 1.947541214612475979e-01
6.160933627335057894e-01 5.141819729774981251e-01 2.524342233960763515e-02
-5.074423728623853602e-01 -3.096558407845880212e-01 -1.184523226890167757e+00
4.843854520400388552e-01 -1.189387845815562450e+00 8.586090793964707979e-01
8.084510111270974964e-01 -8.743604865369460910e-01 -1.055173003307941393e+00
3.975483361267744820e-01 5.324259387129773868e-01 6.264899893884386950e-01
8.902305510859515048e-01 2.753020338667412359e-01 -1.955321675738741272e+00
2.831909299850640105e-01 -2.237637314495758201e+00 -1.161969489776688791e+00
-1.593554171416055709e+00 -2.261032136194154607e-01 1.555184174301842193e+00
1.997546166341690910e+00 3.341919727886907138e-02 2.098553016866147924e+00
-3.137812210616749420e-01 2.837348387845162745e-01 -2.136789961050526987e-01
-1.443847207650914788e+00 -6.165319790333249061e-01 -1.420397260012276897e-01
3.768851599495790516e-01 -2.094287870740588975e+00 -3.291724043908749731e-01
1.244958932163767518e+00 1.681779085840174881e+00 1.414125719136441750e-01
-1.858734407112368758e-01 -2.071922764379471538e+00 1.599461348631837088e-01
8.986597044174560178e-01 -2.392644936934306132e-01 -7.113857564365100306e-01
1.224019702099583329e+00 6.168759172424739257e-01 7.287415644626927813e-01
1.993366076525181496e-01 -1.125559586365500575e+00 1.599726607050823701e-01
-2.489145273542591186e-01 -1.175103368713798224e-01 9.153266667512266475e-01
7.336496787741365599e-01 -1.863729194276719792e+00 -3.399713153454826386e-01
6.639834480495734326e-01 3.995481116095064289e-01 -1.076242202761485300e+00
1.208275693695690878e+00 4.534454428148427807e-01 7.748851579181414984e-01
-5.836116472930422683e-01 -7.073196832659330857e-01 1.605289271049193944e+00
-6.154796881405543152e-01 -7.469574122213620271e-01 1.792790266844062730e+00
-2.829410483355025985e-01 -7.410164922286737177e-01 6.074979764176078323e-01
-1.259914934910010942e+00 -9.579154968119125702e-01 1.145788308116903131e+00
-8.169044667895993816e-01 -1.204223649127196399e-01 1.394942300039237262e-02
-1.013309068503428223e-01 9.574776348539159043e-01 3.868126748121042957e-01
6.231704029649470788e-01 -1.362212293952445585e-01 1.901500098387185922e+00
-9.210716084282553062e-01 4.546886981590728682e-01 1.778190079785556821e-01
-1.613604232765569302e+00 1.527418137674021459e+00 2.833615805075490046e-01
7.464032148303603176e-01 1.203338979558836064e+00 6.559923110418771630e-01
1.181277403802621473e+00 -2.492502397023432792e-01 -3.014276717593235011e-01
-6.135705931544946923e-01 1.390906150335521063e-01 -2.050357488976975451e-02
7.247072881160949720e-01 -3.846281474142144163e-01 -4.713427374830920780e-01
-3.835735476388667520e-01 -6.109705026208542833e-01 3.012416756984737098e-01
-9.818802716852469414e-01 -3.702203212476681826e-01 -8.636566876071188892e-01
4.731074465874017254e-01 3.775478395724390368e-01 4.027445926409754517e-01
1.005340220259772765e+00 -1.419802417545849571e-01 3.136741531735955935e-01
-9.053417712820390761e-01 -6.621050457116810506e-01 1.832687160126453607e+00
5.584123636730732310e-01 8.572558228600624108e-01 1.286587961754990905e+00
1.249653426316728266e+00 1.703873709197841479e-01 4.361845261385668276e-02
1.323329857188802361e+00 -1.921060482149788140e-01 -6.972196782214091781e-01
8.974673722391713904e-01 1.639164326627683632e+00 -8.486444829404466983e-01
-2.336094525738766858e+00 -8.369362408387438501e-01 -1.099144495272996513e+00
6.709293079483150679e-01 4.213925951667262249e-01 3.852577474378481304e-01
3.852208360204973370e-01 -4.303055323887822192e-01 1.027801057417269126e+00
-2.243153743370912279e-01 9.350214168468174991e-01 9.011748334725817600e-01
3.557589703152421734e-01 -1.980459697044354872e+00 -5.859358886075120010e-01
-3.935467288139518627e-01 5.636262108180430941e-01 1.003280873721653199e+00
-4.343114238785869552e-01 -5.670549440874778080e-01 -2.485011471719949516e-01
6.333007210542475063e-01 -7.095799600653988071e-01 -2.048936602406595142e+00
6.022357517515601888e-01 6.884028995625345315e-01 1.254293044184472850e+00
5.026115651141620511e-01 -1.323025395317499520e+00 -2.116812731935327374e+00
-4.052414526653300153e-01 -2.715157638929870942e-01 -5.341675965851115822e-03
-2.595588191283807689e+00 -1.010084727069797017e+00 -5.583877926008381509e-01
6.553720989924528562e-01 4.091257122483710762e-01 -1.208033127071879154e+00
-4.650411254585754516e-03 -1.012826176695007740e+00 1.677034977978919317e+00
-1.724936137758162458e+00 5.053731010395687839e-01 7.187348477646765543e-02
-1.037585154837285861e+00 -1.105524012637390419e+00 -3.296230641290934793e-01
1.058531969073484014e+00 9.440898463384844730e-01 5.429747556064921099e-01
-7.307023177204851061e-01 -1.312718430794014512e+00 3.563299177224220626e-01
-5.085573327885689610e-01 -6.303518345738030604e-01 -3.462361430266480689e-02
-7.899603269478988610e-02 -1.741234876802953691e-01 -6.195827884131509533e-01
8.451600364761304718e-01 1.367103702196057036e+00 -1.034181302932513757e+00
1.111192049293920237e+00 -1.397219221432250746e+00 1.383636199609950213e+00
-1.666805547639287122e+00 4.954163011163209007e-01 -1.367807343156584476e+00
-3.432291170371494227e-01 1.019538793197290794e+00 1.077497310083306847e-01
-2.588045140684706522e-02 -6.983275700534822272e-01 1.642179467770511769e-01
2.037849985087045290e+00 9.248030379089531294e-01 -1.599099098223589976e+00
1.304883439502993792e+00 2.250853468274660596e-01 -1.594108764781939636e+00
-3.474924927696597665e-01 1.385101660853200300e+00 -6.286385241233342080e-01
-6.473255994484153897e-01 3.057784323516894442e-01 5.729945798770171850e-01
-1.406507624910304788e-01 -6.254107756067343871e-02 -1.177576810069403956e+00
6.370827533229294071e-01 -1.035319727674101964e+00 1.038221908053681836e-01
-3.032830722844336857e-01 1.274742445934472501e-01 6.991186416723771391e-01
1.421764188197417456e-01 1.166242727900450138e+00 6.842518648198345765e-01
1.031533687175490988e+00 1.627265858811358656e+00 2.133833354474850008e+00
-1.574551270715383922e+00 1.275497067989743050e+00 -1.797836624688514240e+00
-1.756391822010817449e+00 -6.310394220217254713e-01 -1.304260660048455422e+00
-2.571708375194704521e-01 -1.417263170122888827e+00 -1.047177981653019341e+00
-4.670125992632225276e-01 1.666930160980321096e-01 -8.154450659615938291e-01
1.191670430006428472e+00 -8.101472982719513105e-01 -1.226006620443350403e+00
-1.757455186110319589e+00 -8.501438942404324628e-01 -1.048128189850102920e+00
1.029565718099168636e+00 -6.676889190963991583e-01 -1.194648599475931716e+00
-1.320642280128410673e-01 -2.919763830654377723e-01 -2.677535555100298281e-01
7.622827797311019227e-01 1.332282808990393530e+00 6.696368206218844543e-01
-3.912227261983129978e-01 -1.079187157599786673e+00 1.305962198941941210e-01
-1.814868491181737431e+00 7.178241462294945308e-01 -6.272666200083175658e-01
2.384333844702284821e+00 1.174978842796162298e-01 1.030609648412362578e+00
6.742667065493082035e-01 -9.814002556093542884e-01 2.326402191896695282e+00
-1.082421763242375157e+00 -6.033186860097223825e-01 -6.820260797440343969e-01
1.567514867648593713e+00 -6.012660184754052839e-01 1.905341566586940191e-02
-3.346041097264960684e-01 -1.342312905509538412e+00 2.369188120385049001e-01
1.828949206229244062e+00 1.555955544343564867e+00 -1.405395964777875761e+00
1.493636577978872393e-01 1.271205073397772667e+00 -1.669488104120988858e-01
-4.668856968073296643e-01 -1.405293212289257243e-01 -4.414250335221059363e-01
-4.793715787373696302e-01 -1.141640766622890185e-01 -2.096692754167616413e-01
-9.400324101059702731e-01 -2.760787281472096288e-01 6.409234096575228135e-01
3.574612671358897709e-01 -8.838542998969740605e-01 -1.501140489643477682e-01
-1.742331309078504420e+00 -2.114894111767807949e+00 -7.638074087163867487e-01
4.058144131526741361e-01 -7.307479794752785862e-02 7.675697423513272444e-01
2.389524169011362498e-01 1.162688728194709809e+00 1.392228040792408139e-01
-5.106955179455807681e-01 2.148835946476825409e+00 -6.487237319366627730e-01
-1.291103022173996084e+00 -1.240027660615445892e+00 7.846663364635038385e-02
-1.027851016801448525e+00 -8.277508001358764300e-01 4.013309283905752700e-01
1.063108441954394356e+00 -7.798397912830398182e-01 -3.368574169088235926e-01
2.304107614235785473e+00 4.589723957269616766e-02 1.023497605400390364e+00
-5.855712042613595569e-01 2.194341058110981013e+00 4.150664568123136472e-02
5.909362233304555900e-01 1.929078604956220744e+00 6.276297871559221031e-01
1.105431154619165079e+00 -1.559145721496866255e-01 6.932845044830230341e-01
-7.864244286601544953e-01 4.616406317334010856e-01 -6.889268117465445762e-01
2.344821110438321199e+00 1.141843775641971703e+00 -4.835703284099246990e-01
-1.493582538798134296e+00 2.017747321048060094e-01 1.840802647028821015e+00
-1.050281682785346726e+00 -6.952624288703003197e-01 6.651958895376908210e-01
1.483036703101911380e+00 -1.629582746704356877e+00 -6.970389675670563001e-01
5.952097279721378642e-02 -9.765777118650457167e-01 4.502352514716666532e-01
-5.907182636742503989e-01 9.073092582722354082e-01 7.823527401649941204e-01
-3.219260641392991951e-01 -3.222638940342335556e-01 5.284156590898862749e-02
2.217550033915629104e+00 -4.927569996053290935e-02 6.897029656871769276e-01
-1.870050383135027916e-01 -4.933999760957830660e-01 2.951159834290975614e-01
-5.189520431678374957e-01 5.362062781355617647e-01 -4.784284366457745019e-01
5.419030909371098659e-01 1.685754058572300984e+00 -1.985462783714108670e-01
9.969796639471896205e-01 6.270011007819466242e-02 -1.941886548304237792e+00
-2.068400201735968169e-01 -6.230460702403584072e-01 3.293868914194464925e-01
2.334910918527634549e-01 4.713012233503736104e-01 1.943420286261914098e+00
-4.841704637820459095e-02 -7.349529619820508453e-01 6.655851485629732389e-01
-3.026071648878301268e+00 3.465226389153168718e-01 7.428023807597309291e-01
-1.806731721977174354e+00 -1.676145927946511294e-01 -8.529159900921434723e-01
-2.326543568038062226e-01 1.540325852353642722e+00 -1.164964704239756177e+00
-7.158256036987588056e-01 -8.631641645862296874e-01 9.716181122146559934e-01
-8.949781979341068228e-01 4.072614859350590644e-01 -8.551094830855401341e-01
-7.926103906239925223e-01 5.711771635934373981e-01 2.755342624148705410e-03
1.017945402165614910e+00 -8.711979092091244603e-02 -1.168134238899942945e+00
-9.718889189731909628e-01 -1.649952037472277588e+00 -2.904278757238827335e-01
1.405094310269478175e+00 -6.823014028803732478e-02 1.706066096840529178e-01
-7.490462567130424798e-01 -8.827707017431230679e-03 7.938855263784326821e-01
6.430529844715875409e-01 9.061194078569217991e-01 -2.479516811625915584e-01
6.854463545748346043e-01 -4.574889453147252399e-02 -4.866150711626233138e-01
9.463030931298047621e-01 -6.922974052732241423e-01 -2.218661169686130530e-01
1.846841901502030980e+00 1.145350719687058483e+00 -8.610804155053117803e-01
3.643524506272689534e-01 -1.180360285606989190e-01 -5.890426079309560858e-01
8.957377957024641457e-01 -3.666169098508180180e-01 1.502510657245647696e+00
-1.611823229634935739e+00 -1.313760186112931105e+00 -6.047951553882819908e-01
7.288307122669825944e-01 1.799945777144045522e-01 1.362667068949394988e-01
5.899660152990259254e-01 -5.794106172243038699e-01 1.422606659234133299e-02
2.134024175584692262e+00 -1.394625608510224213e+00 6.038128694280783249e-01
-2.085724497878811701e-01 8.147233487185129297e-01 -5.142196118347678313e-01
1.297524195637592248e+00 -1.134684222712839530e+00 -1.223566114730382903e+00
7.726749401538621775e-01 6.565243547142037006e-02 9.035464873012237774e-01
-2.309879366556566005e+00 -4.778691043037099906e-01 -8.805192027462293014e-01
-6.335754922210848905e-01 5.055198426199142281e-01 -1.012785169092599080e+00
2.878712199352526646e-01 8.578217574090900577e-01 -2.960942494331631480e-01
-1.167067226750002185e+00 1.290918594781510276e+00 4.079919435869436284e-01
-1.220408548704326801e+00 -5.945286166743900536e-01 1.346944386447039843e+00
-6.960153418854976293e-01 -9.630517728812815204e-01 -6.335876223018778175e-01
-1.057673310432924119e+00 -6.271123520501764581e-01 4.756297977140039324e-02
3.426159885020649970e-02 5.753523364476291757e-01 -5.061211610187976717e-01
-1.999415727203986692e-01 2.924730935764229045e+00 5.633357221460979503e-01
-1.351510802906674469e+00 2.512967476309345027e+00 -2.012313309680943796e+00
3.114353113083113023e+00 1.576705041331777135e+00 -1.387593485162030293e-01
6.616279089254755164e-01 -8.227567683350294203e-01 4.811467557829079977e-01
1.048550090929947887e+00 2.914360794814102040e-01 5.638298363973313077e-01
-1.734795611958309669e+00 -5.851993538778929027e-01 1.072478492262713301e+00
-7.567280161810775452e-01 -3.122759465398858292e-01 -1.442550179306842706e+00
1.367004930029934062e+00 -1.687954253708033425e+00 5.190872659596036387e-01
-8.515812446511662470e-01 1.810499788229717577e+00 1.443362635549340078e-01
-4.813545795193715504e-01 8.690404423591288063e-01 7.212681373822551478e-01
-2.537292863252699204e-01 -7.487768200540997343e-01 5.984477230677796022e-01
8.009518810319241622e-01 -1.991189859750996716e+00 -4.862670899242551581e-01
-5.732326272253377569e-02 5.706855349767834262e-01 -9.664535549167427853e-01
1.132973026562108729e-02 -9.283756895449256641e-01 -1.017048327383700268e-01
1.281877920461338194e+00 4.589376231044166032e-01 2.882799173403029158e+00
1.519930013563027371e+00 1.331100846676975591e+00 -2.299737632283871402e+00
-1.843247291398003862e-01 4.454259500658168114e-01 -6.843078177699274400e-01
2.092878299409153264e+00 -4.356812981329907797e-01 -1.002228538378104883e+00
6.385601235149106492e-01 -6.673592927168797706e-01 1.157217101837785034e+00
-4.610472675376696694e-01 7.540701160125516944e-01 1.238815494817662621e+00
-5.640528356088582163e-01 1.024345082658849826e+00 -3.822177091672071536e-01
-2.106711803348276124e+00 -2.114735450114486159e+00 2.726790533900567692e-01
-1.484231658862397163e+00 -1.484635893490723557e+00 3.807154361662054565e-01
1.028995234665264075e-01 1.365691280287817833e+00 -4.534906052187605563e-01
1.997586179626888447e-01 -1.521210112811347992e+00 -1.599216130974713823e-01
1.767733247499802207e+00 1.388426878594126501e+00 5.341731300874987820e-01
1.175420548827447398e+00 8.074828914944801594e-01 -1.455682382935045427e-01
2.446927937045268175e-01 4.679635648604092979e-01 1.348597162226942814e+00
-1.806739014492121820e+00 -5.029139405853523259e-01 2.295276654351511958e+00
-5.118084700936593734e-01 -3.743604555179152471e-01 -7.033739135992803648e-01
-5.370056450537664672e-01 -4.940924421077248080e-02 1.731516000675825895e+00
-5.630498747848542429e-01 -1.008031613332801113e+00 -1.720295554606215749e+00
1.764148180361551521e+00 2.474003610664737007e-01 1.167824308064516758e+00
4.190230289998834734e-01 -2.850687464358460099e-01 -1.351237651466000278e+00
-1.815793915834453154e+00 -1.305530899443899662e+00 8.500670229947566714e-01
-8.806673989950855042e-01 -3.893829834522591904e-01 6.728038188489093852e-01
1.010576133326942738e+00 -1.166499341762350817e+00 5.122944329666004881e-01
8.999787642925620723e-01 -9.002031371550992533e-01 -1.264453985013697102e+00
-1.927915986849502716e-01 -2.420184182274230655e-01 4.973378158604655486e-01
4.048507881290913102e-01 -1.260961961773058970e+00 -4.614792308560442535e-01
-1.473569340880499512e+00 1.460330057393650183e+00 -1.961902132578011715e-01
-8.335577509700169418e-01 -2.571118947246184838e-01 1.095960850311417545e+00
-8.371054832084097175e-01 1.359714815383388453e+00 3.177923764687041741e-01
1.016684683617518958e+00 7.181302881337096045e-01 -3.849931502616491530e-01
-8.236452828259946957e-01 3.974524436900268853e-02 1.785759005430888613e-01
8.122348391216438479e-01 1.172017116635210021e+00 -4.366302233235994645e-01
-1.067397045863465177e+00 -8.801361264097841142e-01 -8.401555386172329665e-02
-2.415202419929395605e-01 -5.502098799795593909e-01 2.161935184439819357e-01
9.778100249104061392e-01 2.100015354986574934e-01 1.542141268400016862e+00
-3.906196880682037409e-01 1.988446401096989780e+00 4.508803826330867043e-02
-1.205615945624717300e+00 -4.996650402093674170e-01 6.448749142269447621e-01
3.596676544576838941e-01 -1.074153917835172889e+00 -1.934361793154236953e+00
-1.389862167223708811e+00 -5.557900068552136252e-01 1.574035115280971453e-01
1.449183107897983769e+00 3.539209854892789719e-01 9.828676935463989128e-01
1.730334388532383250e-01 5.822861264761995947e-01 2.235743580390285867e-01
-4.510191857253317838e-01 1.174254812440249207e+00 -1.826762642077817411e-01
-5.734487099320242365e-01 -8.556260284922626580e-01 1.351069699845883765e+00
-1.254568629871026131e+00 2.348900092576973631e+00 -2.657257021463281799e-01
-4.342195946305488219e-02 -1.324232509572835503e-02 -6.212162051751098785e-02
2.108083038951099608e-01 7.248828175193526846e-01 -8.805832319011444587e-02
1.406000357667559042e+00 -6.405091734334665832e-01 -5.432308958547316102e-01
2.939753049393202811e-01 -4.345173835633186488e-01 1.047523978825386504e+00
-5.316407866051436892e-01 -9.282815374028591249e-01 -1.665719594411069759e-01
7.388035911189794192e-01 3.665362902982688964e-01 1.087942159721563939e+00
5.329799139642754646e-02 -1.583653232287783597e-01 2.237972017318086593e+00
1.215351894791913967e+00 9.371329709075179037e-01 1.657361818477440130e+00
1.223937532947868334e+00 -1.461924427814928151e+00 -2.850906971068989382e-01
-5.375286395047906146e-02 -1.542871902482697122e+00 -5.784772676493494803e-01
-1.072876794801924216e+00 -7.668066181140692494e-01 3.005098224736147405e-01
-6.487901269490404799e-01 -4.828667099736334012e-01 7.639387159878524569e-02
1.260912674329083494e+00 5.354921349525328944e-01 -3.516920065910645876e-01
1.307688971724710048e-01 -2.700365975427345133e-01 3.679737924736214971e-01
-9.046247420712526521e-01 -1.428033546991512415e+00 -4.695681157053178123e-01
1.565121983327587563e+00 9.749729584105875091e-01 5.821270931180199115e-01
-2.804379908015413800e-02 3.821439466577991051e-01 8.593223510782661556e-01
-1.028112744784986710e+00 -4.627426084998698674e-01 1.021122724800513248e+00
1.110970813581016570e+00 -1.046377458903486657e+00 7.589061004088575313e-01
2.909200695969894612e-01 8.191343286054029171e-01 1.254037863839229106e+00
1.232712912263157490e+00 -1.938033078306181101e-01 1.448517608229817677e+00
-5.109173393104109451e-01 1.870389613987511135e+00 1.591599485246233181e+00
-1.101828887864352569e-01 -5.472369076316196956e-01 -1.283251053387365781e+00
1.923419983871098088e-03 4.545387925859562528e-01 -1.733910978549830562e+00
1.204611187150826934e+00 -9.753619454246710285e-01 1.086319056968240826e+00
-5.319252174459423443e-01 8.715161050178186208e-01 2.297916644084456728e+00
2.062353498766965332e-01 -1.083683854824085468e+00 2.918383433553156436e+00
-5.287709785227273640e-01 1.325831019471882088e+00 2.549148508398980661e-01
7.245900455805773244e-02 1.195597260005132334e+00 2.459372185499438146e+00
4.668708433274886827e-01 5.339529122991953924e-01 -4.021805659423324242e-01
-1.848503887411358404e+00 -1.414373477438864990e+00 -1.530574152621854811e+00
-2.817872416034080674e-01 -6.676226828174562297e-03 -5.275140609678634629e-01
4.833054779778100385e-01 -4.854468787547694952e-01 -2.990845467499790300e-01
-2.159559756333944702e-01 5.335032996115319781e-01 -2.140081507106204040e+00
-1.640679184410368308e+00 5.051340363828332736e-01 1.258056663955269272e+00
-3.999185895198617002e-01 -7.648988000030756407e-01 2.008041568563412760e+00
-5.193017259864075585e-01 -1.235906524976654985e+00 -8.993700401187956217e-01
-1.479073477609559539e+00 -6.816069681274841141e-01 2.280451841381086198e-01
-6.120253754274093128e-01 -7.818274741005575290e-01 -2.577334684584219548e+00
-2.836840371610762634e-01 2.768997316987568680e-01 -7.234173854480327459e-02
1.154469062300519794e-01 6.073377626444604882e-01 -1.416962147471658051e+00
-7.295773333001974725e-01 -9.415893039320268887e-01 1.082893520121899211e+00
4.068680300649807902e-01 -1.731530551120980421e+00 1.700398958033366992e-01
-1.176514213742666293e+00 -8.215176444352276786e-01 -1.348449760984269941e-01
3.961963084041897343e-01 -2.557400892865793196e+00 3.882616824494611318e-01
-1.418409383963419756e+00 2.502009973507018370e-01 1.416562496892744383e+00
1.772580182044591668e+00 -5.495902249956883256e-01 6.571767177105584112e-01
-1.873385786400808994e+00 1.245601702499321284e-01 2.638679270474408173e-02
1.359286609331430973e-01 7.625422972330523352e-01 6.620034316642989802e-01
2.917079852273963825e-01 -4.139466767037434103e-01 1.132785158555049687e+00
-3.305846478772483388e-01 1.588076080618583630e+00 9.076293527734138333e-01
1.026490200512323314e+00 1.930679098158020190e+00 -9.495477649915976537e-01
7.635716967612465877e-01 -8.978033296481283676e-01 -7.670435668877270130e-01
-7.776642296974556334e-01 6.865228213664242851e-02 1.755612531306017521e-01
1.899799284998627602e+00 8.259105639745925043e-01 -1.639889205594788901e+00
-1.250282013864546071e+00 -4.347371635144285373e-01 1.578799510587816757e+00
1.790068362051878692e+00 -5.631767875168266491e-01 -1.865621550911308990e+00
1.840699356309048462e-01 1.909277277571624215e-02 9.800626157711142539e-02
1.034344787085174217e-01 1.434169990741908096e-01 -1.050318358690936593e+00
-2.945700133362402218e-01 1.696898915246327633e-01 9.963688791278511037e-01
1.204808680531820997e+00 -5.388498254225604356e-02 -1.108436213961007777e+00
-3.654589838664086265e-01 -3.741528850524665772e-01 5.747731793147324852e-01
-1.043259558294665101e+00 -6.511110174458497601e-01 -6.053412899795522772e-01
-9.725410980460058585e-01 -1.999653063429437161e+00 7.631410555047812849e-01
1.163945931357034391e+00 2.020428712742470712e+00 2.273574200422815217e+00
4.819255758410880830e-01 8.564794556184798791e-02 1.800399250611600444e+00
3.064760101200756370e-01 -7.084161245095824677e-01 9.955834328930019961e-01
-3.615012793801019586e-01 -1.196305328723493017e-01 6.386244560615430554e-01
-5.590718084592772863e-01 2.866227134036291452e-02 1.043922427160130839e+00
-6.891055090080956402e-01 1.161530870836053470e-01 -8.057521159726057647e-01
1.599430382177698465e-02 -1.101319141511696437e-01 4.526025833719155012e-02
-1.083557960301671175e+00 5.653185471519117655e-01 -3.719791921706900872e-01
4.566336971819933144e-01 -3.864100647123364096e-01 -3.099859902558553260e-01
1.176927107842801634e+00 -7.638743796317365442e-01 -2.321352164110751737e+00
7.746227619287029409e-01 4.640962872676241413e-01 9.269772116503748327e-01
7.731604172255923668e-01 2.837820370746762411e+00 3.159773948812142907e-01
-5.857516554059346570e-01 1.169288070972712423e-01 3.294501049489740874e-01
6.625883597395305635e-01 7.334517428657308935e-01 -2.474088991961082840e-01
-1.454185274020223684e+00 9.889193819306398847e-01 7.082339641909520811e-01
2.931597191189174237e-02 2.372951332342009945e+00 1.184944163881672896e+00
-4.947507667738813564e-01 -4.110664126630894644e-01 -1.891174099226414218e-01
1.359400426286318631e+00 6.926882081535286062e-01 -1.011159967457527342e+00
4.270057900965084641e-01 2.273750193132844100e+00 7.728164172755973282e-02
2.706822010371937814e+00 1.416383237170869336e+00 -4.455570496136623815e-01
6.610503300167812624e-01 5.739309264772004537e-01 4.185132019290016547e-01
-5.114232701041552254e-01 -2.116637413979136184e+00 1.007583256460916843e+00
-4.790239485110150963e-01 -1.031596252133353403e-01 -2.666090052338464300e+00
7.588743225979169837e-01 -1.507322541979386976e+00 5.135853919807378126e-02
1.539659350128140709e-02 1.538405207635698435e+00 1.662869051312200863e+00
-2.630929841983204245e-02 1.408742639523304085e-01 3.778264518489165558e-01
-1.341535172474752069e-01 -1.332778591186613459e+00 -1.058513920932337093e+00
5.928723982253958358e-01 1.715773488220510012e-01 -4.865422110919933596e-01
-1.913368188187639873e+00 1.608592241727789363e+00 -1.920826771515762865e-01
2.686747560825922254e-01 -1.502416361265974665e+00 4.177707975935708862e-01
-1.130808273264537339e-01 -1.870416772266312089e+00 2.394187338023413325e+00
-1.438884241432505373e+00 1.563890580349667880e+00 4.750095081089817373e-01
-6.964705565296881451e-01 -1.004813087335307609e+00 1.224953155863360621e+00
2.381294753760596183e+00 -8.527367469950795087e-01 -6.628035528903972740e-01
1.655704442492658968e-01 2.843458057261837313e-01 2.523136055237542030e-01
1.090540701202740159e+00 3.532277585606544701e-01 -1.262382133614515345e+00
-4.973486517096070703e-01 -2.366025655419053686e-01 1.550469956286928630e+00
-2.355723053518851806e+00 1.091704708421281644e+00 -2.059517317339225051e-01
1.113014483739496602e-01 1.878324047179957157e+00 1.305381947677670906e+00
4.107007627431421559e-01 3.313300639767913780e-01 -2.444763547323749453e+00
5.125315807017010589e-02 -1.423006633418912870e-01 1.777904868860575305e-01
4.543911810011920238e-01 -6.999125684453164631e-01 2.403626870880623823e-01
-1.945619556247597304e+00 -4.293913650197227483e-01 4.415852984557489536e-01
1.262669066460198275e+00 5.218911581720369064e-01 3.124011806460894602e-01
-5.785209074692571063e-02 8.020434006121249237e-02 -3.934008966844871336e-01
8.257450658787343079e-01 -4.054594108818446729e-01 3.106966086489504342e-01
-1.175962139125523276e+00 -4.395500244181638760e-01 6.370030285444335805e-01
9.895342770081564376e-01 7.179378719007238896e-01 -8.352387738523072702e-01
8.708469040678814554e-01 1.222575843031928233e+00 -5.147334786052701894e-01
8.440277693339415244e-01 -5.100547643052449898e-01 -9.777167597163098633e-02
-5.879407645197294308e-01 -7.797226838117790604e-02 -4.372870113667041703e-01
1.451865831940919449e+00 7.485070703582803464e-01 -8.387575929975881195e-01
4.418457230886040782e-02 -1.594302991749533494e+00 -8.633200928329125556e-01
1.311925309100727896e-02 8.671746216623492653e-01 -3.926707334669229943e-01
-1.300803566840247782e+00 -1.139351529504325056e+00 -5.793809748788925074e-01
3.041882051409921406e+00 5.908646526167777441e-02 -7.589311733461373555e-01
5.170859471576352284e-01 2.786365337232719064e-01 -1.298075407913070523e+00
-1.146161714692074840e+00 1.169729317335483465e+00 2.059480417007676645e-01
1.470302212684698073e+00 3.329249337084259630e-01 -1.220146322677650108e+00
-5.517300050061185041e-02 -9.714328260569775608e-01 -1.055911137473693806e+00
-8.034188608361891859e-01 3.590703747924661737e-02 2.977178513167537677e-01
5.219749952284851169e-01 -8.761589280446477890e-01 -1.995876240943761371e+00
1.793553638957618324e+00 -4.741464902726028052e-01 1.424323839581727258e+00
1.711844496889511624e-01 -6.702284745576747582e-01 7.165591694766343389e-01
2.144204993769234235e-01 1.695786600937413846e+00 -1.161844202103331281e+00
-2.497144970637626415e-01 1.346302458991917028e-01 -4.887313549381817057e-01
-1.348514919615179108e+00 -2.270895459324780985e-01 -5.591033826605817936e-01
8.745179610858060115e-02 1.792925436480280244e+00 -4.760377581711767725e-01
2.931104577573084846e-01 -1.812925240811288585e+00 1.061634176970921960e-03
-1.085956042683344780e-01 3.623480303617829801e-01 -7.223512678600909698e-04
8.862384295433484160e-01 -4.757283121631188938e-01 -1.377064210030187308e+00
1.317266835447640672e+00 1.049361881724626189e+00 2.165290727386397496e+00
-5.400879028848458718e-01 9.778228288092336018e-02 1.215450025772397691e+00
1.250736353452639005e+00 -2.545893032456279514e-01 -1.524191863799148283e+00
5.604673593755794825e-02 -3.430011122210978591e-01 1.773989985744614195e+00
2.131984636809716380e-02 -1.289765250403049679e+00 -3.443176597980211473e-01
5.132042337347163530e-01 -1.271347664678329270e+00 -4.784271281420882094e-01
1.644453941091037041e+00 -5.379866672265569694e-01 4.451427993648947590e-01
-4.378988448291235014e-01 -4.866803750829492570e-01 -7.268311189427594243e-01
-2.331199438870469598e-01 1.704548907456663986e+00 -2.179516308130531044e-01
9.494359804845597939e-01 9.923603212017317876e-01 -1.511877602820510313e+00
9.145041422180455459e-01 5.956572234900403551e-01 -1.132223445949954943e+00
-2.870323109638471260e-01 -5.003349528361897836e-01 1.672089976686969903e+00
-5.017777278804812502e-01 -2.896865013096764363e-01 -6.592665214636362903e-01
3.316532461696349299e-01 6.647398419930684865e-02 -8.181764404869027452e-01
-1.743002884304598321e-01 1.565708737177550214e+00 1.091365865138853142e+00
-9.961114144801685999e-01 -5.945491705423657791e-01 1.802267982901973875e-01
4.549456915619197184e-01 2.583270685608756723e-01 -1.486502352471531507e-01
-5.503125333964058452e-01 1.405837853002330773e+00 6.861696034923424614e-01
3.175525114666641335e-01 -1.088919672278024331e+00 6.501744861722846824e-01
-1.497234634682107490e+00 -2.143606691016852750e+00 -5.465427124309234497e-01
-3.383961200751207654e-01 -1.860801461758564423e+00 -3.425046862434797390e-01
2.184488030422219174e-01 -8.394037658136122015e-03 -1.927521673801415036e-01
-2.767879565044653600e-01 -7.354138281150114365e-01 5.753661060619873480e-01
-8.175698210387396525e-01 2.079118688056419972e-01 -4.539919508613381449e-01
1.839352184247752708e+00 4.320929520012998237e-01 1.097740986790584516e+00
-8.526126630961721187e-01 9.052848246199851623e-01 -1.295596406167712544e+00
-9.064751603701970417e-01 7.053244004571133929e-02 -5.039983114095090144e-01
-1.892390984164055823e+00 -8.499699942922634976e-01 6.542429012949594336e-01
-6.158842233857505510e-01 -1.023808963210542267e+00 5.471152140182201640e-01
-3.537746486218152908e-01 8.101681853965407853e-01 -7.517686439193493886e-01
2.992413825766519486e-01 5.527041116039801416e-01 -3.544039214368642221e-01
-1.889836418447435440e+00 -1.887102431768023503e-01 -1.578851944622778225e+00
-5.910278958668724325e-01 1.319676162586300272e+00 8.739166295716247479e-01
9.152402640023825642e-01 -2.639771772137559647e-01 -3.523034756258112132e-01
-6.586167714499391312e-01 6.866653850742401310e-01 -3.104725756939836767e-01
-2.155395965147349546e+00 1.783061622351693076e+00 -1.002389637211800327e-01
5.668528559464112160e-01 -2.130759352763959669e+00 -2.412210383633192068e-01
-2.139238210178937838e-01 -9.820003376309107690e-01 8.432325244504841333e-01
3.504296528125106502e-01 -7.825437655521666480e-01 -6.097452045768270157e-01
-2.019387571184414032e+00 -5.201121114486166874e-01 6.836662942695076461e-02
9.610691447104136031e-01 5.084265959576256266e-01 -1.118419893713291424e+00
8.457464205301354898e-01 1.265687988770693773e+00 -5.660440060254230410e-01
-1.087239728418558204e+00 4.448456540493392897e-01 3.710778257814579817e-01
-1.432382491324846185e+00 -9.877227304195253244e-02 -5.847909022359328857e-01
6.920720809120370354e-02 -9.126012762728548389e-02 6.839154048774138683e-01
-5.518602446750147106e-01 1.363236119349183317e+00 -4.750326514339993644e-01
2.077626770353828256e+00 9.807021957245223298e-01 -7.301792304389858046e-01
-1.654173014548264153e-01 -1.327342870895363569e-01 -1.624281785815040458e+00
4.128200008991490116e-02 -7.411852441258638402e-01 -9.963541783596168155e-01
1.728751219099333714e-01 8.365655446915170046e-01 1.046568798444066362e+00
-8.429585110115416224e-01 1.303141371188113740e-01 1.441228910649069439e-01
-6.411924846524575949e-01 1.069769812023516342e-01 3.833105858671716493e-01
-5.889810734207425735e-01 5.645872014029557073e-01 1.552663248860377578e-02
-4.890575217414416809e-01 2.144987619172980253e-01 1.511747476505965304e+00
1.707683646387746723e+00 1.016336194614411825e+00 5.223380872180464207e-01
-3.992223630448061833e-01 4.043791223004759017e-01 -1.093728801128544426e+00
-1.582308860462239508e+00 5.441048494866805862e-01 2.987532182312488405e-01
8.188805578918214589e-01 -1.206427258147042825e-01 -3.612891093079583782e-01
-9.779170195681542721e-02 6.848261015450903821e-01 -1.555243195474802220e-01
-3.294570248032176796e+00 8.604290220290989888e-01 2.797071914879720091e-03
3.764021862773671567e-01 1.563100138736902345e+00 -1.919248390492803158e-01
-4.067478277486143989e-01 -6.435003100020602052e-01 1.735582225907566833e+00
-9.652820621571991944e-02 -1.300571410283434481e+00 1.017630555700820061e+00
-1.075653623312855384e-01 1.293283625950278237e+00 1.305177959854577407e+00
-2.441054329625443053e-01 -9.348627355640936054e-01 -1.471679151383742910e-02
-5.719330934703586999e-01 1.249245638498634459e-01 -1.037420995110177602e+00
-4.650929475816187320e-01 -5.299888529699241513e-01 -8.770501807905269898e-01
-9.542704684910051638e-01 -1.074472533032272414e+00 -4.586760214253325363e-01
4.850265245244513856e-01 8.276260551577376834e-01 9.002152355375572235e-01
2.933754084107607629e-01 -1.215613892130900986e+00 -1.006972494393563178e+00
4.344659849591469003e-01 5.737471486196474985e-02 -1.733085979620495820e+00
-1.613497418972217323e-01 5.594820793393432551e-02 1.514504706649459465e+00
2.645040582074155155e-01 -1.828879493020256763e+00 1.538350660630504851e+00
1.411906612157402208e+00 -6.051013421075127630e-01 -1.257953746498254310e-01
8.774325180511519662e-01 -1.178961617569419307e+00 8.923645882794538631e-01
2.392905365467127426e-02 3.531684969396789997e-01 1.432151681231673912e+00
4.040814837600064102e-01 6.774178695534062156e-01 1.758810474115107825e+00
-3.960090428310622523e-01 -1.313472239805316466e+00 8.704381365702243967e-01
2.218565030694831464e+00 5.530422556749824414e-01 1.212504892018486241e-01
-1.336404573633435566e+00 -2.112376046660874085e+00 -8.468871225308058914e-01
-2.273468849007260484e-01 -6.026574590821031085e-01 -8.126991232786916208e-02
-3.524528606499356398e-01 -3.823149874188440656e-01 -1.539494292530158681e+00
1.143178952592995845e+00 -1.193318812134514184e+00 1.007799924208487630e+00
1.744953925312761944e+00 -1.175473359123657691e+00 1.676024976219522511e+00
5.595299068737747961e-01 3.143473474517345378e-01 -1.868630223556783321e+00
-1.050327400156004565e+00 5.766611515864551452e-01 -7.126740046814666885e-01
1.903202628117225848e+00 -1.806232750485558647e+00 2.037883425907979218e-01
-1.086650662128631373e+00 -2.749875705989502372e-01 5.988447673185598452e-01
8.276709435994888953e-01 1.322654064599599444e+00 -3.434457905188388338e-01
1.174320524333035465e+00 -1.869741678957820841e-01 -3.100076756432186276e-01
2.705029106999348176e-01 9.566100606006655571e-01 7.313867645573653986e-01
-9.352934052524704001e-01 2.041126500038541458e+00 7.550000247576391654e-01
9.835821179389273583e-01 -1.377155050577830997e-01 9.408639254822601661e-01
5.195361059140793936e-01 8.733522606249526365e-01 -1.230038627445978250e+00
1.399822398234922716e+00 9.038093071608279683e-01 -6.574500283650429600e-01
-7.485459002268132211e-01 2.567356763367958372e-01 1.333949577861686553e+00
-3.882297945088756252e-01 -8.100025247875189960e-01 5.400698647337647262e-01
-6.046381804686554728e-01 1.099134430216108571e+00 -2.400442483270772698e-01
3.544902603880534936e-02 8.174918099308623454e-01 2.248223551030297807e-01
5.763150822094145198e-01 -4.773808564366367052e-02 -4.339246858494813508e-01
5.028698468969916568e-01 -7.934943236629041774e-01 2.358573597572914959e+00
-1.405720492875854877e-01 4.261586600884095799e-01 -1.255119622447081307e+00
3.668066419950223311e-01 2.309760867710980436e-01 -1.206076157204198251e+00
1.159885699525792235e-01 4.558434160805804880e-02 -1.782182830803999529e+00
-4.663750500107870511e-01 -1.591791284354990010e-01 6.879790306612718620e-01
-2.414935678421127052e-01 2.913549186996421958e-01 -5.503267175624588781e-01
2.032850447405406324e+00 2.359820869832825185e-01 -5.864711269910555247e-01
8.597787428062149129e-01 -2.290877073181815313e-02 -5.917187764597224842e-01
1.533747633339556771e+00 -2.551555665008792939e+00 3.624299502979570486e-01
3.919040092641873918e-01 -8.676284937844980227e-01 6.918665650548541102e-01
3.075930866567061495e-01 -4.651097084596730324e-01 5.823775816292556806e-01
7.429236221303620047e-01 6.076797188242322179e-01 -9.228904851934861542e-01
3.071341931375810019e-01 7.845822112600464582e-01 -1.420450437189815895e+00
2.492053878674189288e-02 1.113293571203451737e+00 -7.621773364658229744e-02
-3.451836001622597405e-01 7.952823433745259685e-01 8.048950252818443118e-02
1.615963513253928507e+00 3.993823118548509021e-01 -2.445307810809436155e+00
3.402274079208685298e-01 1.081660279517754564e+00 -8.216821229414934535e-01
-1.745364503509640730e-01 -2.682847445877868942e-01 -6.639621993141376910e-01
-1.090871917690835025e+00 -1.831994362186435965e-01 1.274130849667965137e-01
3.908486097601557296e-01 -6.190010530780556408e-01 5.314941684348343243e-01
2.478532070261751652e-01 -2.194808138358574912e+00 1.020798146276101326e+00
-1.423969575491643269e+00 -1.833340687768756361e+00 -1.488601800055789903e+00
4.659141011069082294e-01 2.791277724267135496e-01 4.518855654069952599e-01
7.592345524035239990e-01 3.309583690691343394e-01 -7.735485291650329165e-01
-1.633864103111956068e+00 -4.441954846793089717e-01 -2.682663498424983084e-01
4.678450164216870627e-02 2.984511882789227244e-02 2.476883563282757383e-01
2.024752022631663984e-01 1.735851570332517912e+00 1.500871758249130439e+00
3.788826668513097795e-01 6.813756521349261241e-01 5.924648529218177195e-01
1.045477073857982608e+00 -1.920503275727827308e-01 -3.556356340195523380e-01
-8.858571156673959723e-02 6.771330150113274993e-01 -6.225351368067043589e-01
2.435287082861603836e-01 -7.675591386181587206e-01 -2.644217203428465557e-01
-3.598924568358299880e-01 8.750680158229995342e-01 1.584947381522556098e+00
9.777876499643996244e-02 -1.746697761387606906e+00 8.252865562065311300e-01
-1.152951534906982323e+00 7.203371189061469337e-01 1.692912677058262760e+00
-2.025490663953355697e-01 5.009305695497282551e-01 5.129488217653056514e-01
2.932037078146703113e-01 -6.665828430684359041e-02 -1.850163691852521053e+00
2.123500888069957404e-01 -1.221824381540557170e+00 -1.483806162860183298e+00
1.507192074994416320e+00 8.882379163618310536e-02 -1.361198274838136602e+00
2.869496907310467582e-01 -2.138506014768425612e+00 1.484100084813352982e+00
1.804386980713762911e+00 -2.388063961760452658e-01 -3.811874531118922826e-01
5.246162796851296939e-01 -1.126169338246190588e+00 1.433453775509852202e+00
9.289997169185747472e-01 -5.995618095515306001e-01 1.541056858773153015e+00
-6.214729630341492284e-01 1.703556718450169427e+00 5.700645329132200123e-01
9.379508000182906757e-01 -2.162466715354796509e+00 6.925315350975752571e-01
-1.766875262034562466e+00 1.309904663306009853e+00 -3.090869284549614959e-01
-1.167740222568430575e+00 1.702017278129493993e-01 -1.898320568185806634e+00
-9.432484576330328607e-03 5.525872439108705514e-01 9.069989633489948799e-01
