-1.626136569283234967e-01 -2.665819693772276455e+00 3.071310879197486909e-01
-2.305533014864334374e-01 1.506793544238332005e+00 2.113312910695885061e-01
-3.935052655045961356e-01 3.915352407360897513e-01 4.254964564122369619e-02
-3.119957983306440724e-02 -9.428251673955928558e-01 -1.025023774794311837e+00
-1.242507426425349726e+00 -1.785427049767018826e+00 9.961911736816529972e-01
-9.123944451444303549e-01 -1.362756027134246262e+00 1.416746863830361969e+00
7.569758939615820470e-01 2.620872433637209564e+00 -3.570728977958886191e-02
4.086695726232909553e-01 -5.955426303707910263e-01 -9.663685972302017424e-01
3.022097349291306134e-01 2.208859863803816492e-02 5.042546905742303354e-01
-2.332469110028781781e-02 7.198272730893064963e-01 1.178560857311393706e+00
-3.566820547695693788e-01 -1.662943145288156233e+00 -3.164293234099172514e-01
1.522438405355184488e+00 4.998555168891508083e-01 -2.895575369425862911e-01
5.143472573695971883e-01 -1.323621892706190462e+00 1.464814772163906431e+00
5.021708260376929189e-01 4.494366811888690916e-01 7.402302109517138184e-01
-5.652427315758135062e-01 -3.114619384394775592e-01 1.001244105625860303e-01
-7.020367703764858192e-01 1.801921479709917451e+00 1.202288180799697903e+00
-9.790516511593971849e-01 -2.211227525161861607e+00 1.484922642841991713e+00
6.102164148411532985e-01 7.326647352554434278e-02 -1.590124938112689401e+00
9.707409565625284564e-01 -9.486272068800783996e-01 -1.534722441622110134e+00
-5.069624532366820979e-01 3.869594159129131072e-01 1.916924476590967652e+00
7.428486535892566689e-01 -5.965317668849315913e-01 -1.592958442806158281e+00
1.575532505591447363e-01 -8.257193650136582797e-01 -4.528633221789530872e-01
6.353713537194433103e-01 -1.775498573596575147e+00 2.521074368328922177e-01
-6.910091280806297531e-01 -2.323694954587320616e-01 1.326763781655071028e+00
1.207722854791700495e+00 -5.851058391249418511e-01 8.961411424700626016e-01
1.088949887731048616e+00 1.161149495409546234e-01 1.342694194320575685e+00
-1.427188020448988404e+00 -2.707603696441368557e-01 4.397438737144739873e-01
9.263511864293435746e-03 -6.543065908126733943e-01 7.950972521000118642e-02
-1.670248269629619253e+00 -4.801807330190402401e-01 -1.111023410732270511e+00
-1.015068880981143451e+00 1.246801757405321842e+00 1.155554937372421875e+00
-6.800218332741925220e-01 -5.514603426404161013e-01 -2.869616983223317042e-01
-1.885480543348730720e+00 -2.397390775479336100e-01 1.346560684786905826e+00
-1.501943585309548634e-01 -2.764503585809650610e-01 1.318395129978316760e+00
2.341125666686199036e+00 -1.136197335251030838e+00 1.090279696520427999e+00
-8.666444931394924611e-02 -3.743599855925485720e-01 -2.843151129658917919e-01
-2.526383164056046349e-01 7.646894325599099540e-01 5.968456379278443968e-01
-7.961194357393029664e-02 -1.237405136674110118e+00 -5.243488243798717363e-01
-1.008305951590647398e+00 -6.546384004137110191e-01 5.353533456214646519e-02
-5.200190748757813619e-01 -5.535935254657733395e-01 2.754338593291012938e+00
-7.292774530270047517e-01 -5.660749115614256421e-01 -8.113238024012740801e-02
2.632219659085799912e-01 -1.675399374619289894e+00 -3.188759332165827520e-01
6.417732289163418091e-01 1.987550612870857547e-01 -1.293654123290527869e+00
-1.746612977539832023e+00 -2.653628868666745078e+00 -1.249167632414835416e-01
7.770717691792892179e-01 1.744709002035117473e+00 8.417808123347016169e-02
1.371563752566374583e-01 -4.942907274386277861e-01 1.154581837808801081e+00
-4.704702773211276723e-01 1.252320658833717903e+00 1.676245681073292026e-01
-2.767093862860062758e-01 -5.514820007507794664e-01 -1.230121979966190437e+00
-1.208495926998275127e+00 -1.014924662255264565e+00 6.005617880336183712e-01
-9.480936847700385250e-01 -3.572445958291887713e-01 6.059660881231919705e-01
-1.589088431866841233e+00 1.235729971285007167e+00 1.172305015202118605e+00
-3.298045347762929014e-01 8.280780166240409024e-02 -1.605451664475441520e+00
-1.632365738705506553e-01 1.036935897422375019e+00 8.719742528860781050e-01
3.029984809997197659e-01 -1.462777991023535451e+00 -6.081043979250781994e-01
-9.287826295971164381e-01 -6.031346504854451229e-01 -1.956774286227086490e+00
5.748550204787999940e-01 -1.783146912013729324e+00 -4.171358597927915524e-01
1.287153669197286687e+00 1.893887233680958904e+00 -1.241219284870365980e-01
1.669502136908922241e+00 8.286449539609858084e-02 -5.812158320801655842e-01
1.547344721638602705e-01 9.410811206821093622e-01 -5.512175349672830960e-01
3.566087072127471780e-01 -6.598300653518587300e-01 2.015050650259260848e-02
-4.497023223238753586e-01 5.350123021603755413e-01 -3.965959117440513437e-01
-5.953286889116403691e-01 -1.304528590063680216e-01 -8.694463224254762590e-01
1.215908653178338072e+00 5.358916308984336130e-01 -1.761759562141846092e-01
-1.032245883389652175e+00 1.131754621284450257e+00 1.479210674251513480e-01
2.253642686718396460e-01 -2.121589786592907312e-01 5.731226166934783040e-01
-8.302813854238331182e-01 9.155791932930585908e-01 -4.852495930001759494e-01
-8.409315723504418028e-01 -7.989040985207936096e-02 -8.181972890853016211e-02
-3.840233122995544424e-01 1.675475313651360709e+00 1.163706394625667384e+00
9.292674111160013073e-01 2.287988613371322533e+00 -8.442719163943513960e-01
-3.775947125260352144e-01 1.070834076947671104e-01 5.717740153937413972e-01
-1.745780677645612511e-01 -5.836927458020235715e-01 1.084976910802400857e-01
-4.139160163125932823e-01 -1.612632711377161646e-02 -1.006890047945723898e+00
1.441078699664990026e+00 -1.010842487275799506e+00 3.673349366382175907e-01
-2.672722260502285452e-01 -2.431098903902582375e-01 -9.501976171298229801e-01
-7.977649405027159579e-02 -1.065254846600600935e-01 3.246574372623741572e-02
5.163459440344414508e-01 -1.697138508998965012e+00 -2.115608727557371227e-01
1.295327592531679839e-01 9.004458451919609141e-01 1.946074868787434742e+00
-1.362988906126410882e+00 3.250201716005620134e-01 -5.840684806017518715e-01
1.153094251226865485e-01 -9.117652705453137552e-01 8.658108739592520475e-01
-1.521125583961137950e+00 8.792643981914607387e-01 -2.495981692960838327e-01
-2.952808155754041430e-01 1.087817569020581354e+00 -7.452899871901109696e-01
1.140244048342981431e+00 4.571991080711938493e-01 -1.830308345822090788e+00
5.515583595308842790e-01 -1.198176665943363028e+00 5.845633922721442666e-01
-8.977663287721111551e-01 -4.424352247626494039e-01 1.921812489594027507e-01
-5.718347399792107766e-02 9.139136990609005862e-01 3.922930856195554483e-01
-6.816788943967987402e-01 -1.514785811623989009e-01 -5.243708798478180499e-01
-9.484207597225486897e-01 3.478052922309819439e-01 -6.787114152466128258e-01
6.116245176110456372e-01 7.971981425350497252e-01 -3.783550509966663866e-01
8.106820914595076477e-01 -2.456089043168272923e+00 6.606150709559945877e-01
-1.951624662642847063e+00 2.723079349193594512e-01 -1.150233009273886831e+00
-5.829619035277269212e-01 -1.987387400693341633e+00 -6.398450721374443484e-01
-1.833953778804451096e+00 7.532744974556884188e-01 -1.839490088048565619e+00
-3.717461493276404960e-01 -5.765703158045261123e-01 7.023299099956805680e-01
-9.537929525423365362e-01 5.265492758398039319e-01 -1.326521950554043316e+00
-1.046464317412462838e-04 1.816618813654386821e+00 1.718039543382362089e+00
1.056841979143366972e+00 7.067189719000398496e-01 1.862847743377127330e+00
-1.395137217542733898e+00 -7.217573860114151474e-01 -9.696553629704716126e-01
5.891097993483169343e-02 -1.745650740652533450e+00 -1.165791730665276305e+00
8.247199888193004758e-02 -6.140162267202922131e-01 -5.830886579007990012e-01
-7.250794733976722029e-01 4.327376196421546251e-01 -1.071971177311401568e+00
-9.201110398363281373e-01 6.062438588739972323e-01 -7.372464447797470732e-02
5.675586836171683247e-01 -5.819113493331303788e-01 -1.474780903249010011e+00
-6.848002441091273484e-02 4.563885651235803365e-01 -2.057486743525725748e-01
1.895170144806270329e+00 -3.173385566801422697e-01 8.518338211319953501e-01
-1.118053151768310549e+00 1.102763716959247686e+00 -9.151884835086799841e-01
-1.245210100810160148e+00 -1.239127260170117317e+00 -1.134182053572239779e+00
-1.362486219702383483e+00 5.006632484473972911e-01 -1.265023829624778218e+00
-2.777151034528166917e-01 -4.977172259272312216e-01 6.083423777957328582e-01
-1.905392312576129177e+00 3.908907451951487005e-02 -1.165094411110736194e+00
-4.106372834866143834e-04 1.631484145071569580e+00 3.371701014658587403e-01
6.411370482956323391e-01 -1.980202294789055184e-01 1.690035506929574938e+00
-9.349767191543812972e-01 4.766126960524153522e-01 1.067462665974715785e-01
-8.293922806825554384e-01 2.236358217750687771e+00 -9.631911838974377416e-01
-1.807664185674166257e-01 -9.317578613058594139e-02 2.897701084400384985e+00
-5.659315730598709626e-01 4.228085823434776236e-01 1.543260872726057054e+00
1.690969209149421337e-01 2.200927940018010676e-01 2.562212035585618719e-01
-1.400412430426756227e+00 1.356347910364317511e-01 3.587174780555036913e-01
7.419244728191661808e-01 -7.054307963191515096e-01 -5.291326934915118185e-01
1.661254344276126060e+00 -1.172763559222738783e+00 -6.963432533256281864e-01
6.318294603023964784e-02 1.005034888979762453e+00 -1.882191091844715780e+00
-7.497751272327604632e-02 -4.525766809215369529e-02 1.409729078732415264e+00
-1.284686311946438286e-01 2.005247446839225622e-01 -1.376325565362217507e+00
-1.342753867485384223e-01 3.824971182715685702e-01 1.020713164914832216e+00
-3.758962707751173360e-01 3.477147894896951974e-01 -9.914799686405219026e-01
-5.497487558729272639e-01 -1.940798126397151657e+00 -1.755166941497092514e+00
-8.706835745237745394e-01 -1.005936573236763332e+00 -8.163709762312399976e-01
2.085887320368083220e+00 -4.969752503179112324e-01 1.240221032370299792e+00
4.886099031576318641e-01 -9.502526385187467506e-01 2.578603169322827959e+00
-1.990488754869849247e-02 1.137260647232195332e+00 9.315853828694835581e-01
-7.665935328677804528e-02 1.081851965008977956e+00 -1.984334429642428566e+00
8.707513740969267113e-01 3.358332671107617240e-01 -1.684883309857621581e-01
-1.751844633185100308e+00 5.023040394672952935e-01 9.114812471725440846e-01
-1.493708648795922134e+00 -1.255264195533453808e+00 1.945275530060729841e+00
-2.458412912489082447e-01 -2.683595990958054678e+00 -1.247760887899428267e-01
1.199800099179817892e+00 -1.387885917041283168e+00 -1.167538307268595893e-01
-1.075818538765445087e+00 7.659904925531546560e-01 -3.662086158460379770e-01
2.340083671716199465e+00 -9.013765320848685092e-02 6.767646889883769390e-01
-6.937088624545117987e-02 2.391909040447451673e+00 1.664410305626520703e+00
3.614534652952558491e-01 -9.717971014797363027e-01 -1.326021078346282800e-01
2.895473311423971685e-01 1.612711770172630676e-01 -2.245236809468300621e-01
7.356464378933544324e-02 -1.170858034347328713e+00 1.600613040405194587e+00
-2.883984214956015757e-01 7.278551585403976176e-01 1.188261917851739513e+00
-9.213059642017108475e-01 -6.053749824877775465e-01 -7.021513651100321773e-01
6.059033471858270570e-01 3.298334409819250190e-01 1.281250059497229810e+00
-1.065397961386495007e+00 1.870688312343340640e-02 6.285231418202503750e-01
-1.145637716756262359e+00 -1.745729321861043237e+00 6.649584650376981765e-01
6.810905409621312856e-01 2.235935039153038595e+00 -8.679842923067820903e-01
1.106264375616924811e+00 4.438486867654565238e-01 -1.990483752775357440e-01
6.098201708673137711e-01 -1.073678335120286542e+00 6.831655367166515891e-01
-4.334656314441738822e-01 8.528032684054615009e-01 -6.977126235639484475e-02
2.245887393528431364e+00 1.658044479624235068e+00 -9.023727895393265364e-01
-7.799195315761872638e-02 1.600385684106515383e+00 6.466441706291515823e-01
-4.212868816223634509e-03 5.283575169813828909e-01 -1.747649212146423991e+00
1.488486197413231737e+00 6.024558434226682385e-02 6.666292654456715816e-01
1.864700264986597578e+00 9.598871989363263468e-01 -1.156447507249516171e+00
1.283364922338426695e+00 -3.340974378426457281e-01 -5.388923368148997861e-01
8.784179235483434711e-01 -5.656263106347246827e-01 5.796890338968180290e-01
-1.285697763530650795e+00 -1.295660811817865632e+00 -2.699993819404682971e-01
-3.931665356062555294e-02 6.164408730055985774e-01 1.413584924456912528e+00
7.515934237944850160e-01 -1.398849636760920168e-01 2.882727866025361352e-01
-1.630595533367279693e+00 -1.059913068160756450e-01 -9.907299355613641278e-01
-5.459938601896362487e-01 5.262707586425717787e-01 -3.049769420149779295e-02
-1.386816559912889657e+00 -5.505469798358673117e-01 -5.632117983241190506e-01
