1.569291927162110412e+01 -2.536066413776489625e+01 1.720891399396358712e-01
-1.587030068671731975e+01 -2.564099377163727311e+01 4.754395235896260313e-02
1.581735507280718167e+01 2.556651812916841493e+01 7.331934055773391135e-02
-1.561362799913209010e+01 2.542656636000656789e+01 1.662736255549689124e-01
1.623676433016416343e-01 1.560415814507238608e+01 -5.108402259996996975e+01
-1.132498643965341584e-01 -1.565324644537526133e+01 -5.090597915331581902e+01
-5.591238091632288326e-02 1.581256901423281569e+01 5.103090906899888779e+01
2.925180357351117241e-02 -1.577009001595544291e+01 5.103381879081103278e+01
-2.566282604354570296e+01 7.570491140789212259e-02 3.163648795550793125e+01
-2.550540451202679293e+01 -3.181333428927379803e-02 -3.136961217318578221e+01
2.568436006313471154e+01 -7.258068995093712623e-03 3.142758799886467713e+01
2.571575457909590767e+01 -2.703339303051304973e-02 -3.143995100466344539e+01
6.819124130489584434e-02 -3.013656696010006897e+01 -9.065985986490641968e-02
3.257050816875845661e-02 2.997912703043423122e+01 -1.230331416877596673e-01
9.138244877285139012e+00 2.435005645734535662e+01 -3.004444130271450675e+01
-9.239610334033661942e+00 2.435525743373660035e+01 -2.995785256232281668e+01
9.059796401933112975e+00 -2.422722112323590338e+01 -2.989279050131507631e+01
-9.260110968155656153e+00 -2.437223360815346496e+01 -2.985963291563289346e+01
-9.949964663991545111e-02 -4.964011367753837223e-02 -5.999713117066472279e+01
9.366708180673583684e+00 2.427092231429949720e+01 2.992012191067141913e+01
-9.361379129117105791e+00 2.434886063326102601e+01 3.006423657416381445e+01
9.193665872212067214e+00 -2.441468862907001380e+01 2.986765313824091805e+01
-9.283427376586054436e+00 -2.429762777393429118e+01 2.987160544432326859e+01
3.119264591928232536e-02 1.300692449217003650e-03 6.003519615462918324e+01
-2.421461532074764733e+01 -1.496891285490295509e+01 1.863947133421815749e+01
-2.420175780548819588e+01 1.503194954805951156e+01 1.850623858460085813e+01
-1.497088465667916957e+01 9.262486913397161459e+00 4.875890842260884739e+01
-1.497042741739803873e+01 -9.280379612903923103e+00 4.839987459984534723e+01
-2.412229163415855382e+01 -1.506318446110079279e+01 -1.848075954373103613e+01
-2.417390425357328354e+01 1.509015601761969094e+01 -1.850867256751431000e+01
-1.501637939102913499e+01 9.310523235118671082e+00 -4.855172571961288952e+01
-1.520459845609823724e+01 -9.333744246237767328e+00 -4.856771826889296761e+01
-2.994237814460009517e+01 -5.090782335598419833e-02 7.554031250646003892e-02
2.421821572815412438e+01 -1.517252823465036649e+01 1.869926939248616193e+01
2.426575138563165623e+01 1.499667595260702058e+01 1.848189580498198126e+01
1.483483286337191132e+01 9.198739896097418267e+00 4.858372126785841516e+01
1.517360073408936039e+01 -9.149156222289938967e+00 4.867909623458256618e+01
2.432489719421245411e+01 -1.499510493960475266e+01 -1.864258595478798242e+01
2.419348593163736894e+01 1.501948664297687941e+01 -1.859696342150125403e+01
1.484960103359032146e+01 9.162895355091070115e+00 -4.841129005075656977e+01
1.498992765690551288e+01 -9.293237323879763423e+00 -4.848774631703383875e+01
2.999353624626064274e+01 9.228659087536891792e-02 1.353784105158316493e-02
