1.577193336357400710e+01 -2.551952425056119722e+01 0.000000000000000000e+00
-1.577193336357400710e+01 -2.551952425056119722e+01 0.000000000000000000e+00
1.577193336357400710e+01 2.551952425056119722e+01 0.000000000000000000e+00
-1.577193336357400710e+01 2.551952425056119722e+01 0.000000000000000000e+00
0.000000000000000000e+00 1.577193336357400710e+01 -5.103904850112238734e+01
0.000000000000000000e+00 -1.577193336357400710e+01 -5.103904850112238734e+01
0.000000000000000000e+00 1.577193336357400710e+01 5.103904850112238734e+01
0.000000000000000000e+00 -1.577193336357400710e+01 5.103904850112238734e+01
-2.551952425056119722e+01 0.000000000000000000e+00 3.154386672714801421e+01
-2.551952425056119722e+01 0.000000000000000000e+00 -3.154386672714801421e+01
2.551952425056119722e+01 0.000000000000000000e+00 3.154386672714801421e+01
2.551952425056119722e+01 0.000000000000000000e+00 -3.154386672714801421e+01
0.000000000000000000e+00 -3.000000000000000000e+01 0.000000000000000000e+00
0.000000000000000000e+00 3.000000000000000000e+01 0.000000000000000000e+00
9.270509831248421762e+00 2.427050983124842176e+01 -3.000000000000000000e+01
-9.270509831248421762e+00 2.427050983124842176e+01 -3.000000000000000000e+01
9.270509831248421762e+00 -2.427050983124842176e+01 -3.000000000000000000e+01
-9.270509831248421762e+00 -2.427050983124842176e+01 -3.000000000000000000e+01
0.000000000000000000e+00 0.000000000000000000e+00 -6.000000000000000000e+01
9.270509831248421762e+00 2.427050983124842176e+01 3.000000000000000000e+01
-9.270509831248421762e+00 2.427050983124842176e+01 3.000000000000000000e+01
9.270509831248421762e+00 -2.427050983124842176e+01 3.000000000000000000e+01
-9.270509831248421762e+00 -2.427050983124842176e+01 3.000000000000000000e+01
0.000000000000000000e+00 0.000000000000000000e+00 6.000000000000000000e+01
-2.427050983124842176e+01 -1.500000000000000178e+01 1.854101966249684352e+01
-2.427050983124842176e+01 1.500000000000000178e+01 1.854101966249684352e+01
-1.500000000000000178e+01 9.270509831248421762e+00 4.854101966249685063e+01
-1.500000000000000178e+01 -9.270509831248421762e+00 4.854101966249685063e+01
-2.427050983124842176e+01 -1.500000000000000178e+01 -1.854101966249684352e+01
-2.427050983124842176e+01 1.500000000000000178e+01 -1.854101966249684352e+01
-1.500000000000000178e+01 9.270509831248421762e+00 -4.854101966249685063e+01
-1.500000000000000178e+01 -9.270509831248421762e+00 -4.854101966249685063e+01
-3.000000000000000000e+01 0.000000000000000000e+00 0.000000000000000000e+00
2.427050983124842176e+01 -1.500000000000000178e+01 1.854101966249684352e+01
2.427050983124842176e+01 1.500000000000000178e+01 1.854101966249684352e+01
1.500000000000000178e+01 9.270509831248421762e+00 4.854101966249685063e+01
1.500000000000000178e+01 -9.270509831248421762e+00 4.854101966249685063e+01
2.427050983124842176e+01 -1.500000000000000178e+01 -1.854101966249684352e+01
2.427050983124842176e+01 1.500000000000000178e+01 -1.854101966249684352e+01
1.500000000000000178e+01 9.270509831248421762e+00 -4.854101966249685063e+01
1.500000000000000178e+01 -9.270509831248421762e+00 -4.854101966249685063e+01
3.000000000000000000e+01 0.000000000000000000e+00 0.000000000000000000e+00
8.197995867380152291e+00 -2.885815073351752602e+01 0.000000000000000000e+00
-8.197995867380152291e+00 -2.885815073351752602e+01 0.000000000000000000e+00
8.197995867380152291e+00 2.885815073351752602e+01 0.000000000000000000e+00
-8.197995867380152291e+00 2.885815073351752602e+01 0.000000000000000000e+00
1.301665693658084422e+01 2.588005441248558469e+01 -1.559351478046526296e+01
4.818661069200692815e+00 2.081341432681347570e+01 -4.212278668656978198e+01
4.873795443493595947e+00 2.853169548885460927e+01 -1.577193336357401243e+01
-1.301665693658084422e+01 2.588005441248558469e+01 -1.559351478046526296e+01
-4.818661069200692815e+00 2.081341432681347570e+01 -4.212278668656978198e+01
-4.873795443493595947e+00 2.853169548885460927e+01 -1.577193336357401243e+01
0.000000000000000000e+00 2.551952425056119722e+01 -3.154386672714802131e+01
1.301665693658084422e+01 -2.588005441248558469e+01 -1.559351478046526296e+01
4.818661069200692815e+00 -2.081341432681347570e+01 -4.212278668656978198e+01
4.873795443493595947e+00 -2.853169548885460927e+01 -1.577193336357401243e+01
-1.301665693658084422e+01 -2.588005441248558469e+01 -1.559351478046526296e+01
-4.818661069200692815e+00 -2.081341432681347570e+01 -4.212278668656978198e+01
-4.873795443493595947e+00 -2.853169548885460927e+01 -1.577193336357401243e+01
0.000000000000000000e+00 -2.551952425056119722e+01 -3.154386672714802131e+01
0.000000000000000000e+00 8.197995867380152291e+00 -5.771630146703504494e+01
0.000000000000000000e+00 -8.197995867380152291e+00 -5.771630146703504494e+01
1.301665693658084422e+01 2.588005441248558469e+01 1.559351478046526296e+01
4.818661069200692815e+00 2.081341432681347570e+01 4.212278668656978198e+01
4.873795443493595947e+00 2.853169548885460927e+01 1.577193336357401243e+01
-1.301665693658084422e+01 2.588005441248558469e+01 1.559351478046526296e+01
-4.818661069200692815e+00 2.081341432681347570e+01 4.212278668656978198e+01
-4.873795443493595947e+00 2.853169548885460927e+01 1.577193336357401243e+01
0.000000000000000000e+00 2.551952425056119722e+01 3.154386672714802131e+01
1.301665693658084422e+01 -2.588005441248558469e+01 1.559351478046526296e+01
4.818661069200692815e+00 -2.081341432681347570e+01 4.212278668656978198e+01
4.873795443493595947e+00 -2.853169548885460927e+01 1.577193336357401243e+01
-1.301665693658084422e+01 -2.588005441248558469e+01 1.559351478046526296e+01
-4.818661069200692815e+00 -2.081341432681347570e+01 4.212278668656978198e+01
-4.873795443493595947e+00 -2.853169548885460927e+01 1.577193336357401243e+01
0.000000000000000000e+00 -2.551952425056119722e+01 3.154386672714802131e+01
0.000000000000000000e+00 8.197995867380152291e+00 5.771630146703504494e+01
0.000000000000000000e+00 -8.197995867380152291e+00 5.771630146703504494e+01
-2.081341432681347925e+01 -2.106139334328489454e+01 9.637322138401390959e+00
-2.588005441248558469e+01 -7.796757390232633256e+00 2.603331387316168843e+01
-1.763355756877419722e+01 -2.064572880706760571e+01 2.551952425056119722e+01
-2.081341432681347925e+01 2.106139334328489454e+01 9.637322138401390959e+00
-2.588005441248558469e+01 7.796757390232633256e+00 2.603331387316168843e+01
-1.763355756877419722e+01 2.064572880706760571e+01 2.551952425056119722e+01
-7.796757390232634144e+00 1.301665693658084599e+01 5.176010882497116938e+01
-2.106139334328489099e+01 4.818661069200693703e+00 4.162682865362695850e+01
-1.275976212528060039e+01 1.763355756877419367e+01 4.129145761413521143e+01
-7.885966681787005328e+00 4.873795443493595059e+00 5.706339097770920432e+01
-2.064572880706760216e+01 1.275976212528059683e+01 3.526711513754837313e+01
-7.796757390232634144e+00 -1.301665693658084599e+01 5.176010882497116938e+01
-2.106139334328489099e+01 -4.818661069200693703e+00 4.162682865362695850e+01
-1.275976212528060039e+01 -1.763355756877419367e+01 4.129145761413521143e+01
-7.885966681787005328e+00 -4.873795443493595059e+00 5.706339097770920432e+01
-2.064572880706760216e+01 -1.275976212528059683e+01 3.526711513754837313e+01
-1.577193336357400888e+01 0.000000000000000000e+00 5.103904850112238734e+01
-2.081341432681347925e+01 -2.106139334328489454e+01 -9.637322138401390959e+00
-2.588005441248558469e+01 -7.796757390232633256e+00 -2.603331387316168843e+01
-1.763355756877419722e+01 -2.064572880706760571e+01 -2.551952425056119722e+01
-2.551952425056119722e+01 -1.577193336357400888e+01 0.000000000000000000e+00
-2.081341432681347925e+01 2.106139334328489454e+01 -9.637322138401390959e+00
-2.588005441248558469e+01 7.796757390232633256e+00 -2.603331387316168843e+01
-1.763355756877419722e+01 2.064572880706760571e+01 -2.551952425056119722e+01
-2.551952425056119722e+01 1.577193336357400888e+01 0.000000000000000000e+00
-7.796757390232634144e+00 1.301665693658084599e+01 -5.176010882497116938e+01
-2.106139334328489099e+01 4.818661069200693703e+00 -4.162682865362695850e+01
-1.275976212528060039e+01 1.763355756877419367e+01 -4.129145761413521143e+01
-7.885966681787005328e+00 4.873795443493595059e+00 -5.706339097770920432e+01
-2.064572880706760216e+01 1.275976212528059683e+01 -3.526711513754837313e+01
-7.796757390232634144e+00 -1.301665693658084599e+01 -5.176010882497116938e+01
-2.106139334328489099e+01 -4.818661069200693703e+00 -4.162682865362695850e+01
-1.275976212528060039e+01 -1.763355756877419367e+01 -4.129145761413521143e+01
-7.885966681787005328e+00 -4.873795443493595059e+00 -5.706339097770920432e+01
-2.064572880706760216e+01 -1.275976212528059683e+01 -3.526711513754837313e+01
-1.577193336357400888e+01 0.000000000000000000e+00 -5.103904850112238734e+01
-2.885815073351752602e+01 0.000000000000000000e+00 1.639599173476030813e+01
-2.885815073351752602e+01 0.000000000000000000e+00 -1.639599173476030813e+01
-2.853169548885460927e+01 -7.885966681787006216e+00 9.747590886987193670e+00
-2.853169548885460927e+01 7.885966681787006216e+00 9.747590886987193670e+00
-2.853169548885460927e+01 -7.885966681787006216e+00 -9.747590886987193670e+00
-2.853169548885460927e+01 7.885966681787006216e+00 -9.747590886987193670e+00
2.081341432681347925e+01 -2.106139334328489454e+01 9.637322138401390959e+00
2.588005441248558469e+01 -7.796757390232633256e+00 2.603331387316168843e+01
1.763355756877419722e+01 -2.064572880706760571e+01 2.551952425056119722e+01
2.081341432681347925e+01 2.106139334328489454e+01 9.637322138401390959e+00
2.588005441248558469e+01 7.796757390232633256e+00 2.603331387316168843e+01
1.763355756877419722e+01 2.064572880706760571e+01 2.551952425056119722e+01
7.796757390232634144e+00 1.301665693658084599e+01 5.176010882497116938e+01
2.106139334328489099e+01 4.818661069200693703e+00 4.162682865362695850e+01
1.275976212528060039e+01 1.763355756877419367e+01 4.129145761413521143e+01
7.885966681787005328e+00 4.873795443493595059e+00 5.706339097770920432e+01
2.064572880706760216e+01 1.275976212528059683e+01 3.526711513754837313e+01
7.796757390232634144e+00 -1.301665693658084599e+01 5.176010882497116938e+01
2.106139334328489099e+01 -4.818661069200693703e+00 4.162682865362695850e+01
1.275976212528060039e+01 -1.763355756877419367e+01 4.129145761413521143e+01
7.885966681787005328e+00 -4.873795443493595059e+00 5.706339097770920432e+01
2.064572880706760216e+01 -1.275976212528059683e+01 3.526711513754837313e+01
1.577193336357400888e+01 0.000000000000000000e+00 5.103904850112238734e+01
2.081341432681347925e+01 -2.106139334328489454e+01 -9.637322138401390959e+00
2.588005441248558469e+01 -7.796757390232633256e+00 -2.603331387316168843e+01
1.763355756877419722e+01 -2.064572880706760571e+01 -2.551952425056119722e+01
2.551952425056119722e+01 -1.577193336357400888e+01 0.000000000000000000e+00
2.081341432681347925e+01 2.106139334328489454e+01 -9.637322138401390959e+00
2.588005441248558469e+01 7.796757390232633256e+00 -2.603331387316168843e+01
1.763355756877419722e+01 2.064572880706760571e+01 -2.551952425056119722e+01
2.551952425056119722e+01 1.577193336357400888e+01 0.000000000000000000e+00
7.796757390232634144e+00 1.301665693658084599e+01 -5.176010882497116938e+01
2.106139334328489099e+01 4.818661069200693703e+00 -4.162682865362695850e+01
1.275976212528060039e+01 1.763355756877419367e+01 -4.129145761413521143e+01
7.885966681787005328e+00 4.873795443493595059e+00 -5.706339097770920432e+01
2.064572880706760216e+01 1.275976212528059683e+01 -3.526711513754837313e+01
7.796757390232634144e+00 -1.301665693658084599e+01 -5.176010882497116938e+01
2.106139334328489099e+01 -4.818661069200693703e+00 -4.162682865362695850e+01
1.275976212528060039e+01 -1.763355756877419367e+01 -4.129145761413521143e+01
7.885966681787005328e+00 -4.873795443493595059e+00 -5.706339097770920432e+01
2.064572880706760216e+01 -1.275976212528059683e+01 -3.526711513754837313e+01
1.577193336357400888e+01 0.000000000000000000e+00 -5.103904850112238734e+01
2.885815073351752602e+01 0.000000000000000000e+00 1.639599173476030813e+01
2.885815073351752602e+01 0.000000000000000000e+00 -1.639599173476030813e+01
2.853169548885460927e+01 -7.885966681787006216e+00 9.747590886987193670e+00
2.853169548885460927e+01 7.885966681787006216e+00 9.747590886987193670e+00
2.853169548885460927e+01 -7.885966681787006216e+00 -9.747590886987193670e+00
2.853169548885460927e+01 7.885966681787006216e+00 -9.747590886987193670e+00
1.210066045852092920e+01 -2.745130263698952433e+01 0.000000000000000000e+00
4.138567263829011189e+00 -2.971316645870585660e+01 0.000000000000000000e+00
-1.210066045852092920e+01 -2.745130263698952433e+01 0.000000000000000000e+00
-4.138567263829011189e+00 -2.971316645870585660e+01 0.000000000000000000e+00
1.210066045852092920e+01 2.745130263698952433e+01 0.000000000000000000e+00
4.138567263829011189e+00 2.971316645870585660e+01 0.000000000000000000e+00
-1.210066045852092920e+01 2.745130263698952433e+01 0.000000000000000000e+00
-4.138567263829011189e+00 2.971316645870585660e+01 0.000000000000000000e+00
1.453324926182003729e+01 2.594788007589824730e+01 -7.872022728780770251e+00
1.125115702434629128e+01 2.531734423867170491e+01 -2.301682396110286888e+01
1.074686380459736768e+01 2.772913801834038239e+01 -7.899322281123875911e+00
2.432588803299105429e+00 1.846926062621042064e+01 -4.703058254519827130e+01
7.112589760517278314e+00 2.275956900489772394e+01 -3.640950895630884077e+01
2.467273958380868937e+00 2.963065021785413222e+01 -7.984266248435480051e+00
7.160307909587795727e+00 2.673019572565103275e+01 -2.317124313525552992e+01
6.603510824198773221e+00 2.899177792207317594e+01 -7.967548609674148352e+00
9.037766372796962600e+00 2.748732525573646868e+01 -1.584496503954393276e+01
-1.453324926182003729e+01 2.594788007589824730e+01 -7.872022728780770251e+00
-1.125115702434629128e+01 2.531734423867170491e+01 -2.301682396110286888e+01
-1.074686380459736768e+01 2.772913801834038239e+01 -7.899322281123875911e+00
-2.432588803299105429e+00 1.846926062621042064e+01 -4.703058254519827130e+01
-7.112589760517278314e+00 2.275956900489772394e+01 -3.640950895630884077e+01
0.000000000000000000e+00 2.108721091463320008e+01 -4.267690409773298654e+01
-2.467273958380868937e+00 2.963065021785413222e+01 -7.984266248435480051e+00
-7.160307909587795727e+00 2.673019572565103275e+01 -2.317124313525552992e+01
-6.603510824198773221e+00 2.899177792207317594e+01 -7.967548609674148352e+00
0.000000000000000000e+00 2.891583790402867749e+01 -1.598428206807404806e+01
-9.037766372796962600e+00 2.748732525573646868e+01 -1.584496503954393276e+01
4.693033951206926346e+00 2.520533655981416743e+01 -3.115550938369100820e+01
-4.693033951206926346e+00 2.520533655981416743e+01 -3.115550938369100820e+01
2.434255548598188490e+00 2.340613112130379747e+01 -3.721437495680682161e+01
2.469707400958805366e+00 2.738947478796897173e+01 -2.397642310211107031e+01
-2.434255548598188490e+00 2.340613112130379747e+01 -3.721437495680682161e+01
-2.469707400958805366e+00 2.738947478796897173e+01 -2.397642310211107031e+01
1.453324926182003729e+01 -2.594788007589824730e+01 -7.872022728780770251e+00
1.125115702434629128e+01 -2.531734423867170491e+01 -2.301682396110286888e+01
1.074686380459736768e+01 -2.772913801834038239e+01 -7.899322281123875911e+00
2.432588803299105429e+00 -1.846926062621042064e+01 -4.703058254519827130e+01
7.112589760517278314e+00 -2.275956900489772394e+01 -3.640950895630884077e+01
2.467273958380868937e+00 -2.963065021785413222e+01 -7.984266248435480051e+00
7.160307909587795727e+00 -2.673019572565103275e+01 -2.317124313525552992e+01
6.603510824198773221e+00 -2.899177792207317594e+01 -7.967548609674148352e+00
9.037766372796962600e+00 -2.748732525573646868e+01 -1.584496503954393276e+01
-1.453324926182003729e+01 -2.594788007589824730e+01 -7.872022728780770251e+00
-1.125115702434629128e+01 -2.531734423867170491e+01 -2.301682396110286888e+01
-1.074686380459736768e+01 -2.772913801834038239e+01 -7.899322281123875911e+00
-2.432588803299105429e+00 -1.846926062621042064e+01 -4.703058254519827130e+01
-7.112589760517278314e+00 -2.275956900489772394e+01 -3.640950895630884077e+01
0.000000000000000000e+00 -2.108721091463320008e+01 -4.267690409773298654e+01
-2.467273958380868937e+00 -2.963065021785413222e+01 -7.984266248435480051e+00
-7.160307909587795727e+00 -2.673019572565103275e+01 -2.317124313525552992e+01
-6.603510824198773221e+00 -2.899177792207317594e+01 -7.967548609674148352e+00
0.000000000000000000e+00 -2.891583790402867749e+01 -1.598428206807404806e+01
-9.037766372796962600e+00 -2.748732525573646868e+01 -1.584496503954393276e+01
4.693033951206926346e+00 -2.520533655981416743e+01 -3.115550938369100820e+01
-4.693033951206926346e+00 -2.520533655981416743e+01 -3.115550938369100820e+01
2.434255548598188490e+00 -2.340613112130379747e+01 -3.721437495680682161e+01
2.469707400958805366e+00 -2.738947478796897173e+01 -2.397642310211107031e+01
-2.434255548598188490e+00 -2.340613112130379747e+01 -3.721437495680682161e+01
-2.469707400958805366e+00 -2.738947478796897173e+01 -2.397642310211107031e+01
0.000000000000000000e+00 1.210066045852092920e+01 -5.490260527397904866e+01
0.000000000000000000e+00 4.138567263829011189e+00 -5.942633291741171320e+01
0.000000000000000000e+00 -1.210066045852092920e+01 -5.490260527397904866e+01
0.000000000000000000e+00 -4.138567263829011189e+00 -5.942633291741171320e+01
1.453324926182003729e+01 2.594788007589824730e+01 7.872022728780770251e+00
1.125115702434629128e+01 2.531734423867170491e+01 2.301682396110286888e+01
1.074686380459736768e+01 2.772913801834038239e+01 7.899322281123875911e+00
2.432588803299105429e+00 1.846926062621042064e+01 4.703058254519827130e+01
7.112589760517278314e+00 2.275956900489772394e+01 3.640950895630884077e+01
2.467273958380868937e+00 2.963065021785413222e+01 7.984266248435480051e+00
7.160307909587795727e+00 2.673019572565103275e+01 2.317124313525552992e+01
6.603510824198773221e+00 2.899177792207317594e+01 7.967548609674148352e+00
9.037766372796962600e+00 2.748732525573646868e+01 1.584496503954393276e+01
-1.453324926182003729e+01 2.594788007589824730e+01 7.872022728780770251e+00
-1.125115702434629128e+01 2.531734423867170491e+01 2.301682396110286888e+01
-1.074686380459736768e+01 2.772913801834038239e+01 7.899322281123875911e+00
-2.432588803299105429e+00 1.846926062621042064e+01 4.703058254519827130e+01
-7.112589760517278314e+00 2.275956900489772394e+01 3.640950895630884077e+01
0.000000000000000000e+00 2.108721091463320008e+01 4.267690409773298654e+01
-2.467273958380868937e+00 2.963065021785413222e+01 7.984266248435480051e+00
-7.160307909587795727e+00 2.673019572565103275e+01 2.317124313525552992e+01
-6.603510824198773221e+00 2.899177792207317594e+01 7.967548609674148352e+00
0.000000000000000000e+00 2.891583790402867749e+01 1.598428206807404806e+01
-9.037766372796962600e+00 2.748732525573646868e+01 1.584496503954393276e+01
4.693033951206926346e+00 2.520533655981416743e+01 3.115550938369100820e+01
-4.693033951206926346e+00 2.520533655981416743e+01 3.115550938369100820e+01
2.434255548598188490e+00 2.340613112130379747e+01 3.721437495680682161e+01
2.469707400958805366e+00 2.738947478796897173e+01 2.397642310211107031e+01
-2.434255548598188490e+00 2.340613112130379747e+01 3.721437495680682161e+01
-2.469707400958805366e+00 2.738947478796897173e+01 2.397642310211107031e+01
1.453324926182003729e+01 -2.594788007589824730e+01 7.872022728780770251e+00
1.125115702434629128e+01 -2.531734423867170491e+01 2.301682396110286888e+01
1.074686380459736768e+01 -2.772913801834038239e+01 7.899322281123875911e+00
2.432588803299105429e+00 -1.846926062621042064e+01 4.703058254519827130e+01
7.112589760517278314e+00 -2.275956900489772394e+01 3.640950895630884077e+01
2.467273958380868937e+00 -2.963065021785413222e+01 7.984266248435480051e+00
7.160307909587795727e+00 -2.673019572565103275e+01 2.317124313525552992e+01
6.603510824198773221e+00 -2.899177792207317594e+01 7.967548609674148352e+00
9.037766372796962600e+00 -2.748732525573646868e+01 1.584496503954393276e+01
-1.453324926182003729e+01 -2.594788007589824730e+01 7.872022728780770251e+00
-1.125115702434629128e+01 -2.531734423867170491e+01 2.301682396110286888e+01
-1.074686380459736768e+01 -2.772913801834038239e+01 7.899322281123875911e+00
-2.432588803299105429e+00 -1.846926062621042064e+01 4.703058254519827130e+01
-7.112589760517278314e+00 -2.275956900489772394e+01 3.640950895630884077e+01
0.000000000000000000e+00 -2.108721091463320008e+01 4.267690409773298654e+01
-2.467273958380868937e+00 -2.963065021785413222e+01 7.984266248435480051e+00
-7.160307909587795727e+00 -2.673019572565103275e+01 2.317124313525552992e+01
-6.603510824198773221e+00 -2.899177792207317594e+01 7.967548609674148352e+00
0.000000000000000000e+00 -2.891583790402867749e+01 1.598428206807404806e+01
-9.037766372796962600e+00 -2.748732525573646868e+01 1.584496503954393276e+01
4.693033951206926346e+00 -2.520533655981416743e+01 3.115550938369100820e+01
-4.693033951206926346e+00 -2.520533655981416743e+01 3.115550938369100820e+01
2.434255548598188490e+00 -2.340613112130379747e+01 3.721437495680682161e+01
2.469707400958805366e+00 -2.738947478796897173e+01 2.397642310211107031e+01
-2.434255548598188490e+00 -2.340613112130379747e+01 3.721437495680682161e+01
-2.469707400958805366e+00 -2.738947478796897173e+01 2.397642310211107031e+01
0.000000000000000000e+00 1.210066045852092920e+01 5.490260527397904866e+01
0.000000000000000000e+00 4.138567263829011189e+00 5.942633291741171320e+01
0.000000000000000000e+00 -1.210066045852092920e+01 5.490260527397904866e+01
0.000000000000000000e+00 -4.138567263829011189e+00 5.942633291741171320e+01
-1.846926062621042064e+01 -2.351529127259913921e+01 4.865177606598210858e+00
-2.275956900489772394e+01 -1.820475447815442749e+01 1.422517952103455663e+01
-1.713754977407126034e+01 -2.377947687777844621e+01 1.278137193894778534e+01
-2.594788007589824730e+01 -3.936011364390386014e+00 2.906649852364007103e+01
-2.531734423867170491e+01 -1.150841198055143266e+01 2.250231404869257545e+01
-1.361971499218640247e+01 -2.273806260143329538e+01 2.810579105201726335e+01
-2.121320343559642652e+01 -1.804502865022637437e+01 2.230488206761106795e+01
-1.548364860153183109e+01 -2.350355095089939539e+01 2.076918088733952317e+01
-1.942235681646672418e+01 -2.106929540230120779e+01 1.776027555466612284e+01
-1.846926062621042064e+01 2.351529127259913921e+01 4.865177606598210858e+00
-2.275956900489772394e+01 1.820475447815442749e+01 1.422517952103455663e+01
-1.713754977407126034e+01 2.377947687777844621e+01 1.278137193894778534e+01
-2.594788007589824730e+01 3.936011364390386014e+00 2.906649852364007103e+01
-2.531734423867170491e+01 1.150841198055143266e+01 2.250231404869257545e+01
-1.361971499218640247e+01 2.273806260143329538e+01 2.810579105201726335e+01
-2.121320343559642652e+01 1.804502865022637437e+01 2.230488206761106795e+01
-1.548364860153183109e+01 2.350355095089939539e+01 2.076918088733952317e+01
-1.942235681646672418e+01 2.106929540230120779e+01 1.776027555466612284e+01
-3.936011364390386014e+00 1.453324926182003729e+01 5.189576015179650170e+01
-1.150841198055143266e+01 1.125115702434628950e+01 5.063468847734340272e+01
-6.390685969473892669e+00 1.713754977407126034e+01 4.755895375555688531e+01
-3.949661140561939288e+00 1.074686380459736768e+01 5.545827603668077188e+01
-2.351529127259913921e+01 2.432588803299105873e+00 3.693852125242084128e+01
-1.820475447815442749e+01 7.112589760517279203e+00 4.551913800979544078e+01
-2.377947687777844621e+01 6.390685969473893557e+00 3.427509954814252069e+01
-1.115244103380553398e+01 2.121320343559642296e+01 3.609005730045274163e+01
-1.405289552600863168e+01 1.361971499218640069e+01 4.547612520286658366e+01
-8.880137777333059645e+00 1.942235681646672418e+01 4.213859080460241557e+01
-1.540126323691343835e+01 1.939733375393194947e+01 3.385525270594628466e+01
-1.038459044366976158e+01 1.548364860153183109e+01 4.700710190179880499e+01
-3.992133124217740026e+00 2.467273958380868937e+00 5.926130043570825734e+01
-1.158562156762776318e+01 7.160307909587794839e+00 5.346039145130207260e+01
-3.983774304837075064e+00 6.603510824198773221e+00 5.798355584414635899e+01
-7.922482519771967269e+00 9.037766372796962600e+00 5.497465051147294446e+01
-2.273806260143329538e+01 1.405289552600862990e+01 2.723942998437279783e+01
-1.804502865022637081e+01 1.115244103380553398e+01 4.242640687119283882e+01
-2.350355095089939539e+01 1.038459044366976158e+01 3.096729720306365863e+01
-1.939733375393195303e+01 1.692762635297314588e+01 3.080252647382688025e+01
-2.106929540230120779e+01 8.880137777333059645e+00 3.884471363293344837e+01
-1.692762635297314588e+01 1.540126323691343657e+01 3.879466750786390605e+01
-3.936011364390386014e+00 -1.453324926182003729e+01 5.189576015179650170e+01
-1.150841198055143266e+01 -1.125115702434628950e+01 5.063468847734340272e+01
-6.390685969473892669e+00 -1.713754977407126034e+01 4.755895375555688531e+01
-3.949661140561939288e+00 -1.074686380459736768e+01 5.545827603668077188e+01
-2.351529127259913921e+01 -2.432588803299105873e+00 3.693852125242084128e+01
-1.820475447815442749e+01 -7.112589760517279203e+00 4.551913800979544078e+01
-2.377947687777844621e+01 -6.390685969473893557e+00 3.427509954814252069e+01
-2.133845204886648972e+01 0.000000000000000000e+00 4.217442182926639305e+01
-1.115244103380553398e+01 -2.121320343559642296e+01 3.609005730045274163e+01
-1.405289552600863168e+01 -1.361971499218640069e+01 4.547612520286658366e+01
-8.880137777333059645e+00 -1.942235681646672418e+01 4.213859080460241557e+01
-1.540126323691343835e+01 -1.939733375393194947e+01 3.385525270594628466e+01
-1.038459044366976158e+01 -1.548364860153183109e+01 4.700710190179880499e+01
-3.992133124217740026e+00 -2.467273958380868937e+00 5.926130043570825734e+01
-1.158562156762776318e+01 -7.160307909587794839e+00 5.346039145130207260e+01
-3.983774304837075064e+00 -6.603510824198773221e+00 5.798355584414635899e+01
-7.992141034037024028e+00 0.000000000000000000e+00 5.783167580805735497e+01
-7.922482519771967269e+00 -9.037766372796962600e+00 5.497465051147294446e+01
-2.273806260143329538e+01 -1.405289552600862990e+01 2.723942998437279783e+01
-1.804502865022637081e+01 -1.115244103380553398e+01 4.242640687119283882e+01
-2.350355095089939539e+01 -1.038459044366976158e+01 3.096729720306365863e+01
-1.939733375393195303e+01 -1.692762635297314588e+01 3.080252647382688025e+01
-2.106929540230120779e+01 -8.880137777333059645e+00 3.884471363293344837e+01
-1.692762635297314588e+01 -1.540126323691343657e+01 3.879466750786390605e+01
-1.557775469184550055e+01 4.693033951206924570e+00 5.041067311962833486e+01
-1.557775469184550055e+01 -4.693033951206924570e+00 5.041067311962833486e+01
-1.860718747840341081e+01 2.434255548598188934e+00 4.681226224260758784e+01
-1.198821155105553515e+01 2.469707400958805366e+00 5.477894957593795056e+01
-1.860718747840341081e+01 -2.434255548598188934e+00 4.681226224260758784e+01
-1.198821155105553515e+01 -2.469707400958805366e+00 5.477894957593795056e+01
-1.846926062621042064e+01 -2.351529127259913921e+01 -4.865177606598210858e+00
-2.275956900489772394e+01 -1.820475447815442749e+01 -1.422517952103455663e+01
-1.713754977407126034e+01 -2.377947687777844621e+01 -1.278137193894778534e+01
-2.108721091463320008e+01 -2.133845204886648972e+01 0.000000000000000000e+00
-2.594788007589824730e+01 -3.936011364390386014e+00 -2.906649852364007103e+01
-2.531734423867170491e+01 -1.150841198055143266e+01 -2.250231404869257545e+01
-1.361971499218640247e+01 -2.273806260143329538e+01 -2.810579105201726335e+01
-2.121320343559642652e+01 -1.804502865022637437e+01 -2.230488206761106795e+01
-1.548364860153183109e+01 -2.350355095089939539e+01 -2.076918088733952317e+01
-1.942235681646672418e+01 -2.106929540230120779e+01 -1.776027555466612284e+01
-2.520533655981416743e+01 -1.557775469184550232e+01 9.386067902413852693e+00
-2.520533655981416743e+01 -1.557775469184550232e+01 -9.386067902413852693e+00
-2.340613112130379747e+01 -1.860718747840341081e+01 4.868511097196376980e+00
-2.340613112130379747e+01 -1.860718747840341081e+01 -4.868511097196376980e+00
-1.846926062621042064e+01 2.351529127259913921e+01 -4.865177606598210858e+00
-2.275956900489772394e+01 1.820475447815442749e+01 -1.422517952103455663e+01
-1.713754977407126034e+01 2.377947687777844621e+01 -1.278137193894778534e+01
-2.108721091463320008e+01 2.133845204886648972e+01 0.000000000000000000e+00
-2.594788007589824730e+01 3.936011364390386014e+00 -2.906649852364007103e+01
-2.531734423867170491e+01 1.150841198055143266e+01 -2.250231404869257545e+01
-1.361971499218640247e+01 2.273806260143329538e+01 -2.810579105201726335e+01
-2.121320343559642652e+01 1.804502865022637437e+01 -2.230488206761106795e+01
-1.548364860153183109e+01 2.350355095089939539e+01 -2.076918088733952317e+01
-1.942235681646672418e+01 2.106929540230120779e+01 -1.776027555466612284e+01
-2.520533655981416743e+01 1.557775469184550232e+01 9.386067902413852693e+00
-2.520533655981416743e+01 1.557775469184550232e+01 -9.386067902413852693e+00
-2.340613112130379747e+01 1.860718747840341081e+01 4.868511097196376980e+00
-2.340613112130379747e+01 1.860718747840341081e+01 -4.868511097196376980e+00
-3.936011364390386014e+00 1.453324926182003729e+01 -5.189576015179650170e+01
-1.150841198055143266e+01 1.125115702434628950e+01 -5.063468847734340272e+01
-6.390685969473892669e+00 1.713754977407126034e+01 -4.755895375555688531e+01
-3.949661140561939288e+00 1.074686380459736768e+01 -5.545827603668077188e+01
-2.351529127259913921e+01 2.432588803299105873e+00 -3.693852125242084128e+01
-1.820475447815442749e+01 7.112589760517279203e+00 -4.551913800979544078e+01
-2.377947687777844621e+01 6.390685969473893557e+00 -3.427509954814252069e+01
-1.115244103380553398e+01 2.121320343559642296e+01 -3.609005730045274163e+01
-1.405289552600863168e+01 1.361971499218640069e+01 -4.547612520286658366e+01
-8.880137777333059645e+00 1.942235681646672418e+01 -4.213859080460241557e+01
-1.540126323691343835e+01 1.939733375393194947e+01 -3.385525270594628466e+01
-1.038459044366976158e+01 1.548364860153183109e+01 -4.700710190179880499e+01
-3.992133124217740026e+00 2.467273958380868937e+00 -5.926130043570825734e+01
-1.158562156762776318e+01 7.160307909587794839e+00 -5.346039145130207260e+01
-3.983774304837075064e+00 6.603510824198773221e+00 -5.798355584414635899e+01
-7.922482519771967269e+00 9.037766372796962600e+00 -5.497465051147294446e+01
-2.273806260143329538e+01 1.405289552600862990e+01 -2.723942998437279783e+01
-1.804502865022637081e+01 1.115244103380553398e+01 -4.242640687119283882e+01
-2.350355095089939539e+01 1.038459044366976158e+01 -3.096729720306365863e+01
-1.939733375393195303e+01 1.692762635297314588e+01 -3.080252647382688025e+01
-2.106929540230120779e+01 8.880137777333059645e+00 -3.884471363293344837e+01
-1.692762635297314588e+01 1.540126323691343657e+01 -3.879466750786390605e+01
-3.936011364390386014e+00 -1.453324926182003729e+01 -5.189576015179650170e+01
-1.150841198055143266e+01 -1.125115702434628950e+01 -5.063468847734340272e+01
-6.390685969473892669e+00 -1.713754977407126034e+01 -4.755895375555688531e+01
-3.949661140561939288e+00 -1.074686380459736768e+01 -5.545827603668077188e+01
-2.351529127259913921e+01 -2.432588803299105873e+00 -3.693852125242084128e+01
-1.820475447815442749e+01 -7.112589760517279203e+00 -4.551913800979544078e+01
-2.377947687777844621e+01 -6.390685969473893557e+00 -3.427509954814252069e+01
-2.133845204886648972e+01 0.000000000000000000e+00 -4.217442182926639305e+01
-1.115244103380553398e+01 -2.121320343559642296e+01 -3.609005730045274163e+01
-1.405289552600863168e+01 -1.361971499218640069e+01 -4.547612520286658366e+01
-8.880137777333059645e+00 -1.942235681646672418e+01 -4.213859080460241557e+01
-1.540126323691343835e+01 -1.939733375393194947e+01 -3.385525270594628466e+01
-1.038459044366976158e+01 -1.548364860153183109e+01 -4.700710190179880499e+01
-3.992133124217740026e+00 -2.467273958380868937e+00 -5.926130043570825734e+01
-1.158562156762776318e+01 -7.160307909587794839e+00 -5.346039145130207260e+01
-3.983774304837075064e+00 -6.603510824198773221e+00 -5.798355584414635899e+01
-7.992141034037024028e+00 0.000000000000000000e+00 -5.783167580805735497e+01
-7.922482519771967269e+00 -9.037766372796962600e+00 -5.497465051147294446e+01
-2.273806260143329538e+01 -1.405289552600862990e+01 -2.723942998437279783e+01
-1.804502865022637081e+01 -1.115244103380553398e+01 -4.242640687119283882e+01
-2.350355095089939539e+01 -1.038459044366976158e+01 -3.096729720306365863e+01
-1.939733375393195303e+01 -1.692762635297314588e+01 -3.080252647382688025e+01
-2.106929540230120779e+01 -8.880137777333059645e+00 -3.884471363293344837e+01
-1.692762635297314588e+01 -1.540126323691343657e+01 -3.879466750786390605e+01
-1.557775469184550055e+01 4.693033951206924570e+00 -5.041067311962833486e+01
-1.557775469184550055e+01 -4.693033951206924570e+00 -5.041067311962833486e+01
-1.860718747840341081e+01 2.434255548598188934e+00 -4.681226224260758784e+01
-1.198821155105553515e+01 2.469707400958805366e+00 -5.477894957593795056e+01
-1.860718747840341081e+01 -2.434255548598188934e+00 -4.681226224260758784e+01
-1.198821155105553515e+01 -2.469707400958805366e+00 -5.477894957593795056e+01
-2.745130263698952433e+01 0.000000000000000000e+00 2.420132091704186195e+01
-2.971316645870585660e+01 0.000000000000000000e+00 8.277134527658024155e+00
-2.772913801834038239e+01 -3.949661140561939288e+00 2.149372760919473535e+01
-2.772913801834038239e+01 3.949661140561939288e+00 2.149372760919473535e+01
-2.745130263698952433e+01 0.000000000000000000e+00 -2.420132091704186195e+01
-2.971316645870585660e+01 0.000000000000000000e+00 -8.277134527658024155e+00
-2.772913801834038239e+01 -3.949661140561939288e+00 -2.149372760919473535e+01
-2.772913801834038239e+01 3.949661140561939288e+00 -2.149372760919473535e+01
-2.673019572565103275e+01 -1.158562156762776318e+01 1.432061581917559145e+01
-2.963065021785413222e+01 -3.992133124217740026e+00 4.934547916761738762e+00
-2.748732525573646868e+01 -7.922482519771967269e+00 1.807553274559392520e+01
-2.738947478796897528e+01 -1.198821155105553693e+01 4.939414801917612508e+00
-2.899177792207317594e+01 -3.983774304837075064e+00 1.320702164839754822e+01
-2.673019572565103275e+01 1.158562156762776318e+01 1.432061581917559145e+01
-2.963065021785413222e+01 3.992133124217740026e+00 4.934547916761738762e+00
-2.748732525573646868e+01 7.922482519771967269e+00 1.807553274559392520e+01
-2.738947478796897528e+01 1.198821155105553693e+01 4.939414801917612508e+00
-2.899177792207317594e+01 3.983774304837075064e+00 1.320702164839754822e+01
-2.673019572565103275e+01 -1.158562156762776318e+01 -1.432061581917559145e+01
-2.963065021785413222e+01 -3.992133124217740026e+00 -4.934547916761738762e+00
-2.748732525573646868e+01 -7.922482519771967269e+00 -1.807553274559392520e+01
-2.738947478796897528e+01 -1.198821155105553693e+01 -4.939414801917612508e+00
-2.899177792207317594e+01 -3.983774304837075064e+00 -1.320702164839754822e+01
-2.891583790402867749e+01 -7.992141034037024028e+00 0.000000000000000000e+00
-2.673019572565103275e+01 1.158562156762776318e+01 -1.432061581917559145e+01
-2.963065021785413222e+01 3.992133124217740026e+00 -4.934547916761738762e+00
-2.748732525573646868e+01 7.922482519771967269e+00 -1.807553274559392520e+01
-2.738947478796897528e+01 1.198821155105553693e+01 -4.939414801917612508e+00
-2.899177792207317594e+01 3.983774304837075064e+00 -1.320702164839754822e+01
-2.891583790402867749e+01 7.992141034037024028e+00 0.000000000000000000e+00
1.846926062621042064e+01 -2.351529127259913921e+01 4.865177606598210858e+00
2.275956900489772394e+01 -1.820475447815442749e+01 1.422517952103455663e+01
1.713754977407126034e+01 -2.377947687777844621e+01 1.278137193894778534e+01
2.594788007589824730e+01 -3.936011364390386014e+00 2.906649852364007103e+01
2.531734423867170491e+01 -1.150841198055143266e+01 2.250231404869257545e+01
1.361971499218640247e+01 -2.273806260143329538e+01 2.810579105201726335e+01
2.121320343559642652e+01 -1.804502865022637437e+01 2.230488206761106795e+01
1.548364860153183109e+01 -2.350355095089939539e+01 2.076918088733952317e+01
1.942235681646672418e+01 -2.106929540230120779e+01 1.776027555466612284e+01
1.846926062621042064e+01 2.351529127259913921e+01 4.865177606598210858e+00
2.275956900489772394e+01 1.820475447815442749e+01 1.422517952103455663e+01
1.713754977407126034e+01 2.377947687777844621e+01 1.278137193894778534e+01
2.594788007589824730e+01 3.936011364390386014e+00 2.906649852364007103e+01
2.531734423867170491e+01 1.150841198055143266e+01 2.250231404869257545e+01
1.361971499218640247e+01 2.273806260143329538e+01 2.810579105201726335e+01
2.121320343559642652e+01 1.804502865022637437e+01 2.230488206761106795e+01
1.548364860153183109e+01 2.350355095089939539e+01 2.076918088733952317e+01
1.942235681646672418e+01 2.106929540230120779e+01 1.776027555466612284e+01
3.936011364390386014e+00 1.453324926182003729e+01 5.189576015179650170e+01
1.150841198055143266e+01 1.125115702434628950e+01 5.063468847734340272e+01
6.390685969473892669e+00 1.713754977407126034e+01 4.755895375555688531e+01
3.949661140561939288e+00 1.074686380459736768e+01 5.545827603668077188e+01
2.351529127259913921e+01 2.432588803299105873e+00 3.693852125242084128e+01
1.820475447815442749e+01 7.112589760517279203e+00 4.551913800979544078e+01
2.377947687777844621e+01 6.390685969473893557e+00 3.427509954814252069e+01
1.115244103380553398e+01 2.121320343559642296e+01 3.609005730045274163e+01
1.405289552600863168e+01 1.361971499218640069e+01 4.547612520286658366e+01
8.880137777333059645e+00 1.942235681646672418e+01 4.213859080460241557e+01
1.540126323691343835e+01 1.939733375393194947e+01 3.385525270594628466e+01
1.038459044366976158e+01 1.548364860153183109e+01 4.700710190179880499e+01
3.992133124217740026e+00 2.467273958380868937e+00 5.926130043570825734e+01
1.158562156762776318e+01 7.160307909587794839e+00 5.346039145130207260e+01
3.983774304837075064e+00 6.603510824198773221e+00 5.798355584414635899e+01
7.922482519771967269e+00 9.037766372796962600e+00 5.497465051147294446e+01
2.273806260143329538e+01 1.405289552600862990e+01 2.723942998437279783e+01
1.804502865022637081e+01 1.115244103380553398e+01 4.242640687119283882e+01
2.350355095089939539e+01 1.038459044366976158e+01 3.096729720306365863e+01
1.939733375393195303e+01 1.692762635297314588e+01 3.080252647382688025e+01
2.106929540230120779e+01 8.880137777333059645e+00 3.884471363293344837e+01
1.692762635297314588e+01 1.540126323691343657e+01 3.879466750786390605e+01
3.936011364390386014e+00 -1.453324926182003729e+01 5.189576015179650170e+01
1.150841198055143266e+01 -1.125115702434628950e+01 5.063468847734340272e+01
6.390685969473892669e+00 -1.713754977407126034e+01 4.755895375555688531e+01
3.949661140561939288e+00 -1.074686380459736768e+01 5.545827603668077188e+01
2.351529127259913921e+01 -2.432588803299105873e+00 3.693852125242084128e+01
1.820475447815442749e+01 -7.112589760517279203e+00 4.551913800979544078e+01
2.377947687777844621e+01 -6.390685969473893557e+00 3.427509954814252069e+01
2.133845204886648972e+01 0.000000000000000000e+00 4.217442182926639305e+01
1.115244103380553398e+01 -2.121320343559642296e+01 3.609005730045274163e+01
1.405289552600863168e+01 -1.361971499218640069e+01 4.547612520286658366e+01
8.880137777333059645e+00 -1.942235681646672418e+01 4.213859080460241557e+01
1.540126323691343835e+01 -1.939733375393194947e+01 3.385525270594628466e+01
1.038459044366976158e+01 -1.548364860153183109e+01 4.700710190179880499e+01
3.992133124217740026e+00 -2.467273958380868937e+00 5.926130043570825734e+01
1.158562156762776318e+01 -7.160307909587794839e+00 5.346039145130207260e+01
3.983774304837075064e+00 -6.603510824198773221e+00 5.798355584414635899e+01
7.992141034037024028e+00 0.000000000000000000e+00 5.783167580805735497e+01
7.922482519771967269e+00 -9.037766372796962600e+00 5.497465051147294446e+01
2.273806260143329538e+01 -1.405289552600862990e+01 2.723942998437279783e+01
1.804502865022637081e+01 -1.115244103380553398e+01 4.242640687119283882e+01
2.350355095089939539e+01 -1.038459044366976158e+01 3.096729720306365863e+01
1.939733375393195303e+01 -1.692762635297314588e+01 3.080252647382688025e+01
2.106929540230120779e+01 -8.880137777333059645e+00 3.884471363293344837e+01
1.692762635297314588e+01 -1.540126323691343657e+01 3.879466750786390605e+01
1.557775469184550055e+01 4.693033951206924570e+00 5.041067311962833486e+01
1.557775469184550055e+01 -4.693033951206924570e+00 5.041067311962833486e+01
1.860718747840341081e+01 2.434255548598188934e+00 4.681226224260758784e+01
1.198821155105553515e+01 2.469707400958805366e+00 5.477894957593795056e+01
1.860718747840341081e+01 -2.434255548598188934e+00 4.681226224260758784e+01
1.198821155105553515e+01 -2.469707400958805366e+00 5.477894957593795056e+01
1.846926062621042064e+01 -2.351529127259913921e+01 -4.865177606598210858e+00
2.275956900489772394e+01 -1.820475447815442749e+01 -1.422517952103455663e+01
1.713754977407126034e+01 -2.377947687777844621e+01 -1.278137193894778534e+01
2.108721091463320008e+01 -2.133845204886648972e+01 0.000000000000000000e+00
2.594788007589824730e+01 -3.936011364390386014e+00 -2.906649852364007103e+01
2.531734423867170491e+01 -1.150841198055143266e+01 -2.250231404869257545e+01
1.361971499218640247e+01 -2.273806260143329538e+01 -2.810579105201726335e+01
2.121320343559642652e+01 -1.804502865022637437e+01 -2.230488206761106795e+01
1.548364860153183109e+01 -2.350355095089939539e+01 -2.076918088733952317e+01
1.942235681646672418e+01 -2.106929540230120779e+01 -1.776027555466612284e+01
2.520533655981416743e+01 -1.557775469184550232e+01 9.386067902413852693e+00
2.520533655981416743e+01 -1.557775469184550232e+01 -9.386067902413852693e+00
2.340613112130379747e+01 -1.860718747840341081e+01 4.868511097196376980e+00
2.340613112130379747e+01 -1.860718747840341081e+01 -4.868511097196376980e+00
1.846926062621042064e+01 2.351529127259913921e+01 -4.865177606598210858e+00
2.275956900489772394e+01 1.820475447815442749e+01 -1.422517952103455663e+01
1.713754977407126034e+01 2.377947687777844621e+01 -1.278137193894778534e+01
2.108721091463320008e+01 2.133845204886648972e+01 0.000000000000000000e+00
2.594788007589824730e+01 3.936011364390386014e+00 -2.906649852364007103e+01
2.531734423867170491e+01 1.150841198055143266e+01 -2.250231404869257545e+01
1.361971499218640247e+01 2.273806260143329538e+01 -2.810579105201726335e+01
2.121320343559642652e+01 1.804502865022637437e+01 -2.230488206761106795e+01
1.548364860153183109e+01 2.350355095089939539e+01 -2.076918088733952317e+01
1.942235681646672418e+01 2.106929540230120779e+01 -1.776027555466612284e+01
2.520533655981416743e+01 1.557775469184550232e+01 9.386067902413852693e+00
2.520533655981416743e+01 1.557775469184550232e+01 -9.386067902413852693e+00
2.340613112130379747e+01 1.860718747840341081e+01 4.868511097196376980e+00
2.340613112130379747e+01 1.860718747840341081e+01 -4.868511097196376980e+00
3.936011364390386014e+00 1.453324926182003729e+01 -5.189576015179650170e+01
1.150841198055143266e+01 1.125115702434628950e+01 -5.063468847734340272e+01
6.390685969473892669e+00 1.713754977407126034e+01 -4.755895375555688531e+01
3.949661140561939288e+00 1.074686380459736768e+01 -5.545827603668077188e+01
2.351529127259913921e+01 2.432588803299105873e+00 -3.693852125242084128e+01
1.820475447815442749e+01 7.112589760517279203e+00 -4.551913800979544078e+01
2.377947687777844621e+01 6.390685969473893557e+00 -3.427509954814252069e+01
1.115244103380553398e+01 2.121320343559642296e+01 -3.609005730045274163e+01
1.405289552600863168e+01 1.361971499218640069e+01 -4.547612520286658366e+01
8.880137777333059645e+00 1.942235681646672418e+01 -4.213859080460241557e+01
1.540126323691343835e+01 1.939733375393194947e+01 -3.385525270594628466e+01
1.038459044366976158e+01 1.548364860153183109e+01 -4.700710190179880499e+01
3.992133124217740026e+00 2.467273958380868937e+00 -5.926130043570825734e+01
1.158562156762776318e+01 7.160307909587794839e+00 -5.346039145130207260e+01
3.983774304837075064e+00 6.603510824198773221e+00 -5.798355584414635899e+01
7.922482519771967269e+00 9.037766372796962600e+00 -5.497465051147294446e+01
2.273806260143329538e+01 1.405289552600862990e+01 -2.723942998437279783e+01
1.804502865022637081e+01 1.115244103380553398e+01 -4.242640687119283882e+01
2.350355095089939539e+01 1.038459044366976158e+01 -3.096729720306365863e+01
1.939733375393195303e+01 1.692762635297314588e+01 -3.080252647382688025e+01
2.106929540230120779e+01 8.880137777333059645e+00 -3.884471363293344837e+01
1.692762635297314588e+01 1.540126323691343657e+01 -3.879466750786390605e+01
3.936011364390386014e+00 -1.453324926182003729e+01 -5.189576015179650170e+01
1.150841198055143266e+01 -1.125115702434628950e+01 -5.063468847734340272e+01
6.390685969473892669e+00 -1.713754977407126034e+01 -4.755895375555688531e+01
3.949661140561939288e+00 -1.074686380459736768e+01 -5.545827603668077188e+01
2.351529127259913921e+01 -2.432588803299105873e+00 -3.693852125242084128e+01
1.820475447815442749e+01 -7.112589760517279203e+00 -4.551913800979544078e+01
2.377947687777844621e+01 -6.390685969473893557e+00 -3.427509954814252069e+01
2.133845204886648972e+01 0.000000000000000000e+00 -4.217442182926639305e+01
1.115244103380553398e+01 -2.121320343559642296e+01 -3.609005730045274163e+01
1.405289552600863168e+01 -1.361971499218640069e+01 -4.547612520286658366e+01
8.880137777333059645e+00 -1.942235681646672418e+01 -4.213859080460241557e+01
1.540126323691343835e+01 -1.939733375393194947e+01 -3.385525270594628466e+01
1.038459044366976158e+01 -1.548364860153183109e+01 -4.700710190179880499e+01
3.992133124217740026e+00 -2.467273958380868937e+00 -5.926130043570825734e+01
1.158562156762776318e+01 -7.160307909587794839e+00 -5.346039145130207260e+01
3.983774304837075064e+00 -6.603510824198773221e+00 -5.798355584414635899e+01
7.992141034037024028e+00 0.000000000000000000e+00 -5.783167580805735497e+01
7.922482519771967269e+00 -9.037766372796962600e+00 -5.497465051147294446e+01
2.273806260143329538e+01 -1.405289552600862990e+01 -2.723942998437279783e+01
1.804502865022637081e+01 -1.115244103380553398e+01 -4.242640687119283882e+01
2.350355095089939539e+01 -1.038459044366976158e+01 -3.096729720306365863e+01
1.939733375393195303e+01 -1.692762635297314588e+01 -3.080252647382688025e+01
2.106929540230120779e+01 -8.880137777333059645e+00 -3.884471363293344837e+01
1.692762635297314588e+01 -1.540126323691343657e+01 -3.879466750786390605e+01
1.557775469184550055e+01 4.693033951206924570e+00 -5.041067311962833486e+01
1.557775469184550055e+01 -4.693033951206924570e+00 -5.041067311962833486e+01
1.860718747840341081e+01 2.434255548598188934e+00 -4.681226224260758784e+01
1.198821155105553515e+01 2.469707400958805366e+00 -5.477894957593795056e+01
1.860718747840341081e+01 -2.434255548598188934e+00 -4.681226224260758784e+01
1.198821155105553515e+01 -2.469707400958805366e+00 -5.477894957593795056e+01
2.745130263698952433e+01 0.000000000000000000e+00 2.420132091704186195e+01
2.971316645870585660e+01 0.000000000000000000e+00 8.277134527658024155e+00
2.772913801834038239e+01 -3.949661140561939288e+00 2.149372760919473535e+01
2.772913801834038239e+01 3.949661140561939288e+00 2.149372760919473535e+01
2.745130263698952433e+01 0.000000000000000000e+00 -2.420132091704186195e+01
2.971316645870585660e+01 0.000000000000000000e+00 -8.277134527658024155e+00
2.772913801834038239e+01 -3.949661140561939288e+00 -2.149372760919473535e+01
2.772913801834038239e+01 3.949661140561939288e+00 -2.149372760919473535e+01
2.673019572565103275e+01 -1.158562156762776318e+01 1.432061581917559145e+01
2.963065021785413222e+01 -3.992133124217740026e+00 4.934547916761738762e+00
2.748732525573646868e+01 -7.922482519771967269e+00 1.807553274559392520e+01
2.738947478796897528e+01 -1.198821155105553693e+01 4.939414801917612508e+00
2.899177792207317594e+01 -3.983774304837075064e+00 1.320702164839754822e+01
2.673019572565103275e+01 1.158562156762776318e+01 1.432061581917559145e+01
2.963065021785413222e+01 3.992133124217740026e+00 4.934547916761738762e+00
2.748732525573646868e+01 7.922482519771967269e+00 1.807553274559392520e+01
2.738947478796897528e+01 1.198821155105553693e+01 4.939414801917612508e+00
2.899177792207317594e+01 3.983774304837075064e+00 1.320702164839754822e+01
2.673019572565103275e+01 -1.158562156762776318e+01 -1.432061581917559145e+01
2.963065021785413222e+01 -3.992133124217740026e+00 -4.934547916761738762e+00
2.748732525573646868e+01 -7.922482519771967269e+00 -1.807553274559392520e+01
2.738947478796897528e+01 -1.198821155105553693e+01 -4.939414801917612508e+00
2.899177792207317594e+01 -3.983774304837075064e+00 -1.320702164839754822e+01
2.891583790402867749e+01 -7.992141034037024028e+00 0.000000000000000000e+00
2.673019572565103275e+01 1.158562156762776318e+01 -1.432061581917559145e+01
2.963065021785413222e+01 3.992133124217740026e+00 -4.934547916761738762e+00
2.748732525573646868e+01 7.922482519771967269e+00 -1.807553274559392520e+01
2.738947478796897528e+01 1.198821155105553693e+01 -4.939414801917612508e+00
2.899177792207317594e+01 3.983774304837075064e+00 -1.320702164839754822e+01
2.891583790402867749e+01 7.992141034037024028e+00 0.000000000000000000e+00
