6.288100032451799137e+01 -1.137352532910683891e+02 -5.729792778838876249e-02
-6.434827860500148233e+01 -1.132723517430130045e+02 1.048038550894690779e+00
6.333545808843453528e+01 1.137830060298282291e+02 1.291975834884956154e+00
-6.479960087648190381e+01 1.122470995150228674e+02 -2.085507791428203861e-01
8.877715544287030358e-01 6.981287955454240546e+01 -1.158239928372632654e+01
1.273054766331532361e+00 -6.925312718385966093e+01 -8.454774778057428719e+00
-3.588150180437243431e-01 7.008585143575136556e+01 1.315044268314672138e+01
-1.201039835132783562e+00 -6.806878057978474317e+01 1.051897269403839630e+01
-1.153062362842188122e+02 6.012926422163582529e-01 7.278380213629093376e+00
-1.142267258259204965e+02 -9.933402436006438796e-01 -8.725938233858355986e+00
1.120443040023629777e+02 6.009943904650545399e-01 6.806779201424403958e+00
1.134438911090365991e+02 9.767531388832949579e-01 -7.699488048577027399e+00
5.744172913500770195e-01 -1.295383607202616361e+02 3.769579151687617591e-01
-1.576730014033987715e+00 1.295267524040119724e+02 1.175374653621291954e-01
4.221060018288354598e+01 1.052848211549249697e+02 -5.779809715863933661e+00
-4.121102589532429761e+01 1.058939470488906238e+02 -5.645126027286829107e+00
4.031600947707924831e+01 -1.059528247466785302e+02 -5.077144335392843821e+00
-4.213017557349208886e+01 -1.063923859304136101e+02 -6.171151889105566113e+00
2.907739321046104441e-01 2.412441657434025999e-01 -1.280540837523829722e+01
4.071147349870992116e+01 1.056312920951974661e+02 6.375166239304549620e+00
-3.870650750593503631e+01 1.060390442783876779e+02 6.330287557212604277e+00
3.934196576583552485e+01 -1.059809123021866526e+02 5.129861215501481553e+00
-4.158277467097819624e+01 -1.048936273400232295e+02 5.626857807138540224e+00
1.022459587915495849e+00 2.830877700324433421e-01 1.346946818335862162e+01
-1.021008105639385377e+02 -6.648414260704858236e+01 2.805002503788289303e+00
-1.024272670899138404e+02 6.725778422502212095e+01 5.704815420465628506e+00
-6.581344775021149474e+01 3.842440973710370855e+01 9.322404191389342287e+00
-6.509813807981284128e+01 -4.002019684237968988e+01 9.066720501472715910e+00
-1.014950017320912252e+02 -6.579770907703361615e+01 -2.788288474357877522e+00
-1.033993825922061376e+02 6.694830085362333705e+01 -4.202287026566442485e+00
-6.527151289261264822e+01 3.844158018262000098e+01 -7.356177547184010734e+00
-6.641104761321281558e+01 -3.948508583361430624e+01 -9.841123559116418562e+00
-1.327573989760726931e+02 -2.421915514920912393e+00 -8.363224325295698369e-01
1.010209199519353689e+02 -6.470867115236227107e+01 4.070832798296420307e+00
1.019933882639798384e+02 6.577804669329327680e+01 4.542982258287288744e+00
6.671130750579364133e+01 3.762517353545531762e+01 9.161906440244445449e+00
6.685608855319426880e+01 -3.744627345349551462e+01 8.250506497730553335e+00
1.022637671314432311e+02 -6.783479827782943516e+01 -2.691553837968216456e+00
1.034333912286827513e+02 6.849641912818599110e+01 -2.850004538124355946e+00
6.478125351309257951e+01 3.908188499628194990e+01 -1.134492268805386139e+01
6.596810693506967027e+01 -3.815654294020534820e+01 -9.268064415087190255e+00
1.321527318940296425e+02 -5.387349491406768776e-01 1.155983493021424779e+00
