6.819884059950175015e+01 -1.125299222049167440e+02 4.645741429456508309e-02
-6.903503392770792857e+01 -1.118726510870219784e+02 -1.340928405909657117e-01
6.850750379544990665e+01 1.120539199991670358e+02 5.375445502932473668e-02
-6.840292584563979972e+01 1.128881861594894502e+02 7.675753499081283682e-02
-4.980683583374575368e-02 7.114970872942167546e+01 -1.138039058897399691e+01
2.773758075266629167e-02 -7.079738874614335487e+01 -1.154369039047515066e+01
-1.415862726824280299e-02 7.090990177694732211e+01 1.154281938442062838e+01
3.923041465390277038e-02 -7.090632498235356707e+01 1.135790092485282798e+01
-1.122606173169972834e+02 1.526748374627631966e-01 6.786000282152069296e+00
-1.121883739841974403e+02 -8.632751176331249221e-02 -6.642622247991153195e+00
1.124511090397161155e+02 4.486527730826164913e-03 6.757417781015811364e+00
1.124129443128331900e+02 -2.737925544861646299e-01 -6.713969271135749928e+00
9.214073564511170156e-02 -1.312376198041716293e+02 1.967647148317734906e-01
-4.404167359291309425e-01 1.310371229381619571e+02 3.137988575023901994e-02
4.172309541943855038e+01 1.063371379755386101e+02 -6.277912396578541276e+00
-4.219858933589449634e+01 1.063235461704096991e+02 -6.251182232964058727e+00
4.198991584785813558e+01 -1.067695363239436830e+02 -6.343294509104038248e+00
-4.212000577182683259e+01 -1.065630682081934282e+02 -6.272169271319749662e+00
2.918322509794319883e-02 3.733277273368112437e-01 -1.332696899255157952e+01
4.188810198997921219e+01 1.063769787403741276e+02 6.302621609514853951e+00
-4.223771872940243099e+01 1.063356164649121354e+02 6.311293436452160677e+00
4.183526992890571705e+01 -1.065981991386427978e+02 6.207240206130687277e+00
-4.227730602780786029e+01 -1.066807552810975182e+02 6.501148653904424535e+00
2.866417085677054333e-01 -1.259407698539303511e-01 1.352179161447893030e+01
-1.078745982255863254e+02 -6.469397652935580822e+01 4.253307652094275859e+00
-1.077967486273480802e+02 6.489857913763448494e+01 4.471355390377913075e+00
-6.658328875188131235e+01 4.100989195839869694e+01 1.057536026153932696e+01
-6.645148277694781314e+01 -4.107223105664277085e+01 1.056108237131845229e+01
-1.077897121074791471e+02 -6.455675010817040516e+01 -4.197694906933532977e+00
-1.079982352808382728e+02 6.507867270161565898e+01 -4.525069741286864122e+00
-6.645170911843075601e+01 4.091987406235227809e+01 -1.075853924600537859e+01
-6.637884157048732447e+01 -4.124605682624585512e+01 -1.049167022578595798e+01
-1.318725755297949718e+02 -4.919652181120850315e-02 3.301988662852956696e-02
1.078140786548481884e+02 -6.492658258731206899e+01 4.220711668196451605e+00
1.078804742831808738e+02 6.468939945152332882e+01 4.273830102633079164e+00
6.652725172998742664e+01 4.121069153845559185e+01 1.065815193369388503e+01
6.664310360022862767e+01 -4.107717111714493541e+01 1.056211862812830660e+01
1.078971350721442946e+02 -6.484783535668820775e+01 -4.097618949163257973e+00
1.076200312629953117e+02 6.515324287847077755e+01 -4.360858766931290376e+00
6.676264636014725795e+01 4.067171429363358470e+01 -1.055438046030966248e+01
6.639649642341396429e+01 -4.111597172240809783e+01 -1.055380240386168111e+01
1.321644333972692209e+02 1.232967502644650472e-02 -9.935416135027416717e-02
3.589341177727752807e+01 -1.256360471502368341e+02 1.023155563480453688e-02
-3.529771751158596516e+01 -1.258048702905217198e+02 -2.925572647745071538e-03
3.589220244370007151e+01 1.253903766004540614e+02 -1.645057666166707677e-01
-3.703620657945277372e+01 1.254819051452984553e+02 -9.851529766980510194e-02
5.744245233243869819e+01 1.127362264374978054e+02 -2.959085521869618596e+00
2.175485484777486533e+01 9.219328836929366844e+01 -9.266988310098112080e+00
2.202875387242270477e+01 1.246108629553818190e+02 -3.496379364134209577e+00
-5.771596219329184407e+01 1.129211863060159970e+02 -2.812697132777175923e+00
-2.172587746838514278e+01 9.263193281326444151e+01 -9.155402124986535384e+00
-2.220932739192847905e+01 1.247516788206910405e+02 -3.612415906967313628e+00
-2.808950083358294214e-01 1.128169210489892151e+02 -7.054120424863825178e+00
5.787973407071887522e+01 -1.130111760767548930e+02 -2.814768165086291241e+00
2.181245441224849912e+01 -9.255537625478510222e+01 -9.247267066189651885e+00
2.177029337298013090e+01 -1.248401988199447601e+02 -3.660661514405983752e+00
-5.826123598446476137e+01 -1.127197760414049412e+02 -2.979655858638802002e+00
-2.177373227629195895e+01 -9.238125490301891318e+01 -9.221686575402253894e+00
-2.196954533956612110e+01 -1.247284603306029425e+02 -3.539536839180364769e+00
-1.310811054087211158e-01 -1.129418864341368476e+02 -7.061871260179303889e+00
7.357075666453842533e-02 3.779177807761178798e+01 -1.308155758340025976e+01
6.480894591836508511e-02 -3.740958562860876668e+01 -1.281812636732516530e+01
5.776816459595396935e+01 1.127136646997052623e+02 2.846129817611332324e+00
2.169839995545543587e+01 9.237136399757631011e+01 9.251571721467039211e+00
2.189487976545896686e+01 1.244793282870966067e+02 3.449324673879787806e+00
-5.800999251433964332e+01 1.126919634002532717e+02 2.762868327310243899e+00
-2.189748214576637153e+01 9.246434948750594174e+01 8.960766516973999174e+00
-2.196368607457352340e+01 1.247894599346370086e+02 3.486568802948244894e+00
-4.399884080445907175e-01 1.126083285673508669e+02 7.043515746204700001e+00
5.750468459939741450e+01 -1.128291706066673328e+02 2.775344664096126124e+00
2.194833184484452815e+01 -9.210566765088893249e+01 9.070247059033032855e+00
2.179845364355841397e+01 -1.249158823708147992e+02 3.656914250900655361e+00
-5.826588961013904822e+01 -1.125965001742125366e+02 2.960613506623074986e+00
-2.159894603087010978e+01 -9.266647903828626909e+01 9.349964616846893506e+00
-2.201318656869209178e+01 -1.246072435935750349e+02 3.452515210599511164e+00
7.183060291787016216e-02 -1.128023807983945090e+02 6.946314544144239989e+00
-1.897778843257751369e-01 3.746313032325395653e+01 1.301797719001945985e+01
2.173915070277059880e-01 -3.761787016725046584e+01 1.309322542674309453e+01
-9.197662142275579811e+01 -9.282098731040335338e+01 2.150518438273249178e+00
-1.131619336300679066e+02 -3.405423662144392694e+01 5.560561652229512042e+00
-8.031602618488771839e+01 -8.954631357483820864e+01 5.688089388175027850e+00
-9.065031031387670168e+01 9.450012713695402056e+01 2.033019871576809745e+00
-1.135099904997933464e+02 3.387418445369328879e+01 5.606030199717806362e+00
-8.064995326948387344e+01 8.944858475325044367e+01 5.711961450022933207e+00
-3.622077486855121009e+01 5.951952229529164384e+01 1.172932415953238561e+01
-9.239154839261992436e+01 2.103413419773723092e+01 8.732818156824667000e+00
-5.803098756546999937e+01 7.850421725633391645e+01 9.117384733423190113e+00
-3.416609322034995699e+01 2.246465637488915235e+01 1.277658680481029130e+01
-9.138316396448438184e+01 5.505204825215278674e+01 7.415908958364257231e+00
-3.568636997956649992e+01 -5.938684795580161335e+01 1.182717144296726275e+01
-9.238410182500923895e+01 -2.081205971329113780e+01 8.912226543971334181e+00
-5.766481332194828724e+01 -7.857815545416640646e+01 9.252985954014501857e+00
-3.381671997173044986e+01 -2.248978438368579091e+01 1.263908648213591590e+01
-9.099335469837151891e+01 -5.528301432865920617e+01 7.554686047688179862e+00
-6.855957202160728059e+01 -6.832679169513715400e-02 1.112846569559947696e+01
-9.157781361861754021e+01 -9.290740232254276521e+01 -2.048327925093944568e+00
-1.133686273202999075e+02 -3.396667728387883045e+01 -5.490548901348802247e+00
-8.021042970177018105e+01 -8.939336541305478079e+01 -5.736303361675398449e+00
-1.105338803240407373e+02 -7.253568328771170570e+01 1.499672921280802325e-02
-9.091731369606361568e+01 9.424733646431693046e+01 -1.831508544646691883e+00
-1.135316724938187321e+02 3.375345080758155092e+01 -5.497991365161063904e+00
-8.049564455771465532e+01 8.983244326997694884e+01 -5.724819471178630437e+00
-1.098168825174017940e+02 7.408132374867689407e+01 -1.078528380119690017e-01
-3.619447415909237264e+01 5.956381480118714933e+01 -1.166366616035342574e+01
-9.218725937652000368e+01 2.062476603395928620e+01 -8.689841403078078841e+00
-5.833099677378834258e+01 7.849543015414126046e+01 -9.337625803738157870e+00
-3.413353637863635726e+01 2.293658852894752087e+01 -1.264280585035561444e+01
-9.156802378072801218e+01 5.528963602463795013e+01 -7.545791049757454516e+00
-3.564364527523171233e+01 -5.922824675639854775e+01 -1.167053310557380996e+01
-9.227653351491494504e+01 -2.079112248479966851e+01 -8.694235854256179508e+00
-5.751156389128284019e+01 -7.847776641038673517e+01 -9.346272949807339359e+00
-3.397030937000457129e+01 -2.255599400961132517e+01 -1.281400737415514968e+01
-9.130204853611269300e+01 -5.520726659413939785e+01 -7.310057633986541958e+00
-6.849601140166086566e+01 -7.393302220026720661e-02 -1.068238625910495365e+01
-1.267503310555647857e+02 1.693820172354619791e-01 3.301093206174142480e+00
-1.267944105485450308e+02 1.818025767916773561e-01 -3.246519419880505186e+00
-1.254080331622861308e+02 -3.317020762118293220e+01 2.236851539191643479e+00
-1.254627077179260226e+02 3.353347347667460809e+01 2.480444677493148120e+00
-1.253752599750573182e+02 -3.323325256794202431e+01 -2.126206543330342313e+00
-1.254676390620066400e+02 3.359628245204359587e+01 -2.490914072429009973e+00
9.085192673672385411e+01 -9.377889335154344508e+01 1.841748440234200590e+00
1.139299326869672626e+02 -3.376296154755166867e+01 5.683003589749563211e+00
7.998996717234038556e+01 -8.949809127692196853e+01 5.525248112641465426e+00
9.077178193419325680e+01 9.379419068000635207e+01 1.952211680615178580e+00
1.136997569659603755e+02 3.367589083553117746e+01 5.607025607169540571e+00
8.014813694288454826e+01 8.950477187683112845e+01 5.643499050275750051e+00
3.562631633447452373e+01 5.921709234796566079e+01 1.159097436804614745e+01
9.236208673597131735e+01 2.096336005013362325e+01 8.714077652014468711e+00
5.778422569606103565e+01 7.821982000234008581e+01 9.308601565726055682e+00
3.378721629136888538e+01 2.267306279896480348e+01 1.268354172586807316e+01
9.176627562904269553e+01 5.485545554662407142e+01 7.417847837347219198e+00
3.584844201602977876e+01 -5.927475155918398286e+01 1.194765744123015416e+01
9.225363800581099838e+01 -2.061731620754541083e+01 8.770662023843447841e+00
5.819833769917407551e+01 -7.835580742570193991e+01 9.211712067412495486e+00
3.428399620654136726e+01 -2.261064134026436889e+01 1.282481493039543352e+01
9.190710990816786818e+01 -5.470470675453817933e+01 7.432509339217943989e+00
6.858470259217307330e+01 1.954741570354192048e-01 1.090558814407225974e+01
9.116734289629529542e+01 -9.364548318956889261e+01 -1.803181271066081059e+00
1.139499612953636785e+02 -3.385124531473064025e+01 -5.763524239663014193e+00
8.037956115962997217e+01 -8.956302321868440686e+01 -5.715994374512325393e+00
1.094695610722298227e+02 -7.400492065067072645e+01 2.553828432315362676e-02
9.138346028605545257e+01 9.329480683924687412e+01 -1.881349735592356076e+00
1.139918229784601351e+02 3.373228151554870635e+01 -5.686046227998228453e+00
7.992606361248171254e+01 8.987979071804645059e+01 -5.341637673672247288e+00
1.102182685319404385e+02 7.328877784887779967e+01 5.460813112362566252e-02
3.616280959426369890e+01 5.935851016616219056e+01 -1.178448766896094391e+01
9.260880437120327713e+01 2.051266049968786120e+01 -8.888723455764326431e+00
5.810711400585508812e+01 7.828941189461171746e+01 -9.091569000013352664e+00
3.422845815533394642e+01 2.264038798393765717e+01 -1.275106123610964381e+01
9.188685123868540927e+01 5.487519241511613899e+01 -7.538664540363791744e+00
3.581326403379592449e+01 -5.925142016108459586e+01 -1.180300707285833006e+01
9.229564774979860431e+01 -2.088207179320565743e+01 -8.637917495637854159e+00
5.788467307754615376e+01 -7.855876486568404005e+01 -9.252162645659774753e+00
3.404953225609956746e+01 -2.242402015021449202e+01 -1.258041670469602735e+01
9.158859467723398495e+01 -5.476960359818021828e+01 -7.482701632619035870e+00
6.851647280012890917e+01 -2.185266136707049167e-01 -1.095193341259148667e+01
1.270165723226789822e+02 2.290183501353915962e-01 3.216172212413396458e+00
1.269476637693247199e+02 7.174065295176744461e-02 -3.356734684114710543e+00
1.256878378011722361e+02 -3.387988720131995279e+01 2.365922008944487231e+00
1.256808824123994981e+02 3.369033843711025611e+01 2.438088199625489505e+00
1.256491259803331104e+02 -3.382716017925051943e+01 -2.657278079477616739e+00
1.255213863828366669e+02 3.401082863401780543e+01 -2.338117709931022414e+00
