2.240575661117395700e+00 -1.499854598197086109e+00 1.459724215836266437e+00
-1.888952001999594510e-01 3.405596818065783626e-01 2.077620108608539518e+00
4.169789355516429485e-01 -5.594885524603668836e-01 4.356663017348273992e-01
-9.442063876834256853e-01 -2.936015792814772873e-01 2.456859686399965437e+00
-4.037018678302041197e-01 3.678273603674726000e-01 1.215347240614325086e+00
-1.345235073142081461e+00 1.579580479191414755e+00 5.626490575689641060e-01
-1.458805744732724341e-01 -4.578952712820671955e-01 4.287008500480686268e-01
1.166377824193789214e+00 -7.161318239777002791e-03 1.628875839266216985e-01
3.244117360912744386e-01 2.670711098707935216e-01 4.365666951553340280e-01
5.971605590919961681e-01 2.383424053323881797e-01 -1.263412344899011996e+00
9.528284614296753663e-01 1.068296936555368060e+00 -4.444865871512113653e-01
-4.527309113186254730e-01 -1.066840706897902669e+00 -1.750130910290077502e-01
1.277191883972002284e-01 8.124426200730956449e-01 -1.216297438643986872e+00
2.629575032052919314e-01 -4.140969261121567047e-01 -1.593756732469970183e+00
9.076591651918619608e-01 1.933402222166427376e-01 4.821134607747257217e-02
3.758720510374397583e-01 9.555671765189115430e-01 1.057648842737538786e+00
3.648866263411105204e-01 -1.226077284386235755e+00 1.397777843457974845e+00
2.790447392843919405e-01 4.852998757665437091e-01 1.307395170272889651e+00
4.212786091095853114e-01 4.678727110916786613e-01 3.370558051659160448e-01
2.113182025710745204e+00 1.415410367433126426e+00 -8.155734984281465261e-01
-2.982501376507826762e-01 -2.689881938738701295e-01 5.255357894100192162e-01
3.226447757645886649e-01 2.737242786769257252e-01 4.219236641199622939e-01
1.214804402653604010e+00 2.116902934855556251e-01 -1.028670720388703330e+00
3.802282242633703291e-01 2.045636704854243870e+00 7.283925608838556220e-01
-2.366432838479494372e+00 4.453922916151261679e-01 3.560513516507354259e-01
-5.950077560704927215e-01 -5.523977394317812761e-01 -5.958564070031541204e-01
-8.230849762031091643e-01 1.229880211993126471e+00 -1.682413727073303944e+00
-1.238304753343715259e+00 4.981994542566507422e-01 2.162641757862980629e+00
-3.821645922714885790e-01 1.981248617962670489e+00 1.696493625662148341e+00
1.824745522461513059e-01 -9.931693169287868495e-01 6.193746687329293454e-01
9.495568300479366730e-01 1.072849453288830412e+00 -5.349589782866446264e-01
-6.541657672876751706e-01 2.677378864933399605e-01 1.125827498725498366e+00
-1.976455049930526231e+00 2.216886085209036850e+00 -2.307701046941286194e-01
1.489426390089697572e+00 5.685868462533680834e-01 -1.611961323701540660e+00
-1.168819990271166009e+00 -1.026382621216779478e+00 -3.018836054409195779e-01
1.227698133187810736e+00 -3.935540135859823541e-01 1.820817739011140191e+00
1.325914697060927017e-01 -1.436219295834278098e+00 -2.074526834762468130e+00
4.484673344476391987e-01 1.488922735374442530e+00 6.285448362347093587e-01
-6.588341516131475117e-01 -7.706944232114956161e-01 5.090273494942963994e-01
1.574196955416019145e-02 1.180043439720330101e+00 2.678402744049858675e-01
-3.135199163550299595e-01 -6.896004910389338383e-01 -1.184414870793472074e-01
1.474581119194415146e+00 -1.445462728851290457e+00 2.673865954596197358e-01
-7.880452054227581327e-01 -1.747335460480025152e-02 6.024005793425937783e-02
-3.253381153064234810e-01 -3.922043196048982661e-01 5.566117242762608219e-01
8.518616049336111273e-02 1.470178816693162194e+00 5.435339901565282572e-01
4.005054581720551288e-01 -1.585230640703625182e+00 4.048385566841332106e-01
3.450927863511936144e-01 -1.006892848761712367e-01 7.888628438788081176e-01
2.493190975156278355e-01 1.012833559074638456e+00 -1.030521180790013869e+00
-4.358535053059804931e-01 -1.136732604446816008e+00 7.163579127614215780e-01
1.690852861146951713e-01 6.429316730886470710e-01 1.933834772158251170e+00
-8.947281548071429613e-01 1.465302608659109884e+00 -2.233805799045439355e-01
8.380823070899107163e-01 -8.487585121435310409e-01 1.446463088721904988e+00
8.323265670085513990e-02 6.981897226491434738e-01 6.952517159242663780e-01
6.430211437218046333e-01 -2.541049787383645731e-01 -1.655808362409404655e+00
7.949514414677527618e-01 -3.194545666566168673e-01 -6.686354390538729042e-01
-2.057472609055625679e+00 -8.814819342927951995e-01 1.468013938760094339e+00
1.634564131682870736e+00 6.882045253232597082e-01 3.049238645719593577e-01
-4.385848542594706356e-01 -7.039767370944312042e-01 -1.125316475973664909e+00
1.456375055537754148e+00 -9.890310271686757193e-02 8.137828350248719200e-01
4.791035739876982058e-01 -2.071431933650394352e+00 -2.071614076513516700e+00
-6.475826088543206183e-01 -3.668080568727000723e-01 7.741014540303888802e-01
-4.534075754293174776e-01 5.012632887389207870e-01 2.270122123287598548e+00
1.219226899671439074e-01 -2.277254381401598582e-01 2.125722409960095205e-01
-1.636894092452390925e+00 1.012580485026680410e+00 -2.225192514262289922e+00
-4.269086284914072049e-01 2.396725372445233232e-02 1.049639883470594892e+00
1.532523233552221864e+00 5.578104212610770496e-01 -1.864566385199373511e-01
-1.241475085250591359e+00 -5.605681784900679032e-01 6.445401528992888984e-01
7.320924361602056119e-02 -3.773843917088263722e-01 1.067927843395445192e-01
-1.910385338618498519e-01 8.995830642981558212e-01 1.343694769020400415e+00
7.443172429286499803e-01 -2.725221306091131224e-01 1.329800876226834294e+00
9.231162393016026924e-01 1.459546144206533169e+00 -1.768144727856423959e+00
3.970771049627598859e-01 -7.209358195715668272e-01 -1.526434968215384380e+00
-8.729347758416309278e-01 -1.611368748624337766e+00 -4.519869995440399801e-01
-3.036071090578317255e-01 2.038512181996707362e+00 1.556967510737057303e+00
-8.679019951865743487e-02 1.219033087899490386e+00 -5.804323272639126952e-01
-1.841805563478208507e-01 -1.020127516643147603e+00 -9.853129253004141441e-01
-2.259330413843799512e+00 1.015134420645478069e-01 -6.272064706385341859e-01
-7.607323585661889265e-01 -2.425501849387727213e-02 -6.276190332777631387e-01
1.224180354539045057e+00 -3.412526492271422685e-01 -8.042383608747009083e-01
-9.585179558951295586e-02 4.026444356648525846e-02 -1.421317905275766069e+00
1.721981464919699611e-01 -2.688786752827155846e-01 1.924596003425963708e+00
-1.367291724617101023e+00 -1.130104367557229761e+00 2.288035721637264874e-01
-1.690230762182521607e-01 -5.560263446726370073e-01 3.382459449841010435e-01
-8.723483711503658700e-02 8.431218668835139818e-01 -1.926443796432061095e+00
-8.555448782700986188e-01 1.058094767344363252e+00 -1.281937539438847251e+00
-3.650118651528646563e-01 3.154661239031930076e-01 5.764373320664718525e-01
-4.840201915954462364e-01 -1.384838337940798692e+00 -9.619852421405022946e-01
-1.448281040332332070e-01 -1.761866026538576824e+00 2.010300585016365216e-01
1.051168364454152737e+00 -1.158705354829235645e+00 1.910082094432214925e-02
6.440024671113755428e-01 5.130400828797369028e-01 -1.590536832392480671e-01
4.769609550172017598e-01 -6.844078438415256149e-02 -1.640472584308517723e+00
9.384909665937392065e-01 7.237463244447773780e-01 4.767968558569731230e-01
-3.012384827217142735e-01 -2.383726679947295313e-01 7.589110570582797846e-04
-3.140327111845195307e-01 -1.238226264273945887e+00 -1.122417041388495962e+00
-1.442906947486244928e-01 -3.267276840748426503e-01 1.533114660624609549e+00
1.559484034378945339e+00 -5.680821857623415960e-01 -6.979824646276595601e-01
-1.494893992133066174e-01 -1.023543534315667580e+00 -1.687739439333792557e+00
2.763399837037658346e-01 -9.472193056845790160e-01 -6.481865734109593102e-01
1.394644918536211975e+00 -6.136645254259263105e-01 -4.138514702469435758e-01
-9.638070758570106422e-01 -1.129901284836456687e+00 -4.979659600771924599e-01
-3.957418014144970519e-01 9.829236353651845670e-01 9.127279247600517120e-01
4.115283150679310276e-01 -4.615490427098855042e-01 2.987544024123450770e-01
2.147344203134919638e-01 -1.307243072899729075e+00 2.271727787551602318e-01
-7.000586204219750863e-01 -1.622833215369494653e-01 1.153297154656245160e+00
9.212629289493635687e-01 -2.660278402932036546e+00 -1.755142891716779729e+00
5.529472912961602704e-01 8.208854033016291796e-01 5.091495534397408873e-01
-8.989032674015640101e-01 5.558287015213602134e-01 -4.665243123757698562e-01
1.048388884331667104e+00 -5.213121492549055436e-01 6.196628856367721871e-01
-1.509978416433447546e+00 4.727807309036841654e-01 -1.081961532545385740e+00
5.379548736078910709e-01 2.137756280724172619e-01 8.249266874023609697e-01
1.425954210819750101e-01 1.547089954336430262e+00 2.564812058478997403e-01
1.622709584503521929e-01 3.342151139747880362e-01 5.501733332158366130e-01
-3.941793564740362354e-01 -1.090469095337055494e+00 3.760947115027811760e-01
-6.003854456904258452e-01 3.812836289664052192e-01 -3.186638910436069283e-01
1.001139062204425695e-01 9.649894081851100314e-01 -1.688189144808714126e-01
-1.207586239987751275e+00 1.245025198617617512e+00 -1.002965840203219550e+00
-6.199073553350640392e-02 -6.499512217151270921e-01 -5.407167334918260293e-01
1.309000764051953647e+00 -1.024328301615639480e+00 8.046141403762301081e-02
7.044618431400407887e-01 -7.099445673610173257e-02 1.564255929023700586e+00
1.198248681522708692e+00 6.991238624143873981e-01 3.073206068904159038e-01
-5.178376088360434060e-02 1.715328507919285483e+00 -1.707440619910675916e-02
1.382945798418302896e+00 -3.421572527178056711e-01 2.513873654466231566e-01
-1.293295995413879185e+00 1.611584907903510500e-01 1.570076335877545803e+00
1.402825841036105414e+00 -6.930928455390366061e-01 1.034235599762515667e+00
3.678451997830984865e-01 -8.163904693203144491e-01 8.772874273143947688e-02
-3.653840773337040937e-01 1.039472262544498093e+00 -7.302956828934780154e-01
2.396573427419369795e-01 1.290939839180193616e+00 1.159369663899511460e+00
-4.659226976090165562e-01 -4.306320910147450887e-01 2.333617719255351719e-01
7.365016522313574399e-01 7.197673942852427231e-01 -8.423752459188428299e-01
2.583726743700824613e-03 -6.926222037236884344e-01 -1.631546291141186544e-02
5.271118029559944684e-01 6.423966534763417835e-01 9.665621469042026126e-01
4.591518578089440195e-01 -1.388755343213352367e+00 6.168863668023071289e-01
9.803162802220001248e-01 2.227313853343143357e+00 4.499488442695050439e-01
1.579540551240058655e+00 6.245930525265211974e-01 3.194311910881562633e-01
1.344883796563521194e+00 -3.086435122210464121e-01 -9.865927517504875510e-01
8.452474064067090342e-01 5.123425997547039756e-01 -1.998225459523204628e-01
-2.506717121106952217e-01 3.458789185285463530e-01 -9.675565023874356241e-01
8.333122094378179190e-01 -1.677673091534059191e+00 9.985252609898844778e-01
-1.774501839769818679e+00 1.175143947029964275e+00 -1.969666169991900473e+00
-6.976339944462346676e-03 1.999190685606368478e-01 -1.290718068391760953e+00
2.157548081521122540e+00 1.192256485949201306e+00 6.164654799138796770e-01
1.661627081469537526e+00 1.056450789784951549e+00 -1.481165060980992987e+00
-7.811718222683534663e-01 1.288056695991460998e+00 -1.719655572729531512e+00
9.034753214653048481e-01 -1.203928851146169599e-01 -4.626114016538401819e-01
-2.206539782282698758e-02 1.239998669664478248e+00 5.088106653958107684e-01
1.171222184859374460e+00 -1.658891345925234961e-01 8.391433100611271900e-01
-6.336159250171757851e-01 7.201653536004812839e-01 5.902420886389397013e-03
1.259472331557368152e+00 3.656359117074978737e-01 -5.791438268243849219e-01
-4.312285865360990234e-01 1.269636187447044096e-01 -4.515420097579610492e-01
8.715500777924136688e-01 6.891346039454308847e-02 1.773029532984441214e+00
1.022734030838863495e+00 6.982895313256088921e-01 5.467108686569019937e-01
8.180571744356874841e-01 3.845164280090134223e-01 2.832341591025443472e-01
1.123379511192021674e-01 3.722530828153532423e-01 -4.016499663934226527e-01
-4.510446618241556460e-01 -2.026481034350072097e+00 2.841682871256077103e-01
1.885857686179704118e-01 -2.041710431942122650e+00 -1.334407492903486314e-01
9.079615547925660168e-01 1.359583189494649291e+00 -7.620795742254579119e-01
-3.098538473323800280e-01 1.840029317942518894e+00 1.478502610758926084e+00
-1.105683025574403677e+00 -1.005770694953359357e+00 2.705496403594440102e-01
2.053669049158044935e+00 -9.092172128890798786e-05 4.524789574261321445e-01
-1.730415283255997139e-01 -1.548332103749858524e+00 1.681549570528871218e+00
-1.089591940535527215e+00 5.118028055553896713e-03 -8.196723807999569678e-01
1.779168110884316867e-01 -4.703758214015312245e-01 1.105551996273919757e+00
5.215295631215495220e-01 -1.002417507979841194e+00 -5.884394452382134544e-01
9.217631310335917538e-01 4.951047093974452196e-01 5.846951638130818418e-01
8.526323161453368549e-01 -1.296959599728370272e+00 -3.269341526422744337e-01
-1.402351055547180536e+00 1.348182158393785413e+00 2.493031273130110470e-01
5.087955853714557497e-01 -6.208913473096216995e-01 -1.468103310288493835e-01
1.230327210561649176e+00 -1.346833716336264031e+00 -1.374655393278136017e+00
-1.195118402079125841e-01 -4.977887353059916586e-01 -2.374953804240296784e-01
6.939586966526878342e-01 1.311526596308218162e-01 -2.328762863844944686e+00
-7.612895073579867278e-01 -1.823501381253776407e-02 1.274233510939506653e+00
-1.116768641067097112e-01 1.876194211950104274e+00 -8.062132613543877557e-01
8.304814458516233122e-01 -7.391934940566357026e-01 -4.268019198511927570e-01
7.618247162457318922e-01 4.139007698394951001e-02 6.921850320080176200e-01
-3.639606113578253144e-02 -3.746165871583297391e-01 9.944997445254428747e-01
3.150937689650844947e-02 7.651076549811416383e-01 1.035261928803812959e+00
-3.560646381367893465e-01 3.360655828832745211e-03 -8.724362458413648103e-01
-4.831888961411668904e-01 3.026781539876816640e-01 6.962481699242865085e-01
1.334733034703044774e-01 2.077936315185533456e-01 1.057328138637209536e+00
8.350228860346593507e-01 -9.691060153071272554e-01 2.382697772321308582e-01
-1.187011723213262426e+00 -1.338251873822165761e-01 -4.290614841140349411e-01
7.203908972013521594e-02 -3.433387911206650100e-01 -7.137791098652744859e-01
-8.125107102814987936e-01 3.212425846481846148e-01 1.733754682464746788e-01
-4.836562773870978771e-01 8.502762739874967224e-01 1.309397971151018969e-01
1.057931436208179976e+00 5.982067926519142320e-01 3.939051315083633154e-01
-3.711598977162984259e-01 1.071019757249326965e+00 8.491659961417243885e-01
1.575846032099606830e+00 -8.828518590475888939e-01 -1.246913186514112537e+00
6.104238913555197765e-01 -1.964023044767621295e-01 -8.906236815594060774e-01
-6.337089746234771948e-01 5.947862734140331176e-01 -5.753854231998026814e-01
-1.048699926678295702e+00 2.160828708356142158e+00 2.386676693659144366e-01
4.152686631505632109e-01 1.057399112655766693e+00 -1.578580370281436884e-01
3.945579769390518132e-01 7.447526237290480466e-01 -1.647072033651022060e+00
7.750606169202349793e-01 -2.946437685589081701e-01 1.768796049292434613e+00
7.716531275512831245e-01 -6.628242621574286231e-01 1.669141646622080755e+00
7.783254028584823958e-01 -9.991934316332766741e-01 -1.054774262519431627e+00
-2.949696067327330362e-01 -5.012926145547669243e-01 -6.814840611402697146e-01
4.902346379504434748e-01 9.097603492834639427e-01 -9.001548389293418939e-01
-8.666305835866451313e-01 -2.740961127552367649e-01 1.560639995418116044e+00
-9.642045480228577103e-01 4.692675906422880128e-01 6.483367716485637366e-01
-5.102164129796898234e-02 -1.885020557215922654e+00 1.604420366325918709e-02
2.508137442089840990e-02 1.460009226860373932e+00 5.555275905025770511e-01
1.012534174410726573e+00 5.512021891637108872e-01 1.544547421974601153e+00
-5.610777718358684885e-01 5.080133244508076018e-01 1.550811012650987974e+00
2.625542480646760324e-01 6.496153336276949686e-01 2.204248780731706339e-02
1.196142975098030803e+00 -4.343919386975169106e-01 -9.248508213222244034e-01
-6.098551827344980691e-02 3.817342655677501417e-01 4.525752333970148311e-01
4.682830707689042415e-01 -2.835708478207880634e-01 -2.129048043520226141e+00
6.493706340095850571e-02 -8.783809421367922976e-01 -8.274175964977430464e-01
-1.591207364518522294e+00 -1.025476295920773939e+00 2.375293894675303136e-03
-5.389065947353067765e-01 -6.507757969380241203e-01 -1.480555611072483346e+00
-6.836947680951959150e-01 -1.570468381439412031e+00 -5.737351305135647284e-01
1.292737413005291325e+00 -1.167618654878833651e+00 1.159228975292256880e+00
-2.605521782588022042e-02 1.723047413460480515e+00 1.326384092240830981e+00
-2.345678726717476820e-02 2.153483783280878416e+00 5.468619159274983321e-01
-6.360085523629349646e-01 -8.057320666014888833e-01 -6.703031042486871094e-01
9.824623655831258295e-01 -7.863259858486669474e-02 7.911625071388448394e-01
1.796582242838631105e+00 -1.782966300364096091e+00 -1.529820859885583140e+00
1.241090235547139820e+00 1.576855690480792882e+00 5.646968515220370799e-01
-4.709713360905363327e-02 -3.762672893225085802e-01 7.379480921582964870e-01
3.857766430427559401e-01 -1.504131880393560827e+00 9.565035606332379370e-01
1.944321116200328659e+00 -4.793799387638966042e-02 9.402209291909553457e-01
-2.554496321491029828e-02 -2.015031666699328428e-01 -6.227426103459020590e-01
6.918980511837135028e-01 7.593137450967081259e-01 6.953069908831417401e-01
-2.569503354920670835e-01 -1.305872589132956563e+00 5.185289387762860303e-01
-1.680508205398475452e-01 -1.274965259438459952e+00 1.314379239369111059e-02
-3.516178307951989962e-02 4.612669797738167682e-02 6.969910050392456036e-01
5.438591728812843806e-01 -1.619126792892271238e+00 6.658251887172944583e-01
-7.403141385617838521e-01 2.799559253877145437e+00 -1.026142777717855115e+00
1.447248029969899763e-01 1.427157908849234991e+00 2.829121329283221797e-01
-9.972615161498800118e-01 7.173933198827605606e-01 -1.591358368069974549e+00
1.415940477447173995e+00 -5.007459001865459669e-01 8.493672561933936216e-02
8.932394225612783067e-02 -5.016870057966439367e-01 -8.125516028681284419e-01
1.024847368177486340e+00 2.293597302154186668e+00 8.998818644969804881e-01
2.444497568578551383e-01 2.244436491081076124e+00 3.985770941452141392e-01
-7.396463791267125776e-02 1.322597497641470943e+00 -6.234627729226792647e-01
-1.105761386345583075e+00 -7.056244490550884763e-01 5.039177446488360967e-01
7.857924325453861103e-01 1.470344164961599753e-01 1.232995382917552590e-01
3.349038667777451406e-02 -4.688672793568863795e-01 4.932068653982443207e-01
5.842497801807172708e-02 -6.969225219084208556e-01 9.511883213569788387e-01
-3.645075755783306892e-01 -7.000362318672239681e-01 -1.786199226475797985e+00
-7.368723003578564468e-01 -5.597932282615160071e-01 -6.004363108778127955e-01
-3.504976327087651056e-01 -7.132801270356844414e-01 2.169521501922966611e-01
1.653746887493318940e-01 4.989780876975307700e-01 4.627429343603573497e-01
1.323089162098182614e+00 -4.843563631714039586e-01 1.964030361083041187e+00
-4.789072909867030936e-01 1.205680680114689096e+00 1.417723604286979210e-02
-4.207397157168132895e-01 3.167035331775739510e-02 -4.397964503898051380e-01
4.133049121905478240e-01 -1.842313142595628506e+00 -9.270719387505181874e-01
-2.743670275650054169e+00 1.323439620091588331e+00 -2.662782581541903171e-01
-7.418498752870579249e-01 2.039394314663877106e-01 -1.982640029896786338e+00
5.396065602000387207e-01 1.535058260993355794e-01 -3.144999282691102738e-01
-4.458437038860832979e-01 4.327646336968452023e-01 -1.462752084904645589e+00
1.337167695425351299e+00 9.270870037909691996e-01 -6.445736769500579610e-01
1.051226482994952194e-01 1.178656948242648550e+00 7.880013427088753408e-01
-4.890158950899509138e-01 9.834195007457952054e-01 6.073179373864336927e-01
1.090963821449224103e+00 -1.901452824930631502e+00 1.840244626000776318e+00
2.616083779636580786e+00 -2.427240968644440999e-01 -8.134969468033780016e-02
1.870734182104311083e-01 -9.797346434860201292e-01 -1.059944308748184794e+00
-8.645012111459405846e-01 1.090378746917693542e+00 -5.767042166857615504e-01
1.782974674197484732e-01 -5.745482030024117170e-01 -6.940702759918213616e-01
-1.257159272699966523e+00 1.601188846467070048e+00 2.791621888779566851e-01
-1.286342810585068941e+00 -7.848064525036163586e-01 -8.772202521557537214e-01
1.719003048904178765e+00 -8.102926713633411548e-01 -2.725612851448909746e-01
1.074062564684287402e+00 -1.171580627094788857e-01 8.852081412467501798e-01
-7.114500759702921395e-02 -1.393216715606284128e-01 -7.909174838160312193e-01
-2.169098622673538035e+00 -2.751408625601637681e+00 1.448825211098121013e+00
-1.721729841525856841e+00 1.514821013092242374e+00 1.118642653419451571e+00
-1.554896851541273772e+00 -1.233403124800174666e+00 -3.258341066695817356e-01
1.030394425263635894e+00 1.111373137898750363e+00 3.704940182281795669e-01
6.193564857330923212e-01 -2.062257703600305359e-01 2.828263994040282614e-01
7.550806827688161249e-01 1.356988950195001209e+00 -1.171010008567831218e+00
4.268767780451420690e-01 2.121925094060489236e+00 3.802687259626140182e-01
7.198102542195745635e-01 -1.607920494895981101e+00 1.014690598764211193e+00
-3.697804892292232415e-01 -1.300133782477621569e+00 -1.444556629089476241e-01
-1.502891245337266979e-01 -9.171521035918221987e-01 1.706271799711538195e+00
3.224403745775212826e-01 -9.539594122259907882e-01 -7.410487031754778853e-01
-1.864277100901804707e-01 -2.571184495093981615e-01 9.156374464903541677e-01
-1.063148362003633940e+00 -1.965551571511690299e-01 -7.595274109718540556e-01
-3.733434378998292669e-01 1.308167724044862368e+00 -1.039898388177739275e+00
-8.018071096283239940e-02 -4.126725142717732608e-01 -2.937792392243120942e-01
-5.856343496900888457e-02 -7.515108307975361737e-03 1.641122292170941188e+00
-1.764165267270042969e+00 -6.296651812685453153e-01 -1.374443865229329376e+00
-6.854369107551796514e-01 -2.878908230059357490e-02 -1.691810730955937814e+00
5.680730308609340806e-01 -5.954707427586922175e-02 -1.618927461617377217e+00
1.608207772615058540e+00 2.653163458069661695e-01 3.696668948759877504e-01
-6.295271575373687645e-01 2.002407752333848823e+00 -7.838178226090989353e-01
8.956625421625635797e-01 -5.417684845179451258e-01 9.858741348859916265e-01
3.608817464388031082e-01 -7.893562582046819154e-01 -1.589438567577677652e+00
7.843362103754879522e-01 -2.143961789934375750e-01 7.795914534650785210e-01
6.318587972202172054e-01 5.948538674299935769e-01 -2.190443934353510702e+00
-4.645670032195051702e-01 3.820353865683684957e-01 4.261241488335056338e-01
3.400057327592699297e-01 -5.808279626781329835e-02 1.665315790798131079e+00
8.780305492032250969e-01 -6.572958247465170434e-01 6.949299480308362975e-01
-4.448904151654685113e-01 -1.278086947690645625e-01 8.760401634605115007e-01
2.961653707769928423e-01 -4.459662123248021859e-02 -1.381594490450621437e+00
1.575730177603522852e+00 1.831100523763223020e-01 1.395652616226480847e+00
-9.593023264890144786e-01 1.818840951508446713e+00 -6.866127699855234523e-01
-1.496776425811530142e+00 -2.095473193088005726e+00 -1.737131305918734048e-01
-9.744494618738359648e-01 1.038090697891790759e+00 -9.519548890094572391e-01
1.943084522807737358e+00 -1.131471180693857770e+00 7.311603782091637971e-01
-3.874829853806465840e-03 6.663536419724790383e-01 7.878137225475354555e-01
1.259455470732699034e+00 -5.683586509316844726e-01 1.993422014660495567e-01
-4.297250820962087436e-01 1.494851541287169627e-01 -1.013414536522883269e+00
-9.762809137566522688e-01 2.662754725136481371e-01 1.749079882576483613e-01
8.008449366361957145e-01 -4.653161824917017575e-01 1.767282843497582023e+00
4.528190410523279079e-03 5.771199036459470078e-01 5.068282156473674638e-01
9.505221972516938456e-01 9.958075662182325205e-01 1.073425971296971593e+00
7.009893976531601512e-01 -2.016037143737752224e+00 9.048172906444269525e-01
5.339598517504354769e-01 8.502990672650497794e-01 -3.879743037643910708e-01
6.996136759143103401e-01 -3.175315411900240248e-01 -8.757106811615452679e-01
5.581068373470118305e-01 8.289031267072663467e-02 -2.050655016611357406e-01
3.635005409102819995e-01 -1.251933729499168590e+00 3.239046025841722520e-01
2.090425026298967370e-01 -8.170683304652546219e-01 -7.464595043253224871e-01
7.729144562336408286e-02 -5.177592228310143874e-01 -2.289979312464421879e-01
2.951597819201551287e-01 -1.114639300095741969e+00 -1.134809360392208033e+00
6.290736971201934535e-01 -1.436947675004098146e+00 -1.067385283600966517e+00
-9.299349340795697305e-01 1.045645714093906387e+00 -1.920624897323154778e+00
1.608102365230436662e-02 -9.624813448214913914e-01 -2.310633585636292509e+00
5.514578588572861817e-02 -7.385241057526710229e-01 -9.127736243944251093e-01
2.962880932668344736e-01 4.047038140783575932e-01 1.220218370338068903e+00
-1.250994710224374584e+00 -6.447754943826058960e-02 1.163897762967589733e+00
7.976090470292271362e-02 1.534589302909261377e-01 1.642115734987925402e+00
5.210650740041445905e-01 -1.397545019082285567e+00 -4.795694213872427336e-01
-1.281116579094121022e+00 -9.874148697328504198e-01 -8.065338066993099631e-01
-8.460278026476556468e-01 2.801494387306664446e-01 -1.575272335125956769e-01
1.288966891306453810e+00 8.475861213682091000e-01 1.295100146618914705e+00
-1.819402988840603586e+00 3.877689531915194388e-01 7.608750934379353570e-01
3.127887223437331166e-01 -3.523691804388716653e-01 8.007533961411280599e-01
-1.012101338519150628e+00 -3.022647094457562300e-01 7.745948730581109221e-01
-1.252535337036885243e-01 -1.026656934661296816e+00 9.494549609446988336e-01
9.099699855710801089e-01 -1.551997260864854400e-01 -1.428099062939385711e+00
-6.280046873875402280e-01 -6.281504255321116448e-01 -1.635592027808158155e+00
7.168345545579631883e-01 -2.749039014815075621e-01 2.791539828489369990e-01
-1.485911424430248706e+00 1.287230057665708083e+00 5.840178285940175046e-02
7.870567362711275994e-01 1.420783056118692045e+00 1.183951266794342483e-01
3.495043128426109647e-01 1.782988291089470767e+00 -5.960191584737188908e-01
4.341442172714950476e-01 4.165444137635423982e-02 1.560410881010861894e+00
3.107540776882862232e+00 -2.008613659016083020e-01 2.285572120272040486e+00
-1.628115454975626930e+00 -1.860901239900922960e-02 1.444447214136954649e+00
3.461770043406754982e-01 1.044751324180880792e+00 1.408735675069103799e+00
-2.103084306944125181e+00 1.888182278181876617e-01 -6.506063337806239355e-01
-1.521526848482970928e+00 -4.874545657363614781e-01 1.147184971014004295e+00
4.009072409530967801e-02 -1.325723865139837310e+00 -2.153426746033215988e-01
-5.112413579047531131e-01 3.473794050024468505e-01 1.487565642738468696e+00
-6.330893330221604165e-01 -5.848811388879342488e-01 1.620086412513390473e+00
1.399591404595297961e+00 3.581282368128423932e-01 1.202871248309518970e+00
-6.364631245716272367e-01 -1.724925951426467652e+00 2.895902975752522868e-01
-1.647521995249479509e+00 -2.184284780578107377e-01 -1.804845619033821624e-01
1.745089681157161010e+00 -6.638728863245515477e-01 2.468198477962967541e+00
-7.228313050223723613e-01 2.077868202604706838e-01 -2.266015457742556194e+00
5.290786512180867263e-01 8.382102000853509649e-01 1.026320683984751625e+00
1.596424620313963427e-01 -1.115497346832772907e+00 8.596691449753006697e-01
1.045264222821980615e+00 -5.434722241733774828e-01 -5.461133677336552639e-01
-1.300928017501376210e+00 -4.152554031235353715e-01 -1.334143000295602066e+00
-4.510755245148097003e-01 1.255619350307914384e-01 7.815231965126856473e-01
-1.259210624632908671e+00 -2.375864900599364837e-01 -9.885041698068709470e-01
-2.930896929881156021e-01 1.961106959439448350e+00 -5.023015029056414338e-02
-7.712735492783729940e-01 3.202522003794623373e-01 8.658284366432551504e-01
9.426720419535903339e-01 -7.408840056265340035e-01 1.290793198317848889e+00
-3.051208052872360632e-01 8.683464808342454821e-01 -8.057973780909647443e-01
1.629191319958479101e+00 -2.337371704512968940e+00 5.869510378621590752e-01
1.109330095836241536e+00 -6.905312311131245329e-01 -1.842007878589587033e+00
3.509892163554957367e-01 -1.425982702623411480e-01 1.193478371337075794e+00
1.364941022539191806e+00 5.342098407468284238e-01 -1.039919717731348614e+00
3.984724030924920446e-01 -1.105872960506579128e+00 5.696601142127243333e-01
2.946076567763086795e-01 2.826476521896676558e-02 -8.015581364574642098e-01
7.215456993431000887e-01 -5.813445165636234035e-01 -2.724221516330119996e+00
-1.106458576480606082e+00 1.864196974642305493e+00 -2.622747679268062071e-01
-3.957261423490273100e-01 1.134110074503469789e+00 6.196963975331949426e-01
-1.228025100565075300e+00 -9.142047896599182488e-01 -3.472851113437525616e-01
-6.599842149194373730e-01 -4.438066893922470307e-02 -2.743503651394870513e+00
-1.384459680589332775e+00 1.889111586393612818e-01 4.356049646535646303e-01
-1.996713484498720881e+00 -4.682529107871746810e-01 9.404999477079024617e-01
-1.392383639713140608e+00 -3.540090095503664602e-01 5.290063719781932378e-02
9.815941175179491163e-01 1.235993091551820244e+00 -6.676642237108150468e-02
3.931547058835247466e-01 8.371988426233535341e-01 2.437655034324365255e-01
-1.862805910669309561e+00 1.153790936777920884e+00 -1.929220995737889188e-01
9.325275354637383440e-01 3.663324230328874470e-02 -3.984714999269604596e-01
-5.820564128600592690e-01 4.887849326878884737e-01 1.701434856577407340e+00
-9.858992878030419238e-01 3.478586549742294087e-01 1.559659840612596549e+00
1.210374313017831494e+00 8.875484547328709173e-01 2.975408929996128937e-01
1.536237297312949002e+00 2.294415742865169860e-01 4.849349020474324479e-01
-2.962848448164004389e-01 2.409816276213102848e-01 -1.225562783803582745e+00
-8.454607350639251617e-01 1.239710971410098228e+00 1.368075780854068224e+00
-1.241962657823365790e+00 6.690966440842191498e-02 -4.582140247604390426e-01
-3.457558539910510764e-01 -4.847855619218217615e-01 -4.973793652135864440e-01
1.261762021952171686e+00 -6.328390975379660777e-01 -4.004701586590331819e-01
1.855538130463925572e+00 -7.694452130067316320e-01 6.979693555123240856e-01
-3.910631294484393505e-01 -7.625815765665162616e-01 9.470948695047063381e-01
5.002020062902495789e-01 -4.373555571825090693e-01 -7.968979727270558699e-01
1.127315523797931096e+00 -8.636397365253382086e-01 -9.736736270842117902e-01
1.798195341781815559e-01 -1.763046677819445796e+00 -3.056065380353882865e-01
2.379975005685645295e-01 1.023572040956728824e+00 -4.980583457631671540e-01
1.617114104710828171e+00 2.944987550517597780e-02 -1.692007969091617436e+00
-1.133202221652463759e+00 4.732695780491858462e-01 -1.161157372555163159e+00
-1.336674134380247958e+00 1.206037711224649867e+00 -3.227665781527656597e-01
-2.380673345753827885e-01 -9.739709330214187943e-01 2.021363989726876753e-01
1.329475371094433367e+00 -7.619274900172678944e-01 1.403229787318838850e+00
2.073678829841705706e+00 -3.358914519168977875e-01 -7.352534024888734976e-01
1.581203403959647869e+00 4.014427875164507942e-01 7.148807101263179309e-01
1.168619089550271967e-02 -1.096423181785647349e-01 -2.967852877171178183e-01
-4.261477553069605850e-01 1.224821432273680344e+00 1.460833668134332797e+00
-2.926921272494628079e-01 3.377226553981051982e-01 -1.156810256170749174e+00
9.717830389882131659e-02 3.057676100699640576e-01 4.562044654241252384e-01
-2.935274512961442150e-01 5.612378628281537996e-01 3.370643652070470231e-01
8.669822728220674124e-01 -1.376109224696115740e+00 1.406218424281891588e+00
-2.254859075381442091e-01 1.527879168445746894e+00 2.147503465290279134e-01
6.016218889867358532e-01 8.733072460517801727e-02 1.098106141802107638e-01
-1.531107723293522183e+00 2.539409832852311255e-01 -1.060279039470677143e+00
7.942197688017561819e-02 -4.583465019211596658e-01 -7.326190003818510155e-01
7.076789271420812488e-01 1.023812215511817225e+00 1.132080929286631843e+00
-5.019706291348917382e-02 6.484872864484670929e-01 -9.476928335947282234e-02
-7.013631053386847336e-01 -1.320790443008921677e+00 6.822226487634198977e-02
-2.345578825518438992e-01 8.484716985864924066e-01 1.130876891390566463e-01
-4.011588433826794864e-01 -1.021109273686955810e+00 -9.215778532507955534e-01
-2.020386194043779948e+00 1.162577975685798792e+00 2.815003325465819994e+00
1.101998340010103439e+00 -2.811509158747698689e-01 -1.785444255233706645e+00
2.057795878874376427e+00 -9.186142910080967727e-01 2.261615329203304103e+00
2.517285921333793919e+00 2.722001078798293450e-01 -3.705357884761217857e-01
8.337258296101790478e-01 -9.417323723033544924e-01 -1.698581616443897158e+00
8.428748604501637431e-02 4.084632518820238700e-01 -7.356144572376002166e-01
-6.191648759185893747e-01 -1.204047681073692755e-01 8.664900610076800014e-01
-3.826486534870524592e-01 -1.034738161074972573e-01 -1.712626309723432744e-02
-1.278696362560866051e-01 -4.281718259695245499e-02 7.580817526869066958e-01
-2.539389887838526816e-01 1.206431234008846110e+00 4.702732944955642092e-01
-7.658798973055068737e-01 -2.226386329958743304e-01 5.076612344534626731e-01
9.801799179499506298e-01 -9.695577804953762202e-01 7.757081046088097620e-02
3.501131469049276190e-01 -2.595386103179387338e-01 -1.285301465978843927e-01
-2.725938784447771157e-01 -2.741483787407893447e-01 -8.113052790417240034e-01
1.315093756581855899e+00 4.574055860080720737e-01 2.666328605457629064e-01
-1.218967319926938631e+00 -9.299156617770332200e-01 -1.045334578538951176e+00
-1.038537717036908337e+00 -8.771655120368794245e-01 6.642180519443183773e-01
2.437864873843108640e-02 -1.588165391799473136e+00 9.849209303796661874e-02
1.896085680413746588e-01 2.652358792423717415e-01 -1.564486779879040723e+00
4.540235605968343524e-01 -1.060496104691615316e-01 -9.314192114675473588e-01
1.278528971357219435e+00 1.791314906280533636e-01 5.360930834708111936e-01
-8.787862462627193949e-01 -1.512578407652159118e+00 -1.354061135361002977e-01
1.819220308468530112e+00 -1.269419729791283258e+00 4.129921445585746365e-01
-4.552233285122034845e-01 -1.485297761542504924e+00 4.148875303738741027e-01
3.256813064872043917e-01 1.313253159582579599e+00 6.207285602880934228e-01
-7.397348968498802524e-01 1.503015212151242119e+00 -1.301097902282531971e-01
1.324328420497225656e+00 -5.128561406125540234e-01 4.797596018161872089e-01
-2.528887615461894445e+00 -6.486810436267289592e-01 -7.364511450491418865e-01
-1.061874948086898973e+00 5.805810356990326326e-01 9.495808201640362212e-01
3.657632331145672100e-01 1.518864954832686243e+00 3.652967979661415066e-01
1.114159571321827302e+00 9.148759277575243543e-01 1.190631657409204402e+00
-9.484430604000517739e-01 -3.123230665926586824e-01 -2.719329505128851299e-01
-1.305605441466559435e+00 -1.946889900296286946e+00 4.814959504324540229e-01
-7.006942683034896868e-01 1.539726203388213754e+00 -1.991593300892741336e+00
1.261251148769869213e+00 -5.135164574867830956e-01 1.875856382208793915e+00
8.961838331180932427e-01 -1.504687986652728293e+00 -9.112535721868869620e-01
1.143576225939569868e+00 -1.477105056086936097e+00 -1.289621891006007548e+00
-2.153587237357586781e-01 2.231904778534810341e-01 -5.964449155202644626e-01
-1.426346545562431789e+00 -8.817334902008375774e-01 -7.270595359684867143e-01
1.778070743147305732e+00 -1.039826621190964584e+00 4.068815708275193010e-01
-1.135553810416528142e+00 -9.369720370128793441e-01 -5.762208492277638427e-01
-5.225439541934290277e-01 -1.716685947709633842e-01 9.276821542887802030e-01
1.193894012253024384e+00 1.758361841023648342e+00 -6.649214281498123658e-01
-3.723765083473435378e-01 -1.073445621720989090e-01 -4.077880473789236015e-01
7.577443016961403766e-01 1.315266499569595071e+00 -3.465399813717557342e-01
-1.657485040859175696e+00 -1.549840082603884728e+00 -6.395408219070300992e-01
-4.487713061200305220e-01 -7.150032636517076323e-01 8.307026822150533896e-01
-2.940706065571238592e-01 -3.554890666212107142e-01 8.792673845537553046e-01
2.922665907336549629e-01 1.774875751194047169e+00 -4.656517620138095337e-01
4.931213327130486990e-01 -4.488348827132842001e-01 4.589507413022098081e-01
-7.837992368606984117e-01 -4.583677800280848147e-01 -5.559498177087105475e-01
-9.563763048015052615e-01 -7.743855211974068897e-01 -1.111188388917607739e+00
2.234676195643472418e-01 1.156448251515729719e+00 6.768692921834361664e-01
6.104031165321259778e-01 8.251667129411290880e-01 -4.373294399988212483e-02
1.506561670196106262e-01 -1.608280133354076158e+00 -8.679199171589866424e-01
3.620746945366771219e-01 2.075162521082876577e+00 9.810401879838074324e-01
-1.372341127985757248e-01 1.503600169685777255e+00 -2.054904036778395060e+00
7.279064304653798390e-01 -1.678494511026723535e+00 5.792136242329493090e-01
-7.186526360655941248e-03 -2.137352087207736867e-02 2.187198432574606333e-01
1.328263975246439577e+00 -6.498547454896830278e-01 3.113340421821234605e-01
1.723672888642263298e-02 -2.862982971627284212e-01 1.405749460026318953e+00
-1.430909393949387320e+00 4.022958295929891515e-01 -9.919934777217384592e-02
5.854078854189235237e-01 -1.150983177524618872e+00 1.121063207896852987e+00
-8.119743446305832668e-01 6.794463548226585825e-01 1.620925108904828216e-01
1.263710630109766697e+00 1.719989054622166891e-01 -1.365094109240067466e+00
-3.172827885324653874e-01 -1.705659487630601934e+00 -2.615486999813859681e-01
-8.427530280897894271e-03 -8.612583628412914249e-01 2.191284952678464459e-01
2.646061952621780122e+00 2.308928301000984007e+00 -1.126007478588247457e+00
3.214145457842846332e-01 -1.687667494798892887e-01 1.547291438519111384e-01
5.691346342282922466e-01 -2.219559794457947710e+00 2.504552692185878504e-01
-9.080604121386269822e-01 8.358379139066494101e-01 -3.650725093727587023e-01
2.197469835227533252e+00 -4.946819302693472586e-01 -8.821817895964553236e-01
-9.530334553752721760e-01 1.413403478024068516e+00 -3.326476577737877971e-01
9.844333647827367972e-01 -9.366595403858204438e-01 -9.265968020498712709e-01
9.116119959807604811e-01 -5.296397099791840812e-01 1.318713695463949342e+00
-1.229900507624863026e+00 -9.604403053089388687e-01 5.738138429341393953e-01
-2.163377315569315062e-01 5.676199179878746448e-02 6.789669901804371577e-01
1.703364719949034489e+00 1.018876268882577651e+00 2.091240822499813024e-01
-8.574744052003216988e-01 2.478568267516485069e+00 1.969955676601633954e+00
1.166026001223538361e-01 -6.739465287036654484e-01 1.393967996146922905e+00
2.203772212639917016e-01 -2.402870267269557880e-01 -1.154818786222430393e+00
1.246972918921275930e+00 1.038882091404609964e+00 1.800827900995002340e+00
-3.465680333259893997e-01 9.296232776735724457e-01 1.571081967205137486e+00
-1.177240019784717040e+00 -1.772563403789179537e+00 6.729016865021247851e-01
1.292185516330744299e+00 -2.405355912193967716e-01 -7.979204518480451647e-01
8.372196455129943260e-01 1.052213549141154614e+00 -1.647430007416993636e+00
-6.425184012952110946e-01 -2.685220950095643655e-01 1.296134277386071232e-01
-2.284097873112880261e-01 -1.969192337057531716e+00 -5.916876758277641590e-01
-5.404605078251976114e-01 -1.168159403274152242e+00 -9.188575696272742732e-01
7.261712374887748789e-01 -1.440572458519425725e+00 4.744679685747831832e-01
-7.325350421736569473e-01 1.420448511642959488e+00 -1.455196213724030851e+00
1.548830387966095012e-01 -7.770864684056112415e-01 -1.972656091156068103e-01
1.721677818792510251e-01 1.495838616359781437e+00 -1.229108240226006288e+00
5.637953656575820371e-01 1.205225719592104144e-01 -4.310403330337052585e-01
1.544221713136539609e-01 4.675564860550661117e-01 1.877280264744232596e+00
6.465255674921631668e-01 2.782131320216354009e+00 8.123522396258515688e-01
-5.471947324092822917e-01 1.745826812474075007e+00 8.869219463677735504e-02
2.664005348476903845e-01 -1.550153711300298998e+00 -1.737268433045810356e+00
2.695356242040071112e-02 1.057964314375546833e+00 -5.465422439857223758e-01
4.951719754502696413e-01 -2.521274993014442911e-01 -7.966127153090021284e-01
1.836510228593188465e+00 1.204988941094625288e+00 9.979784129698281159e-02
-8.256077902970418991e-01 -1.316445502391396571e+00 -1.127610045223555346e+00
7.362655018549980890e-02 -1.643123159930680810e+00 3.173317847870137376e-01
-2.914068015403056267e-01 -5.871785490807615027e-01 3.245974193555133613e+00
6.570168259419459922e-01 2.821749310509616304e+00 6.204442323080242572e-01
-2.426468628992597409e+00 2.506760491489620768e-01 -9.778524183182740748e-01
8.570309980545482986e-01 6.640023379272839144e-01 8.217341707856270494e-01
3.582546143999950639e-01 -1.574081042562074928e-01 -5.537130456825413161e-01
2.866314518069862927e-01 -2.612346169331768442e-01 9.432191934447456960e-01
3.980444979766580293e-01 2.807237622412620537e-01 -3.527145419105597313e-01
-1.515708378268464385e+00 -1.126029084620718601e+00 -3.422485883323437839e-01
-1.003169468008162202e+00 2.991459997427139417e-01 -1.418454912182097072e+00
-9.907445882662266889e-01 5.199099993485705173e-01 1.861815203656281614e+00
1.343850562573189467e-01 1.027616466842377063e+00 1.835867722376907096e-01
1.827834520232491489e+00 -9.604238133583257175e-01 1.459054338237223691e-01
2.461369907912224209e-01 1.031627417320748252e+00 -8.846185321957569236e-01
-3.214371438962591032e-01 -4.596272084250525580e-01 7.321295965538974215e-01
-1.853747634519693266e+00 1.761252743314626334e+00 7.419823685422588522e-01
-4.272012293615766176e-01 -8.507111908110647214e-01 3.304080396400073116e-01
-3.871541949270979610e-01 2.418610615423050052e-03 -5.449869801797916358e-01
4.173134045754772203e-01 1.315414666712836356e+00 -1.477244825366661463e-01
-7.637083104864127447e-01 1.485968756633243348e+00 8.294670612394827725e-01
-1.599711379051047988e+00 8.201511808510444368e-01 -2.603128258752661628e-01
3.658571842069764379e-01 4.061436303220378186e-01 -5.748993598275505823e-01
-2.085798093232868120e-02 -3.349108239842693568e-01 8.155635868279221823e-01
-1.904438945075354939e+00 -4.150618494703511852e-01 4.034987916128451868e-01
9.575545571264312272e-01 -1.309516024409169255e+00 -1.937611304364279807e-01
-7.130379021284763974e-01 1.443828889205761357e+00 1.328174819182524058e-01
-9.332330897015170268e-02 -1.193396170800851142e+00 4.579659427499763180e-01
9.011528750530033438e-01 -3.065025508189317405e-01 -3.214110509147579453e+00
8.006608901679693746e-01 2.714221747100186710e-01 5.871795327943825082e-01
-1.157600090592143527e+00 -1.884675137231323294e+00 4.535717830871446865e-01
-3.142318647754551164e-01 -6.177179638005423357e-01 -2.146173515070412541e-01
1.857253341638812838e+00 1.432060051373734266e+00 4.944216368375505682e-02
-1.321865316320082993e-02 -5.983415779557225145e-01 -1.853280071478270036e-02
3.868516458695430704e-01 -2.810869173405323163e-01 4.481675985907240117e-02
9.533447083006713063e-01 1.720817979544463139e+00 -5.117671519175410744e-01
1.545301818919102566e+00 1.447980744516527807e+00 1.147745395308213734e+00
-8.112033538193073878e-02 9.854154562593852029e-01 -1.044839428654381397e+00
-8.843202361952842150e-01 9.402469484139247546e-01 2.042216963948607564e-02
-1.461130170128267958e+00 -7.543708468991303651e-01 4.970236248214335295e-01
-4.616994666704402062e-01 1.669152438506501746e+00 -7.871085860509394738e-01
1.497620264859201578e-01 1.348465721546340035e+00 -1.173503678825871477e+00
-9.269517812936024503e-01 -1.942557993095962166e-01 -1.116325300069352044e+00
-8.828167339730873531e-01 -1.082280237295879299e+00 -4.303074513822514047e-01
-1.191802397358117105e+00 -6.196351308983669703e-01 2.794615996731797947e-01
-2.719172567994829204e-01 -5.386790502711255035e-01 -1.413960878929258591e+00
-1.499454038168033909e+00 -1.471453354725326124e-01 1.274049165672617168e+00
6.270129897077695302e-01 -1.386807244164480313e+00 -2.453134862926324433e-01
3.165692909975718616e-01 -7.068731566235247898e-01 -7.997039090129849370e-01
8.801490027785315862e-01 1.499459134594099130e-01 -1.476436430661058230e+00
3.672724660065877500e-01 1.066949333395849742e+00 4.472577792024847176e-01
-4.552601750983338302e-01 1.310317930915245954e+00 -6.405227756843073772e-02
6.732881254329768916e-01 3.111875219862471065e-01 -8.475058169046595369e-01
-1.023375188455183160e+00 1.097405254547946019e+00 7.498795125793629446e-02
4.198302659996732134e-01 5.078300560770118155e-01 6.730745363365517320e-02
-1.477108859330830803e+00 -1.362541558095912375e+00 -8.447535597816082653e-01
1.785933283392668325e-01 4.696014102418558100e-02 5.211198178959625116e-01
2.069915542512592299e-01 1.768716486623725936e+00 -9.909366819130229764e-01
-3.164714489035923006e-01 8.124938970333682731e-01 2.647873273805601002e-01
3.185187189549967268e-01 -2.766961112220102326e+00 1.817395655334693438e-01
-2.600608103340149579e-01 -8.046051912369141246e-02 -2.407244757019202375e+00
-1.921633822496675359e+00 -2.272184835731439270e-02 2.279256592523969394e-01
6.108034338868894436e-02 -1.165331630626447179e+00 6.059570017860402835e-01
9.251102018321727405e-01 -1.433766984628083385e+00 2.982494234067479266e-01
6.530772334117361799e-01 7.731114208162439549e-01 1.897345225920871736e-01
8.714078918427088372e-01 7.885169059829516547e-02 8.018864939714256401e-01
1.699548735764372376e+00 -6.744775425485842746e-01 -1.564519901688120163e+00
-5.523350298022922100e-01 -1.830614804805877072e-01 -8.614895473127078818e-01
6.204488137480426158e-01 3.646744400368683303e-01 7.400718895705049594e-01
1.220522400741596292e-01 -2.569799123462777057e-01 1.196568433426682954e-01
-3.246490361863472174e-01 1.968776415335680985e-01 -2.542852091417468485e-01
3.490138042765015269e-01 -1.224118745949008158e+00 6.739697246097440253e-01
1.419787317783506864e-01 -3.345880802217349625e+00 -1.678629716343054135e+00
1.310275741547811679e-02 1.244063078435378777e+00 -6.784530921111123769e-01
5.436550884333518630e-01 1.572639628117628918e+00 1.379437973348661972e-01
6.890715043421988817e-01 -6.042614781539391577e-01 1.072920547539697012e+00
-1.895026239626300901e+00 -8.041846930859639642e-01 4.896273144916035713e-01
-8.783458577238524301e-01 8.326334917797345581e-01 -3.919435671447809022e-01
-2.075595372408967521e+00 3.701060972755696454e-01 1.790016191270851875e+00
-1.261625435979460530e+00 1.036381154737546328e+00 6.297491593359411111e-01
-9.683183733430972273e-01 1.064424574483166658e-01 -9.409078685190807034e-01
1.387578124035599325e+00 1.361925745909865482e+00 -1.303979379068646693e+00
-7.001726527314432458e-01 1.135544921038239341e+00 -5.309334694007454836e-01
5.909525752162042567e-01 -5.021825287252712489e-01 6.833148160170960939e-01
-2.554612850464865140e-03 -9.242819486339943769e-01 5.970228877437570025e-01
2.305493897575103257e-01 -1.444344903539805269e+00 -1.905665431261590603e+00
7.023527963228300974e-01 4.097281215501640261e-01 -1.015656108528081525e+00
-7.992339324482492513e-01 1.678166070015204292e-01 1.894966099868078180e+00
-4.423719744626948280e-01 5.887823293009841752e-01 4.607530350984436751e-01
-1.553048401708998272e+00 -4.485804939917206746e-01 1.668179899677884326e-01
1.229366229186487303e+00 -7.538081932554876463e-01 -5.525813000624014704e-01
1.627802413668664405e+00 -7.758823629729352800e-02 -2.079618647148619992e+00
9.678966196030504981e-03 3.549044985612141434e-01 -1.446173757484266131e+00
-2.062884320156697648e-01 2.031238929422219675e-01 -2.647230808497759824e+00
-2.368783941676657345e-01 2.352256711670583922e+00 -1.488638835429081375e-01
-1.575560613351018047e+00 -7.279173056630513505e-01 1.536820266756946607e+00
1.058380200800959292e+00 -5.935165524901394596e-01 -6.849055529201464321e-01
-3.170644334574828638e-01 -1.943013337361502169e+00 1.562953613032558087e+00
4.854213424464531162e-02 -1.041242764335346793e+00 -1.753302668888506444e-01
4.746205300633523638e-01 2.772920179713864175e-01 -4.768961054309937136e-02
1.204932579536889037e+00 1.213396012019063441e+00 -1.340223169653200985e+00
-1.520959353950955828e+00 -3.341517633138302856e-01 -3.670571041063535045e-01
6.287673064006715773e-01 -3.432008009285394956e-01 -6.288756839180171809e-01
-6.113143050427873870e-01 2.815628396014144386e+00 1.125325387762398988e+00
1.484352903674452662e-01 -3.371699375341300486e-01 7.449686410562130767e-01
1.083054417731375008e+00 2.278612895429350527e-01 6.115871083356498872e-01
7.008379663944817040e-01 -3.135655205253670808e+00 1.301676254214439721e-01
1.102705042852872991e-01 -5.650556820116393597e-01 1.282241810796274084e+00
-1.549707817750306971e+00 -1.522817411645792207e+00 -1.266798370769789683e-01
-2.822602131817432691e-01 -3.694255990841522896e-01 1.290993220166287703e+00
1.051240314805198084e+00 2.767801344919132989e-01 9.140875865307061809e-02
1.344219643053483071e-01 1.049531605097084652e+00 3.072199210666185509e-01
8.843829908285359975e-01 4.697760874801326092e-01 -1.033786144690108877e+00
3.100755545925749423e+00 1.252799986693113432e+00 1.300018077228563662e+00
-3.726121286394142862e-01 1.174673651124550799e+00 -4.001056548467490370e-01
5.357777281250113433e-01 -9.452601095792827479e-01 3.147985273463440974e-03
3.811005329833162536e-01 3.047087931621232926e-01 -3.676333842098444132e-02
-9.769595864635687299e-01 1.084789571885483861e-01 -9.010445070167319992e-01
-1.130568144702270184e+00 1.215911595085240604e+00 -9.069609330271563019e-01
-2.288740164405072275e-01 2.145779160325596457e+00 8.759494675462144997e-01
-1.834417038141493039e+00 5.794641483328522025e-01 1.587563207107872021e+00
-7.040204592267199635e-01 -8.118690621534147001e-01 1.911291037325951181e-01
1.765813724665332152e-01 -6.299918312750645288e-01 3.500428336444124655e-01
9.500753472097017704e-01 5.203966275799715158e-01 5.356348595227476972e-01
3.336091670673834841e-04 -1.266945097428907152e+00 -1.054047461907770683e-01
7.903391499936811559e-01 5.373286281626070693e-01 -1.803481381644957304e+00
-1.185788156252956638e+00 -1.266351359928925779e+00 -7.919741685168707468e-01
