-7.186814105731123004e-01 -5.748025458420980005e-01 -1.167323550041875269e+00
-4.343424601118287542e-01 6.105013136670259799e-01 1.041898981706592009e+00
-1.262944540606768751e+00 8.347644749525168217e-01 -1.333625160137388854e-01
5.518564172314256444e-01 5.741977534957561913e-01 -1.521598910252433823e-01
-1.235516582664657914e+00 -7.786987380280611104e-01 -3.575279182301421832e-01
-1.646510262943393643e+00 -1.898968820303955363e-01 -6.515111793459070766e-01
-1.142667158409283346e+00 -2.545755419545296050e+00 -5.335377063400896791e-01
-1.368714719375279776e+00 -1.747820453529704832e-01 -7.039017371711663307e-01
1.173503882956120625e+00 3.255378499063809716e+00 1.275130044608585034e-01
-8.496004784653136133e-01 -3.921511053733452989e-01 -1.197335541111750112e+00
7.137412933365581136e-01 -5.684714358180136262e-01 -9.624819884548675430e-01
7.437706197410003384e-01 -1.276252710283972969e-01 6.278600873366592117e-01
-6.459253301335565745e-01 8.442891109495899160e-01 5.719915287047659946e-01
5.431419774779381315e-01 -1.370792037887279990e+00 -2.160704006674084798e+00
9.481249818281722863e-01 6.110067376569959796e-01 7.644243853734112859e-01
-6.147846925218806158e-01 2.502743391008264151e-01 7.626456175210371002e-01
-1.279786803581931087e+00 1.575632940194388709e+00 -4.022641735857688805e-01
1.935825113092704275e-01 -5.844311957640466737e-01 -7.908256088767845471e-01
-1.607075046390561202e+00 3.179300964225341697e-01 -3.358716846750083862e-01
-1.551258041953127220e+00 -1.671675505829186559e+00 -7.240654491502436230e-01
2.356923221227695542e-01 -1.036749541287271592e+00 -2.757917651555716679e-02
-5.987271743971425142e-01 -1.060161231603686666e-01 -9.870565142553708315e-02
-2.009120742435143381e+00 4.534208010150845292e-01 -3.046621012925221361e-01
-6.998405910590457246e-01 -1.002173196835939972e+00 -1.385752362956745032e-02
1.007425054728062985e+00 -1.594125602002897102e+00 1.760746490360173555e-01
7.540109715492229192e-01 1.272692089188915077e+00 1.262221777758751218e+00
-1.982142990958067064e-01 7.993189232822975887e-01 2.220558086961499922e-01
4.398621778083239842e-01 -4.863278198480568970e-01 -7.630024473170323729e-01
-2.512847975644564857e-01 -8.026720375724096801e-01 -1.025881957451449722e+00
1.675732945073764996e-02 7.099615156845535680e-01 -8.126805995518436854e-01
-1.417447410112726125e+00 5.612831528794003377e-01 1.105098917640449319e+00
-8.740625866559367241e-01 -5.221064207026506754e-01 5.353622855076387577e-01
-1.252008238512900551e+00 -1.105307183525260140e+00 -6.867414584076030337e-01
-5.538435067399019029e-01 -7.438463056991935496e-02 2.222654127593963469e-01
1.342344775878504981e+00 -2.084185313641906845e+00 -4.298990232023020552e-01
-1.301846110977896487e+00 -2.079539572710567441e+00 1.086753231022708155e+00
3.698763218048483070e-01 1.293131930998294932e+00 -5.821148212994303565e-03
-5.053834733001352220e-01 7.108221849732022646e-01 2.666579058560392124e-01
3.523317434459809494e-01 1.698818618820772341e+00 -9.059468018074081641e-01
-1.062666149685314254e+00 -7.113266951862070586e-01 1.616750673620036827e-01
2.523283440088318619e-01 -2.929783470885432006e-01 6.007118442787803825e-02
1.855647126959350635e+00 -1.775356871395643132e+00 9.305087733629745506e-01
-4.134123558999244219e-01 9.840533230370022144e-01 1.204263944008453713e+00
5.024190664737903100e-01 -8.202942251268670049e-01 -4.055084287851984937e-01
-3.731456508864890442e-01 1.826750285861997947e+00 -5.244671168279263496e-01
-1.782328869124211623e+00 -1.137945880053099768e-01 2.840711497211222625e+00
-2.187868694283495175e-01 1.809741780224476182e+00 1.536425331860582277e+00
4.267989199326700095e-02 4.032226802541709065e-01 -5.083029108085983516e-01
4.265716981878113767e-01 3.615164733430117350e-01 4.886596721816986455e-01
-1.862512192739749883e+00 -4.621023902903739211e-01 -9.310879167669022793e-01
2.290521857809268425e-01 3.277484563058689626e-01 -3.300859936582701271e-01
-2.075012011014006230e+00 -4.060279281353864067e-01 -2.866189140782157363e+00
2.652547278606717795e-01 8.222026525904677641e-01 -4.672301721674679831e-01
1.039993352802113691e+00 1.012591476223217102e+00 -5.637202824997363804e-01
-1.966442784648531339e-01 -2.228546446072430687e+00 -4.324411389962704716e-02
1.806771011401105964e-01 -2.782962714799009363e-01 -2.851875122887647107e-01
9.992025571874225687e-01 1.014509417849994044e+00 1.593210812524992415e+00
4.840257618127171563e-03 1.193162363521433234e+00 -2.495321025575682194e-01
2.981642898211284698e-01 2.450353910199515317e-02 2.562257684038936056e-01
1.612700723992138263e+00 1.536113194898961254e+00 -1.150249307243294883e+00
2.217150901827233123e-01 8.100139975496196687e-01 8.785775941349031892e-02
7.820904120500935530e-01 -1.108223764914991083e+00 4.287304888530044655e-01
-2.309587278346464601e+00 -7.987518826554670381e-01 -3.317728784069747139e+00
-9.691678239250821614e-01 9.221853975439785467e-01 -1.633374007777231851e-01
-1.276109720468577624e+00 1.324202113647039658e+00 -3.801101201936945562e-01
5.697137111450307351e-02 -1.763650522726718795e-01 -4.736243130342022156e-01
6.914083145289466603e-02 2.011128483286642177e-02 1.721825839256564405e+00
-3.859464870949495530e-01 5.440435505838256969e-01 -1.528269240967527365e+00
-4.303388668952647378e-01 1.335797000845941884e+00 -1.664418203551068620e+00
8.848952431535610508e-01 -3.205010602489722360e-01 -6.876100970357119646e-01
-1.086101519860072528e+00 -1.220206392448190513e+00 -6.111221410276241883e-01
-3.772374913466458590e-01 8.871015665079112766e-01 1.748926669571177372e+00
-3.775212310400944959e-01 2.013764643970410440e-01 -9.038223013849947529e-01
-1.128602432844310721e+00 2.369557165161791101e-01 6.975426839269600610e-01
-5.355954994892160315e-01 -1.667398922029853070e+00 6.754088928679247150e-01
-1.396713090874869501e+00 -1.707312463253875867e+00 2.579697282845336281e-01
1.082880303495480145e+00 -1.341485829741535740e+00 1.048778522843636596e+00
-6.163168237476288613e-01 -1.312056716338135254e-01 1.438713537615073090e-01
4.797896127915514397e-02 8.582517780462276535e-01 1.493315486120814217e+00
2.963490771875490482e-01 6.760990965134939801e-01 -1.001343506386666027e+00
-8.488958877411564297e-01 3.478810644794767121e-02 -1.251481579455066662e+00
1.177113396626056629e-01 -8.229371451980903585e-01 -1.137301112657899127e+00
1.114393774477735882e-01 4.116934014715140644e-01 8.339770421196399663e-01
7.372218652969149133e-01 1.876397455336385800e+00 -1.176790812337883629e+00
-1.202499706111851419e+00 1.082628413362946906e+00 -3.112012224911077651e-01
2.621523519176577333e-01 1.326296239422113388e-01 -8.652452697931194425e-01
-2.054810105644715001e+00 5.395827015024742268e-01 7.087942132047038435e-02
-7.780226729330587399e-02 -1.176587419126663869e+00 -2.265519173450884216e-01
-3.000326785882790892e-01 -1.809538716003693315e+00 -4.133164481899382903e-01
1.398053532014754241e+00 -4.566525035606498473e-01 2.165477662235628209e+00
8.139571677197363075e-02 4.031142906570042705e-01 -7.281392908509541906e-01
-1.614976599064648521e+00 -8.125838843037708203e-01 1.460087398622717636e+00
-1.465776862319919216e+00 1.401274329512148809e-01 7.355645630432068593e-02
-7.369087595387734634e-03 5.557999588120287049e-01 2.319358538483806687e+00
2.970526580320352887e-04 -8.526350799577649964e-01 3.522676384539306094e-01
-4.147886691447643659e-01 -6.224907974632242214e-01 -7.151066339040956787e-01
-1.856683318637580626e+00 7.703583085679387432e-01 5.774779428335399256e-01
8.962940186392601705e-01 -1.443496578295804023e+00 8.791709971227757991e-01
8.293811698090799434e-01 -3.944682470152988119e-02 6.311077434740159919e-01
-8.820372077875636707e-01 1.370898110325541319e-01 -1.420635901260900225e+00
1.586183114847619313e+00 2.152310232997578510e+00 1.590111483023838312e+00
2.094954687365776724e+00 5.824951420686389492e-01 8.558136353500878091e-01
2.430772593502033840e-01 4.477674529286474470e-01 9.713039041955275898e-01
1.615313439178744481e+00 -7.947851760988244862e-01 -1.119619188885263433e-01
-1.840468336866576127e-01 2.418723031932526191e-01 2.006280360498740478e+00
1.137234788639770011e+00 2.750129877996376759e-01 5.628646780148223172e-01
-5.121395462894831052e-01 -3.208866901787993942e-01 4.466158241248656680e-01
-3.502645876947387826e-01 -3.132116907313212129e-02 1.272891820535173357e+00
-1.855974128279066049e+00 -1.668905763326781200e+00 5.197062710684758891e-01
7.920282119248985842e-01 1.950206030847054794e+00 1.669222735181696615e+00
1.228198686542489426e+00 3.892373376337010527e-01 -1.919759188419094265e-01
-3.260089555406821549e-01 -5.723778403546895266e-01 1.020466458230594231e+00
-1.769107933526595566e+00 9.871043378143788960e-01 1.170593761512998210e+00
-3.055384700746897886e-02 -1.614793244910951220e+00 3.520461857416368190e-01
2.073652657558154200e+00 8.810634918087829892e-02 -1.233117684698636030e+00
-7.749911037411792991e-01 -1.492379199704498005e-01 -5.372426571641824022e-01
2.907394285016013380e-01 -1.714477112542246440e-01 -1.988990611173863554e+00
-8.574646303429168670e-01 -1.738329496452650780e-01 3.061600947362939640e-01
-3.618094870605612079e-01 1.872360600695178290e+00 -8.893949572839126017e-01
1.083285143290467989e+00 -7.756885387560952250e-02 -1.489636555181214739e+00
-1.404158787972257016e+00 -1.497049826679479168e+00 3.879346527467270045e-01
-6.019698755815277025e-01 -3.822823024063111141e-01 -5.890283407775348534e-01
7.934795043385317603e-02 2.667417980243508846e-01 -1.163612609694128164e+00
1.437528180964449565e+00 -1.320316574424435396e+00 -1.144554976565752114e+00
-4.347225910564628953e-02 -2.562541307945753188e-01 2.843207306579481841e+00
-1.101489620361061128e+00 1.161596268855939362e+00 -2.028338403490110020e-01
-9.975631787796599426e-01 -5.200925491417870417e-01 1.450107021728413992e-01
1.234970408436030453e+00 9.013148491501719040e-01 4.235825388231940214e-01
1.301567193447525916e+00 4.668998817126778222e-01 7.221641927028776831e-01
4.172406327347552568e-01 8.643070674215334037e-01 -2.960205693398674232e+00
-1.023634489273282488e+00 1.038728307878109991e+00 3.277840566857486149e-01
-7.154045086827999222e-01 -5.227833368488831178e-01 9.541409440127728014e-02
9.141463177117828964e-01 1.640990959489572854e+00 1.627493520153540929e-01
-9.811938793234036282e-01 -5.042720328174460365e-01 8.864473734114027836e-01
-9.025129136554048692e-01 2.913326131413655484e-01 -1.193859760812341131e+00
-1.803953491723141678e+00 -7.635312822217884543e-01 6.790986248387578250e-01
-3.202326265962415763e-01 5.282884799198699355e-01 3.523565306238372191e-02
-1.573359948007096110e+00 6.698374041633630149e-01 9.131393218940916379e-01
-4.435343836472647738e-01 1.351155249822303395e-01 5.740868879853581151e-03
-1.237212756767257282e+00 3.145891720815481851e-01 -1.611584898541615907e-01
-1.241791703093064525e+00 1.059295190106441353e+00 -1.181085353077132583e+00
5.323697114356148452e-01 -8.065900013521511980e-01 -2.362135821490392584e-01
-1.069247126299531336e+00 3.539115458979643636e-01 1.843641037186677822e+00
1.554176877992200223e-01 4.331116364497391569e-01 5.003686443135313411e-01
-2.553676586396640413e-01 -1.900102269271304600e-01 6.628766421297953293e-02
-2.069862327875384989e-01 -1.386745444730110410e+00 1.010311799292854307e+00
6.368467603547397493e-01 -1.133344156146109949e+00 -4.347530160639311303e-01
8.354301653350681978e-01 -7.576842037976559974e-01 -2.972129331220206283e-01
-3.106691386817722611e-01 -8.955327463328685567e-02 -6.331763294992941438e-01
-6.123957746659642459e-02 -2.634752036717616114e-03 2.494682378364630401e-02
2.547128269688878621e-01 3.347499508933482470e-01 -1.197319551793231129e+00
-1.217921678118069728e+00 -6.295929001598800090e-01 8.154591641186371698e-01
7.878769501851661250e-01 1.833203924147893960e-01 -2.046669316293522556e+00
1.232899365128549363e+00 -4.487874599288801947e-01 -6.363588149706903563e-01
1.570289262335598846e+00 5.530651411698049857e-01 9.169511370797105432e-01
2.229523338252921982e-01 2.175230164525155108e-01 -1.009738102740728394e+00
2.827728773934456985e-01 3.461629583043241531e+00 1.987810648050780116e-01
1.581877855933262467e+00 3.079087625408505335e-01 1.191332102418057204e+00
1.708139632482642833e-01 -4.781842685546668914e-01 -5.436562763930038455e-01
-1.678140833883915439e-01 -1.121049260761797894e+00 -2.222064350257819121e-01
3.819925501950626190e-01 -2.248961363120665635e-01 4.845318426033770054e-01
-1.981101379102243598e+00 -4.311243119306928939e-01 -1.366769283253912448e-01
7.806959973328804203e-01 -6.657081358628569312e-01 -3.364333746865988961e-01
2.660378510895187620e+00 -7.074916984346633075e-01 -5.837918414086026297e-01
1.205656134296205551e+00 -8.589891346186159238e-01 -1.549900196980161238e-01
7.568367660946533348e-01 1.341911658181182965e+00 -3.522478041542875804e-01
-1.003159006445186519e+00 1.322725596939984261e+00 -2.523499950042458195e-01
1.789663738156455908e-01 9.115597408716038519e-01 1.179416310542897861e+00
-8.725458626876013701e-01 -1.545709071239310894e+00 2.614731253279442225e+00
-1.269958608804515610e-01 -1.533555508432770387e-01 -1.296333779562193200e-01
9.982323065942173557e-01 -2.387407857808396955e-02 -1.056095487487831885e+00
9.645374366642647801e-02 7.959791620093202846e-01 1.577921834036105295e-02
1.708568763604414675e+00 -8.132016464233104980e-01 1.955570278203571932e-01
2.510371869503862818e+00 3.370053918493882972e-02 -9.117829678763733625e-01
-5.415532367063394803e-01 1.010003256248088732e+00 -1.914551598699978818e+00
9.413971563837030265e-01 -9.590750150259016449e-01 -5.280831753056282329e-02
7.834109758579501648e-01 -1.145294654322727590e+00 -1.010374693231412158e+00
-5.342283790600469429e-01 6.419661025801657317e-01 2.095367138523596129e-01
-6.730025782705280346e-02 -9.302862970931147224e-01 -1.162393641929345245e+00
-1.639818479943425000e+00 -1.337685800789659152e-01 -1.066805438767875147e+00
5.109456364263354616e-02 9.221909801112292415e-01 -8.492757614657629739e-02
-7.073974241205341906e-01 -1.391991636586408010e+00 -1.572519121004253007e-01
1.793288374923988349e-01 -4.268273086285532814e-01 -1.326236298795489654e+00
-7.280177715992993681e-01 -1.341673551908665774e+00 -4.626730810225928581e-01
2.400048115888853584e+00 -1.835136640611708447e+00 -4.265571406768974838e-01
1.025959206405459900e+00 -8.308986564358638027e-01 -2.093215665001489700e+00
1.677161494182864088e+00 -1.922938303749307798e-01 8.050010773003265507e-01
2.692949612044561181e-01 1.798200817058275502e+00 1.087363237735333027e-01
-7.919133378979505977e-01 1.403326744013038141e+00 4.409254544003481796e-02
6.760905714175341474e-01 3.083527039672459225e+00 -2.396193803233169550e+00
3.609133065967709553e-01 -4.544720620386140386e-02 1.397256540814634018e+00
8.082728127061207524e-02 -2.418839629378090328e-01 1.085190880586245576e+00
-3.258741337665274074e-01 -1.858171759374967147e+00 5.570134014238897757e-01
1.267872650307247939e+00 1.513459275412179394e+00 -7.086016115592128628e-01
2.250337488512250874e-03 1.088093055934558961e+00 3.141808499904868990e-01
-1.045949295133466184e-01 -4.989984775559099806e-01 -8.874629323157947614e-01
1.741397096888318008e-01 5.153128223724416923e-01 -1.611135881899687927e+00
9.387959551802683711e-01 -2.456706854942513063e-01 -9.404557423680427464e-01
5.594359691387690292e-01 -1.672465325230150235e+00 -1.521254318133616890e+00
-9.931943927102274694e-01 6.091422193138718022e-01 1.310281926808967823e+00
-6.189489067330808947e-01 -5.452865948773446547e-01 -5.757188968806122853e-01
5.274335983952639639e-02 9.832392484858637483e-01 8.391648493799123143e-01
-4.407494248505932632e-01 -5.609840608348460878e-01 -5.368899206442319105e-01
2.421014401358248413e+00 -9.731834519134430206e-01 -1.357514187669122130e+00
-2.217343466134880092e+00 -1.896983094722535235e+00 1.558156367606750692e+00
-1.566578876731628434e+00 -7.239122437927973941e-01 1.892100781309530022e-01
-3.375328388804605950e-01 5.383919935019716441e-01 -5.496404902730765984e-01
1.386139109622127386e+00 1.104625957475073861e+00 -1.736048305977778705e+00
8.021933936265216447e-01 -1.228500015596535100e+00 -5.358932831834078980e-01
-3.158967960712049106e-01 6.788358722523943900e-01 8.592053626962302681e-01
-2.175434095064234352e+00 9.876998781260847293e-01 5.993624115150950615e-01
1.022299101674661648e+00 6.494599961958800183e-01 9.160134910824070387e-01
-3.602381402213957751e-01 -2.030300766721251648e-01 -4.524057668420383149e-01
1.441854751900813469e-01 1.084121374689784645e+00 4.529173667629908251e-01
-1.363652205385997407e+00 5.161457377624307785e-01 -1.658616036641336611e-01
-9.829773875962889429e-01 8.638872899953153883e-01 -1.276603392306366602e-01
1.607979703414187167e+00 -2.254313881645918505e-01 -3.482490429875638727e-01
5.142193627086348862e-01 5.956909426864959861e-02 9.269529091907358076e-01
9.298114758960744908e-01 -7.112404672060818056e-01 -1.117801755043481116e+00
2.709196550322982844e-02 -1.520409234909994300e-01 5.302865013308696168e-02
7.182381741173354817e-01 -1.074737838820026686e-01 1.086250398410611551e+00
1.229591367841925686e+00 -5.637556425036660546e-01 -1.132317024164612551e+00
-2.459176568593211876e+00 1.950419318579133199e+00 1.348304759222282156e-01
-8.499688656519364949e-02 -9.088762738925902918e-01 7.923794263703122231e-01
-2.796970179399288492e-01 -1.358541590569984692e+00 -1.223720430054629382e+00
-4.864357925162429708e-01 -5.001395757365935113e-01 -1.017739774012147436e+00
-1.484297786955926179e+00 1.248072043054784919e+00 2.055817738339831557e-01
2.080509511161656999e-01 -6.137424231392715063e-02 -6.239445831156154032e-01
-1.626318862874605475e+00 5.300560406981046357e-01 -6.505074772605655697e-01
-7.971281307427745544e-01 8.756683285362668601e-01 -1.152279516733345055e+00
-5.713392596108616273e-01 1.865144719410603891e+00 3.706949987468879937e-01
-6.788715899721345925e-01 -1.072373394939185820e+00 -1.565888290617297285e+00
4.216505741732570200e-01 1.195009517144138167e+00 8.267000675550240096e-01
-1.558376212493247648e-01 1.878468782793487057e-01 5.558129068594196420e-01
7.506471839314917682e-01 -9.200735703216053607e-02 -1.613610068730313707e-01
5.281669151557458752e-01 -2.021511621921814328e+00 9.955955503691205077e-01
-4.470659617853684487e-01 -3.605390042972483333e-01 7.439164366757156088e-01
-1.424499506856393427e-01 1.226589536934705293e+00 -1.335134723094714593e+00
1.153985536930070888e+00 4.862970053776546897e-01 -1.616229292702385134e+00
-3.584734871159638847e-01 1.933993224125740151e-01 -1.144270760587581481e+00
8.014133705135891850e-01 1.500638590164943276e-01 -8.114811766872406240e-01
2.177612748558785116e-01 -1.620068299452184224e-01 -1.384778349364554628e-01
5.269380042448245094e-01 6.856740202685283059e-01 -4.854545403755520377e-02
-6.429897300264901527e-02 -1.698140620110255572e+00 4.669050480666580571e-01
9.496318627615460972e-01 1.897364580504833920e-01 1.835191325189724276e+00
9.842419278411445038e-01 1.365411387217757122e+00 -6.483335083467799305e-03
-1.527111230329496916e+00 2.631138075516707420e-01 -9.005455910103780104e-01
-2.748594059104923382e+00 3.769896571105528227e-01 -1.147264742742597043e+00
8.725340690775529318e-01 2.341399918162101190e-01 5.343869591956911247e-01
-1.817130429347386666e-01 1.192033199228399454e+00 1.589296375518190807e+00
1.537891780701154509e+00 -1.606227754358646065e+00 5.474414166329154563e-01
2.380922716516657101e+00 -1.002284906840797546e-01 -1.542597086491842795e+00
-3.985263164196270469e-01 -8.870553459734299429e-01 -6.452837046048897074e-01
1.293429200583806060e-01 4.678485211811569955e-01 8.056721014372612844e-02
-6.371370168173722259e-01 6.858027600550159475e-01 -8.683277967654631224e-01
-5.608977102657395353e-01 1.555656430298570481e+00 -1.065811105826494964e+00
9.188162356539796294e-01 2.281735280884220340e-01 1.702251013376214539e+00
8.008232052484218766e-01 9.945398625241655965e-01 -4.035297790696206754e-01
1.409099604419072005e+00 -5.569037618893593056e-01 1.279315660181200853e-01
-1.665249786623334075e-02 -8.161061277652530421e-01 -7.419740337381124373e-01
-1.454953517864064905e-01 -3.147974884642141258e-01 8.849205789301586300e-01
-7.866228427821293501e-01 -3.016389064039124435e-01 4.344390263160101684e-01
7.274290917162221648e-01 4.214957939518068630e-01 1.342138247840081844e+00
6.973595849737709296e-01 3.758696951775122308e-01 3.375041656496691189e-01
-9.005398393950378999e-01 2.581349857161233885e+00 1.755055033569039802e+00
3.168533687408411903e-01 -3.424151805423217287e-01 2.729882857619893022e-01
1.085079660143916991e+00 7.465991152434135747e-02 4.495384166885586508e-01
-2.650568259734706247e-03 -6.568370416728968042e-01 1.088274250357822437e+00
-1.238600319333487132e+00 -2.357430739230777228e-01 5.151506469923256004e-01
-1.372870696568608162e+00 2.981175083181094587e-01 2.987447012646662348e-01
-7.568349304681074585e-01 2.196550044163436410e-01 3.097273992797254794e-01
-4.725356772547414236e-02 1.418122217161713827e+00 -2.119213539421809234e+00
-1.389446336575355989e+00 -1.602069929858942476e+00 1.237612441334936975e+00
2.887160471626181169e-01 -4.215851081826197944e-01 7.758364702806427315e-01
-2.042853042596893598e+00 9.417879123035632905e-01 -1.234448493107108913e+00
-4.404542707929489653e-01 1.601513620205380628e-01 -9.056411096356687951e-01
1.487690684793858964e-01 -3.562483367127618483e-01 -1.531472079687573595e+00
4.612992607254139399e-01 -2.835872881616985919e-01 3.730535491469944565e-01
6.314373284700720568e-01 -1.622181492022361393e+00 -9.811383708540195869e-02
1.321450165783493169e+00 -1.204240610278874302e+00 -2.011564255799821177e-01
1.289547786771787052e+00 7.759006411219676602e-02 2.186352104680018282e-01
-4.072741985890275251e-01 -6.309205351743876200e-01 -5.830360096590595509e-01
-5.545970957238909316e-01 -1.389896179036095025e-01 4.452484720408073637e-01
-2.929020897342308749e-01 3.185948889521545424e-01 2.060489045872598568e-01
-8.072951436049392582e-01 -9.803304694994755542e-01 3.149080717780398775e+00
8.646110696771307225e-02 -1.300184155132610320e+00 -7.635712386298160181e-01
1.068305835465295894e+00 -5.255861878373553342e-01 9.772086628040222989e-01
1.494663870667218619e+00 8.294930673397036269e-01 1.443741403177432048e+00
5.737003633081428911e-01 -5.036271144767398011e-01 -4.624648938093661177e-01
3.288300441518632322e-01 5.601680291497028730e-01 -8.720271282631725240e-01
-3.726473350519907135e-01 4.342266054665908093e-01 2.397079527697967283e-01
2.942043492121653170e-01 -1.010650890033728100e+00 -3.861000361710769657e-01
-7.514558340772149458e-01 -4.995557538195107838e-01 -1.030698322209763651e+00
-5.831706959828802939e-01 -2.350536439626796370e-01 -1.147411099732298601e+00
2.274723898276769685e+00 -3.432333283108834454e+00 1.957892614179023161e+00
1.053117271861243598e+00 -6.689005334365256683e-01 3.805215945893584278e-02
-1.075774898602948726e+00 -3.004401143128843654e-01 3.668504212773401711e-03
-1.265207474531027998e+00 -2.498307407604074548e+00 7.788548235166082856e-01
9.888115312478560348e-01 2.799573002315784986e-01 -9.950270342959178782e-01
5.841021024656569693e-01 1.398567788048155958e+00 -8.692313939680839097e-01
-1.975678573039698904e-01 -4.683269263686644646e-01 -1.876092011589270525e+00
3.831744297612045269e-01 9.088486156274067085e-01 2.194395566396274144e-01
1.951343645081223682e-02 -5.224547535910323282e-01 -3.402183618287878963e-01
4.684351854886535382e-01 1.974514230471274168e+00 -3.180368269543325521e-01
2.828264187531972507e-01 -9.673972132683156255e-02 4.745918324983580128e-01
-1.767641004903119928e+00 -3.020109131073402398e-01 -1.129828728793309089e+00
1.419666619426582121e+00 -2.764097840538903839e-01 -1.808642613175791780e+00
4.102288091573539908e-01 -8.950775243543788173e-01 1.671959628934523545e+00
-5.476426526785079796e-01 2.006531498236591826e+00 -1.310426780904832667e+00
-1.164784543301483177e+00 -1.341105193997946587e+00 1.747860594938576151e+00
4.412049195078434627e-01 3.943263316418637032e-01 -7.853297740076689570e-02
-1.112953583656952183e+00 5.866260246098821129e-01 2.293254482724309540e-01
-4.870225330878978354e-01 -6.907220804367995015e-01 3.339724953273254249e-01
4.670581252081706380e-01 -3.546436446179378893e-02 -8.511021502758941981e-01
-3.195498274399855565e-01 -3.398373237669672364e-01 -8.279238276932284757e-01
8.631911043262527894e-01 6.838117094786512196e-01 2.594397702576887732e-01
-1.427987174380879187e+00 1.246219234050990367e-02 2.045191323016257168e-01
-1.720815286999233473e+00 -1.166175011161269426e+00 5.883582134799284491e-01
-1.385584872429332037e+00 7.990169257059037689e-01 9.180445184172144613e-01
-2.743185642815523240e-01 3.266287005917324349e-01 6.948847602945132929e-01
-2.914780879601363006e-01 8.538500138967541897e-01 -5.778312013004223147e-01
1.033249201689528274e+00 1.510974486672386936e-02 -1.617404363765327702e+00
5.827947580911426728e-01 1.231622863136479396e+00 2.270002230464609194e-01
-2.650000462344562768e-01 7.341057353071621661e-01 6.797098623075916723e-01
8.596967450504877650e-02 -8.112054103245495140e-01 1.482964415644831169e+00
5.506358528780744832e-01 -8.057464662753655027e-01 -9.920410634390507409e-01
1.116718604650231983e+00 -7.836847153089119278e-01 -1.067764224983522303e-01
-1.288808503406519979e+00 8.790442848949142629e-01 -9.320926059872925995e-01
3.953201929359164146e-01 8.146323967842515890e-01 1.204246124543858071e-01
-8.018457468137552002e-01 -1.543711973968777018e+00 1.244002767863888304e+00
1.937791038062396609e+00 1.033590228439931202e+00 6.039483846106003667e-02
8.024450275372621011e-01 -2.384736089997419872e-01 -2.186510065283112370e-01
-1.696227839437942919e-01 6.737514584353651581e-02 2.243208402410933111e+00
-4.822705021590683594e-01 -3.991051741917319706e-01 -4.478557175089308839e-01
1.629103653401693386e+00 3.398733669442817740e-01 -1.560053625729715121e-01
7.042117785965872068e-02 -1.955908501709738845e-01 -1.555853464352492610e+00
3.134356819829238472e-02 -6.037030463108399025e-02 -1.853958571727578331e-01
-5.889175907852622904e-01 4.563821822248855242e-01 -6.997126570384515354e-01
-1.278047732088700039e+00 5.861533015128560509e-01 8.550317668839967078e-02
9.759012675183028618e-01 7.536025180345714558e-01 5.294781969894626350e-01
-8.276691507432198947e-01 5.801670757993764305e-01 -2.223458817058203696e+00
-7.211839413211342809e-01 -1.204373475082825440e+00 -1.834891296756538281e+00
9.106489664333969891e-01 4.982109513923043131e-01 -9.468152794706713449e-01
1.434592133998549457e+00 8.019956768503474359e-03 -1.668075172037404227e-02
-6.235464462506911110e-01 -1.341419363931889208e+00 -7.310095843932538084e-01
-1.710571392979633565e+00 1.824360907532073028e+00 2.252047319925488122e-01
1.117044722022806802e+00 -6.503031388409613589e-02 1.241933903250677984e+00
8.458126972204147442e-01 -1.055010265129931790e+00 -1.346715933981463609e+00
9.476566213864376920e-01 2.007582091568487215e+00 4.982076941100739287e-01
8.660342023648269771e-01 2.905299246088333120e-01 8.442627765084472768e-01
6.090793679673419669e-01 -1.226083787466332037e-01 -1.558157011431460681e+00
-1.281425057888857522e+00 -8.338231058663586603e-01 1.700680191944132558e+00
-1.276365792706858127e+00 -1.116711464564938305e+00 -9.203022443270835184e-01
2.253347190211344664e+00 -1.219331391358022598e+00 -1.099551312018671179e-01
1.360226416203495825e+00 2.057338558294548925e+00 8.552601532455516020e-01
2.750415199100176428e-02 3.710877203138522318e-01 7.005926991496366218e-01
9.339967500782673238e-01 -1.810596954603709730e+00 1.390669337069436073e+00
-9.679745300797731877e-01 -8.663989440644234152e-01 -1.377092272774168569e+00
-1.058869445110080632e+00 -2.636797295802379093e+00 -2.245418704338147942e-01
5.960965423920404627e-01 4.736924239615683541e-01 2.042551219309347021e-01
-6.719222538655341692e-01 4.275379215952983952e-02 -1.635747553679268718e-01
1.642411907418737549e+00 -1.098359469642093134e-01 -1.211583057536715913e+00
2.452737378579513405e-01 -5.432212415013821794e-01 -1.686590706548971585e+00
-1.007110874789839627e+00 2.763651785838806552e-01 -1.630354961290703397e-01
-1.289384282127248593e-01 2.137058716321784124e-01 3.680406701985413087e-01
4.739561485038786270e-01 -6.817757432198942036e-01 -1.245762716561268801e+00
-6.876984520194797668e-01 1.572732708531321411e+00 1.121467858932021056e+00
4.033017830475297827e-01 7.099589537467586586e-01 -4.757950129905206826e-01
4.229212750912891283e-01 -1.481362451833902805e+00 -5.082051898516082300e-01
-1.359862094398135712e-01 -1.460518410884233731e+00 1.323921747723315334e-01
1.285698097342702129e+00 9.106791104595223230e-01 -3.663837434894583189e-02
-6.063235302692943085e-01 1.459471681884679795e+00 1.877886949561990981e+00
3.069284546368971078e-01 -5.946166547683141151e-02 -6.032437782945607174e-02
1.653405541114852495e+00 3.105938256408695142e-01 8.505171530298517579e-01
-1.358644067427469571e+00 -8.212603336608542692e-01 -2.152228218390849435e+00
-3.590604221031816756e-01 1.001163448610148166e+00 9.189384141496019787e-01
-2.197914150946502776e+00 2.019098770838385626e+00 -5.604410248158308017e-01
-6.307861175888750394e-01 8.906490489644631747e-01 3.895496182690122988e-01
-2.658929164811126622e+00 -9.883282259189494212e-01 1.264768893968839292e+00
1.797810626546358481e+00 -3.836579114313672378e-01 -4.557037203189933661e-01
6.238256965698965040e-01 -2.363659164088686426e-01 -5.244120878577556155e-01
-1.027380958283455659e+00 1.558529863088379541e-01 8.892126137849627465e-01
-3.888002044149455605e-01 -4.281233722673331021e-01 -2.915276379553721209e-01
-1.550261629438234867e-01 -1.666529836580141533e+00 1.376151333626621787e+00
-6.125769372259881607e-01 1.169554750836620638e+00 -4.347478631796705129e-01
1.168936979289714406e+00 7.945860976614795845e-01 8.304395783427437339e-01
-9.407907519615978931e-01 1.277009454871536720e+00 -1.998457337584554905e+00
1.554386324360034433e+00 7.230753492136253735e-01 -4.877159635087305323e-02
-3.620897388006160122e-01 -1.307052442985727758e+00 1.590487258357683231e+00
1.050278202481618850e+00 -1.319998122005442642e+00 -1.430385788477039455e+00
-5.295662243798516799e-01 -1.724639813887793582e-01 7.727416622853867656e-01
1.720612331288503771e+00 3.908589112849061853e-01 -1.157238853398819156e+00
-5.112536879577571636e-01 9.208825359300167879e-01 -1.070951114367922896e+00
8.097965118452168376e-01 -1.025109518487602456e+00 -6.320248861123073381e-01
6.001852778437074543e-01 1.363035441277818061e+00 -4.092599571073358145e-01
6.597855212032850414e-01 -2.018912983125186855e+00 -7.112512859209734195e-01
3.990902002639913904e-01 -3.086148142222905899e-01 3.338357355419981909e-01
1.750691711713904919e+00 8.907602286936674441e-01 1.189536584864233415e+00
1.603660946630890427e+00 7.299558612817567127e-01 8.224352024025310959e-01
-3.872934748721719722e-01 1.972692697609161216e+00 -2.669013434215672942e-01
-3.348602801780614091e-01 -5.481205609606272233e-01 9.767964312802539517e-01
-1.330765987627049174e-01 -1.900311160812065525e+00 -5.995905372598133720e-01
-2.942718674207658314e-01 1.872001804830131511e-01 1.238800872309254508e+00
-9.454404372391586042e-01 -2.790943399836252614e-01 6.792706004465222103e-01
-7.189605637436983221e-01 -5.872083568093787731e-01 -1.259370091737784803e+00
-6.038097804376459099e-02 -1.715538452448462481e+00 5.056059785916903332e-02
-9.212215643477124072e-01 -1.151295374165025448e-01 1.309277680434578706e+00
-1.224739234576434521e+00 -5.824030776690626299e-01 1.380379638939153608e+00
-7.480428717495046786e-01 -7.591614455320748744e-01 1.853130965344022441e+00
-1.785362601958719597e-01 -5.240778075880626607e-01 -1.542379409840598237e-01
-2.060350344397191835e-01 4.336967269853730378e-01 2.083186200228485330e+00
5.614135596297419317e-01 -1.242361940087056915e+00 -4.373666263152157785e-01
8.375820486893149619e-01 -8.105682352963174964e-01 -1.869651474082975717e+00
1.946710658904305058e+00 4.816644846546103143e-01 -1.059936901591937292e-01
2.007291953131871698e-01 3.406418454432087461e-01 -1.436447109983980175e+00
-7.067354999132188231e-01 -2.771371246771505703e-01 -1.358039197918276431e+00
1.783950872377684238e+00 8.961615813093833927e-01 2.738778529683988383e-01
1.312665395715554295e+00 4.415016542083394779e-01 -1.135204660730615656e+00
9.080769127901082427e-02 2.572278764029713116e+00 9.335534610329522254e-01
-6.776623328136831548e-01 -2.273185249448695655e-01 -1.210467229852594695e+00
-9.354241199060520096e-02 7.465803701569726503e-01 9.702590008405298505e-02
1.048065720315312976e+00 -1.352307973654522488e+00 1.610294443574084688e+00
2.922952877141360428e-02 8.441311714647767861e-01 6.933981901175523266e-02
-1.588232178776365577e+00 2.924955856751848549e-01 -3.220627678412981698e-01
3.034457433005114391e-01 8.439726896148884716e-01 1.120198960173788061e+00
-3.798413623833413744e-01 1.681819440887935002e+00 -3.062021904820177998e-01
8.282088793599641507e-02 2.303604815504854741e+00 -3.752659928016457425e-01
-5.101097781131330722e-01 1.175912177897798561e+00 -6.811664712084940509e-01
6.890318269308266519e-01 -5.824978200415539265e-01 -1.872050137049766860e+00
-7.476327834423734942e-01 1.976347346084153245e-01 -1.813871482050970485e+00
-1.458362807591059074e+00 6.246066287791373073e-01 1.698142802007551300e+00
-2.710079712064994428e-01 7.105218132580107815e-01 -4.309759614333211197e-01
1.102496052229086310e+00 -1.400963717283226495e-01 -9.674098195157729840e-01
6.571477246911804071e-02 -7.256528573953476835e-01 -1.185914722084381534e+00
2.472508797312252260e-01 8.832755878628081314e-01 1.135510971876964925e+00
-1.009806371600085351e+00 -5.286594297172108048e-01 1.528447283027828174e+00
5.295996307627419686e-01 -2.561724738574931437e-01 -1.396501028048127702e-01
3.365321941071803269e-01 -1.048660187626965667e+00 4.783429507104605127e-01
2.158658293238508552e+00 8.237791803773761856e-01 8.745306659261705695e-01
1.823555351688545823e-01 4.371940377516265186e-01 -2.774412086210694128e-01
8.777618710662634660e-01 -7.227228380541758646e-02 -1.381177129496215406e+00
1.371164609397948819e+00 -7.874941368851314794e-01 2.182155151306076069e-01
4.802930755080663250e-01 -8.353555098900602438e-01 1.390790848997658369e+00
-1.433083003271649725e+00 7.095383411589341049e-01 -5.999725022496246174e-01
1.656064830257785447e-01 -4.352608101115346684e-01 4.771009161229984308e-01
1.066676167914554441e+00 1.226053345215764256e+00 -2.559439745061343197e-01
-2.768285160112539112e-01 -1.346067671664496146e+00 -5.299149788672359307e-01
9.741544670457213950e-01 2.132332868160982109e+00 -8.272707904327261108e-01
5.464072909189497951e-01 2.923064836633461616e-01 1.162275402649341149e+00
1.058213841252697435e-01 -1.917555088317459022e+00 9.070384292164751505e-02
1.643176646639426738e-02 -1.137050199652780647e+00 -9.712383908046769987e-01
2.362187377242809527e-01 1.077849297075192947e+00 -1.309784582764388583e+00
4.389173419097817663e-01 -8.213327624046086184e-01 3.084757149197624448e-01
-1.755889060092470366e+00 3.834546522177347261e-01 -1.088019518097229410e+00
-1.311659024518080807e+00 1.699498908849559342e+00 -4.845797378635540720e-01
4.328850195976804982e-01 -1.413563414914071892e+00 -7.654127999476459943e-01
-2.178557319857458152e-01 -3.131193190809292148e-01 3.781984501356128181e-01
-7.280039613219263517e-01 -1.694059114867852989e-01 -1.115302921704179190e-01
-4.097056198187254417e-01 -5.180977877249125507e-01 1.195044253569748777e-01
2.055636546581077528e+00 -5.174354917689877320e-01 -1.400825469389812117e+00
-2.308655425222658486e-01 1.939894721492255447e-01 7.913093634421661804e-01
-4.272927233712096595e-01 -1.314811054862305983e+00 1.932767665966605097e+00
-4.950159335025651752e-01 2.465240138889207844e-01 -1.932420256125322533e+00
-6.742887451838707191e-01 6.152916156186017949e-01 -3.647878709322529001e-01
-1.444802378783037300e+00 -1.231104155838374847e+00 2.001645246785482557e-01
-1.358371488308959645e-02 8.539744673169523681e-01 1.010958096984460486e+00
7.151278715083528859e-01 4.558064602976642093e-02 -1.887620369832715861e+00
1.320561113038637657e+00 -1.010196819001288882e+00 -3.161767768780045489e-03
1.674588206804678681e+00 -1.478468633666820409e-01 4.810744386275195988e-02
1.048133309634452920e-01 -1.337488300060934554e+00 2.333183848487899947e+00
3.932975831538679801e-01 8.094348360808685250e-01 3.197084378344687561e-02
5.584000796784886755e-02 8.882761135318599788e-01 1.732109240194723343e+00
-2.182088164085000503e+00 -1.286190409988104522e+00 -1.783498479246943269e+00
1.383029076379885147e+00 7.846386146343028445e-01 -2.046712579910030250e-01
-8.834212150176757872e-01 -8.927651733717042459e-01 9.494419851297669632e-01
1.014129660538651612e+00 9.993453007984758329e-01 -1.468732316024538020e-01
-9.657958668884107922e-01 1.572221738058355300e-01 1.697620827571657776e+00
1.344131628718993055e+00 9.996584510372966692e-01 1.920273795244681891e-01
1.348971002314226064e+00 5.974372000144168027e-01 8.992038073698339906e-02
2.730328688674927839e-01 9.393238749952547151e-01 -1.150398611066052235e+00
1.236367751479836574e+00 -9.784250157818941140e-01 -9.703135210872817495e-01
9.116463790315585403e-01 3.412149912215912129e-01 2.060509789869079955e-01
-2.659983399970342055e-01 3.757702699703035498e-01 -5.676151783360611214e-01
-5.737100485382774506e-01 2.884982700766635100e-01 1.609838855894747678e-01
-1.783408901713280148e+00 4.883628320359936770e-01 -5.390645298235064997e-01
7.407082135540381529e-01 1.295100133860464631e+00 5.416007956881387919e-01
-2.193281606227536762e-01 9.235107372923603286e-01 -5.847019332887578580e-01
-7.800846253362146987e-01 5.633698528894990343e-01 8.446847071287526265e-02
9.863832820386612132e-01 7.411520842034080570e-02 -3.830739788640422777e-02
1.688473671132224574e+00 -1.258826382491348816e+00 -6.043707106607839469e-02
-5.125897343608630807e-01 9.823255659639743564e-01 -4.093833465157103446e-01
1.087535027161686152e+00 3.544862556218403293e-01 -1.929111829380403542e-01
1.591164265580285453e-01 1.578039837345358576e-01 1.469402599372306162e-01
-9.239957633627365885e-01 -6.081134580991081062e-01 -4.423870810650045587e-02
2.887246182842356235e-01 6.625497997026974506e-01 6.534464710074268101e-01
-1.987690970435147253e-01 1.552510042436657134e+00 -1.247343161491431429e+00
-1.309032085249639543e+00 -2.410488828406563311e+00 -4.384971241905725736e-01
1.274424872189970637e-01 3.831251681854578317e-01 -5.738596430897443534e-01
2.968140772692010598e-01 8.722169339138362565e-01 1.937002133280846694e+00
7.984657878622394289e-01 -1.522709051524496759e+00 5.145013500233811543e-01
5.154179910772184181e-01 1.324323170645720082e-01 1.536842187400382809e+00
9.592276144451301612e-01 6.592175336087087167e-01 7.732238110715904389e-01
8.578395953842076205e-01 -1.288701291902755453e-01 -1.320611785323455578e-01
-8.962547160945596447e-01 1.654657108898945683e+00 -1.030092213421482272e+00
8.318873773511086256e-01 6.163736680180582628e-01 1.227960608250042274e+00
3.331739471256556784e-01 -1.107577371542631139e+00 -3.465382585305846752e-01
7.154186074447480559e-01 -2.190800345071386879e+00 -8.672660316976601447e-01
3.225852061973017437e-01 5.930279772307309183e-02 -6.720802766919020677e-01
-3.340248279515379837e-01 -6.383226180736313315e-01 -7.738586643551510491e-01
-1.474267401275024314e+00 2.164085111620428936e+00 1.101147458454099892e+00
2.351311329957737339e-01 1.532233114952264996e-01 3.073546684718110877e-01
6.860188753142687501e-01 8.536649495724880632e-01 -4.661271258114658977e-02
5.792465216309067300e-01 -9.544549498507555185e-01 6.507257220011181120e-01
-2.197827894539011451e-01 1.834462948312109321e+00 -6.711692628947857342e-01
8.572591487070511940e-02 -2.418431248390821242e+00 8.584457887676428811e-01
-3.558763125763714785e-01 -1.119894356870162033e+00 1.177405069614617883e+00
1.271350354683032036e+00 -1.871540811186705455e-01 3.305766466255796177e-01
-1.374431576179840686e+00 1.496271561737644973e+00 -6.024354871143538376e-02
1.228360021514108169e+00 -2.076542115769896668e+00 1.926975716065060018e+00
3.370996372248895034e-01 3.307774838567564268e-01 1.127907581876065324e+00
-5.793074057334856031e-01 -4.050859765396467305e-01 -3.777554405450841979e-01
-6.275287998142982104e-01 4.548239051924259368e-01 -2.472443696528358603e-01
1.699886083597574649e+00 9.392514362951913665e-01 1.513045803023863600e+00
-7.672355213499715276e-01 1.844524211375888345e-01 -9.575336569805991127e-01
2.480171928752252508e-01 4.444270782262988578e-02 5.946320363283229965e-02
4.055399666327226815e-01 8.781544268352402538e-01 -7.359536958948961205e-01
7.965563473590456800e-01 6.319712820112297624e-01 4.624514084856234941e-01
-1.623759450304517626e+00 -6.401421341957460598e-01 2.286534222680146611e-01
-3.435800627701888765e-01 1.269502977139076005e+00 4.945929895774333063e-01
6.985312182616064680e-01 2.586183919030006773e-01 -8.899376933617514362e-01
1.677802012539715726e+00 -2.593442351523647660e-01 2.035206427560316111e+00
3.832309310736307317e+00 -2.988898608303857535e-02 -1.734149366135390391e+00
1.278630137566167280e+00 -3.208164309045044016e-01 8.385408995156791445e-02
1.955514172260460537e+00 3.280946933526392439e-01 6.378820840552811289e-01
-3.555560006282544872e-01 7.693055947161683283e-01 -1.788569496286699589e+00
-1.065761976407258338e+00 -5.391789925485693802e-01 1.113850330128386412e+00
-4.238278008921592122e-01 -6.834978377407209260e-01 -1.996878884413291200e+00
-2.416089180954780480e-01 -1.019848263011073675e+00 2.167939590798638516e+00
-1.570734555140705924e+00 -4.315596120912165157e-01 1.250129270271810977e+00
-7.571706613701363331e-01 -7.280946374735587368e-01 -9.496788986330730875e-01
1.072398548222696313e+00 -1.403711868286528830e+00 1.561687352890282598e+00
-5.293686234204250107e-01 3.417660892352734070e-01 4.196649306324943818e-01
3.489746197612970113e-01 1.387032247106609661e+00 -2.915834016916242777e-01
8.094182071844436832e-01 1.380846719726133376e+00 -5.247285954537887070e-02
-1.455314483190454367e-01 -7.618198672209139932e-01 5.587103631434987561e-01
1.034986949964099123e+00 1.359920407505851969e+00 -4.793063163650008729e-01
-6.423499688884550807e-01 -9.751149660450419976e-01 -3.904448184430636126e-01
-2.053322252384843279e-03 -6.670491261782783843e-01 -6.402505064151593484e-01
-3.100324764053392634e-01 -1.027470263453383603e-01 -3.637559090721662614e-01
4.462721170486736999e-01 -1.243304124852203207e+00 5.957431086589319857e-01
1.316472051380426000e+00 -3.611907271545435894e-01 8.181253505434125106e-01
-5.091493575881029382e-02 -1.052620262452971661e-01 -1.545765073338544182e+00
3.724984483754787412e-01 1.336899044069788989e+00 3.208434034287968584e-01
-9.186061258957933795e-03 5.216838651743753719e-01 -1.655096957937366442e-01
3.451585859639132448e-01 7.072133662326446357e-01 6.639189938291831794e-01
1.605597726256714486e+00 -1.990813302947340713e+00 -1.178904505760564936e+00
-1.056207320203488731e+00 5.139505811377694799e-01 -8.989991386540190366e-01
-1.163192581039720119e+00 4.578845782192701996e-01 -2.013997779511496056e+00
2.769135320392757116e-01 6.305914484141329490e-01 6.402631388044686123e-01
-1.320748141521550956e+00 -2.225204105073643746e+00 7.791842489338020039e-01
-1.109277898567420095e+00 -9.740522741556451036e-01 -1.217872058185382356e+00
-5.105625494949862508e-01 3.198266285429318123e-01 -3.710204009354391985e-01
-1.144047797933507998e-01 -5.142407170733527266e-01 -6.845979660317705884e-01
7.690652862392002853e-02 -2.096429696157282863e-01 -1.089041981606608811e+00
1.143863444040281729e+00 -8.175447511639619691e-01 -2.838116938749768892e+00
-1.922627150647814753e+00 1.991696918238749836e+00 7.720269641225911972e-01
3.851258449502593106e-01 -4.546909843470314239e-01 1.330911320066053394e+00
9.558325582013257327e-01 -9.782362213265803630e-02 -7.182413219460174192e-01
1.066109341672615063e+00 -1.437200895451689275e+00 2.040760963063134703e+00
5.277253643048872567e-01 -1.180025456325819455e+00 1.546072228740088227e-02
-9.628234141855350758e-01 -4.089610649640001289e-02 2.009128248714050713e+00
5.721375740676083455e-01 -1.691277119325321765e+00 8.521860539938480583e-01
-1.867546930128331839e+00 -5.644317724781640067e-01 1.047474465442340463e+00
-5.860119161818125866e-01 -3.087842161827789589e-01 -1.055680777292783201e+00
7.784155138602636415e-01 -7.632511642438162269e-01 -5.481710522174642053e-01
-1.979159086339989715e+00 -2.565423831755460626e-01 -4.423253637538568372e-01
2.331234258515041624e+00 2.634854985828704588e-01 7.947478256877010816e-02
7.037651976462736547e-01 3.742835482252311330e-01 -8.354924562296859314e-01
3.711646299061165388e-01 -5.039919029088927305e-01 -7.544125488640124333e-01
-1.321802963103932693e-01 -1.207766599562348553e+00 -2.074426220947947208e-01
-2.492740837875746240e-01 -2.320761815721179011e-01 -2.827953424433147789e-01
6.693787249479533630e-01 -6.014825287404675924e-01 -6.929955831252851972e-01
-3.769721040042378624e-02 6.629524832346171959e-01 -2.985982011623031229e-01
5.697823857201583797e-01 6.730291680939766430e-02 -7.998079711825625271e-01
9.136556503301146437e-02 2.748041326301315923e-01 2.715537062093408283e-01
-8.233076337084602181e-02 6.919677255046272624e-01 8.331521059134363583e-01
-1.144907554217397205e+00 -2.642262082554078240e-01 2.752256156749174343e-01
-9.724567342427390404e-01 9.033099063326827105e-01 -8.017516496303644935e-01
-7.355686071536201576e-01 -6.214538652905251537e-01 9.922849452139181903e-01
1.359326344151857158e-01 -5.287730912433078467e-01 9.682310871281849529e-01
-1.219284169578702448e+00 -9.241635234611685901e-01 1.379384283661131416e+00
-1.053952033546563971e+00 -7.807804914166508459e-01 2.191410589681021648e+00
-1.247353173014480010e+00 8.197506651705472880e-01 1.550092078538210405e+00
2.588331961869833608e-01 4.256431127545970416e-01 -1.499880317222091142e+00
-1.070356671717268116e+00 1.287729487198675284e-02 6.090270415353116196e-01
-2.061632505056251397e+00 9.892113505180087918e-01 -5.515599178444238193e-01
5.561814598377895491e-01 1.229092991394640011e+00 9.173165364037165759e-01
1.281659368324450377e+00 -1.522359711495621104e-01 -3.278300565067703287e-01
-5.831089229368239257e-01 -1.043848766827192520e+00 1.610148421410397379e+00
1.171137053925795479e+00 -2.913241627411029100e+00 5.590313168390770304e-01
8.889116661215931692e-02 4.415045576015231843e-01 1.207824897961524702e+00
2.115759617234603152e+00 5.041080753884008558e-01 1.458038012745930256e+00
-2.115800090801820410e-01 4.875855286231352559e-01 6.329785765440679723e-01
8.990930151706343944e-04 -7.927294616357315471e-01 -1.848127634508222705e+00
5.828144204848137999e-01 -1.286668179205347595e+00 -1.363663374596759958e-01
3.813761177998218899e-01 1.999218158283072033e-01 -5.640496009080452067e-02
7.894212230079880044e-01 -1.183194440506474043e+00 1.113060377838339443e+00
-2.198082719435245913e+00 2.363267328260175437e-02 1.880617891016095111e+00
8.827969013676829901e-02 1.817216100662346831e-02 -6.903080460025200482e-01
-1.745850887704636367e+00 -8.913525586160818415e-02 4.821099804736609928e-01
8.302409465459766880e-01 -2.103227912863902538e-01 -5.306634948378963212e-01
-1.057253074538120785e+00 1.950527874758087199e+00 8.231723573040300446e-01
-1.863522677200778688e+00 -8.801852196527499839e-01 1.070096339101167748e+00
-1.126484453084309667e+00 -4.516495690001802732e-01 6.276014640833923464e-01
1.575065325657292736e-01 1.995915038490238436e+00 5.297804662039754531e-01
-2.171469896407968392e+00 6.122635458541982878e-01 -1.452550880000952116e+00
1.076846161787265554e+00 -9.730396989922037720e-01 -4.732475889473127806e-01
1.088378398347403131e+00 -5.945061439429460970e-01 1.043143313710928194e-01
-2.702602886525712345e-01 1.095467549450163391e-01 -9.648934056000810777e-01
-6.980131107794266265e-01 3.692991610224853893e-01 -4.049223648496660388e-01
1.293873520484776440e+00 -4.497347911745402937e-01 1.168238387450787896e-01
1.769603613839574041e-01 -2.898771906054140590e-01 -5.289378506285938863e-01
6.235859168580789591e-01 1.338134268664120219e+00 2.914567615785257915e-01
7.055562705419001768e-01 -1.337678136415535235e+00 -2.474746911209650124e-01
2.912540017609312470e-01 1.260230602710374903e-01 2.032006838991418540e+00
8.474764504034689727e-01 1.244650462997404450e+00 1.078452449249851369e-01
-1.372800741646279347e-02 -2.379079348652386905e+00 1.557650039695350319e+00
1.636979622417322533e+00 6.905310981075148957e-01 1.066092548298591403e-01
4.742713309714429726e-01 1.626265240491664210e+00 6.247424358083440987e-01
-1.111089039484260965e-01 4.182271108074952504e-01 -1.405678672771228266e+00
-1.555481797232353136e+00 -6.026524543905699138e-01 -9.515585795998363627e-01
3.629310723699237240e-01 -1.912340293175162076e+00 -6.467450389937239308e-01
4.203795177603971145e-01 -4.306252797117359754e-01 1.166325084306773840e+00
2.382507389601479231e-01 1.294088771347862155e+00 5.702876052296292908e-01
-1.480234591588444948e+00 -3.330206723899483690e-01 8.687676081942496964e-01
1.039935268199475793e+00 -2.135408984195231064e+00 -2.650658285202563968e-01
-6.812782378947507267e-01 2.041132213298266496e-01 7.372093345104747952e-02
2.650487461287793778e-01 2.127746253767953677e-01 9.521791634024246997e-01
-3.114945974403045270e-02 -9.040682458129414845e-02 -2.036216236480007102e-01
-2.109688139689554376e+00 -2.094905726062350038e+00 1.987305821063890754e+00
2.773716926346038794e-02 -4.466795073401016447e-01 8.465123580497788680e-01
2.127123063416862081e+00 1.228737729167431070e+00 -1.623386136445953198e+00
