1.391299613780234284e-02 -2.229163347427990608e-03 6.697521772860461076e-05
3.106471176682581645e-02 -6.100235476347203728e-03 2.345375404574608427e-04
-9.218892290596014671e-02 1.661289224616916901e-02 -7.388298364968404197e-04
5.841594214674996829e-03 -8.895536382153039143e-04 2.106726644295823896e-06
-7.404351709830220285e-02 1.163289936950568336e-02 -5.240483275975281463e-04
2.341226380522390058e-02 -4.166116852131390713e-03 1.678229482104109938e-04
9.778282495112042630e-03 -1.657630823372432298e-03 3.747710166368154946e-05
-5.008990552335362834e-03 6.781699717929223423e-04 -6.677841277332320202e-05
-1.403040295999181779e-02 4.926892005885570233e-03 -2.885703983686012733e-04
1.430289926676546475e-02 -2.847397279056080102e-03 1.089260530191568481e-04
8.263572206089159211e-02 -1.645904906448280094e-02 7.321238279234983104e-04
-4.832032528945572752e-02 1.147918392091889714e-02 -5.422276465717780491e-04
2.834185781687929579e-03 -1.211567982942069301e-03 4.246084524218009075e-05
1.282047684052226889e-02 -1.596384493681393246e-03 2.467058171685466463e-05
2.365605242668022273e-02 -3.761972449247859111e-03 1.210836972878851121e-04
1.754574355070301350e-02 -3.795937133291636505e-03 1.542888850270887624e-04
9.938312792185073630e-02 -1.432265539601112157e-02 5.205176211659362506e-04
7.576494393775844854e-03 1.349648446917002921e-03 -1.259106633346909060e-04
2.533277366718079959e-03 -1.677482391491282856e-03 7.418037328037522214e-05
-2.315497228825412132e-02 4.701045542887922167e-04 4.773306610739223681e-05
-2.838913757920918240e-02 4.360433408643576807e-03 -1.820426164304209116e-04
1.952679578302809679e-02 -3.218647177103193483e-03 1.155527154578475831e-04
2.834115807117427652e-02 -6.484792265318848996e-03 3.037577125144545406e-04
1.708708387786178964e-02 -2.463587961504282164e-03 5.184958050443496530e-05
6.222943459102709719e-03 -6.045118116909935658e-04 7.970895596994724899e-07
7.177180921644486442e-03 -2.124058926886323185e-03 1.075317894258217069e-04
7.836063256598686799e-02 -1.491239471407812198e-02 6.841074776691141029e-04
1.508024557749142527e-02 -2.771043166235443757e-03 9.886629932328314455e-05
-8.714733817522057543e-03 9.385609590568809620e-04 -7.696754639974527027e-05
1.520226472442428103e-02 -2.803935300206205402e-03 9.087721327337905039e-05
1.183818085014844233e-03 -1.209622240960720602e-03 5.007540636115296283e-05
-8.861336348782666850e-03 2.052515298236628517e-03 -1.412404378407143644e-04
-1.042263143241552170e-02 2.638877721260885195e-03 -1.577774229758422894e-04
-1.293939301959837716e-02 1.185065706321662303e-03 -5.435140720781933901e-05
1.657351863896042166e-02 -4.967147444441519927e-03 2.380999240110077617e-04
-7.959374498884385155e-03 -2.922055093864017370e-04 3.909731923850654238e-05
-1.269248381259153536e-03 -8.429106559539261507e-04 2.216464113072042635e-05
1.421641359354476088e-02 -3.711349688962535531e-03 1.769249845326621717e-04
-3.010917120180873000e-02 3.154838582558975105e-03 -6.606858533185575727e-05
-1.402262096198756032e-02 1.921695010662494499e-03 -9.921353458741764136e-05
2.859389786353002186e-03 -1.734717252136247631e-03 7.666846715292767456e-05
-2.508140435464255649e-02 3.585120388313657938e-03 -1.392559755330059594e-04
-8.597228457983508917e-03 1.164087898300563990e-03 -7.837912669264980939e-05
-7.204819933714287639e-02 1.124071346087261204e-02 -4.834318578273901629e-04
5.288169996513474719e-02 -7.875437047367681714e-03 2.504707480238000522e-04
6.524858014420311866e-03 -1.508819158538232024e-03 6.239621752225209955e-05
-1.011989083765550274e-01 1.749224886498253195e-02 -7.764714717004676803e-04
-2.491949416741521400e-02 3.317587065618195219e-03 -1.222761863165977222e-04
1.006580252526079362e-02 -2.385341419460753915e-03 9.189909980563586503e-05
2.512102471199352191e-02 -3.819002691620073438e-03 1.314604885525880520e-04
4.591313272912581067e-02 -7.298403633102551469e-03 2.694170331438081045e-04
1.003481547000752323e-02 -2.186511289714589915e-03 7.109016800772643627e-05
6.646136128861172832e-02 -1.228857805580099889e-02 5.032492167467410987e-04
3.629007233354705070e-02 -5.100306259277397926e-03 2.010519479766787604e-04
1.488251285929129662e-02 -3.397514119923131237e-03 1.349779898045760755e-04
2.461047869126244125e-02 -6.030089470825021093e-03 2.692488283086982501e-04
1.603320799659316287e-02 -1.579381956561082007e-03 3.987477684086037505e-05
1.892136862778441347e-03 -9.629418608525869500e-04 2.932045088182384449e-05
6.147283178497046918e-03 -2.663364511599164170e-03 1.311180903807735582e-04
7.781585954154165118e-03 3.746489460074303181e-04 -7.221445428540657118e-05
6.251264251508292791e-03 -7.259000917564293037e-04 9.806224953708229247e-06
2.178850725986476375e-02 -7.056061922048947367e-03 3.127122776906523030e-04
2.043008882373270607e-02 -3.142855800221053004e-03 9.829899183513846062e-05
1.968820971706731170e-03 -2.004478277200406205e-04 -4.312474450989071126e-06
2.969127535509061278e-02 -7.461880078976406740e-03 3.150604366036098558e-04
1.161573164436919131e-01 -2.907442857660394453e-02 1.420148948121591204e-03
-7.839626640949421505e-04 -6.735693018107253389e-04 1.520435581652121101e-05
2.750536693445213357e-02 -6.081730313609695973e-03 2.831797843709299087e-04
-2.242319639240987483e-02 4.081987369510856403e-03 -1.866500390821017145e-04
-7.615366979924771684e-03 9.655977138316228312e-04 -6.927950451722075104e-05
-1.009906368612504234e-02 -6.816901394142846826e-04 1.162726240637277243e-04
2.450438389773028705e-02 -3.610797522866975636e-03 1.646465808889403110e-04
-1.459118214923724524e-02 1.603179524911487906e-03 -7.188158028543730795e-05
-1.163332120486934443e-03 -1.282355456087598891e-03 7.253403005042739077e-05
1.814018466005456673e-02 -1.835116785300965232e-03 3.930050081784068269e-05
3.477245809836170681e-02 -7.118095987567848310e-03 3.090817510176544283e-04
-6.627101083744865251e-04 -1.631961044556519847e-03 4.540210033722306450e-05
5.908015443943805296e-03 -3.778558984263383040e-03 1.841526716091553689e-04
3.535632809870202509e-03 -1.585077550492084916e-04 -1.679747116786772408e-05
1.462096581913930986e-02 -6.575025526452580281e-03 3.040851579160239529e-04
-4.664324735611627415e-02 9.066551395788971859e-03 -4.533807335257815374e-04
5.257842009982186503e-03 -1.305833397391308395e-03 3.500115771727868932e-05
-2.064897174204132976e-02 2.304258949684465617e-03 -6.210274166481644445e-05
-1.008360244736085203e-02 1.682124607928105545e-03 -1.065116119058821895e-04
-1.008566977172834205e-03 6.343854149972594355e-04 -5.105673457714819414e-05
8.439781942022558936e-02 -1.795806690041651735e-02 8.340205094366850980e-04
-5.425497339291906335e-02 5.137083625372891246e-03 -1.281991478885476099e-04
5.357740610865821193e-03 -7.527180579250509172e-04 -1.928646817809598693e-06
-2.767323231168859754e-02 2.624150765571109118e-03 -8.692141549459945007e-05
6.423890805034068729e-02 -1.435048178789292972e-02 6.961486240382851881e-04
2.083562486755615156e-03 -1.105192791131301379e-03 3.384206153614691126e-05
4.276896889254971218e-02 -6.978871224564528637e-03 2.739598235970888002e-04
-2.402794459669088667e-02 3.071525227593431811e-03 -1.166367366031810515e-04
-4.561107412611752933e-03 2.427011548704089837e-04 -2.642283419546944106e-05
-1.481208804689143621e-02 4.014841011776400931e-03 -2.318907583078230056e-04
3.258077293809837766e-02 -8.242864024958737254e-03 4.207485694422453959e-04
1.146623245876756195e-02 -2.674254051190863655e-03 9.889004374212095189e-05
4.402075524517205102e-02 -7.743706187633368418e-03 3.056012981096627862e-04
-2.292379136421565655e-02 3.487726973602499857e-03 -1.332014784040324272e-04
1.857018849987810902e-02 -3.964582937277687236e-03 1.480497931946062745e-04
-2.975912945307570071e-02 4.884631193578534668e-03 -2.242136378515649855e-04
2.425030684052938493e-02 -2.222901964500429827e-03 2.124592328432662811e-05
-1.719062034389085350e-02 1.347196412436370587e-03 -4.321692170403969822e-05
6.952391825727134711e-03 -3.025305194207006648e-03 1.528272068021326209e-04
7.720063571074860242e-03 -1.145075771566339854e-03 3.123307678998526321e-05
-1.402644073520035659e-02 2.469061549816893228e-03 -1.023464489139942063e-04
-2.702370527099594300e-02 3.520351828089384513e-03 -1.085881312133663013e-04
7.335741655686128446e-03 -1.914115911388652351e-03 1.037956274409761875e-04
-4.714472453686762571e-03 1.421943513648457483e-03 -6.137638957750494312e-05
-1.517474126739970161e-02 3.070957402429039772e-03 -1.574345044345142573e-04
2.397976839375247273e-03 -3.645521143391870192e-04 2.668445956912691205e-05
-1.505718721718936511e-02 3.782169419717768943e-03 -1.727093581391724551e-04
-1.336246803645754939e-02 3.249761688434413959e-03 -1.641830020610293359e-04
1.222130707575797177e-02 -3.487575846026668997e-03 1.753318154534967525e-04
-2.457272097608175984e-02 3.532949868264906226e-03 -1.246312571787080645e-04
-2.731641248008337755e-02 6.399812440980430506e-03 -3.260002634088987605e-04
7.092877966708504081e-03 -1.425167379676782172e-03 6.822854332125607990e-05
-1.848438561059323991e-03 2.026190073790907608e-03 -9.754213873910131186e-05
-7.429584180130881926e-03 2.096168274821111430e-03 -9.624064940402842286e-05
2.903024870348809572e-02 -5.692358716939687098e-03 2.500142014557338310e-04
-1.656107292824721480e-02 2.047246069592253796e-03 -9.868634361007632902e-05
4.907296784792208877e-03 -7.657888210313721147e-04 -9.177251100319326615e-06
1.526947116368232264e-02 -2.947107212080804766e-03 1.072932901820928230e-04
-6.658813874858247016e-03 2.521078937360428048e-04 -1.986959191700788979e-05
-1.044205255608311213e-02 1.690104545563044446e-04 2.958896277633536959e-05
5.511962880574686197e-02 -9.318271733866703016e-03 3.622875276386976900e-04
7.832367464548206995e-03 -1.844516461672712467e-03 6.522075413328094415e-05
-7.175586375453586914e-03 -1.568443161935891223e-03 1.094656074721895179e-04
-1.306738490521508933e-04 1.144334442944658055e-03 -1.090653388289416700e-04
9.196821376719681264e-04 -4.532812706270491305e-04 6.055613617536972134e-06
-2.238363585585350160e-02 1.252418227489544497e-03 2.269540814920506522e-05
-1.257093429764398196e-01 1.988110854430447799e-02 -8.575779357432519734e-04
-1.872044289772002625e-03 -5.910069484343069340e-04 2.474609518578272781e-05
2.998608277648882187e-02 -3.580837217237380771e-03 8.036030805994151191e-05
3.509466526554398669e-02 -3.415700775987330629e-03 2.373335582089158846e-05
1.350861211444131724e-02 -3.658646120378839049e-03 1.665930962231327965e-04
1.053540376908881915e-01 -1.712602305919534371e-02 6.467994604210242082e-04
-5.807138089810758713e-02 8.969719242327105560e-03 -3.892513744942916604e-04
7.482841231335646444e-03 -2.469653472516509032e-03 1.026723102004133657e-04
-8.732919999415804033e-03 5.365377304291569539e-04 -3.560439471497170612e-05
-3.039797837182410534e-02 4.485072194751394369e-03 -1.664152434825592539e-04
-3.721219893841478527e-02 6.348647582253155210e-03 -2.766267119638518915e-04
1.314202729169405837e-02 -8.618386066512322575e-04 4.024059696394787292e-06
-2.779712857284880392e-02 5.190866677870546730e-03 -2.060339461183524970e-04
-1.442484435450603480e-02 2.700098612199525183e-03 -1.065262124634535311e-04
2.663158690930870001e-02 -1.684882744374264878e-03 1.163108880630195005e-06
-7.225139775886882734e-03 1.200582713783221065e-03 -2.156607388140944354e-05
-2.001122109259402537e-02 1.616031278488594142e-03 4.362492840941610550e-07
4.148009593789877755e-03 1.600094063981699968e-03 -1.248544380859216863e-04
1.819301754336795016e-02 -2.056802965466618914e-03 6.985017742630562562e-05
-2.542704524528242166e-02 4.514012944895581456e-03 -2.006157431131885133e-04
3.530416751228383776e-02 -6.157633984303568370e-03 2.588558192502957503e-04
-2.372223465383726040e-02 3.945725917559283515e-03 -1.407612315608695354e-04
-4.547043669453382231e-03 7.030330305931342975e-04 -1.867917361572679104e-05
1.611920398708099542e-02 -2.231886923173214722e-03 8.267915566910824521e-05
2.636638233542749898e-02 -6.323758809026297847e-03 3.180225547970115529e-04
-1.799433998336059243e-02 4.316071628119133412e-03 -1.781419044615045397e-04
2.883157649514912768e-02 -2.466471246024228361e-03 3.359915364757474002e-05
5.405395089703291661e-02 -8.804204176044267208e-03 3.623775998348541943e-04
-2.283265530195202966e-02 4.699307981626503830e-03 -1.954351847213231866e-04
1.533580629331806472e-02 8.583269041713644833e-04 -1.169815845202400954e-04
3.707214699818284914e-02 -7.185838034048520895e-03 2.985224072968081094e-04
-3.751092137841965934e-02 6.443260288279868860e-03 -2.532905603306679146e-04
-3.246489233247146222e-02 1.031462867865045110e-02 -5.741589405478635111e-04
1.072700629114801268e-02 -5.137573219579992523e-03 2.960676804443741414e-04
-3.284147432797881322e-02 5.274706081629190919e-03 -1.933174164370299666e-04
-1.069022890581100282e-01 1.885710383028328316e-02 -8.191096225296547184e-04
4.387933738736785830e-04 -1.959920551491054191e-03 1.349105376652883978e-04
-3.752042050362935921e-02 5.468872203397546691e-03 -1.804405640931450519e-04
-5.238293344132483736e-02 1.066414251431229039e-02 -5.235710585026111946e-04
1.929880324221576807e-02 -6.880415194567602449e-03 3.865147259429560500e-04
-3.129075922633062917e-02 7.542965315783966250e-03 -3.589648484788486235e-04
-2.311953725881110699e-02 5.419838883217613368e-03 -2.386946380614103635e-04
4.720068239855895742e-02 -7.668673091623634010e-03 2.801103590139774821e-04
-1.048088757688229143e-02 1.584700566432876382e-03 -9.305872130423772232e-05
2.952932566834760852e-02 -7.999220823393498811e-03 3.423472421170215343e-04
-5.303791903910661659e-02 9.724937936183983972e-03 -4.701760010202196000e-04
2.604947931915339420e-03 -1.464141242943298475e-03 5.689547287963080124e-05
-2.266350321294149234e-02 4.399446720721678951e-03 -2.236240516113761553e-04
8.043227896264223964e-02 -1.068145255796469802e-02 3.437483371560440260e-04
-6.437826177909292992e-03 1.024624828459042274e-03 -6.979367863521601656e-05
-4.419205240668012957e-02 4.890474771362000005e-03 -1.883174041664506526e-04
5.032578623519785160e-02 -6.865979039252443662e-03 2.646913191372522733e-04
-6.400735298849653636e-03 2.747258962762445106e-03 -1.570726462120576768e-04
-2.438812125654653967e-02 4.522112525086400582e-03 -1.819403526400475979e-04
-8.695296651396539067e-03 2.037142316532775718e-03 -5.393498577303248651e-05
1.256940820725490141e-02 -1.282794602885602413e-03 5.383594776139639763e-05
-5.942242728211735020e-02 1.053112299159938460e-02 -4.321148239020689008e-04
2.092905143787711277e-04 1.353715347855131762e-03 -5.377382453817711704e-05
3.195658160143041281e-03 -5.819530751707076201e-04 5.549310446212860938e-05
-1.215169429353440099e-02 2.981849912587844226e-03 -1.407426920783188228e-04
-1.037578304031761857e-02 2.481254908134732356e-03 -9.276605506185588504e-05
-8.846678278588447630e-03 7.593749715824374934e-04 -4.151990797066475256e-05
-8.476449048953416457e-03 -1.071435150892907683e-03 8.650312633036710136e-05
8.467279669441636972e-03 -9.484452517797102708e-04 3.054056014073177391e-05
-2.400235888665080281e-02 4.842658457529058595e-03 -2.028802138151685960e-04
4.671333035586019283e-02 -6.899225682670970250e-03 2.495467855449830241e-04
-1.157225292921352545e-02 2.664647498667707844e-03 -1.104886535553332820e-04
-3.380937782459781521e-02 5.266659578859442942e-03 -1.858400126298898059e-04
2.535693835860675701e-03 -3.657038947038392736e-04 1.027030290007860348e-05
1.257694132548992962e-02 -2.657634826787221558e-04 -4.242666786710388212e-05
-1.384028887220521871e-02 2.136210187490569009e-03 -8.420625263256143606e-05
1.644132945330518264e-02 -2.146460529078656962e-03 7.835023355693727931e-05
1.712447334629741205e-03 -2.953950875085849595e-03 2.174896957288091626e-04
-2.720660878942523370e-02 4.597309843180357077e-03 -1.753092861067106004e-04
-8.797820324034602568e-03 3.176675040587565758e-03 -1.684631840681736700e-04
2.028143291432362924e-02 -3.045911114515527807e-03 1.007899848843511574e-04
-1.625759329943983478e-02 4.390965103195286663e-03 -1.983753933642515288e-04
1.403100788179096649e-02 -2.632242268302388034e-03 1.160731587894867252e-04
3.736038413518402712e-02 -6.467555352702601332e-03 3.041047642355588707e-04
-8.333015084061022940e-03 2.603126732750994741e-03 -1.156076247017744606e-04
-1.973996258217384364e-02 3.838453689211580519e-03 -1.534178317256951370e-04
3.666609923600353677e-02 -7.298640550704485822e-03 3.141501952962791680e-04
-3.707203420622440931e-02 7.537935559537072873e-03 -3.171519112946628860e-04
5.973263882626748955e-03 -6.583868119397532324e-04 4.116666248625046060e-05
9.500038197102465831e-02 -1.596009335015158292e-02 6.410653593449441162e-04
-2.270284012298249415e-02 4.754113342873798713e-03 -2.023558429758405899e-04
-3.706780527482857190e-02 1.137059520245159612e-02 -6.047931867722618898e-04
5.850861496909452730e-02 -1.162949621906131208e-02 5.021844052714597578e-04
-1.189989998231947600e-02 -4.030448384238983681e-04 1.100628900816529856e-04
-2.259866120694940458e-02 6.604123767835160842e-03 -3.720461287194873345e-04
7.114546718741117382e-02 -1.638672326434012852e-02 7.908071025365930734e-04
-6.656896553901381179e-03 -1.367070538854845470e-03 1.547470241819188380e-04
-7.028152249431586507e-02 1.283136382801311481e-02 -5.892081286881737517e-04
4.352195710026666997e-02 -1.119200893933134690e-02 5.890281717138064893e-04
1.091781587145743138e-02 -2.288133030772617014e-03 1.466045960688664059e-04
-3.426316090275607906e-02 1.072406916533324636e-02 -5.462308443432341981e-04
5.042416155390747751e-02 -1.095191557228296711e-02 5.075725799923921921e-04
-1.975153258261394540e-02 1.276882912255299313e-03 3.959273093900482141e-05
-3.029646629572435579e-02 1.056187727788721747e-02 -5.766004822383274248e-04
7.518016680727877821e-02 -1.545847427030545146e-02 7.044576613497062489e-04
1.016551850756854374e-03 -2.898912026406654657e-03 2.274760076770472594e-04
-5.387480848845446063e-02 1.657626016382670806e-02 -8.970151237865653382e-04
5.349792272505762142e-02 -1.768008728232690896e-02 9.476610051985696892e-04
-1.718712371894872554e-02 -7.500558785659127705e-05 1.173257943802848651e-04
-7.083088071688663223e-02 1.933593348476230975e-02 -9.839037336175464332e-04
6.314473820951209404e-02 -1.469745969116302217e-02 6.927694917195498236e-04
-4.655094127295568429e-03 2.248392043275270524e-05 -3.317253241330001164e-06
-7.202278321699772182e-03 -1.461762526068948083e-03 5.929333688254115331e-05
3.696480065222323974e-02 -8.882537864526238169e-03 3.864560705412849184e-04
-4.108185013635358776e-03 -9.290488878182588239e-04 5.427826489030657293e-05
-1.653701047997380505e-02 2.473376160820661696e-03 -1.652196069175087406e-04
1.097543163790426837e-02 -4.538387385681996386e-03 2.364628046907027437e-04
7.121712829449787160e-03 -2.427473844377068136e-03 1.007534143982634009e-04
1.122092412369447498e-02 -1.754385102401863263e-03 3.527546156711198165e-05
1.872136804887156863e-02 -3.273452110617539913e-03 1.086793310695948964e-04
2.238945000791866397e-02 -4.369804345941329972e-03 1.795175468063316820e-04
-2.820606743655522039e-02 3.910880156695012259e-03 -1.971160183577465308e-04
3.608569660884542590e-02 -6.662637869911880277e-03 3.056235211041074401e-04
9.046500263295416356e-04 2.726093621544216231e-04 -2.065880714460116042e-05
-2.088765454491512547e-02 4.255256181466996607e-03 -1.647539048016373811e-04
-1.877185001124230881e-02 4.045618051554463780e-03 -1.483540150125440063e-04
8.594262587971373060e-03 -9.349240442296474600e-04 6.481309120025366584e-05
-4.748402000052969613e-02 8.504574398221258907e-03 -3.471297228453268380e-04
1.106463332283902541e-02 4.880907361774366625e-04 -5.813817975231530500e-05
-4.001482070338629668e-03 2.540665292015892914e-03 -1.663373711476069140e-04
7.471807354313338145e-02 -1.270852234484769194e-02 5.425649989847184523e-04
-1.274843420008583451e-02 4.412479245722049880e-03 -2.179031058073743407e-04
1.269129954068903832e-02 -4.083404239605938285e-04 -2.867687262276261747e-06
-1.967456169099458807e-02 3.592379892097890496e-03 -1.527827016146489358e-04
-3.016387252606519270e-02 5.248008764092150849e-03 -1.932777242639625512e-04
-2.491568121367139510e-02 4.763681410592922154e-03 -1.930449175624607619e-04
2.332046623537785759e-02 -3.028493758863080171e-03 1.124847178213725894e-04
6.579500321104994436e-03 5.631309340699574867e-05 -2.234970425689242614e-05
1.008096933885266680e-02 -2.091453467649384123e-03 7.404670052513565026e-05
1.518873700485396348e-02 -3.505213171520851854e-03 1.314163947642339736e-04
-4.897847977246309187e-02 8.797324592681215333e-03 -3.943247516083429882e-04
-1.253212505171143057e-03 3.146214611940849381e-04 -5.282024008483685723e-06
-8.080638258277128214e-03 3.888496654352984090e-03 -2.193911841776021929e-04
3.979982305559126576e-02 -4.999704337536417000e-03 1.596086273285834967e-04
-2.026478112361559947e-02 1.827707370118172251e-03 -5.872060448667854732e-06
-5.320641801547076194e-02 9.455098665831765045e-03 -4.296163310900311116e-04
1.294864154373238929e-02 -5.702663008485492867e-03 3.502457366829454452e-04
-4.048377377516382269e-02 6.622795228821612597e-03 -2.328180025715055959e-04
-1.610876436977474666e-02 6.886477330152284207e-03 -3.570615065471372321e-04
4.768973290430026518e-02 -1.060822400439434716e-02 4.306199612098202123e-04
-1.083663563608077557e-02 3.756155273390913269e-04 5.213957367925002931e-05
-7.918587414081613984e-02 1.954341633352358470e-02 -9.124269469999446436e-04
4.611358539303388182e-02 -8.966490755250201491e-03 2.938628177942530922e-04
-6.909143966990744824e-03 -6.779638962112435234e-04 1.099051317062586233e-04
-1.156134191221469404e-01 2.188780832315805405e-02 -1.028401224598195912e-03
1.076438079642347695e-01 -1.873180535503731620e-02 7.350694515136230178e-04
-3.692022946395825088e-03 -6.050277880767060586e-04 2.908068876455278343e-05
8.986102273337641735e-03 -3.349213033560261531e-03 1.293997851839136411e-04
-3.035213654642726459e-03 -1.251329932344381413e-03 5.474447523487425624e-05
8.195261475256610667e-03 -1.533108899240550552e-03 5.288770612344242950e-05
2.323365088154419333e-02 -5.062143258041433558e-03 2.303848360293604680e-04
1.206751470530945114e-01 -1.684612160874665587e-02 6.132491298978907934e-04
9.839933755867107112e-03 -2.242616118711690445e-03 8.197801442209190492e-05
6.221336726522362637e-02 -1.188718718541284698e-02 4.897551912100665816e-04
4.745360832209536556e-02 -4.705343891952139604e-03 1.091076230980746534e-04
3.947186263540764656e-02 -6.394212934938223007e-03 2.511234516483773493e-04
1.183294039561420992e-02 -2.668111683577479806e-04 -2.447671204036563474e-05
1.342006501003686209e-04 -1.148905867411902131e-04 3.835390168283904760e-05
2.032673942669627545e-02 -1.811181017145841420e-03 5.609522578307814429e-05
-1.513670677076066817e-03 1.627949441270095179e-03 -8.805843296033101508e-05
-3.271751846982407647e-02 4.358785505633605735e-03 -1.233070736079838747e-04
-1.867352462062944187e-03 1.067811326927400840e-03 -9.263273111480957965e-05
-5.199298092218732764e-02 7.142221570456575019e-03 -2.254269111270079673e-04
2.116163107437266881e-03 1.079791855368990132e-03 -7.697386631221395104e-05
2.688049703316239963e-02 -3.009234598670744876e-03 1.067797182516924855e-04
-3.621353854935092931e-02 6.441734537662924774e-03 -2.549645780410168469e-04
-9.425151614652979223e-03 2.398447972747047140e-03 -9.468849938401233124e-05
-7.759619702518930767e-03 1.020273215413871563e-03 -5.094576350467218580e-05
-2.462266356488146402e-02 -1.808169290526859393e-03 2.323059807503053287e-04
7.497701405688686482e-03 -1.905810864013923311e-04 -2.755036334553670127e-05
-1.612063292669658685e-02 4.407614180562156175e-03 -2.485489085408661494e-04
-1.763436699446420050e-02 1.948900200648666023e-03 -2.771007747987821665e-05
-2.608281577423298206e-02 6.575105673212300501e-03 -3.144663835249385947e-04
-3.351275243721971164e-02 6.634040139448035486e-03 -2.916516507454362458e-04
1.012869894782457252e-02 -1.562037532683100381e-03 7.837586874614023251e-05
1.860419631925079934e-02 -3.813932614314897909e-04 -1.384456270400854973e-05
-3.268401794365532326e-02 5.837781856025848516e-03 -2.440906521259779763e-04
4.134098861846421252e-02 -6.955178450894614409e-03 3.033269343980854113e-04
7.294822369001045803e-02 -9.907209340085364538e-03 3.661748222033300859e-04
-8.974359259518638679e-03 1.618034449792750103e-03 -7.520570846096768895e-05
3.268407994887556102e-03 1.043031693577080353e-03 -5.273089853646741737e-05
2.237160225178624635e-03 -7.777466678105264455e-04 7.686798565489602088e-05
-4.186623980586780952e-02 7.155832000870462548e-03 -2.762851782886262958e-04
-1.379433094805153706e-02 4.180672966632891646e-03 -2.001188501658405020e-04
4.556414538793642638e-02 -6.333769573277218609e-03 2.220670147921478127e-04
-2.826387874448134385e-02 3.862126146286123420e-03 -1.138809170584944783e-04
-6.442846539229775404e-02 1.039462364746586258e-02 -4.370891957052366189e-04
-5.230508931631460551e-02 6.215680851387178976e-03 -1.627078518271832253e-04
-1.549816480324128082e-02 8.093293560510045597e-04 4.351323389444159036e-05
-4.105776548252835362e-02 4.872166948916682033e-03 -1.681456313819534171e-04
2.426033160470768626e-02 -5.290358114001789125e-03 2.831518899408759157e-04
-1.252924971269885751e-02 3.366703991418302242e-04 6.487282599476103121e-05
-7.100913899594285539e-02 9.299439468552444729e-03 -3.909823877530534120e-04
5.314875456321943581e-02 -9.154239522900351270e-03 3.911126507163131816e-04
-1.500248323447946758e-02 5.769750195132338812e-06 9.062750175901260576e-05
-7.925912718238488364e-02 1.934945420349475087e-02 -8.964096765041729142e-04
7.054427302019661283e-02 -1.785453490676497390e-02 8.723849047682884217e-04
1.473095753203445581e-02 -2.050546113854164257e-03 6.116919335907508581e-05
3.378779329141207155e-02 -1.376059899871916008e-02 7.367638535970243152e-04
8.230636824928871942e-02 -5.831436636268615657e-03 -1.658338376708465289e-05
1.432279198952369353e-02 -2.972507526623994079e-03 1.015039707379025713e-04
3.394422239943851918e-03 -3.990558654516206810e-03 2.024884366432998760e-04
1.873285731303904120e-02 -4.457105395579019462e-03 1.739772753301680255e-04
3.266813364810082498e-02 -5.532260478852727217e-03 1.977036027200869753e-04
7.752150443709891064e-03 -4.999204231727585185e-03 2.587240606664988410e-04
-5.948372261364455633e-03 1.509529972797513239e-03 -1.125396682913509024e-04
8.600741446154599665e-03 -1.472587498400793320e-03 5.776146696178513507e-05
-1.705523309652886427e-02 2.722917902259948224e-03 -2.024398679293069880e-04
8.827744538451840622e-03 -3.593217164938611926e-03 1.651771596628010680e-04
1.403044605219500723e-02 -2.413222387368660609e-03 7.701810219568365132e-05
5.607338800623703524e-03 -3.456190447709161454e-03 1.876784491501126521e-04
5.110399927780500708e-03 -2.182623693669275521e-03 1.367412450023509918e-04
6.011793401875188160e-03 -1.240879030016939742e-03 2.940382865493644700e-05
-1.191209971681841256e-02 1.361924933959603699e-03 -7.652335389112625494e-05
8.671835788238320408e-02 -1.275433470022077284e-02 4.534978166718817844e-04
5.050450844521446429e-03 -9.374794972752226955e-04 2.138921419606216751e-05
-9.425499670131379584e-03 1.715712411892690407e-03 -1.351933534479972474e-04
-4.338790425917233434e-02 8.633288618020354757e-03 -3.758345408369431762e-04
1.707876133222216777e-02 -3.157180279783953700e-03 1.125285275820364118e-04
-6.952451450092328976e-03 3.393687102904286270e-04 -5.249867778897777297e-05
-1.080530543756831607e-02 2.480708126982960910e-03 -1.181220417225481781e-04
-1.023850875942619929e-04 4.931356985513131626e-04 -3.700545267702954385e-05
2.607676062371834871e-02 -2.069747755006742709e-03 3.348760604456914314e-05
1.596950142975667522e-02 -3.242425009174554947e-03 1.785730352402399926e-04
-3.358302050415252777e-04 2.248493843702547776e-03 -1.477707661448825378e-04
1.197456739639614007e-02 -1.419582041059085781e-03 5.651341898560034369e-05
2.230894042982265943e-02 -4.437026078061851418e-03 2.373735036104700907e-04
7.783847053335820991e-03 -1.283863865622437116e-03 3.646655391810341498e-05
1.685820252148755721e-02 -5.365032070588421007e-03 2.814648744840202860e-04
-2.979409027515099451e-02 6.007445247557878856e-03 -3.032827358115490479e-04
-1.528060259862194445e-02 2.248964867365653691e-03 -1.105676862813887058e-04
-3.054869553935763565e-02 4.400944763136737346e-03 -1.769420015167322974e-04
6.775351200829907161e-02 -1.104799353128930323e-02 4.408602755251733729e-04
4.978499232607829644e-03 -8.048608597393605568e-04 1.326449808411380316e-05
-2.850313114044791471e-02 5.609608584798747057e-03 -2.338497972635836600e-04
4.433475821048075104e-03 7.016104350460732487e-04 -4.679900404740264166e-05
-8.539358448242689859e-03 3.910878711121287300e-03 -1.900367999571371883e-04
8.878052083819473056e-03 -3.856314387203826628e-04 3.184048343807417952e-05
2.806288654177148097e-04 2.985488296505299055e-04 -2.214499240917240132e-05
-2.251311184688549807e-02 6.460948707745382477e-03 -2.968979324084117244e-04
-1.415798873853016220e-02 4.028568148069353386e-03 -1.611010160979002223e-04
2.868644008152752140e-02 -6.008182158051267319e-03 2.951662769286088686e-04
-2.026176321772981889e-02 1.978362814193335151e-03 -6.698893556963503131e-05
-1.533519676165834809e-02 -3.684038323070491306e-04 1.008079011694270710e-04
3.055175158592839113e-02 -2.314157712576601737e-03 2.184597029399439408e-05
-2.416654235813611110e-03 -5.056412988623272802e-04 1.509295559197054021e-05
-1.824429253864284783e-02 4.757159984864787333e-03 -2.617318070324992779e-04
4.395078968464655872e-02 -4.850036675445542657e-03 1.410660350417381956e-04
-6.422418371109434032e-03 -8.403616697808400835e-05 7.502868586523530692e-06
3.107330743639398051e-03 -2.437352318860348983e-03 1.326952570864453965e-04
2.002315600473000487e-02 -3.178853140428811955e-03 1.381007612788732151e-04
9.681086911284580987e-03 -1.786321431888997658e-03 5.171497588974749773e-05
-2.956239252651184958e-03 -1.241116673601427248e-03 6.304328121683219592e-05
4.222815801014001211e-03 1.788639393976060614e-04 -3.056172800197515791e-05
-1.277505765853824589e-02 1.296339999175665034e-03 -2.126049286500114079e-05
-1.085142921490580767e-02 2.993577067896835593e-03 -1.744509350573735830e-04
3.751895329084120080e-03 -3.083298278099061082e-04 5.205846017456545408e-06
3.605307729469300372e-03 -6.647490658016672440e-04 3.611107358937235522e-05
-1.160480843709796837e-02 3.020878109718966829e-03 -1.469384910989055687e-04
-9.364362561869137361e-03 3.734018188900678275e-04 2.167767526209071240e-05
-2.496317120298080505e-02 3.160329993323040924e-03 -9.599448958561235604e-05
1.479560489689881950e-03 1.734076426010612180e-03 -1.087039899600142790e-04
1.739992703856401866e-03 7.002428667047981082e-04 -4.040033199612645155e-05
-2.077608395999794300e-02 3.555602990268247766e-03 -1.464028881368816502e-04
1.211657190204040030e-02 -1.244249374506955618e-03 5.065097078395925344e-05
5.900638480647142463e-03 1.067080303024034232e-03 -8.702095790080635433e-05
-3.840883190984505091e-02 6.126578735088269480e-03 -2.100921381823807332e-04
-5.391368502689539849e-03 4.043364485765524839e-03 -2.182556332366875768e-04
3.103938549824179077e-02 -4.268290051562967542e-03 8.875364212237134287e-05
-7.553990217609943096e-03 1.640309917574008913e-03 -7.137647722137391119e-05
3.084308971926304557e-02 -2.308386300684125980e-03 2.900793540032333556e-05
-5.429329962269838564e-03 1.248616067094775346e-04 5.046077752731721730e-06
-6.345619247678795267e-03 1.487572508137239040e-03 -7.656124835353148028e-05
-6.959201558470176283e-05 8.775922799775847999e-04 -3.679022727983078441e-05
3.045351419183326032e-03 -1.755205354884317595e-03 9.204889756952408693e-05
3.339008483084895951e-02 -5.394253139226931962e-03 2.239606557500346123e-04
-4.753427057045158700e-03 3.189519309528803231e-03 -1.795969133837407861e-04
3.887704798649965765e-02 -6.500785914099817785e-03 2.639863799969340008e-04
2.909486930643697712e-03 -3.462667035629803580e-04 2.026772689350515941e-05
1.242075635856321192e-02 -1.604983141792161059e-03 7.484048291538612785e-05
-1.136405099385405515e-02 1.599096298271289766e-03 -8.289847378382215679e-05
2.220789357700488076e-02 -2.750270606289097891e-03 9.447519478162670625e-05
1.058917645678784936e-02 -1.629669861526059516e-03 8.299319527674373261e-05
1.182581524332938783e-02 -4.045973451502523320e-03 1.910332759088801194e-04
-8.756742763556406989e-03 -1.293630257249822830e-03 1.641661444576789867e-04
-1.425005393581366409e-01 3.437957627613364570e-02 -1.672908823363204733e-03
1.065357254878714771e-01 -2.173951113871449431e-02 9.692442892271571631e-04
-2.475315114032097634e-03 -4.398509471785867823e-05 -5.388192305777018758e-06
-4.785169306817555444e-03 -1.954652049399377683e-03 7.861682949085002474e-05
7.484650991182302537e-02 -1.581941141504970838e-02 7.201582093399570839e-04
1.389331075554992370e-02 -2.931172794878867272e-03 1.051919864583895046e-04
-4.890830565259496332e-02 8.450507221994914969e-03 -3.872199813049013312e-04
4.962508058069791533e-02 -6.565313236156639087e-03 1.761498498459718176e-04
1.285884813334581440e-02 -2.574843951047833639e-03 8.707939449959390538e-05
-9.003209594579864028e-02 1.226932770599546002e-02 -4.472854881733961951e-04
7.567704434596099483e-02 -1.195933582672448030e-02 5.572605858390616840e-04
7.082575219661078197e-03 -1.552299381871803099e-03 4.898604221303124243e-05
-6.167831003458483508e-02 5.023923258933180903e-03 -9.199646798884082710e-05
6.327946345513651982e-02 -6.766953579514477235e-03 2.183152317052671279e-04
6.814052542881366727e-03 -9.477916417748522481e-04 2.516371629359304574e-05
1.895539192818285548e-02 -3.223403761286414235e-03 1.433333762000891382e-04
2.531641328439909744e-02 -2.410598309371957213e-03 8.741811057973733826e-05
-1.619107324999169775e-02 3.311383841041738631e-03 -1.281733233660536410e-04
2.572820018958912099e-03 6.543679821500484554e-04 -4.392198945820616641e-05
5.217139507554933824e-03 -1.477290129381313415e-03 8.210519555063846772e-05
-5.814460133568829852e-04 -2.569588732247902216e-04 -1.202984385030358766e-05
-4.793410908624898964e-02 6.941708203715670628e-03 -2.633730331903991195e-04
6.580540475077725771e-02 -1.086684830216003150e-02 4.533029319122930390e-04
-5.970896807978972633e-03 3.804218196165169447e-04 -1.089874487721754050e-05
-4.838023507444329241e-02 6.981791623151315483e-03 -2.787030541088076491e-04
-3.396802510019270027e-02 5.762439129786710301e-03 -2.135264317829257269e-04
1.085521219438989257e-02 -1.353201176124909852e-03 3.050565000931710312e-05
-9.557092695356074474e-03 1.001340698176514735e-03 -6.717505484040624340e-05
-2.542777067223603304e-02 3.819573173675702878e-03 -1.472827215644157382e-04
-2.959291673747571974e-02 5.278915992212959707e-03 -1.949288909043117232e-04
4.696796544442560957e-03 9.773814014360524081e-04 -6.985549647411492657e-05
-1.326537451914515603e-03 8.899395638825759050e-04 -3.868632865623960852e-05
6.135324579857649036e-03 -1.329986583248422664e-03 3.617046995254983091e-05
2.741396650835986604e-02 -4.796782512175971208e-03 2.044886219209141390e-04
4.630878840046466147e-03 -3.556545679842190721e-04 1.631180597233642402e-05
1.814156032094184660e-03 -1.163084824061605838e-03 4.360438260255384418e-05
-5.249052380472683452e-03 5.419163394608709052e-04 -4.553228799304611524e-05
-1.617572910824895127e-02 2.527227798302182117e-03 -9.729398066978933030e-05
1.351953177697438890e-02 -3.618978791901777785e-03 1.616556725886988434e-04
-1.545556595546600329e-03 -8.621358624122147599e-04 2.880393759903637600e-05
-3.851362785103058795e-02 7.799759362086513409e-03 -3.429572908528744080e-04
1.625541019958383349e-02 -3.131663254243732212e-03 1.492514840101752394e-04
-3.063125658615328470e-02 6.428480255651856760e-03 -2.814056044156635489e-04
-5.888040378497205567e-03 3.166955087775025256e-04 3.633450393452627774e-05
-2.257278274324924297e-02 3.514147234835995719e-03 -1.227695627307652006e-04
-1.459986279245140649e-02 7.199821156446549637e-04 -5.824759077652382454e-06
2.658171643310969223e-02 -5.614955214931739540e-03 2.940518922043911312e-04
-1.300192279456411498e-03 -3.803165318054399041e-06 1.752390970935592199e-05
5.239479275760267063e-04 -4.360021505220637301e-04 1.687277951032962716e-05
-1.973767120540943949e-03 1.433786277589314752e-04 -5.060191208817993837e-06
-1.358120889060513738e-02 6.143070659277182800e-04 2.571515825657065633e-05
-1.543484075254825810e-02 3.207595714349753546e-03 -1.429275578231723604e-04
-2.394607147826599038e-03 -2.038345670485850218e-04 4.564098070348752479e-05
3.416727613519681718e-03 -9.042209399320119559e-04 5.646258351776423448e-05
-4.288704595715378542e-02 9.509848414367302188e-03 -4.440887568178814027e-04
9.183995364292442051e-03 -2.302616472277703007e-03 1.424383470137405988e-04
-6.781075997481200192e-03 1.111505419436741027e-03 -2.352886334942350978e-05
-1.545101271575843004e-02 4.777806845981401145e-03 -2.308408101446939031e-04
1.560969423907006964e-02 -2.163192958264012391e-03 7.824425711423083074e-05
-1.862873617069729648e-02 1.724470627934387729e-03 -3.389834818610503592e-05
-6.284495964939158796e-02 1.428503807162805929e-02 -6.916702510657395109e-04
-2.337537067091118026e-02 2.435257704418679336e-03 -4.162882740264524720e-05
1.153986139453870617e-03 -2.414073373705138102e-04 1.305770979365312740e-05
-4.208142525945923057e-02 8.106680518693724913e-03 -3.640874251674176831e-04
-4.857700880965123980e-02 8.830027933499753900e-03 -3.763552519804001795e-04
-4.978063061951499071e-04 4.017309138478235763e-04 -1.139077149927853611e-05
-6.685766080248824184e-02 1.453482842569840151e-02 -6.216819234641304814e-04
5.304497005492318784e-02 -1.002517937465306590e-02 4.056635119271470580e-04
-1.180915738505983019e-02 3.004539066380541770e-03 -1.464601522793108554e-04
-7.442731838147272246e-03 2.660839997226995338e-03 -1.264918013975540635e-04
1.053779070894126507e-02 -2.346672817354236110e-03 8.181980479374153375e-05
1.794334613058328615e-02 -3.109867124014224771e-03 1.309377274687673239e-04
-3.672461491387708863e-03 3.554042040631188830e-03 -1.682518134677036918e-04
-1.858689817196067587e-02 1.576570522579052091e-03 -6.050797023625853130e-05
-1.996307556198802236e-02 4.115544628698528627e-03 -1.778534786537914678e-04
-6.058307110798840127e-04 1.215041476243040267e-03 -4.680495251608456954e-05
1.984988182474370713e-02 -5.262467282414640991e-03 2.612158298640468099e-04
-7.689329761335492652e-04 6.742343386560674997e-04 -3.573339421727864465e-05
-2.093931129072707301e-02 5.917308609784142047e-03 -2.858470930391689147e-04
5.802231588463075719e-03 -2.512949514227981809e-03 9.142574607311432580e-05
-6.628688262365603837e-03 2.397731300275424918e-03 -1.291547482765147831e-04
-6.956630094761937118e-03 2.550378509308034395e-03 -9.287343246381762202e-05
2.156741315349932579e-03 -2.075148327508205201e-03 9.460530962879677014e-05
1.856812572715241944e-02 -3.805407775162693816e-03 1.556193599637598242e-04
-1.218738120845181197e-02 -4.671940714621901960e-05 -2.594240793211729498e-05
4.935722354426725494e-02 -8.402322051476803985e-03 3.436380396358365563e-04
3.537592666494281807e-02 -5.254509983065457253e-03 1.837729990074041600e-04
4.760714027014751465e-02 -1.068509307155433678e-02 4.173179641361896702e-04
4.133540752836845078e-02 -8.820676469668534483e-03 4.082377419017090003e-04
-1.702785912309796520e-02 3.364563332304962295e-03 -1.516487490900693749e-04
1.484368625222190659e-02 -7.728774950937902311e-04 -7.364006090078141324e-06
2.142271848407704266e-02 -4.739146273161293568e-03 2.628035812864814441e-04
2.726705377281845449e-02 -5.423982059876395444e-03 2.284857629450453079e-04
7.053236064131124076e-03 -1.284196030700539368e-03 1.861512213562348424e-05
-4.642126928824214654e-02 8.305422391866785353e-03 -3.690778595285479358e-04
4.959295894254618989e-03 -1.227574458648455526e-03 3.818512346196443509e-05
3.066550258394696790e-02 -8.536943004462735698e-03 3.771308360167851398e-04
-8.289174444446215095e-02 1.499389907176322881e-02 -6.512814568445744051e-04
4.180413221165188604e-03 1.358168036948640529e-04 -6.144806912004250601e-05
1.443231969505491541e-02 -1.698907835689093598e-03 5.736947362034784149e-05
9.533542668847053148e-03 2.330633531417980724e-03 -1.849546207180869338e-04
2.453471609638680287e-02 -4.435859658989781476e-03 1.724322085150421791e-04
-1.678144911512061480e-02 4.929003880719093518e-03 -2.299326005653495875e-04
3.300455233769650221e-02 -5.319950490066475621e-03 2.292624962872387775e-04
-6.007665588174525978e-02 1.143855083671539187e-02 -4.545069843338144649e-04
1.421019029790005894e-03 1.545004989219731732e-03 -7.345991438807188134e-05
2.877797078998942451e-02 -3.647508502771493102e-03 1.117201876799246013e-04
-2.045551407931679375e-03 -1.458446694672726964e-04 2.290819923299699428e-06
-2.618398150654333359e-02 4.658743397791064757e-03 -2.153474093217495194e-04
-8.485801954467618938e-03 1.402273615348252058e-03 -4.253527543755320287e-05
5.775281806969849614e-03 -6.984655415176816090e-04 -1.629118393899888981e-06
-1.109859750380438187e-02 -1.713374932077212000e-03 1.833901561117620444e-04
-2.197214918486140728e-02 3.833590125907217813e-03 -1.545785183543328146e-04
-1.989262199608578599e-02 4.091305450397481405e-03 -2.088923253887372405e-04
-7.063922791370888347e-03 1.766166494382331083e-03 -6.813397681966915781e-05
-4.295646818854362281e-02 8.056210632850885692e-03 -3.452058831593029717e-04
-1.300192279456408679e-03 -3.803165318054942836e-06 1.752390970935594232e-05
5.239479275760333199e-04 -4.360021505220647059e-04 1.687277951032968137e-05
-1.973767120540954791e-03 1.433786277589324510e-04 -5.060191208818020942e-06
1.518759108178570696e-02 -2.257415197678630872e-03 9.337134685520132385e-05
-1.974280761772062923e-02 5.121636190657536357e-03 -2.285939237995577092e-04
-5.714899604706956404e-02 9.400583190530246644e-03 -3.699246635456461541e-04
7.770259881466135173e-03 -1.111820973162346406e-03 6.369874745963460469e-05
-1.315167965359765809e-02 2.750631166893377066e-03 -9.680586276860107461e-05
-3.200660936240924681e-02 4.957412540127598480e-03 -1.883343228918574197e-04
-8.873228608139648380e-03 1.660107736882374856e-03 -5.121143301292934054e-05
5.412899205023034670e-03 4.577271529242102994e-04 -4.819161454387883847e-05
-2.357355878622020146e-02 4.411859098668403922e-03 -1.716701352418685544e-04
-1.640306033441600239e-02 3.741772592022556392e-03 -1.619335389418017322e-04
-9.295229651182209188e-03 3.416125655795086962e-03 -1.648639144172614306e-04
2.517083216900293033e-02 -5.608158672823196703e-03 2.718965903608728044e-04
-3.596314274436754766e-03 -1.056653431479419585e-04 1.762882824393190878e-05
6.020165770065671884e-03 -7.007302167380433057e-04 3.168127054187805467e-05
-1.000166982508664607e-02 -2.595992495048283707e-04 8.190364317164810690e-05
-3.110497659413142407e-03 1.614862890010047543e-03 -8.801775496311060355e-05
-8.752829148931159237e-03 1.684121812432654583e-03 -6.538658870870414121e-05
-8.562200524461386492e-03 1.738999623793305825e-03 -7.918095783686004974e-05
4.236693668374229803e-03 1.658515299205075484e-04 -9.155985002379170594e-06
-1.781722537941716339e-02 5.439018588145852658e-03 -2.770661080899496087e-04
-1.911908771053608819e-02 3.532854043497543877e-03 -1.559469648176000679e-04
4.259917511817586794e-03 -2.106304597417501840e-04 3.140071450058652160e-06
-1.096330703229748786e-02 2.433686329891394159e-03 -9.532606902581735805e-05
1.180222765917509405e-03 -2.102746698600184167e-03 1.345652532972699961e-04
1.986540830383715095e-03 -2.616790091982279780e-03 1.938427765442382600e-04
-1.294384259966516182e-01 2.940490553488916275e-02 -1.424994806479170512e-03
3.968783701685440340e-02 -1.120177533239193578e-02 5.542740881614299786e-04
2.346012387043637515e-02 -4.282908930500727886e-03 1.553775166842569569e-04
1.060825277168179863e-02 -3.249016927116113885e-03 1.154115884528478068e-04
4.079792698248302374e-02 -1.089414240051379823e-02 5.412506262265290302e-04
2.842503560235562846e-02 -5.117612594077108369e-03 1.914740585893994623e-04
-4.041395355942002665e-02 3.989951103346551196e-03 -1.343204615929884972e-04
3.207634636258946403e-02 -4.204105130903060608e-03 9.578164488769930901e-05
2.525615534383286471e-03 4.181499273580201658e-04 -6.797674552138163609e-05
6.007900274781490663e-02 -1.220342782939102047e-02 4.832974196514062265e-04
6.870528450146495825e-02 -1.065125990398037639e-02 3.808687722740653619e-04
8.653108128636885499e-03 -1.865421298225999587e-03 6.561248956392829075e-05
1.155176900043541378e-03 -7.877885789900050152e-04 -5.495696565610422649e-06
-2.401601227069805945e-04 -5.702254235939343933e-04 2.089180112909035363e-05
1.080254149605206979e-02 -1.660499103484972070e-03 4.263854801517838293e-05
-3.409993452428031722e-03 -1.176300530776025694e-03 5.344695553121986582e-05
2.332304899056957675e-02 -4.511596422015186347e-03 2.259741825266278065e-04
2.388883704676154560e-02 -4.420241898425395811e-03 1.775273724478002718e-04
-2.803160325877054188e-02 2.524814509334876583e-03 -7.682532816536509143e-05
2.289801718395437918e-02 -2.372141326403248967e-03 6.280337480500707351e-05
-6.734056797711965303e-02 1.138246431752275127e-02 -4.251225063934219867e-04
-3.244521006655794182e-02 6.481016301140677532e-03 -2.741446896808771155e-04
1.179549362768348049e-02 -2.777941217169835851e-03 1.489124038393831173e-04
2.810894688503831618e-02 -5.413306921177865431e-03 2.367239122067852503e-04
-6.469384821036991418e-02 1.013571989432641117e-02 -4.365010126463533119e-04
3.742625131140781686e-02 -4.624753496882051673e-03 1.606260449952268132e-04
-4.294234723726298580e-02 8.465866400264442093e-03 -3.590604936701095873e-04
9.038563009571085050e-02 -1.362228237020217218e-02 5.549070048617970458e-04
-6.274909390291233402e-02 1.052056733521419991e-02 -4.286184050396914247e-04
-4.054262820065240164e-02 7.873462784682559723e-03 -3.339310191865585767e-04
2.378860900462756098e-02 -4.942974981337651917e-03 2.420716252795919454e-04
5.840568929293626400e-03 1.264960046859418775e-03 -9.275937677316646937e-05
-1.126307118785101723e-02 1.204150159658044783e-03 -5.868575831053019810e-05
-5.393176871621876631e-03 -4.962730041138496521e-04 4.417694849016850535e-05
6.155817498481251128e-03 -8.467905634388398980e-04 3.538240388931102823e-05
-1.638534671556213500e-03 -2.247297100746919801e-04 1.868118951653751996e-05
1.074444915569589898e-03 -9.154973759138585062e-05 2.658794574436805437e-05
5.236720335283434960e-03 -6.833841222840027901e-04 3.746631287765422869e-05
3.137576630800380934e-02 -6.988734409841807112e-03 3.520968889677168062e-04
-2.488506869931592178e-03 1.967358327200488055e-04 1.201634735214937794e-05
5.549297473730923323e-03 -2.086486093069604350e-03 1.555762481882047316e-04
-1.067143982331334069e-02 2.120656690015628679e-03 -8.260008735612271724e-05
-2.587529950772312140e-02 3.845147172810310047e-03 -1.192118968676939700e-04
-1.465510655040173221e-02 5.148242600480979099e-03 -2.806441144954990516e-04
4.263740172668601877e-03 1.108208888107578484e-04 -4.120374364256223381e-06
-5.365130620788272769e-02 1.135720715777842511e-02 -4.982956719914166666e-04
2.599281320721024769e-04 -7.748827867920369704e-04 4.366300573327582500e-05
1.815269268821250240e-02 -3.475619864591220770e-03 1.582815626388440686e-04
-5.587077261561448904e-02 1.221198425602865525e-02 -5.206012015302689117e-04
3.787863494081845916e-02 -9.222210766400219112e-03 4.332981189756040380e-04
-5.831750218862166366e-03 1.347321786466630601e-03 -6.453237163046507407e-05
-1.488914475580123929e-02 3.124498421364441895e-03 -1.057969977788114115e-04
8.918778303181525494e-03 -3.474656285607188085e-03 1.752293297890318569e-04
1.061165379988232051e-02 -2.123190694108190255e-03 8.786138433566513181e-05
-1.735209160105891102e-02 6.320658654804384158e-03 -3.248965042578245976e-04
3.076617938140077321e-02 -5.681800744123257675e-03 2.539207730003949573e-04
-9.083915051165666671e-04 -1.340713448830752345e-04 2.725159310551400244e-05
-1.380062046377341159e-02 4.644773618592507557e-03 -2.096482104863841775e-04
5.505584934806718317e-02 -1.133961018145204086e-02 5.157431840323734723e-04
-4.317393763869393185e-03 3.383853272983702301e-04 1.027240207581722005e-05
-1.160565210186271894e-02 5.213226264427913217e-03 -2.418871561297789019e-04
-4.333500479363230212e-03 -1.789622658939575122e-06 2.179120850321449910e-05
9.189102520941495877e-03 -1.759670917549763670e-03 5.092369011387189170e-05
2.317312427138132000e-02 -6.635290086959176256e-03 2.839007709688435785e-04
-1.047004960084471116e-02 2.456747453529469633e-03 -1.296067942722759804e-04
-1.300192279456405860e-03 -3.803165318056450555e-06 1.752390970935603718e-05
5.239479275760847111e-04 -4.360021505220733253e-04 1.687277951033000663e-05
-1.973767120540982547e-03 1.433786277589370859e-04 -5.060191208818264888e-06
2.646942271940439656e-02 -4.655891407980584755e-03 1.785180733293546471e-04
6.090584510383306380e-03 -1.512750213969086361e-04 -9.102690466855487732e-05
5.807254691277097952e-02 -7.581892790251466493e-03 2.343870879904768473e-04
6.623481908082696351e-03 -8.531032896240631430e-04 3.485716052249732133e-06
-4.276065722579265593e-02 7.771814039764037702e-03 -3.274609066733595586e-04
6.158949217055909031e-02 -8.875687823562414605e-03 3.560806516174699898e-04
-4.570422031592737307e-03 1.000978474292949232e-04 -2.907426039538870939e-07
2.015951502414807875e-03 1.687213177005789653e-04 -1.284116762811517262e-05
5.996059580617211192e-03 1.819444329666410846e-03 -1.347000300579196622e-04
-2.617909002802308246e-02 2.705852934892817151e-03 -7.092861933782413156e-05
1.563036671919997012e-02 -2.353027635372781129e-05 -6.537925923653788802e-05
-3.054729259427793261e-02 6.364976506542613897e-03 -2.708047792169005624e-04
1.868880259141256911e-02 -2.822505471624220039e-03 8.003372890414512872e-05
-5.000842773169679456e-02 8.505508634265459764e-03 -3.192872628945478408e-04
3.102350214275671758e-02 -3.662980519643288611e-03 1.067690665815536864e-04
1.359748666097095743e-02 -2.584853222473305640e-03 1.009677499748790584e-04
-2.850530074885966603e-02 3.814227403896089646e-03 -1.457414188170565693e-04
3.067983858331922286e-03 1.387014138482482424e-03 -7.419405910585462512e-05
-4.515278042126814884e-02 8.238771669925079588e-03 -2.958616799756952354e-04
-3.031424142325682761e-02 6.030403069886646969e-03 -2.161612858772830881e-04
-3.157392372850427800e-03 -4.246611772679235444e-04 4.199802544140577741e-05
-4.562490027417263894e-02 9.310573290315643860e-03 -3.856842198514814912e-04
5.028265964620092648e-02 -7.116861231613021664e-03 2.935111974550529482e-04
-3.020004077119798486e-02 7.561516435982369895e-03 -3.875776825154539362e-04
-2.513812955560106727e-02 4.572480310635136831e-03 -1.812362534961732552e-04
-2.143448764315775829e-02 3.926162525278366344e-03 -1.547188702892190321e-04
-6.635686062157431127e-03 1.949297694891313120e-03 -1.040936130790441096e-04
3.507609265898291306e-03 -6.596620022503129873e-04 2.072444877715894865e-05
1.596313898036393064e-02 -3.380786939524158333e-03 1.732854650552933390e-04
1.904562959639297809e-02 -4.222424978051836364e-03 2.296761145222717126e-04
-2.641675400296540632e-02 4.666120191786186922e-03 -1.760988915449389694e-04
-1.064697193420828872e-02 4.448110004997582988e-03 -2.267699080599362010e-04
5.986654851058786052e-03 -8.684570526882301857e-04 3.370962666688975210e-05
1.536475517950177576e-03 4.776861772041225305e-04 -1.791236846682223985e-05
-3.618867854722706678e-03 2.303161091818816623e-03 -1.013019896795920062e-04
-4.549342501937298638e-03 1.368897048297897578e-03 -6.710383498784383907e-05
-1.310340387128908733e-02 2.210171408283605633e-03 -7.891072147268862746e-05
-2.003998804053214872e-02 5.308587176940104957e-03 -2.029132350861656900e-04
3.699757491559265560e-02 -5.349561055347028249e-03 1.735048063872639268e-04
-1.956258206440666947e-02 3.746295381833442215e-03 -1.586413920939902522e-04
1.045668615633492567e-03 1.669598163637215759e-03 -8.105703721620130531e-05
2.153482448571413660e-02 -5.426859267566586965e-03 2.589380940624472910e-04
1.086918348189370651e-03 -3.711711820278868509e-04 4.705590544302833654e-06
5.334117299115303037e-03 1.002008531597457872e-03 -1.039351845681874345e-05
1.078611879657330420e-04 -9.384037730588543243e-04 1.326224857438622253e-05
5.865900652003212118e-03 -1.502921663573514874e-03 5.111908716700394421e-05
-1.985095467077737166e-02 5.135356831344722872e-03 -1.853246887404203305e-04
1.206987167676583372e-02 -5.890924638253473150e-03 3.126616255251356974e-04
-1.051957935207533529e-02 1.730880121768585845e-03 -7.882525176430106237e-05
-1.068459987679786644e-02 3.553375023486471124e-03 -1.201167760616654243e-04
1.496077136537098985e-02 -3.194422612153044981e-03 1.245345266081745311e-04
2.232310173294192734e-02 -3.671001817085934628e-03 1.154806081326825024e-04
-1.350398216264485016e-02 -1.605517371289478428e-03 1.384901812544689099e-04
3.482818735086897627e-02 -5.615422990122395652e-03 2.166610890613901441e-04
2.727045428621298166e-03 -1.286431519681667263e-03 4.728217694883042437e-05
4.414782603465560590e-02 -1.177316894110858221e-02 6.026997223729495951e-04
4.037928726636871163e-02 -9.165294176111978344e-03 4.624423944938355763e-04
1.568570351308518074e-02 -1.458097499958479993e-03 8.015579630615745493e-06
6.918290678184195464e-02 -1.330431969961353052e-02 5.413157064970072763e-04
-1.254619253808802321e-02 -8.791503268226763274e-05 3.344469943481800640e-05
-4.332505638955303634e-02 7.327796633228252088e-03 -3.003147899062813195e-04
1.784557581135880200e-02 -4.813335639837584791e-04 -3.650777549232115098e-05
2.323411897894799016e-02 -4.542570236335093971e-03 2.152719153056762563e-04
2.568730821380130203e-02 -4.869919405671971173e-03 2.067318478393836978e-04
-5.631987404112964030e-02 9.385648307869275120e-03 -4.234716713735642984e-04
4.725173820226728771e-02 -7.387768831887406469e-03 2.968982700366686739e-04
-4.363436804530299203e-04 -7.047747106231497596e-04 2.601327145426658629e-05
2.708289831869882536e-02 -4.902878136568850249e-03 1.703733354832944955e-04
-2.204446249528970586e-02 5.108439443347248879e-03 -2.413292365179885504e-04
9.547686748456228958e-03 -2.281614301511284641e-03 8.211856927493399808e-05
7.767700630634057773e-03 -2.336259421677792329e-03 8.506026816051384318e-05
-1.304721329144279199e-02 8.122860988283067121e-04 3.078507849027327901e-05
-2.795832769108679700e-02 4.379919759200333156e-03 -1.459726100096854148e-04
-2.571798624829489677e-02 5.754663263559484272e-03 -2.606434814926865060e-04
1.086607673662127668e-02 -3.986766493779184302e-03 2.189866665181453703e-04
-2.255485326514827652e-05 -2.074999818626367410e-05 1.608962377970864983e-05
-9.819444138607460668e-03 2.148473024620710121e-03 -8.962818606650163264e-05
-1.629730659536503951e-02 2.761507467212188927e-03 -9.022437186513576624e-05
5.310533660363161816e-03 -1.440638928925219839e-04 1.066735644865112452e-05
-1.961236554981448266e-03 1.779841089263179636e-03 -7.399972125362772567e-05
-3.344918774576022269e-02 6.252579113757579174e-03 -2.806506359795193917e-04
3.570353409899454291e-03 -2.362172783523223843e-04 2.078018002605574988e-05
-5.953681894184665452e-02 1.259516334783505019e-02 -5.478802389829399294e-04
1.339095862196088872e-02 -3.265080123335085266e-03 1.808054255723512589e-04
-1.466396046445229842e-03 3.469559649495732360e-04 -2.818940780071314432e-05
-7.937534551725594894e-04 2.818427186829604363e-05 9.864153767849624909e-06
-2.972814591739722512e-02 5.509628346652205994e-03 -2.453108529954306852e-04
1.415919100620785000e-02 -6.307972061994555121e-04 -6.023916264846513463e-07
-5.240498189174570224e-04 2.645070286166147002e-05 6.143080153083905559e-05
-3.488772393053610199e-02 5.437688488300716251e-03 -2.139845997346590326e-04
2.907680982534690487e-03 -1.307176182309658264e-04 -5.985097891167195580e-07
-1.168152737695224604e-02 4.226552323934460592e-03 -1.901997014489868396e-04
1.607417195760168713e-02 -4.022334885727276918e-03 2.099678785380796643e-04
2.284442008813337283e-02 -3.239797445242526865e-03 1.256454522033747558e-04
-4.153399112205836963e-02 7.721897617659036900e-03 -3.303851087291531652e-04
-3.968953953245643596e-02 7.406569598224162915e-03 -3.135657391588660831e-04
-1.028883005023717087e-02 1.299330441992233194e-03 -6.534041636572672160e-05
-5.827585839112852523e-02 1.202896150187986180e-02 -4.893403587052543025e-04
-3.377285821682132760e-02 2.554412051167879658e-03 -5.071293239325641924e-05
2.624019583215714962e-02 -6.183078985005257752e-03 3.004435663810514981e-04
-1.153937767293541500e-01 2.619977286978442121e-02 -1.268309724589605780e-03
2.837639402181986459e-02 -7.088207796710100685e-03 3.335746551705303514e-04
3.308330780995205611e-02 -6.090931590246926805e-03 2.385925219920573617e-04
-1.668441084769862678e-02 -2.186015573605602823e-04 1.851386085571752487e-05
3.922398533430302564e-02 -4.767665995338747111e-03 1.469525713650582377e-04
1.054172338929470565e-03 -1.407728880606082863e-03 5.687556434629307232e-05
5.147838424392423701e-02 -1.058748480787160239e-02 4.849437116601993530e-04
5.470792097758529759e-02 -8.639201034693840681e-03 3.436532776113429555e-04
-5.433718744566012199e-02 9.141080787855443424e-03 -3.581092991850366725e-04
-3.851069506354395846e-03 2.309868426495374414e-04 1.391549581335370313e-05
1.961889806944760659e-02 -5.326668424099245853e-03 2.965482878913069248e-04
-5.788721827127815689e-02 1.043957524596632672e-02 -3.963293332442385797e-04
-1.618223769415406965e-02 3.556709666341565605e-03 -1.288031144527439741e-04
8.096467144655167258e-02 -9.486759174155333374e-03 2.664422990074771791e-04
1.835189704090788802e-03 -1.131342184101269627e-03 4.565368315521283783e-05
9.576300472507644213e-02 -1.726472241470473901e-02 6.904455118181655748e-04
-7.116181014781408631e-02 1.444887825664687743e-02 -6.642084382507615348e-04
-3.387496271324234171e-02 5.890682342592183304e-03 -2.340879005278502165e-04
4.418429804804403088e-02 -2.859388071308538969e-03 4.669284564405009816e-05
3.665253706926553667e-02 -3.167015053136155219e-03 4.795448474339322059e-05
-1.405429288821524909e-02 1.782882385895426681e-03 -4.148068383543661655e-05
4.611087451049368513e-02 -6.509969508033326344e-03 2.986492644703551275e-04
6.865387069006824439e-02 -8.701924563023507794e-03 2.846127607947709914e-04
-1.034024928477140799e-03 -1.336565565026682405e-03 1.268511548885287426e-04
-1.024675143377635350e-01 1.036686300330967245e-02 -2.330739408216726122e-04
1.364645446928541318e-02 -2.939026584047844341e-04 -2.488101984275009095e-05
9.735502857779824645e-03 -1.153725075704369182e-03 2.158319444860580354e-05
7.934254225466069385e-03 -1.458145149177321204e-03 6.017866679322689434e-05
1.843663641021064730e-03 -2.036557847700753814e-03 1.209743988663447220e-04
1.977672739040339800e-02 -2.597347131006630741e-03 9.773086772882659187e-05
-7.334706947224716930e-03 2.109404347262228575e-03 -8.046255598977581497e-05
-1.129517411657217189e-02 2.915851058926061199e-03 -1.388325631680158850e-04
-3.248684489757902583e-03 1.349763732963231910e-03 -7.997827276941954500e-05
1.188503983404212488e-03 -2.435077441949662694e-04 2.618727703162845714e-05
-1.295967815617871111e-02 2.731953635762037706e-03 -1.499383145022697809e-04
-1.791737535692344147e-02 3.981193808602942474e-03 -1.727786846170030130e-04
4.406400817400066457e-03 -2.523580677953822082e-04 -1.096710261275224418e-05
-5.741395348749346074e-03 -8.572864764290491707e-04 9.570975101733233611e-05
-1.507088393696099857e-02 2.634849753570730427e-03 -1.344925203505386441e-04
3.662682748573296149e-02 -5.830473940657086157e-03 2.395033824656974189e-04
3.178658846945164179e-02 -5.925635568599858446e-03 2.687342153271229592e-04
1.587186880391147983e-02 -2.857640318129116199e-03 1.211979041095363405e-04
-1.894678202586415686e-02 4.262521916349124203e-03 -1.926828418786366917e-04
3.311525892697751716e-02 -4.916143845885881727e-03 1.844720678376215658e-04
-6.490194062274121101e-02 1.177727456927602293e-02 -4.967966750223980904e-04
4.559115614484732931e-02 -7.103133063797457090e-03 2.949729180110206156e-04
4.129634898367622042e-02 -8.460638707846914255e-03 3.757085761607673047e-04
1.652234436742904683e-02 -3.356126721317478911e-03 1.358250907501734432e-04
2.760907404398457374e-02 -3.463109067798715666e-03 2.009645349757838151e-04
2.784365114286289911e-02 -6.315279000835504440e-03 2.830176896410161597e-04
7.190036113311698909e-03 -1.447273550406215402e-03 5.429162449182428629e-05
-2.359132135451716059e-02 6.169929687580521377e-03 -2.183464170958512515e-04
1.303200908071468038e-02 -4.027220891925762172e-03 1.955992098616292363e-04
6.391823155004350970e-03 -1.786332299961643699e-03 5.397758398368408470e-05
2.050216481653436423e-02 -4.944842536600806832e-03 2.039577338261286052e-04
2.834421223565562406e-02 -6.550806633263623127e-03 2.911278531945327847e-04
5.824985481687547893e-03 -1.668383359615042126e-04 -3.882187271560507747e-05
7.329158400785227602e-03 -3.012633836651291887e-03 1.132231649028326778e-04
7.107259284521699749e-02 -9.693256928627047575e-03 2.918926689497777088e-04
4.748220235285646046e-03 1.967495139709411073e-05 -4.634387775799451656e-05
-2.978757115501657129e-02 1.993656874278194012e-03 -6.703328506202084307e-05
2.361847780071914607e-02 -2.886861004973489617e-03 8.603695927667095664e-05
1.128789576822931441e-02 -1.191328970034198978e-03 1.502246755542228224e-05
3.051031389941485233e-02 -8.379249369123304911e-03 3.740480189209898637e-04
-5.726113447908596360e-02 1.142425328312835636e-02 -5.431925179339054666e-04
1.177974822121549692e-02 -1.453125368876451076e-03 3.401664738933137325e-05
-2.735977409398150650e-02 2.091504938914816661e-03 -6.870312984700146022e-05
-2.014406943345239259e-02 4.732526087446651403e-03 -2.799934441319274978e-04
2.514506759435274769e-02 -4.743671538724027713e-03 1.823824101658839264e-04
-5.610468399580654381e-02 7.924966837267313075e-03 -3.036264275916734229e-04
3.993795776831278455e-02 -8.094383394900407647e-03 3.746431548734188016e-04
-2.529142688695846033e-02 4.221543817227249758e-03 -1.954090850605407631e-04
2.582615561664859064e-03 1.131530530289950355e-03 -6.839557845506939217e-05
-1.457029355217211337e-02 4.288066068124219039e-03 -2.079044748518853181e-04
7.025726060555130721e-03 -1.417768292592241040e-03 4.457071420449205783e-05
-1.399140947925329136e-02 2.295131138268680961e-03 -7.379476593199736992e-05
8.477763825191666006e-03 -5.952864642289732887e-04 1.774047664400966486e-05
2.004294192228093033e-02 -3.867787715170348424e-03 1.642344274707871477e-04
-1.016873240269949678e-02 8.507853133107156490e-04 -6.455143872834048085e-06
5.140043351064088779e-03 1.590827712440789964e-04 -4.454415815819416831e-05
1.363228168163255899e-02 -3.421638312728587667e-03 1.447645910318449101e-04
3.112121109895264748e-02 -6.266907645025973986e-03 2.156794118503748553e-04
-2.758660130914887196e-02 5.075981211673278974e-03 -2.365214924017061682e-04
-6.068084455469844457e-02 9.599593326367179824e-03 -3.329900892303210708e-04
-1.383923029632711833e-02 2.906766760193090632e-03 -8.266242972486794252e-05
7.568933358646015575e-02 -1.077279659911413445e-02 3.659609126687793368e-04
-3.918317321926378244e-02 7.097715836531921958e-03 -2.811015830734373694e-04
4.861227890533083296e-02 -5.454513100126816803e-03 2.073084147061728458e-04
4.116530933550624494e-02 -5.698534107114461289e-03 1.917834612157106461e-04
1.207847313396356176e-02 -2.829773977933455840e-03 1.159634600940984139e-04
5.856336916587779814e-03 -1.407007894970551060e-03 4.682138195932143525e-05
-1.937155692162585360e-02 2.948404228011153316e-03 -8.875835804437754578e-05
-1.262885508421288626e-03 -1.411823738764486852e-03 1.368047175977968582e-04
1.170131876726404341e-01 -1.395743711088098110e-02 4.495048877872134113e-04
-8.130227896464553572e-02 1.409231464133310803e-02 -6.290379117077828791e-04
3.870328958195890824e-03 -1.080786386218347670e-04 4.596244380196496337e-05
-8.119719414366956614e-03 3.844865405864328518e-03 -1.832613991763973327e-04
-5.551265409768441766e-02 7.886275166036536832e-03 -3.002414883347083105e-04
2.050142759426669403e-02 -3.653293146906219559e-03 1.597689000958487857e-04
1.742514876657461076e-02 -1.540613158084765252e-03 3.681391533694156580e-05
1.438221759635322297e-02 -2.577725640457694152e-03 1.342694573345298500e-04
-3.613832842515755234e-02 4.940058952299554960e-03 -1.352279174437406861e-04
-7.478327121228968595e-03 3.401854897819509439e-03 -1.538552619194436498e-04
6.304025469733941407e-03 -5.533301405846752924e-04 -1.785650436302499075e-07
-1.032831492063417296e-02 2.172848564028144296e-03 -6.311402276687819168e-05
-6.100339189260292096e-03 2.003536423016553849e-03 -7.525889043794291994e-05
8.604047162746836924e-03 -9.262410224705580316e-04 3.046724556496945967e-05
-2.241731282329058415e-03 1.104840505445966060e-03 -3.796966726569137897e-05
2.331907388947236214e-03 1.697751669827350434e-03 -7.466992636392163346e-05
-4.287757229485409521e-02 6.974618491218166974e-03 -2.869163018776208982e-04
-1.086427883303552576e-02 2.076515805925238569e-03 -7.692835735145829926e-05
-2.160721022801579197e-03 2.346245149388548248e-03 -1.109628560072416920e-04
-1.500331429072465812e-02 2.260296546756301005e-03 -7.897533749078380905e-05
5.406273521110649925e-03 -3.332480566816638299e-04 2.496029029066539843e-05
-2.178288848698491098e-02 3.226163046650041676e-03 -9.145573305368659769e-05
-3.418912665757414555e-03 4.302996897513475770e-03 -2.671473684865630083e-04
2.908816239489792760e-02 -3.933543471914579745e-03 1.520774735037553303e-04
-1.919242464190094519e-02 3.423382058687144541e-03 -1.004207301082199119e-04
-2.079438319477833544e-02 4.666690748798842624e-03 -2.355825183369495562e-04
2.334588956614948307e-02 -3.386279913895373292e-03 1.248510688207139264e-04
-5.272732162223669333e-02 1.136934618828822942e-02 -4.962000286917334774e-04
-5.801271229743887314e-02 7.066407581839104050e-03 -2.193495281860710286e-04
1.445542758764577565e-02 -3.595617898100125689e-03 1.586604318290609286e-04
-3.212391520026681210e-03 9.986372917446884392e-04 4.177413708772144754e-05
8.473270340100298378e-03 -2.790264361337467958e-03 1.042745069495748869e-04
-2.965998456229258437e-02 5.799410718505444012e-03 -2.768453109595102671e-04
-7.090125513883807976e-03 3.252877979675386760e-03 -1.007486936517600594e-04
2.099867426871193307e-02 -5.442458431948063100e-03 2.694983189449702207e-04
2.537878667526300650e-04 -2.578344438785878690e-05 -7.626025562352820242e-06
-4.491152478669736131e-02 1.054610153260610896e-02 -4.278446378258894678e-04
-2.625762392523731115e-02 1.305433907525779943e-03 -9.722081015933097328e-06
2.757907480323295440e-02 -6.271301376417925434e-03 2.743856897797752187e-04
-2.143799300080329560e-03 -1.017122165367341643e-03 1.875718075298083050e-05
1.258351544194181298e-02 -3.164809162600578166e-03 1.431598014321085188e-04
-2.602446035734060428e-02 6.469411952036204644e-03 -3.515775775761453836e-04
2.035235031444292825e-02 -6.992878595656033293e-03 3.101824916993617745e-04
1.054607502629010679e-01 -1.780373349904732991e-02 7.096932461109588253e-04
9.156453307909843617e-03 -1.637212100492689776e-03 4.083755888553610575e-05
2.884559861960301827e-02 -5.864220004496209677e-03 2.169602485045992596e-04
-1.051306756490603782e-03 -6.936465669821642544e-04 4.547977491140204383e-05
1.471380410619490230e-02 -2.149794652100790477e-03 6.907623720398166356e-05
9.897164898019462920e-02 -1.016716610441278576e-02 2.299333536012731355e-04
-9.957208970241437918e-02 1.356393928990972872e-02 -4.866299207435878516e-04
2.550049278523578572e-02 -5.275119892638334765e-03 2.206786714535604807e-04
7.673436119475664230e-02 -1.050277838210801097e-02 3.594961679465862731e-04
-6.443788116745867434e-02 7.500932823705996726e-03 -2.743862067466256230e-04
8.555791059804127019e-03 -1.362115309423525111e-03 4.218921201831695063e-05
2.223578525482588358e-02 -3.726220475429975910e-03 1.902464927241195695e-04
1.934115056901095780e-02 -1.344035486927176899e-03 6.447222897798445679e-06
2.209974825994165046e-02 -4.132874106604125623e-03 1.582583312570665784e-04
1.712683597011694855e-02 -2.356186135713659192e-03 8.595490701426063834e-05
-1.093581142939493850e-01 2.013862205203244965e-02 -9.384265755407600329e-04
-2.912072581081636205e-02 5.038283004753739240e-03 -1.950150403828808388e-04
2.212912243075170968e-02 -2.651595211972622261e-03 6.326598773522635819e-05
-8.977679262752202502e-03 1.696229942270617271e-03 -7.300895355414130372e-05
-3.274491385461497650e-02 6.624890659941867245e-03 -2.601147913835451589e-04
-1.126279162434475414e-02 1.543244292066138241e-03 -4.764267051232369890e-05
-2.102794553798485386e-02 2.449375540233647910e-03 -8.234900519962003868e-05
2.461433168656940174e-02 -4.435519826982634028e-03 1.690407455662941080e-04
5.378062227068810229e-03 -2.957705544272658769e-03 1.405015266400825788e-04
-3.700423182300410091e-02 5.394748962698966976e-03 -2.030131163459208965e-04
-6.477353450796911882e-02 1.169380469263907318e-02 -4.740394852920746388e-04
-2.984992580281195518e-02 4.611241768438800737e-03 -1.475378726505296306e-04
1.155350521336295615e-02 -2.715661401827678626e-03 1.561577225345825957e-04
-5.429896264773257514e-02 1.003920000077339336e-02 -4.123354082098112244e-04
4.638562951324622791e-02 -5.738377860875861283e-03 2.266748818708632859e-04
1.275728078878353607e-02 -5.735473321524300070e-04 -2.057414219599443695e-05
-4.953614157623655034e-02 8.147257788938842837e-03 -2.880358802063893997e-04
3.746691378335535033e-02 -4.802181036712148930e-03 2.208781332802148625e-04
1.996461661127498649e-02 -3.400586281129488759e-03 1.026689556880150400e-04
1.046906690771235793e-03 -1.179236013081280373e-03 1.043181263473966832e-04
1.942302713418570803e-01 -2.804766991185818695e-02 1.152068188867920451e-03
-2.852993218987072074e-02 7.525151633698731399e-03 -4.076939346859455998e-04
-6.237121022203986204e-02 8.944232313959837172e-03 -3.358474485249778041e-04
8.105790404996861265e-02 -1.333379842435788651e-02 5.771561883062322623e-04
4.926860162709684882e-02 -9.204978244141445720e-03 3.968371291395954292e-04
2.158224748352518228e-03 -2.681823664666495083e-04 -5.296978549652561243e-06
-5.549879777694647146e-03 6.935739047425155610e-04 -5.533673730119385327e-06
1.415424613818804661e-02 -4.047622569559794145e-03 2.481099576405135926e-04
-1.107226361785652348e-02 2.112251351798717647e-03 -1.203150440400690795e-04
2.222505572397734039e-02 -4.412587971660401377e-03 1.957703928327650736e-04
4.740441674336568108e-03 -6.788515661344522614e-05 -4.211000445132677362e-06
-8.063904799759382194e-03 7.460972954523644330e-04 -1.937005657231779306e-05
-4.272930282717618718e-03 1.317390226468991661e-03 -6.915810608368474187e-05
-4.080769159794885026e-02 5.381501290253699020e-03 -2.018745699507709310e-04
-3.102694314852954410e-02 6.093769649860249563e-03 -2.625971840046802466e-04
1.182977353109922018e-02 -7.407896790024125081e-04 2.123535209679538668e-05
8.438209443707693491e-02 -1.508007026091818560e-02 6.817959790138047177e-04
9.926106208110343707e-03 -1.847718611356583343e-03 6.689225828826277608e-05
-7.853940553418853332e-02 1.470102431866984576e-02 -6.459024949854296621e-04
-1.163561106707307856e-02 2.344207678749416109e-03 -1.318339661346913834e-04
-4.983064522544719890e-03 1.505983914318209053e-03 -8.125617249180819984e-05
-1.248497118801203398e-02 3.261976236834092466e-03 -1.155376687116925483e-04
6.370861042547612541e-02 -1.233242165636828057e-02 5.647267535375324887e-04
-1.683729822787150346e-02 3.222284088239441534e-03 -1.456619805192422429e-04
-5.571262421462845095e-03 2.331284683755467917e-03 -6.457743609289282385e-05
8.605175185797691098e-03 -1.198183596435150634e-03 1.965676338639365216e-05
9.195860797947276108e-03 -2.009034675116889296e-03 7.378827134303786103e-05
-2.962047445977589871e-02 8.150973711788260870e-03 -3.490917851585373030e-04
3.278518187349067480e-03 -3.138256303696122362e-03 1.799259265310550540e-04
3.801271001718260246e-03 -1.017409489881376068e-03 4.248826843401311282e-05
2.683784834409413955e-02 -9.666827736128166468e-03 4.789653868570546702e-04
2.213604259170952326e-02 -3.520446266809836803e-03 1.003762874655584128e-04
1.180014029575258971e-02 -3.097831026183100502e-03 1.274427959741114558e-04
9.945263270560632252e-03 -3.067976307842214864e-03 1.777136896418418134e-04
-3.861980819274015049e-03 1.505138790402505864e-03 -7.384587944297776006e-05
8.506902133231845908e-03 -2.473224885308507488e-03 1.033124561643562235e-04
-2.185611266216788348e-02 3.318267082820473748e-03 -1.074670628297275110e-04
4.396381537344281470e-02 -8.199799816673658190e-03 3.252022719178997850e-04
1.725418640987438565e-02 -2.808492700121734131e-03 9.857267235792834328e-05
-1.756485442023638169e-02 1.126712519904427435e-03 5.394363560206824615e-06
-3.507572612832530329e-02 2.744766408228870459e-03 -3.975612197396668351e-05
-8.892595728992940332e-03 7.964784684187901790e-04 -3.745239180617224335e-05
2.517064217498996351e-02 -6.679545108009129692e-03 2.841175257323686268e-04
-5.978431072697963644e-02 1.166992883558606343e-02 -5.335887669912792869e-04
-4.979337040755058008e-02 8.546685544622045425e-03 -3.120474916958916600e-04
5.788169728248777207e-02 -8.083258365839318324e-03 3.275820649093616130e-04
-2.722122840105663244e-02 4.172917542285804748e-03 -2.091559246675195674e-04
5.845833210755014935e-03 -1.440631993597796213e-03 4.065442287666358456e-05
-1.063622449165088982e-02 3.963399618235335800e-04 -1.954958673966889372e-05
2.079243465878284451e-03 5.419845629320815849e-05 -6.360304794694075033e-06
8.988240116654255688e-04 -1.183968152469756958e-03 6.776126678739139049e-05
-2.701173776624757328e-02 5.578574559720834124e-03 -2.213700517932695733e-04
7.939343394247271729e-03 -3.941902883805977137e-04 -8.341908182659318535e-07
2.993421911573669950e-02 -3.644116781202798826e-03 1.255958794191477934e-04
-1.628426017098597023e-02 2.937958221948807486e-03 -1.385494258215121295e-04
1.938918433072912492e-02 -5.139684344489793728e-03 2.608766814807400580e-04
-1.574628376072453526e-02 3.417203296359585044e-03 -1.384960946413638615e-04
-3.195501697723141660e-02 6.280854262111692371e-03 -2.349093170471222222e-04
2.858312272535497647e-02 -4.361865264225200239e-03 1.867247933480817648e-04
5.991024932109166937e-03 -1.899969380223046891e-03 9.470326728563396509e-05
1.857726872575941532e-02 -4.124705453493774862e-03 1.734083035153785243e-04
-8.745641793549427737e-03 5.376059626563592765e-04 8.236723468058905484e-08
2.101955319385668489e-03 -2.650757838261266503e-04 1.316356576429094857e-06
7.691617726942094613e-03 -3.121519458040735231e-03 1.648416282930601461e-04
-6.082893086652968462e-03 1.109946786993635734e-03 -2.997180037288228391e-05
-1.720223242191071603e-02 4.137164369115368945e-03 -1.596721938277138875e-04
-2.873585021514938123e-02 6.514145025967394732e-03 -2.606198459110895677e-04
-1.782692494209383921e-03 -1.682046690357000707e-03 1.218009982705274726e-04
6.424848262360617103e-03 -7.142899774057877120e-04 7.798119714945471806e-06
-8.029536896593882783e-03 1.232541308438509951e-03 -5.035144169024201831e-05
5.413934947256716923e-02 -8.069114011075455284e-03 3.539172252663459750e-04
9.823579334395064408e-03 -1.689630737888477875e-03 5.876019964178914347e-05
-8.411603907617005993e-02 1.867480502434612499e-02 -9.087525529378435996e-04
7.169794327367228978e-03 -2.754328258868697643e-03 1.486442939803143438e-04
2.120602847300896016e-02 -5.239377698415844178e-03 2.504430131608894119e-04
1.655557570845782311e-02 -6.106229045752642470e-03 2.664706473877150386e-04
-9.262433270636552269e-05 6.819297163747546110e-04 -5.349661456331819467e-05
5.058648386650051176e-03 -6.121782809591761777e-04 9.957492613808034861e-06
5.185505679476298813e-02 -1.329627544522004635e-02 6.396906545515241432e-04
-5.402081497413035310e-02 7.957423492452781605e-03 -2.324646467761664129e-04
-2.643804239758393640e-02 4.448559358913501717e-03 -2.121930570846194269e-04
1.737907920567611370e-02 -5.853584471039646742e-03 2.853464243696007818e-04
6.646189745713496078e-02 -1.433835857636758283e-02 6.624043972357444160e-04
-1.060028291586306848e-02 2.521743967734454105e-03 -1.550118594511261903e-04
2.053323142020572947e-03 -5.152336004180920782e-03 2.651887093100165071e-04
8.101863589981934954e-02 -1.000081260122044451e-02 2.871278559724802643e-04
2.161504738989179428e-02 -4.733071747060322611e-03 2.000993605338098613e-04
-1.057554054815058354e-02 4.234969353302640502e-03 -2.601382688799192336e-04
-4.216010829449116232e-02 5.237347420720975255e-03 -1.622311066841394811e-04
2.957620819216287555e-02 -4.912498553983602433e-03 1.811971862081349777e-04
-2.377998119187796702e-02 2.614812441801065129e-03 -8.429967938103138589e-05
-4.549932550239245248e-03 5.594148312111696039e-04 -2.229232815869751794e-05
4.232600164566135276e-02 -7.293100425137736924e-03 2.904805554557786731e-04
1.463290522459422850e-02 -3.708780943992530908e-03 1.978489457848541140e-04
1.505654231763807298e-02 -1.133341014976616250e-03 2.115002454920701311e-05
5.058228190214205180e-03 -1.464638181157826681e-03 7.446499772748526279e-05
-2.071489645802238044e-02 5.534744366583984818e-03 -2.866213640738638629e-04
-1.030023497026142168e-02 2.967436114164083948e-03 -1.471276476280431421e-04
-3.174895801290411601e-02 5.935892352136069340e-03 -2.427080269280651459e-04
2.255440470478689216e-02 -3.857438726782854311e-03 1.861656965996844743e-04
3.360358073387918493e-03 -7.364417628827285654e-04 4.408999676985044663e-05
-4.851097673976311614e-02 9.547606849603124113e-03 -3.895919354529684547e-04
-1.555912576385317866e-02 2.370985334225095015e-03 -7.898300535320694482e-05
2.703170278756289804e-02 -4.510809583937583356e-03 1.674156964023166411e-04
-5.260894561755258270e-02 9.679909287659532041e-03 -3.772324236159703414e-04
-2.648843612032490344e-03 9.207696646669119968e-04 -3.009959672908293308e-05
4.086107284494278763e-02 -5.937751628473962769e-03 1.933466914977328283e-04
-4.167524637930435094e-02 8.208419627688434000e-03 -3.315818794766174638e-04
1.713678405469258939e-02 -2.183702970572597591e-03 1.022920408753564062e-04
4.422279710928978674e-02 -9.443588457350975823e-03 3.816264010641501336e-04
-4.059223878471899388e-02 6.750847774052163436e-03 -2.333987746216108911e-04
3.064197721454476123e-02 -3.508559912897352834e-03 1.455712332209557237e-04
-4.510833738810871539e-03 1.228999864113343530e-03 -1.007356785371782849e-04
-2.103050206468966028e-03 -1.022336471607756744e-03 1.122721779691515263e-04
1.338029840656642655e-01 -1.902893784569218219e-02 7.432985231246823365e-04
2.458364792758797879e-02 -3.802409869768793096e-03 1.248139220872105000e-04
3.650443641703456175e-03 -2.250693364232057500e-04 -2.858054800279879321e-07
8.908321034089124180e-03 -3.010533212979554264e-03 1.501819635093808863e-04
-1.994786553546279255e-03 6.584371579167138831e-04 -4.808495313685145003e-05
8.257205774132131762e-03 -3.128132709747662166e-03 1.998215668843812166e-04
9.446120405565001932e-02 -6.943463381891260347e-03 7.244561464805118062e-05
7.965074337231815849e-02 -1.361928392060129250e-02 5.942341483474514185e-04
2.818020228088146100e-03 -2.352147684013039964e-03 1.689488772641466706e-04
-2.674209010838371481e-02 1.083539422521713654e-02 -6.301857077133151547e-04
7.894590535644774310e-02 -1.977072398077069776e-02 1.010609533496728552e-03
-2.613096521899849374e-03 8.265722091789609637e-04 -6.078138078206526181e-05
6.397953482163257731e-03 -1.926519717691905489e-03 7.658125129378053411e-05
-3.317904034754271935e-03 2.648870546225990438e-03 -1.569950830912440060e-04
-4.290387484132826492e-04 -1.532502153706799498e-03 1.308497135536178246e-04
-9.786739394601018383e-02 2.418699703559168759e-02 -1.249320554159528973e-03
1.553207103498881018e-02 1.083951034213743374e-04 -8.780518964227268736e-05
3.478382938307762740e-02 -5.148268441522366526e-03 1.994091081847417651e-04
-4.329917519445142943e-02 8.870086407118638397e-03 -3.746912017328265371e-04
-5.646782083904934579e-02 7.795669897218701974e-03 -2.801014876579197357e-04
-1.304702264595766943e-02 3.823381099084884657e-03 -1.921356074031858700e-04
-1.172288986022226517e-02 2.305149568263388862e-03 -7.012203772536421825e-05
5.075192684724617875e-02 -1.089384172734945977e-02 5.216408267987131253e-04
2.913328179307839855e-02 -6.416877393226990550e-03 2.860682244969232207e-04
-9.304079673718378650e-04 -1.630064821999807709e-03 5.339900613550159318e-05
-6.028892283727497331e-03 1.471886181875126228e-03 -7.944058588869201167e-05
9.199192743599001951e-03 -1.152932816347072582e-03 2.495096768708664030e-05
5.367606926943280232e-02 -9.091140551705179096e-03 3.217931425652850036e-04
-7.910515731906916925e-02 9.327542074472842254e-03 -2.171071733646622731e-04
9.844495617409835045e-03 -2.167949089067699141e-03 8.251572803780931123e-05
8.449424375306897189e-03 -3.464126588117328806e-03 1.334600483742383846e-04
3.246141921451492496e-02 -3.677085106139085010e-03 8.319697774062219733e-05
4.334512689831464954e-03 -4.535254200561749348e-04 3.237754470574892227e-06
-1.260124732634626821e-01 1.864977029693187446e-02 -7.807501938999240887e-04
1.236150458221760111e-02 3.140613393597009584e-04 -4.487993949534523725e-05
9.327924002081383267e-03 -1.370409278585640401e-03 3.072590426717882427e-05
-1.791529458294360833e-02 6.425105223643457451e-03 -3.254088109869079579e-04
-6.181163663610111242e-02 7.168037361121383164e-03 -2.394464135229250334e-04
-5.622714710157546494e-03 5.273350313331321391e-04 -3.989578271073018333e-05
-3.276387115957968277e-02 4.143607622349623765e-03 -1.504429929257422582e-04
1.189191651016957736e-02 -1.625957223002150306e-03 5.953144547960831715e-05
-9.039122961819063759e-03 1.903343736471754073e-03 -1.048056158652452188e-04
1.147691607050156833e-02 -1.595971360636227760e-03 7.661151431471633320e-05
5.951542598458015878e-05 -2.338030527726511147e-04 2.172459470060815966e-05
-1.233034605441766726e-02 2.200880809933246883e-03 -1.041705768897150351e-04
1.102942933353456487e-02 -1.387368733045049726e-03 5.408919614226129040e-05
-3.961791297561722408e-02 7.214481601213498276e-03 -3.167784902458423840e-04
7.591097426455145278e-03 -1.244789167883742333e-03 3.922488149282060688e-05
1.851886170500320616e-02 -7.259089697909262319e-03 4.147913685153253177e-04
-3.772292639649091339e-02 3.712636530101703913e-03 -2.449452809120738692e-05
3.107443922872285633e-03 -7.938131434630910001e-04 2.523838774267988735e-05
4.153112509856086987e-02 -1.567179102177254299e-02 8.421031111074152309e-04
-6.509612323512783960e-02 8.881167211354675656e-03 -3.207865062683657592e-04
-2.749550838272387873e-02 5.275829555196754998e-03 -2.224613721911860437e-04
2.462043883279242673e-02 -4.175968434772196931e-03 1.981702534561754353e-04
2.474376284899354114e-02 -3.480279597249585910e-03 1.302434726079240886e-04
-3.640298746851142186e-02 6.595376414975625060e-03 -2.550604736842338599e-04
4.790792584480781102e-02 -4.618503530918214271e-03 1.354865151427311898e-04
-8.851325699514684623e-04 7.641667811714471237e-04 -6.934573799280267271e-05
-2.725978396606266313e-02 3.677188098738431565e-03 -9.646635646874592712e-05
5.942108372062555877e-02 -7.535771574884839522e-03 2.914612750150990389e-04
-5.057937023432518969e-02 8.850898436402746677e-03 -3.836987227150267382e-04
-3.033366977904056530e-02 4.384374486803488923e-03 -1.398205885586789252e-04
-3.174859367739341631e-01 4.571361387038312685e-02 -1.558527068597978515e-03
-6.550397951231563820e-02 8.957849041089184505e-03 -3.409733325073389942e-04
-2.465475549748512643e-02 3.803192862666904435e-03 -1.033631867027972988e-04
4.433518223770490513e-02 -4.247729807863391202e-03 1.240252971463221346e-04
2.051081983751308971e-02 -3.403662217598991784e-03 1.000350623558726899e-04
-7.012951668265243396e-03 2.623317031200889321e-04 4.224053542260949000e-05
1.884857511780310135e-01 -2.714510059231073358e-02 1.132402696648215912e-03
-6.465779116158595907e-02 1.149154050817522213e-02 -5.019592316142639649e-04
-8.252458331524986992e-03 1.071234134210415035e-03 -3.443664342107498506e-05
1.405049414660518650e-02 -1.894234159025723428e-03 6.590765096353245860e-05
-1.758243123269918407e-03 -2.229862757716792945e-03 1.526405747080054713e-04
-7.835427548892883245e-03 4.510192166689650363e-04 2.099683629063999650e-05
-3.565732899616391206e-03 1.419119959010911635e-03 -1.163548525860229853e-04
1.746790059255196384e-02 -3.946842577716588862e-03 1.887135241368759035e-04
2.610642643074843200e-03 -9.640132528110186482e-04 3.746170386876906868e-05
-8.658629343282913532e-03 7.731525996366835551e-04 -1.744160686511435181e-05
-1.712641422450774178e-02 2.880567559497045158e-03 -1.277327238043287315e-04
-4.436431392977479779e-03 8.145347399715886739e-04 2.073614386348409961e-05
-1.275530351146933472e-02 4.050668757603516704e-03 -1.681343590177485949e-04
-2.809543029227990624e-02 5.088785240805973435e-03 -2.378823488972505243e-04
2.287074925884592658e-02 -4.032238057843405901e-03 1.770336840295856293e-04
-5.865944480444408582e-02 1.067608877237709829e-02 -4.565535627834033799e-04
-2.520429653965554698e-02 4.214497657408849789e-03 -1.673479510040324497e-04
-3.334070442160193964e-02 7.284025889470078716e-03 -3.287959297200541975e-04
2.354786804037996978e-02 -4.766763866580612206e-03 2.197870522651608829e-04
-1.700356541217945897e-02 3.631442635143769960e-03 -1.753738879842195106e-04
-8.003443232131174367e-03 -3.593722550902117042e-04 7.389302800464537472e-05
-1.302307122211886770e-01 2.711840833811313828e-02 -1.308968886396550541e-03
3.171496323021018998e-02 -2.694862151486236007e-03 -1.172176555465842193e-05
1.656578578951652808e-02 -3.492374539230985297e-03 1.394278372770477344e-04
2.197965887137952670e-02 -3.435811166694919573e-03 1.968257757471456385e-04
-1.094797750009071473e-02 1.913705033068122162e-03 -1.552087716883429960e-04
-1.870032623894008058e-03 6.510448826526691983e-04 -4.155315510557752463e-05
6.424942334974856339e-02 -1.696333460220884881e-02 7.885480572981592995e-04
-3.031837155650671245e-02 6.426674047214617040e-03 -2.911843692566529196e-04
1.785190161281450041e-02 -3.625592393228238564e-03 1.534406818682978492e-04
3.377000913949059629e-02 -9.468516273696632804e-03 4.193906541651044179e-04
-1.451220308036930105e-02 2.968028666858162599e-03 -1.437508207137406721e-04
-3.731759032102046139e-03 1.202909731790550735e-03 -7.268902352214269731e-05
8.237506479995747311e-02 -1.433058501671333369e-02 5.104937126377082773e-04
-6.562296580112776841e-03 6.214002541858366924e-04 4.913644151376529799e-05
7.270206569424926893e-03 -2.472681629175252707e-03 9.845902573813337250e-05
1.527971517076906136e-02 -3.361168659643698486e-03 1.029916643317647061e-04
-1.221271678436132088e-02 2.853149260403494477e-03 -1.540749006162544545e-04
1.271678987185099823e-04 1.723540768261435339e-04 -2.104336409730330013e-05
2.442769959689275114e-02 -4.848166057072749412e-03 1.762761853443669743e-04
-4.285241746813223812e-02 1.175899196786001424e-02 -5.545174955119032412e-04
-9.526840862093533674e-03 8.084275523325552522e-04 -4.348041317267493065e-05
3.256856773403962735e-02 -6.859338613541826266e-03 2.618830120453882054e-04
-8.436126539127845880e-02 1.382660147174503106e-02 -6.169644924350226739e-04
-5.089449574239462634e-03 7.789695624978033427e-04 -5.466540996782235078e-05
1.502166225009605484e-02 -7.144813327304222646e-03 3.645229490624578989e-04
-6.079922938190998605e-02 1.421826968196609683e-02 -6.940199201737069085e-04
-4.137915769256770952e-03 1.568315440653267378e-03 -1.067399893920689333e-04
5.477136000400051156e-03 -3.961989976254101826e-03 2.056717520883735023e-04
-4.687852560469285557e-02 8.962855893379148911e-03 -3.937770761277478715e-04
-3.648154391961361265e-02 4.084880770278370536e-03 -1.324962244732769481e-04
1.639270697464018794e-02 -3.181432858103936528e-03 1.029885465154492530e-04
6.884244170988615061e-03 -1.518963451414807788e-03 8.539410764140460859e-05
-9.879985736835131521e-04 4.248764352230199794e-04 -1.587189951354322495e-05
9.686608247012687412e-03 -1.369084348730874702e-03 2.192736709786093433e-05
-2.600777069843389702e-02 3.584579453304544572e-03 -1.429399899267359830e-04
5.418014459551621226e-03 -7.670406174615560348e-04 5.254974422996090341e-05
-5.344570452764281498e-02 1.061030815624698122e-02 -4.241088317939560592e-04
2.603684347317584274e-02 -3.732586408380554610e-03 1.613349091635573294e-04
