-4.068227036312308843e-03 -8.751481332067304400e-03 -2.097428406094565233e-03
-5.844413199040709821e-03 -1.218505334375570570e-02 -2.378957459431692897e-03
-5.851048443530432186e-03 -8.039968635012965589e-03 -3.666944991256726195e-05
-4.382561699219193058e-03 -6.596584537251375287e-03 8.121506465773260797e-03
-5.828646087420642601e-03 -4.323940900350352508e-03 -5.213575703753429470e-03
-5.701375355701200111e-03 3.756080599178560899e-04 2.824563031707445684e-03
-6.641142695709833545e-03 -8.030212754930153227e-03 -2.566029851400801476e-03
-2.982778069379992368e-03 -4.012135750380156456e-03 -6.846603873879419933e-03
-1.834746907095807485e-03 -1.947422402244190515e-03 1.320745858329078941e-03
-4.412049076116730459e-03 -1.007871701021711974e-02 -6.200063402229360511e-03
-6.057564095168715447e-03 -6.883314690463782255e-03 -3.516887777879396538e-03
-6.814658472552847894e-03 -7.213081512076529277e-03 -4.761923523126336891e-03
-8.647512636903746316e-03 -3.735681838909540604e-03 6.003290458867924445e-04
-6.120296329651215943e-03 -6.635917121862866010e-03 -1.941101192635932143e-03
-7.159237391467424168e-03 -8.070781257622830149e-03 -8.106357961220523115e-03
-2.519608270603906040e-03 -6.070048594744749740e-03 -2.299014536826915218e-03
-5.468644684968824651e-03 -2.621445248802751864e-03 -3.773005873916738737e-03
-6.613694585403333270e-03 -8.105754384930712042e-03 3.908931982181330228e-03
-6.495577622136591150e-03 -7.894408618898686100e-03 1.905050589103939604e-03
-5.804051995225350223e-03 -5.974954878318906523e-03 -3.643457398991149809e-04
-1.803224269276667343e-03 -1.667684315771739145e-02 -4.211944432134686125e-03
-1.541498595965181155e-03 -1.385116143439126327e-02 -1.822474759855186727e-02
-7.139301449318177090e-03 -3.148074126131866941e-03 -1.222944904128596324e-03
-7.203932553244431734e-03 1.951851338795715330e-03 5.667369076599371169e-03
-6.003957161218887069e-03 -5.277176626037631199e-03 4.362833731237285664e-04
-5.199885229150724014e-03 -1.449176216638458324e-02 -1.163199931547655164e-02
-1.692869914150766210e-03 -1.889687722664743288e-02 -6.665408960154077175e-03
-6.050919534055552475e-03 -7.559654601119839305e-04 -6.769507648811973893e-03
-1.753408893753012491e-03 -6.509161942044650907e-03 -8.027557761404787579e-03
-5.210605794806916560e-03 -7.985996731619419975e-03 -2.969329710255555043e-03
-6.714695859531830818e-03 -1.748578703027483432e-03 -3.713537513808904972e-03
-6.108313091954726583e-03 -2.811504987260785536e-03 -2.197405258516724885e-03
-6.708204040702276348e-03 -5.079278625453889640e-03 4.031967817245865012e-06
-8.108640990625611347e-03 -4.548271626041840328e-03 -2.023891890859044838e-03
-6.825717837699599166e-03 -6.104407379740309572e-03 -2.097425121374000678e-03
7.301253421633550292e-04 8.562129156572763139e-04 3.757452149586945362e-04
3.337859868639986207e-03 -2.342495276815741764e-03 2.339496370222106381e-03
4.628324468728828821e-03 6.599242862763162300e-04 -2.985873477594691659e-03
5.389427031225162016e-04 -1.913660126540004303e-04 2.521607799857874090e-04
7.778182313026526379e-03 3.385141060380495674e-03 -2.415281190655906018e-03
-6.858331714022948035e-03 -7.166428987368447280e-03 -5.068270032167442908e-03
-6.877759517541629994e-03 -2.727522920001711551e-03 -4.963216346390381985e-03
-5.250311514055103733e-03 -8.405736320720079424e-03 -4.582696285698103882e-03
-4.122284431219279399e-03 -1.229321128843411650e-03 -1.302099896372944758e-02
-5.358826155843607678e-03 -3.886219608377279328e-03 -6.911079453523259405e-03
-5.621131457927348515e-03 -8.561715554430493827e-03 -7.658657873179066516e-03
-7.222057507374370425e-03 -7.974651707062845041e-03 -2.036843818164085920e-05
-1.735899006983077910e-03 2.183405390323739717e-03 4.900252034577353040e-03
2.701321079820801462e-03 3.979430740720411169e-03 5.116690839737413413e-03
1.999578322803014039e-03 2.988339844285474445e-03 3.077580746928235741e-03
-9.224720151550000035e-04 -8.356806273738090398e-04 4.036008381488515907e-03
1.571529651962826719e-03 9.780981596313441124e-04 -1.188129410224676719e-03
7.941381364346102728e-03 1.515145930551938100e-03 9.639277508037765200e-04
5.135641093423738181e-03 5.552110789916320580e-03 -5.754062183014161010e-03
3.524707853334196027e-03 2.322914620462843138e-03 -4.752286817607336532e-03
3.323439079002249268e-03 -1.062850526107373544e-03 -1.442326221993004993e-03
3.638622430379384685e-03 -3.583858752427766456e-03 -3.261717674733536753e-03
5.308455414654350037e-03 6.701502471958997731e-03 -5.551220659191499068e-03
-6.024247395576451738e-03 -1.630612132867965275e-02 -7.202251314286783890e-03
-6.840979674727458437e-03 -3.928981650060965787e-03 -1.546570504969589513e-03
-5.319545727203536280e-03 -1.232543477888923579e-02 5.642219445040950673e-03
2.104951415350232377e-03 3.647840717299187779e-03 9.069110715602771502e-03
5.023976037849375853e-03 4.326926975351144504e-03 8.728557035810959736e-03
5.464826146186240949e-03 2.529354148087600059e-03 6.301456531958261713e-03
-6.148091243307176983e-03 -7.168688728480187948e-03 1.191354847741700126e-03
4.547336682766221078e-03 -1.196012230178092285e-03 4.346862949268841432e-03
3.616254039042014149e-03 -5.456131199802575224e-04 1.197430134079732322e-03
-2.773706893980089848e-04 1.666439339119510929e-03 1.470635068723600246e-03
3.064703545227208652e-03 3.448564743715888236e-03 -2.588612621596481003e-03
6.987568162710937163e-03 -4.252193395088409720e-04 5.304591875666148093e-03
5.813379658074670740e-03 4.243724460596349189e-03 -4.827805716577922117e-03
7.119364331655631331e-03 4.580452133756418749e-03 -4.143275016387652603e-03
4.741293968539709962e-03 6.437914718769820015e-03 -7.309298809417235157e-03
2.794791686293185071e-03 -1.136887601200993123e-03 -6.354105314351009282e-03
3.141638971649927600e-03 -4.096670433369495844e-03 -4.484685280630234736e-04
6.725021325360701352e-03 1.119772608414027620e-02 -5.211271061265320033e-03
4.830503578206806967e-03 7.399399123916235860e-03 -5.542163817057463478e-03
3.351228889928108568e-03 6.738834494016306131e-03 -1.281686021816391685e-02
3.289948945537942218e-03 1.131516077055985149e-02 -9.391357678183234747e-03
-4.957714336730213375e-03 -1.617661821865301608e-02 -1.277691980452247238e-02
-6.771960714781339631e-03 -1.324072287938961832e-02 -7.292473885524490378e-03
-7.362329636766720871e-03 -6.124798941280778890e-03 -5.791209149561835426e-03
-4.023440637198335418e-03 -1.124532717066175497e-02 1.660721516638797484e-03
8.193360798501939926e-04 6.675532461393384950e-03 8.950957009388913962e-03
7.780814899064356430e-03 4.333305053559452849e-03 7.037078584814405666e-03
3.191714445817294535e-06 1.654912459328830316e-03 7.211069383873236656e-03
6.624402021601773910e-03 1.086061848188383389e-03 5.646008198017355220e-03
4.364130390319915197e-03 2.829350824249678934e-03 3.249082924393153094e-03
-4.735868988658323460e-03 -8.303429064906088508e-03 -1.834774627030464397e-03
2.048753643581080301e-03 4.495362995232577916e-03 1.191208304432012175e-03
3.462907801048526434e-03 -3.601857482631544080e-03 -2.735615359799250666e-04
6.739017667574563261e-03 1.193007410316018757e-02 -1.737981558181340633e-02
3.813135027474762965e-03 1.887096068032352580e-02 -2.173121916675838441e-02
4.025767173701324565e-03 -6.988606642187812981e-03 -1.189201296931294283e-02
-6.574949292467203305e-03 -1.275847136409529771e-02 -9.987195326080179278e-03
-2.920866773956506349e-03 -3.255582330230409778e-03 4.411216308115440202e-03
-5.575230394679269764e-03 -9.378749824967978072e-03 3.587546742556168081e-03
-1.295184087312324477e-03 3.727776981302485804e-03 5.601761510938610238e-03
6.024585053208016822e-03 4.445982456966905520e-03 3.844015208902652660e-03
-4.347280354256116003e-03 3.632956795430632938e-03 2.667641630036962815e-03
5.605545831105345107e-03 4.494692464747393132e-03 5.776123517954361020e-03
-3.247315650692816653e-03 -6.600822266801454306e-03 -1.360728538859565923e-04
-1.841691826086226669e-03 3.737120911115361568e-03 5.534196999605901432e-03
3.083878719523916109e-03 3.289606740480341147e-03 1.089194856763582228e-02
1.820262108362702717e-03 2.525245120430540287e-03 5.585191561846317501e-03
-7.945457724507262297e-04 7.762513290586721751e-03 5.765285514217208078e-03
4.626788939785253692e-03 6.277578755238829612e-03 2.940089954036742082e-04
3.284520572845250810e-03 -3.442861646685927649e-03 2.237527082357560447e-03
3.457049928038912878e-03 -5.743980916174354356e-03 4.341352541419423762e-03
3.924830246684696787e-03 -1.643897550240496636e-02 5.729390542688777600e-04
1.679451028889128927e-03 1.909996517392393775e-02 -1.192905067378265474e-02
-1.889989638116768532e-03 -1.797423637111452560e-02 1.307712064449775531e-04
-7.420298877351423801e-03 -1.366335377442256908e-02 -9.879799510710501539e-03
-6.188423003575463897e-03 -1.269099111049976948e-02 -6.080913670232291832e-03
-8.011522304348869545e-04 -1.719148787583390722e-02 -9.673484360561906276e-03
-4.608678561687710833e-03 -6.911920706469520254e-03 5.424145236738326650e-04
-5.440956300717539676e-03 -7.449305739241803871e-03 -3.284286437605393738e-03
-3.753254463499105988e-03 -1.091029960049473904e-02 4.917242090430336450e-03
-5.150709869814837187e-03 -1.196508775060345711e-02 1.219108064688040295e-03
-1.898023748869520850e-04 4.123758192111807303e-03 4.683035250821697068e-03
3.105376876199962381e-03 3.063349733203337387e-03 5.583438156427274375e-03
-2.958298342749967995e-03 -4.383237438036219173e-03 -3.831769319455861997e-03
-5.017121737320478364e-03 -3.241344688728547020e-03 -1.407969189818333595e-03
-3.513970515132017712e-03 4.780850676399827325e-03 5.380980764978622599e-03
9.718327790608235692e-03 9.478129837300773922e-03 2.750546338821277764e-04
1.077336812156910392e-02 1.099809141579712740e-02 1.227122863412206510e-03
-5.686623031308446312e-03 -1.865981082157086969e-03 3.149070287460200950e-03
-6.513481079515254409e-03 -1.636932302980351108e-03 3.976147210891240423e-03
-6.188276899842241885e-03 -5.658787031474643396e-03 2.184590104329430654e-03
-5.086196855442415982e-03 -8.249215463854783423e-03 1.051010332899657285e-03
9.222628990318855859e-04 -2.186835045947632672e-03 5.213554507776932065e-04
1.199933378015399614e-03 2.470768206590284732e-03 -3.254806457686551372e-04
3.382032372296550019e-04 5.097024238393161460e-03 3.841223044689453039e-03
6.542761288493021809e-04 4.510718696683111741e-03 4.438908683826640368e-03
6.243440855674959114e-03 9.494358159441955783e-03 -1.062449660691411855e-02
1.629663423877736241e-03 4.830856637079339495e-03 -2.810376066678467715e-03
-1.846267624102409686e-04 5.099814014748405011e-03 -3.910186393671527191e-03
1.216889306939380891e-03 5.627483098958649399e-03 -9.796974552597210572e-04
1.923561277693092327e-03 4.351147826250958799e-03 -4.850615780082688511e-03
2.193016578422060138e-03 3.678186495207862953e-03 -8.082656052973572272e-03
3.764090922814081110e-03 1.756925428524188162e-02 -1.091456368097280978e-02
-4.059386074703867121e-03 -1.690821802962947165e-02 -7.897577559780452269e-03
-6.613161785044619802e-03 -5.169550951072565508e-03 -7.199660956154884522e-03
-6.130310436626651427e-03 -5.473251056324140822e-03 1.547330236387415431e-02
-5.008797600238730843e-03 -1.035397289710828818e-02 1.144330872616529556e-02
-1.438080133003987815e-03 1.470891479795508223e-03 8.618258643851987519e-03
5.264824040612392335e-03 3.406296494182960242e-03 2.113798295988493709e-04
-6.272546618206560967e-03 -1.981315355300354662e-03 1.381800907065392934e-03
-2.804990746072054224e-03 -4.692050458238897041e-03 5.113385150455354577e-03
-1.919979644352850633e-03 -8.275045665153990884e-03 -5.763098516258526299e-04
6.333894486239573414e-03 5.162619295249327826e-03 3.663051480658335683e-03
-5.286988867667894408e-03 -2.184823459799179325e-04 2.792797929350182822e-03
-5.981214873688582741e-03 -6.236656000749018179e-03 2.958507138758128012e-04
-5.976466301976637863e-03 -7.968354122585537616e-03 4.503197377543654775e-03
1.100145456184508860e-03 5.052909741115960661e-03 5.066530497974544058e-03
2.624790018704799104e-03 -5.896251848536467575e-03 4.254649076183510993e-03
1.858706544609273377e-03 -2.301741312006385948e-03 -9.550658217689874437e-04
-5.333473939760722399e-04 1.909480432817047034e-03 3.200957858383317485e-03
1.490071069555034405e-03 4.809057457711729891e-03 4.031360700821206081e-03
3.992304712078271686e-03 7.096003368248118663e-03 5.883156068178992679e-04
-1.436679721054949640e-03 4.295624304220985699e-03 2.046370331212220024e-03
2.701595527674235356e-04 1.229374678494714063e-03 2.302653907416326098e-03
2.867138767541457887e-03 1.649516738418928957e-02 -8.684390225824480808e-03
2.132320222923752857e-03 5.492817112967228986e-03 -6.318493719115090071e-03
-2.713439137333948899e-04 1.373382920866652625e-02 -8.277049101095746222e-03
3.304171022584529577e-03 7.308266482275001079e-03 -3.709445436907030103e-03
1.834358016112444837e-03 6.994121008954435129e-03 -1.155068448935588424e-02
2.248387272062527149e-03 1.063900132997174994e-02 -8.672332368845382666e-03
-4.563764660925274247e-03 -1.757424458663871952e-02 -1.712155353414347410e-03
-2.263517484653484926e-03 -2.094260979888187477e-02 -3.576238267699952296e-03
8.488546434276789902e-04 3.005961339969498870e-03 5.256176185019173150e-03
-4.480554311499820169e-03 -6.963932480710882493e-03 -1.327663243560286933e-03
-4.704101140016605544e-03 -1.609466350492848655e-02 1.268195269660044684e-03
-5.234185296924297355e-03 1.887256557929522377e-03 7.277093572081105681e-03
-4.072686345294225345e-03 7.983826011231437078e-03 2.811041667757154926e-03
1.188483078769507831e-02 8.929605085209445584e-03 -2.537520930911116345e-04
-3.605088390278479889e-03 -2.414247923561220130e-03 2.751426230868889936e-03
-4.001937432242029177e-03 -7.520624648691394496e-04 1.732888854649992840e-03
-2.640869156719520289e-03 4.421758491934722583e-03 3.128653103713745394e-03
1.858706544609272510e-03 -2.301741312006386382e-03 -9.550658217689899374e-04
1.658934687722626172e-03 7.881902156442573831e-03 2.651703120344680881e-03
4.352019106244119778e-03 6.441094697652557759e-03 7.653092759422978073e-04
4.273484186225000835e-03 2.795570540499026438e-03 4.847753792130433947e-03
4.708443548612260311e-03 6.860110493563738483e-03 -1.123016992450337091e-03
-1.800547231989281299e-03 2.314924623970239514e-03 1.480712639366810494e-03
2.679012709274100536e-03 2.122780219592665125e-03 5.309146684478378321e-04
4.809990797069603995e-03 5.234159351928831076e-03 2.540044318543443883e-04
1.976773213970313935e-03 4.599374114665859964e-03 -2.702423937883638178e-03
1.987986156307111098e-03 8.540685146403020900e-03 -1.078233382639454292e-02
-6.196157922433384764e-03 -1.233931911820229654e-02 -7.883406955001635852e-03
-5.945706708820202441e-03 -1.087554125463184237e-02 -7.428911006857731245e-03
-4.253592178430035987e-03 -1.698787220968518349e-02 -6.063085319603819280e-03
-4.641497846181990433e-03 -1.054261546616958901e-02 -4.151054989687302972e-03
-3.920098912718495733e-03 -9.581479639318959268e-03 3.497125128090848058e-03
-3.573147502599019303e-03 -7.842764011117659209e-03 2.212152361899199626e-03
9.243233874755859766e-03 5.282167376483299336e-03 1.378406211609941364e-03
-1.984500411052571040e-03 -7.114022087399632030e-03 4.092426751928062052e-03
6.163872241717883484e-03 7.183140455364310679e-03 1.497581407916977539e-03
5.128093434533484950e-03 1.057694368271515145e-03 6.012909094996760767e-03
-5.673430329535216095e-03 -4.034463903932876752e-03 1.146492386352223692e-03
-1.265768709903403655e-03 4.703149471381434105e-03 2.826742862587934384e-03
1.039660097654900636e-03 2.382844820897784058e-03 5.736691490927454430e-03
2.974666043555056639e-03 4.466005910374799305e-03 3.794691116966082862e-03
5.012787594537507219e-03 9.183865701312816238e-03 -2.256481238585822825e-03
-1.596878593951976422e-05 1.447788913674588271e-02 -7.890914016869553238e-03
6.297043708803725564e-04 8.130073160422378320e-03 -6.131849313494527193e-03
-2.104931756737031100e-03 8.900989708330735856e-03 1.796429058378337369e-04
2.264844966495288114e-03 1.082366742839844902e-02 -4.344002813796850673e-03
2.156754443809437861e-03 1.482659112875789158e-02 -3.654752690398952136e-04
-5.361481272415519368e-03 -1.486048866473226385e-02 -8.748944620620455019e-04
1.858706544609271209e-03 -2.301741312006383780e-03 -9.550658217689941658e-04
-4.009015950555559066e-03 -1.263914970148069007e-02 -1.878520133882964453e-03
-4.315223116727493098e-03 2.715980081164941738e-03 6.375729198069275509e-03
-3.265278021418913015e-03 1.953041082470845019e-03 6.009367723522440578e-03
-2.453089235048870435e-03 3.333073759676965196e-03 6.217225772120959018e-03
-4.952145235185684974e-03 6.922521919194131457e-03 8.747289504690364476e-04
-2.983055696508049234e-03 -3.444008271941600453e-03 8.298003173793089271e-03
1.245007040024150025e-02 1.192093525560158560e-02 -1.226042888247673435e-03
1.006702221011093051e-02 7.474431473876218777e-03 1.408843327810353633e-03
3.710360959975701148e-03 3.501120570792635306e-03 7.471629632948780008e-04
-1.647673825443448075e-03 1.830265182117831206e-03 3.822221910518909613e-03
4.643709826190731485e-03 8.171606116294281158e-03 3.768323782315993200e-04
4.737390879964537178e-03 9.077645102923311005e-03 1.733794899871219080e-03
2.433409776400215913e-03 1.482669421301615817e-02 -3.813000005174148853e-03
2.213445648334227966e-03 8.853237110736499743e-03 -4.672735576309753301e-03
-3.088080990761458543e-03 1.702802818285380909e-02 -1.019730799663465942e-02
-5.164586128089640980e-03 1.588720195634861151e-02 -1.059288613236199564e-02
-1.471484483785659870e-03 1.553133657808663387e-02 -5.574520423850861002e-03
-6.338507709746852604e-03 -9.919741348870025899e-03 -1.683800228748714252e-03
-6.068442371747569640e-03 -5.204689408675811264e-03 7.215918732712033393e-04
-2.633366394615264776e-03 -1.219459475912482160e-02 -7.611953646306869430e-03
1.099270031930615768e-03 4.624986300672814105e-03 1.027119802033095702e-03
-2.526692802682056326e-03 -6.532064588089250660e-03 1.387607744063501904e-03
-5.234891630317791214e-03 -8.239530355418647756e-03 3.067952311001900106e-03
-6.370964161770566354e-03 -8.353588394098526715e-03 3.616233908621121866e-03
4.737519959943023440e-03 4.625704302859275432e-03 -3.117637816863600125e-03
2.643589616882555029e-03 2.916552214144007855e-03 4.648846310397675326e-03
5.309807225929425931e-03 8.635372129499838470e-03 -1.382892707221493865e-05
4.171774320214546340e-03 1.101417560252988467e-02 2.206034439353606828e-03
-1.922427551677876548e-03 1.395916837712983484e-03 9.927087265621777144e-05
5.488390802570580415e-03 1.108948884369445609e-02 -2.973871103512687897e-04
1.024083798090219414e-03 1.083026498560580794e-02 -4.454416426775319399e-05
1.896884298121212986e-03 2.729503611219755675e-03 3.376128199249705652e-03
-4.626697347100449872e-03 1.531625333615562259e-02 -8.398370363956839113e-03
-2.625776587065220460e-03 7.794919814084148163e-03 -6.703059292729796927e-03
-5.863721043235597952e-03 -1.625913666521232662e-02 1.445638165953241775e-03
-7.629840445445355661e-03 -3.357200169210755505e-03 4.266909121919209257e-04
4.106513251394950000e-03 1.833034753162198936e-03 1.661478177888397025e-03
1.117592637557772960e-02 8.487550655615613837e-03 1.035752510007997449e-03
-5.153960296572186045e-03 -1.203873097511033545e-02 3.233428894371171737e-03
3.179799175409862063e-03 1.393452458148196002e-02 2.459153809489265496e-03
2.541318799033670268e-03 1.247999900311759156e-02 2.704767829404617317e-03
4.067756979508260588e-03 -4.481529650881743189e-03 5.099565020728296164e-03
-1.967294405041924554e-03 -8.287958477843006700e-04 -3.630691707059703014e-03
2.433611444790514770e-03 6.550307044698873947e-03 2.840165386500473083e-03
4.161050783419887136e-04 2.681607752736541849e-03 -3.354634573999105192e-03
4.456360060466425625e-03 -1.027560950827236452e-03 1.592611246207262330e-04
-3.953835358008540510e-03 1.381299861072968682e-03 6.049456981132556423e-04
-7.043040243427438557e-04 3.598217487748875485e-03 1.957965341216019891e-04
3.908519417819731126e-03 3.237028619101305245e-03 -4.688873570868358313e-03
-4.138889822438706310e-03 1.743003314317977115e-02 -6.008934899993687712e-03
-2.504027452418937632e-03 2.013701409971503653e-02 -5.785461397125956674e-03
-7.961081428583333813e-03 -9.236843157678130758e-03 -7.218835313681466921e-03
-3.551604653720087049e-03 -1.281143579399629528e-02 -6.995973155560927803e-03
-3.475318396565312083e-03 -1.501300313583347514e-02 2.040089498033357423e-04
-2.127191389231979611e-03 -1.467461476907823414e-02 -1.741528342730581111e-03
-1.708256306915154326e-03 -1.156325527142931797e-02 -7.216679539905552707e-03
-5.816644419806140526e-03 -4.182982833981978114e-03 -1.272071691664576794e-03
-3.802002001605095469e-03 5.407836802554988678e-03 5.532644490715246839e-03
-4.048870097810034797e-03 3.635658868348141167e-03 3.649423857779961373e-03
-2.357151025747162686e-03 1.944944591227670654e-04 -8.618943107812986840e-04
-6.280215653584880243e-03 -1.441181034676291932e-02 -2.033856870333669836e-03
8.587275428959427123e-03 1.046361501876426868e-02 -3.459620302528653227e-03
5.638770050493311335e-03 1.257049137518550207e-02 -1.032331444074730594e-03
-5.078519678537216087e-03 -4.659892671886627612e-03 4.379523604586706836e-03
4.641147902616695776e-03 9.951918511765377173e-03 -5.302399143046070823e-03
1.082427520705675668e-02 1.048341584591211059e-02 -3.495884669569178198e-03
1.940846714683690190e-04 3.262343233575193489e-03 3.999523467985366225e-03
6.127577151692184358e-03 1.050021429878637835e-02 -1.237834667465268325e-03
7.596069970401628409e-03 7.301310210956645473e-03 1.616020241667414075e-03
5.795538113797297358e-03 1.169170847588763690e-02 -7.914612119143948086e-04
3.221902108346270770e-03 9.350535338476080593e-03 1.201900629166892951e-03
5.456734227625283616e-03 5.243428737806659148e-03 6.032909224634799839e-03
3.568465072480508406e-03 8.867862691837168077e-03 -6.240203495630099184e-04
2.649290860056272728e-04 1.065652440450465949e-02 -2.302210975091751113e-03
-5.272294362480141675e-03 1.799327229782279533e-02 -1.028904780181976591e-02
-1.677330148946558960e-03 1.859619568666691716e-02 -3.485867369353431652e-03
-1.493259446315604736e-03 1.982343053327960750e-02 -1.032296846612772850e-02
-7.258145390561483029e-03 -1.251052935205410749e-02 -4.137608239653058767e-03
-2.640845856649235227e-03 -1.771902598542249643e-02 -6.129481316640441289e-03
-5.580117928731875149e-03 -1.098796109566454494e-02 -2.132428065651705007e-03
-1.805398077905190054e-03 3.120336673443678890e-03 -4.652492853880849967e-03
-5.657250465221512307e-03 6.538744631993379972e-05 -1.291364431176959121e-02
-2.199857241198014193e-03 6.522480623593869022e-03 2.282661464823134909e-03
-4.992650707116111711e-03 8.990295337839393323e-04 -7.987173495476153351e-03
3.524714378609297098e-03 -2.264407618370810685e-03 6.657733303041592785e-04
9.505339090661320267e-03 9.518118809504294651e-04 -2.874854041863837955e-03
-4.609800252404302155e-03 -9.019510559294348362e-03 -9.865621716344803553e-04
7.073457393304441974e-03 5.698384227721408485e-03 3.309002583496861195e-03
6.398327934072905489e-03 1.003964458208207039e-02 1.204434917704117662e-03
8.258535379673533072e-03 1.276388317935906423e-02 -7.374421560057851585e-03
4.155561358506225898e-03 2.466777415406282842e-02 -1.099995780942044851e-03
-2.520368410086087311e-03 5.846595416275041784e-03 -2.947012987411035470e-03
-2.451676782226662205e-03 2.848679002286302019e-03 4.680268584026467393e-03
-4.449886363505133231e-03 -1.790801389379282575e-03 3.047697516905838698e-03
-1.487488848201962361e-03 9.348593491131495375e-04 -4.761213583374210301e-03
3.560767461746006286e-03 5.667122352652806394e-03 4.643228686317050179e-03
-2.893796555554430713e-03 2.631448506071935867e-03 -3.975747841594329778e-03
5.676408014305279592e-04 1.061537036366273778e-02 -1.903559241632642152e-04
2.053896628532386282e-04 1.423512285875330047e-02 -4.053897349355280698e-03
-4.549832793714412953e-03 1.703873363573063862e-02 -6.346433101481585570e-03
-2.221646088645530884e-03 -1.659893509550411372e-02 -7.249628204705185243e-03
-6.891507495465955431e-03 8.687711113403122484e-04 3.034876411666679631e-03
-6.129184104973935988e-03 3.486737195077909291e-03 -7.734740110515403617e-03
-2.800123908471764678e-03 -1.286150024972538587e-03 -5.110603530189186845e-03
-4.945284398945295513e-03 -1.342383675325711442e-02 8.287937507136504010e-04
9.022763887360176274e-03 8.200701080098017973e-03 -8.910225618181548402e-03
-6.256535968556302570e-03 -8.839194857113581369e-03 1.649505893588077993e-03
-2.754229572660269864e-03 8.137469186686048170e-03 2.437026577406869402e-03
3.490654865294692821e-03 -1.797035387026586339e-03 -2.566011860613536585e-03
5.254462023942627069e-03 1.024420954585499727e-02 3.598393257732609204e-03
-2.442779599815186626e-03 -5.628687022128294262e-03 -1.434795855927754448e-03
-1.254175025145208566e-03 -4.469756682303875801e-03 3.488941598630633523e-03
9.689358776481280661e-03 1.191896352018852190e-02 -2.294600314102905082e-03
-1.839981296751298529e-03 -5.276958265619737139e-04 9.475101533533919831e-03
-2.340794569859220350e-03 2.826201341656257946e-03 -2.975965523750494050e-03
-4.013614456364800534e-03 -1.749157179408725865e-02 -6.392551297455419243e-04
-1.424828145547254532e-03 -1.139025366480615753e-02 1.137871852432417036e-02
-4.942778467020429375e-03 -9.781290285744551061e-03 -6.764012271848597255e-03
-4.777468902886719375e-03 -1.928357084337729843e-02 -2.096663120195491926e-03
-5.956939324861327580e-03 -7.627891504525752481e-04 -8.069389690921597007e-04
-3.893767318206373812e-03 -3.739152753191558095e-03 -1.042333318253244392e-03
-3.429173729906738553e-03 5.490954782136325254e-04 3.551013590614944971e-03
-1.175575334341304309e-03 1.884971783361129262e-03 3.015434896427349881e-03
4.340069512459882040e-03 4.312728066310715647e-03 1.443852995751982631e-03
9.681763715098355011e-03 2.146822347602393103e-03 -3.511894278921417426e-03
9.643602592038702168e-03 4.332288485608021787e-03 -4.296551259078384630e-03
8.971495370420084700e-03 6.242800939775197504e-03 -1.401767338839085379e-02
8.261929381929371263e-03 9.697665045797811134e-03 -6.287820818166750016e-03
4.592102009101641999e-03 1.174245780892441311e-02 -4.151344306433892538e-03
5.437057010401033681e-04 -4.432638514021056651e-03 -1.868773995277516657e-03
2.414669638246177193e-03 1.350526456227534380e-02 3.693971055089739514e-03
1.850133024003653131e-03 4.848412719779003621e-03 -4.207899578681922881e-03
-2.531433057963590125e-03 -5.716249433741799925e-03 3.866780983564157854e-03
2.746288051129063598e-03 1.485234550531726100e-03 9.165164747309612796e-04
1.450822222322568824e-03 8.428980410642914617e-03 -1.990841245538299466e-03
3.638731769018950166e-03 6.713008022579810760e-03 -1.517988165137583358e-03
-5.539197374454032929e-03 -1.326863395998427106e-02 -6.082922674809027389e-04
-1.875851741348216750e-03 -1.074329194622786372e-02 7.701617294351767798e-03
-4.458862307212382338e-03 -1.411075034381860382e-02 -2.197347250975491360e-03
-1.227019992337665365e-03 -1.595898820748809302e-02 8.401236074291813447e-03
-3.640443736225608840e-03 9.661354267829448325e-03 -8.403834741443322320e-03
-5.775548898760433404e-03 -4.093981294441491163e-03 7.329426273291418572e-04
-2.410351215251030355e-03 3.854070986318873602e-03 8.667231751195820458e-04
-1.547407316347368866e-03 2.111237089756823684e-03 2.523624950359287062e-04
-2.115425965673255540e-03 -4.000092333207206849e-03 8.173028605550008291e-03
-3.041393359320911007e-03 -1.686841689472810477e-02 -3.341849892047468913e-03
3.345261506898744748e-03 4.255376056057130242e-03 1.375077831725619306e-03
6.372721552121365582e-03 1.005316917204221103e-02 -3.219416249763578427e-03
4.969331080082086370e-03 1.055233613189830028e-02 -7.618561937704968184e-04
3.549728390784539101e-03 1.735167116031146803e-02 -6.407447661419376876e-03
8.020797244803071560e-03 9.412349742046724824e-03 -7.352510220443924868e-03
4.285886596818707338e-03 2.756899815441913801e-02 -6.707964972214651520e-04
-2.397875978128308474e-05 4.189496915767266616e-04 -4.054425788538364335e-03
2.132051599459968035e-03 -5.624182857779116106e-03 -1.520278929245312549e-03
-3.608547641257661698e-03 -1.361744269131747722e-03 -1.436327538567751206e-03
1.041649197508335255e-02 1.141213925420267103e-02 -2.618243689614318040e-03
5.838489587785271502e-04 2.579855313655541032e-03 1.330515125083756500e-03
5.271659803772224713e-03 -8.744165745326494673e-04 1.482979463369987067e-04
6.573329585159661979e-04 -2.024437431799223138e-03 -7.004050298532056226e-03
-5.284393468917319113e-03 1.141282142161990747e-02 -1.341282835681179182e-02
-6.476652311062295990e-04 -2.148911379189606327e-02 3.549740409700766815e-03
-3.238896030006163575e-03 -1.789005963270516586e-02 -5.698319187793503705e-04
-7.244543905244403949e-04 -1.857652132145664811e-02 1.087277903427944989e-02
-8.247691874827467115e-03 -1.146527078602595749e-02 -1.720802184636429418e-03
-1.389146533399719099e-03 -9.070794997960190259e-03 1.513504795987305994e-02
-6.521749079607634149e-03 -1.253938580741094204e-02 -9.755391677933345287e-03
-4.533301776618987866e-03 -1.515601655270106159e-02 5.004775639739972304e-03
-2.410145553672544266e-03 -1.060973239991896792e-02 2.611913841940703782e-03
-5.320644016386729888e-03 -7.913687345214559174e-03 1.915496409676522563e-03
1.870074224506012520e-03 -4.875736709553966236e-03 -3.549747373323782710e-03
4.636146533214082106e-03 1.284501506861374966e-02 4.940330228740182766e-03
3.350811558189917012e-03 4.852388199511994613e-03 -1.780677778508684480e-04
-1.517776323015977875e-03 -9.264996018768224123e-03 -1.748999786656538138e-04
5.773082890339430347e-03 7.475239319650371118e-03 1.487608418978134161e-03
1.858706544609272943e-03 -2.301741312006385948e-03 -9.550658217689970931e-04
8.985365419181030530e-03 9.932683136172314187e-03 5.949929333791966575e-04
7.000319486539540934e-03 1.035508590737176625e-02 -1.619146988654611972e-04
7.325588081181343830e-03 6.527010637565226932e-03 3.735377558412973208e-03
5.850146710449467130e-03 1.095945777259161279e-02 1.633021341485326253e-03
3.395170722634657714e-03 3.923156101938644717e-03 2.853205766879361813e-03
3.311183720008506037e-03 6.851760117050079840e-03 1.822064995009034342e-03
-5.196259969975552950e-03 1.267181871400965137e-02 -7.388269968892130848e-03
-8.737616315206909101e-04 -1.858976523112528326e-02 6.281744494667046387e-04
-8.147835379705025208e-03 -1.111712025628297171e-02 -1.749175161352268734e-03
-2.274625906181152856e-03 -1.219540492957642969e-02 1.124805479127506495e-02
-6.963238335913329337e-03 -1.228777747723165670e-02 2.195777319315617235e-03
-6.603194095467501690e-03 -8.975992198100492953e-04 3.119999364239637620e-03
-3.248169304243106806e-03 -1.131669887174219062e-02 -1.867536751939980486e-03
-4.431831754779009917e-03 -2.834336661733728811e-03 6.336382403292823611e-04
1.858706544609268606e-03 -2.301741312006385081e-03 -9.550658217689941658e-04
-2.950472647317142153e-03 -2.113356250291070684e-03 2.938372352717532124e-03
-1.071658289164843835e-03 -3.494566017696508920e-03 -5.342285187805681165e-03
-1.141250382836722079e-03 5.406973756712111839e-04 1.150425440976311732e-03
3.294794880619188876e-03 8.758248969325072790e-05 -3.493961408594851818e-03
8.664229742616547103e-03 -9.870353400668024479e-04 -2.597123748229414526e-04
-2.881956133136461245e-03 -4.597101941395324680e-03 -2.283927458305200480e-03
1.139321566946400154e-02 8.415192335762841733e-04 -4.107163811505996562e-03
4.756610856069997534e-03 8.302149858471812721e-03 -4.941681477129904881e-03
-2.957817854945775371e-03 -4.675773431125762082e-03 3.684691499047139661e-05
1.706201638111984331e-03 -9.056296147919730422e-03 -2.125644385922520821e-03
7.829430503406840589e-03 7.015750168543321078e-03 4.310919843597176351e-03
1.858706544609272943e-03 -2.301741312006386816e-03 -9.550658217689941658e-04
2.646531415764365354e-03 1.079465238806054210e-02 4.093074336445761373e-03
8.095689797640585189e-03 8.126921390031431255e-03 -3.231227157207703597e-03
-1.303585700891729971e-03 -8.021138301325496378e-03 2.039141952772481094e-03
7.678995732626828219e-03 1.094709562531745277e-02 1.786041462926811615e-03
5.317523856526885223e-03 7.710553489016567889e-03 -4.441340784321753054e-04
-2.086725519797544195e-03 -7.164706095596795089e-03 2.058724049234861037e-03
-2.223270643070145158e-03 -4.206470188101064586e-03 2.013276350804371270e-03
4.188481091941912717e-04 1.407475010287637541e-03 1.961565432145287186e-03
-3.392990362061769263e-03 2.151729778284335211e-03 -2.280767270784178451e-03
-3.531413206641910679e-04 2.598089215794841238e-03 -6.939212397524245450e-03
-2.284121637313588256e-03 -1.910727315266992285e-02 5.094330223773764488e-03
-1.014929245194990965e-03 -2.206001536791743142e-02 9.400567248198019726e-03
-2.998442092584015575e-03 -1.964318411592121463e-02 -3.397865297690331825e-04
-3.405883054895222223e-03 -1.360579257511176920e-02 5.353740807041106747e-03
-6.973919617364626733e-03 -6.236996405301591627e-03 4.122288914891107745e-04
1.858706544609270775e-03 -2.301741312006384647e-03 -9.550658217689941658e-04
-2.210672831338632814e-03 1.854762269241122703e-03 5.353151186249478083e-03
9.099804278727053122e-03 4.208090871636652013e-03 -3.942331436819086418e-03
-3.777336586228086102e-03 -1.778707845031272591e-02 3.843628988576229099e-03
-2.717506822474852288e-03 -5.607244836679859019e-03 -2.625778261164549241e-03
6.373817968797726441e-03 1.015156220675991414e-02 -4.012312966812794403e-03
-6.730521458654553950e-04 1.147044728359843200e-03 -2.015560776835033374e-03
-7.976733842739718462e-04 -9.722043340961321334e-03 2.194364860772846960e-03
2.861207244312067698e-03 1.116137661201779818e-02 6.777703837952118657e-03
-2.282073735926861031e-03 -7.788883971819593466e-03 -2.282565918270526746e-03
3.557686764206777295e-03 5.816799543885382145e-03 -5.300112297879532725e-03
4.745261148143062454e-04 3.901139151182031386e-03 2.525118541133276016e-03
6.091831447698656601e-03 1.411636582588119641e-03 3.698172939764836700e-03
4.337831573019939983e-04 4.771144675014543993e-03 -3.458793778943792651e-03
-5.702365319550213585e-03 -1.418623881459168609e-02 -1.512103994910374673e-03
-5.054455555975959080e-03 -5.050449122319263483e-03 -1.377432742518553636e-03
-7.883630407536607737e-03 -1.045439464402672658e-02 2.239430811543432868e-03
1.858706544609270775e-03 -2.301741312006385081e-03 -9.550658217689935153e-04
-1.563843286848461307e-03 -3.199070915970539906e-03 2.587982859594795040e-03
-2.585492165749856113e-03 -8.949546620755878187e-03 -5.940849787352113845e-03
-4.549382898494949701e-03 -1.010457171506978780e-02 -2.868289287885252524e-03
-5.198735102583654580e-03 -3.520372667792589800e-03 -2.571195198635780211e-03
7.208355600755074651e-03 8.200306863534448029e-03 -4.698497212376142110e-03
-3.993602776684711080e-03 -1.005894854401022734e-02 -2.670332265727315239e-03
4.721970153087011630e-03 -2.245281779459380733e-03 -8.534689223037386120e-04
-1.393223157093638085e-03 -5.214887104711002537e-03 -4.089504828524590831e-03
3.622380235778643268e-03 1.008244401413250883e-02 2.732843666241921432e-03
2.044020393612966998e-03 -2.090535065960028171e-06 -3.419074352927816991e-03
1.012813633319621350e-03 8.407146366591174841e-03 5.114011705740933479e-03
1.052892548712992815e-02 1.132971489191786883e-02 -4.161629101056396780e-03
2.842276677064200195e-03 7.449583120384572175e-03 -2.772079054222965303e-03
-1.148467677899560942e-03 -2.147328209659435209e-03 3.102480402140928972e-03
-6.816703689418541698e-03 5.934491137278355422e-03 -9.524723918231203443e-03
1.361646886978630511e-03 1.721111017710319968e-03 3.418779485653836853e-03
-3.631087313537003074e-03 1.941190806841621916e-02 -7.715993497127259480e-03
-1.055579374943966132e-03 2.033094794427499005e-02 -2.520868173063239848e-03
-1.274370719946646500e-03 -2.621679813168048198e-02 1.059155777763773690e-02
-5.927361631359048290e-03 -8.461884281477559389e-03 -1.213032923935368490e-03
-4.789417111751174960e-03 -5.392667177441065607e-03 -1.315329709522080476e-03
-2.666597796199493640e-03 -1.025142254379759338e-02 5.942296769985061511e-03
-2.103034177224956218e-03 -4.140311318294778373e-03 -8.970575754609259140e-04
7.202631129019914681e-03 -1.468742503100627225e-03 2.142979001477929475e-03
6.269697501110295043e-03 7.972487523529331321e-03 -1.315475991332697679e-02
-7.520241084781543106e-04 1.063242835306444679e-02 4.754271674012796114e-03
1.020495794483441661e-03 -5.961257398323392687e-03 2.878834181178179050e-03
-3.904789544783450863e-04 -5.373014373517606343e-03 1.610014776978896259e-03
-6.768061711273227728e-04 -3.492438353203521605e-03 4.201078538741799019e-03
8.161825505674666576e-04 -7.472730625501013309e-03 2.581268128856650020e-03
-5.858969285130775223e-03 2.303082532584840511e-03 -6.042756220137839203e-03
-8.461190761756729253e-03 1.320035309449106749e-03 -1.968140827518536935e-03
5.004329940960777247e-03 1.703162699063824224e-03 4.895164933790280802e-03
-4.210457791387327980e-03 -1.705755167493150024e-02 2.919615179814965839e-03
-6.333805383132558309e-03 -1.846667432787793550e-02 4.385989761890267749e-03
-6.638080271009511035e-03 -1.482308785908424166e-02 4.266409224687179973e-03
-5.940037606946449271e-03 -1.217752181250643948e-03 3.661039559951078607e-03
-4.212619708110086104e-03 -1.764170742029378715e-03 -1.153378629914438881e-02
-1.151954436069872658e-03 -5.455466084759099006e-03 1.731283862557185310e-03
7.834982805640090114e-03 -3.521107901215546950e-03 -2.139180540786006762e-03
1.050828524001944791e-02 -1.048465032920611493e-03 -3.817622920060102440e-03
-3.751119245660606248e-03 -1.269509093649569612e-02 -9.820204720054172883e-04
-3.944645905390684396e-03 -4.535775616416088014e-04 -4.446552421219737358e-03
5.922157792151009660e-03 5.719032298989738111e-03 -4.713760176936897424e-03
4.958378311180110590e-03 8.063657497505096914e-04 -2.891275566096715519e-03
-1.645251379707134793e-03 -6.792546147019756938e-05 -5.474508574704625794e-04
6.709175555192777550e-03 4.254668289291390834e-03 1.352283579801069483e-03
5.140538571581491391e-03 6.562638770775257617e-04 4.015961398861666969e-03
8.279694407444665449e-03 6.927588533533377349e-03 3.370257405536643529e-03
7.993666052576148262e-03 4.492012098621590149e-03 -2.718064096851308294e-03
9.367184111167336374e-03 9.767408398441770889e-03 -5.566730910952586570e-03
1.171635040019735480e-02 1.109223344103564025e-02 -2.645659242606527174e-03
6.910613314351148756e-03 1.056343183343227791e-02 -4.142866812019995772e-03
5.300008879579247260e-03 1.593960011945478195e-03 -4.860414864070960149e-04
3.043192988224309795e-03 5.993455471320535514e-03 2.383224545480984793e-03
-5.338900609470878435e-04 -3.874046409336422310e-03 1.699130582890470351e-03
3.429864559063664365e-05 -1.170056671634300957e-03 5.246860227514354470e-03
-3.400637921175924793e-03 1.266579345175753530e-03 -3.654545860585754931e-03
4.415973001810288043e-04 -1.187146010177770336e-03 -1.059738817690791837e-05
-8.999326426085944505e-03 -2.100727263120677306e-03 -4.732339844508678603e-03
1.314198134217970217e-03 7.438879046944496705e-03 3.634241620426769716e-03
-1.131694335610958658e-03 -2.651601427917556555e-02 1.286092795508913568e-02
1.858706544609273377e-03 -2.301741312006382913e-03 -9.550658217689941658e-04
-1.070366462135451981e-03 -2.103568655220157402e-02 8.578536980756197930e-03
-2.757364387181963569e-03 -1.935194199600333287e-02 9.035666242005083865e-03
-2.612414139297801561e-03 -1.321858789610285377e-02 4.569378047897417611e-03
-6.739522470806574676e-03 -1.278354055406013753e-02 2.499073603659280208e-03
-4.131323850700040906e-03 -8.887218780462089601e-03 5.805276012758170661e-04
-1.667583934865421013e-03 -8.855130429385448323e-03 4.773796627260283067e-03
-2.169910196110001657e-03 -8.990537362828326245e-03 -5.778277462822686708e-04
9.155112197462548021e-03 -3.063000747255098261e-03 -1.043307580760691102e-03
-5.417192126623259982e-03 -1.298109885582634203e-02 -7.339159472122880118e-04
-5.368524610119787543e-03 -5.159829639720238913e-03 3.540112220122469070e-04
1.084530960378489797e-02 3.191825170809051929e-03 -1.788231723402532473e-03
5.230442877964559123e-05 -6.071739730401704872e-03 -6.097750375082134494e-04
-1.748837868532178300e-03 -7.293354094433205335e-03 -1.048002167996862867e-03
-1.142728269914411405e-04 1.011687006005353683e-02 2.981410746453146132e-03
9.540455268667552384e-04 -3.891311790659465579e-03 5.296689484673531168e-04
1.117347524373941275e-02 7.593079569067713065e-03 -4.003859659368900863e-03
9.052059473922423327e-03 9.700381964943494140e-03 -6.403909791489780130e-03
4.470811023735004296e-03 5.507416790387031219e-03 -1.332063396965136627e-02
-2.514279713326706854e-04 2.165978700200397056e-03 7.898043927892698865e-03
-1.580136443136374814e-03 -4.719960425989013636e-03 2.922417410172870999e-03
2.939561843851018399e-03 -5.791721673583887344e-04 -3.023212303089102375e-03
-5.863288251372671296e-03 8.586650827357888288e-03 1.693618053225594538e-03
1.379075584175531305e-03 1.910143201485094144e-02 -4.608871869971389694e-03
-3.675577084688976502e-03 1.822930128877876116e-02 -1.223648715272549663e-03
-2.745248250510805288e-03 -1.741036827116390628e-02 4.934134734972934686e-03
-5.037742216032261092e-03 -1.923619190458490322e-02 6.755264158431979749e-03
-6.464202059454865132e-03 -1.137059716794199503e-02 2.344994978860401140e-04
-5.428841985664325555e-03 -9.414736480578719119e-03 -2.451237783827615001e-03
-3.182588907188793788e-03 -3.993926459852994298e-03 8.960302913227393947e-04
3.829367751062131078e-03 -5.381000734480331955e-03 1.900639226557561748e-03
6.612463742008251565e-03 -4.388597633460643473e-03 -4.729041289490801031e-04
1.108281841019281150e-02 1.537270532387183253e-03 -3.230073023704890019e-03
1.072208919064667094e-02 1.522437123308740354e-03 -3.112815111349945436e-03
-2.242327817682584525e-03 -7.074882191817768486e-03 1.145830159053120093e-03
-2.135081150744218368e-03 -1.239073871799341526e-03 -1.275251109464736569e-03
-1.312199604626711387e-04 8.232477542359038086e-03 2.660588367495998231e-03
7.421263321110277249e-03 -8.015203681719374122e-06 -1.712081707672341363e-03
3.919417276412126387e-03 6.779919600566192833e-03 1.173049709945568706e-03
2.848335604556439865e-04 -9.491726315310831941e-03 2.191938274997693933e-03
7.152467399899770442e-03 -1.045499836286180578e-03 2.056051005995237872e-03
3.138242547732259359e-04 -8.642039371672328996e-03 3.974226260644426155e-03
6.871824538155431143e-03 5.277303059776112561e-03 2.299059513818861155e-03
-1.779383363524305434e-04 -9.047887756910302781e-03 3.134597738611372836e-03
-1.886240875531884588e-03 -1.018808433120496106e-02 -9.695577312365973727e-03
2.724704594036221031e-04 4.065984398484731241e-03 7.381534729900789474e-03
5.242265101658959321e-03 1.179604346846536284e-02 8.254688332479416871e-03
3.271423731638541934e-04 2.290128419676152119e-03 -2.401832035699980310e-03
-6.497553564840909601e-04 -3.854131784846623245e-03 2.774268232624339369e-03
-2.545948732058636067e-03 -5.165635730973311412e-03 3.309215120965293671e-03
3.798343385146103410e-03 -3.645228018676647825e-03 4.645291980143071049e-03
-6.229692047499004078e-03 7.265003375918676308e-03 -2.314026926142358394e-03
-4.512670135295721550e-03 1.551849553355239171e-02 -7.286532928223775699e-03
-6.394797575858752851e-03 -7.369817411750230127e-03 4.434243742580780759e-03
-5.839882924965430003e-03 -1.236106590293757287e-02 -1.130085508254323684e-03
1.858706544609270775e-03 -2.301741312006385515e-03 -9.550658217689941658e-04
-3.206618662093235761e-03 -8.850595029797347912e-03 -2.084730137214019577e-03
-3.609639467327352153e-03 -1.960266773610014161e-03 -2.615771366365770428e-03
9.127250651462725725e-03 -1.312503548098081264e-03 -6.666191014867282015e-03
-8.571680340842384189e-04 -1.555299816851012183e-03 6.007379765411165846e-04
9.931713945790421674e-03 8.670719462087046053e-03 -2.633901557580841865e-03
1.011922027152235837e-02 1.152337029593092366e-02 -1.765734417608310323e-04
-1.257557623421756135e-03 6.027076412241703582e-03 -4.679432142154663771e-03
3.321307235550130521e-03 6.355937295270925637e-03 5.519612327947333481e-03
1.858706544609270775e-03 -2.301741312006383780e-03 -9.550658217689941658e-04
1.022075700995056600e-03 1.440826498175372568e-02 -9.383523456110287727e-04
-4.774434576554076868e-04 -2.351542000005911806e-02 1.026539456696513863e-02
-2.654681053079767893e-03 -2.121383533857782583e-02 8.729823520844455509e-03
-1.333233645143991689e-03 -1.777848350533089983e-02 9.412249937958538232e-03
-4.206401194442888243e-03 -1.664411104257078333e-02 1.617376897439484415e-02
-4.786706568172949608e-03 -8.991909389175113329e-03 2.423386153016489266e-03
-2.003534674266987687e-03 -9.169196485010272513e-03 3.748158469903447882e-03
-4.368919430481983147e-03 -6.891089142472718067e-03 1.011129753268317447e-03
2.011684211750574451e-04 -7.602988183626726432e-03 -3.202873389994223292e-03
-3.561639981436803912e-03 -2.842089400313481048e-03 -4.646749852794490013e-04
-3.257229892950920178e-03 -6.422583579986083403e-03 -7.358499428179158966e-05
-3.970674335760327953e-03 -5.669501075089830588e-03 6.424686030554345711e-04
-4.569737869804490517e-03 -5.010856317199103085e-03 -6.650764322011705368e-05
1.084608820957919974e-02 -1.004804414844422469e-03 -3.795102563350250847e-03
-3.935324857115101577e-03 -1.185331525854460902e-02 -6.992650162694381832e-04
2.834630124282117025e-03 7.493823325742360320e-03 2.062947486861572196e-03
-2.580342358796052556e-03 -1.255677771320590566e-02 9.582520175303226116e-04
5.041902103867100497e-06 6.701414481793742210e-03 5.321363769209556255e-03
7.877077892964885752e-03 5.808299495401885587e-03 1.284503433503269079e-03
-1.963075667514150181e-03 -5.459468932841851814e-03 -1.336857462087990753e-04
5.771786413755576129e-04 2.020705897697582746e-03 3.882927100165742881e-03
5.430692876618202491e-03 1.833462056909734850e-02 -3.345155959554804042e-04
4.929354997133233128e-03 7.291831889123367300e-03 -1.056311783344471462e-02
2.536188160904605596e-03 4.864298449953628582e-03 2.164601496521593310e-03
7.111629264501947642e-03 2.194852896764474919e-03 -7.455489878044313078e-04
-1.455428222363393904e-03 2.110119946517088375e-03 -1.198360296953724508e-03
4.081121587086549568e-03 1.166095010256372987e-02 -4.749220363707086327e-03
1.103626626124084957e-02 2.133972049700464529e-02 1.610629617701403405e-03
-2.887364256338021459e-03 -2.953616715703489583e-03 3.777011918378960376e-03
3.127658075693924935e-04 -2.649652969898863650e-03 -2.147370638624427220e-03
-8.887789260749794041e-04 6.724823863568173132e-03 -1.536877713637372798e-03
-7.326924827390032639e-03 2.294049182059636725e-03 -7.924989107944247629e-03
-9.944508361066932607e-05 1.011734415277127340e-02 3.681131648731807236e-03
-1.176033050047862495e-03 2.064819659441655825e-02 -5.422726320551402371e-03
-1.713894955005579052e-03 -2.449739764186041960e-02 1.639368250607501840e-02
-5.895300065483981972e-03 -1.781565153529020631e-02 1.095362422140224758e-02
-6.878996466988231140e-03 -1.431704586488274748e-02 -3.556564547966340178e-03
-2.649549835382196752e-03 -5.094339981224414032e-03 -4.634602696671851971e-03
1.064988325267262996e-02 -5.635106465071315629e-03 -6.852493075206426022e-04
-3.205884193875743141e-03 -4.959620140563188347e-03 1.943302935394815691e-03
-4.133375244245797962e-03 -1.113659852215417162e-02 -3.426771771836577621e-03
9.578200119944535462e-03 1.008461196183227642e-03 -5.836340784886880940e-03
7.168972993612524741e-03 7.411022962595485708e-03 3.731029587948127973e-03
-1.471580398824921332e-03 -8.295171150830006959e-03 -7.908294210580730992e-06
8.504286847316709641e-03 1.490403733613027658e-02 5.206772723682365689e-04
-1.149373028431998917e-03 -7.242285902699971412e-03 -4.661524069454426808e-03
-1.639342652705783315e-03 1.639744634871769143e-03 -1.164536005857603768e-03
-8.220742016694925240e-04 3.338790696131146984e-03 -1.985246689974439534e-03
-1.501378396986456556e-03 1.462270341265165538e-03 -8.291278129434221170e-03
-4.539983168650120818e-03 1.822014811452262427e-03 -7.135104016300976813e-03
4.869893799825801214e-03 -4.894374476035609966e-04 1.603321594639273802e-03
6.881300512313954414e-04 1.006728525052005482e-02 2.022520862731027550e-03
1.858706544609271642e-03 -2.301741312006382913e-03 -9.550658217689939489e-04
-3.643706338094479958e-04 1.977256154496337057e-02 -5.659006565309304855e-03
-4.044865800902980139e-03 -2.290062074723898597e-02 1.467634579788986912e-02
-6.476830180984927826e-03 -7.796981656234363428e-03 1.157185730784149802e-03
2.673852858686181187e-03 -5.876159793360858502e-03 7.183163797026094000e-04
1.164962737538402862e-02 -2.734724349626478819e-03 -4.161432175359629226e-03
-2.660500613340277109e-03 2.623063840138014410e-03 -6.531053961354379121e-03
-2.285900999892697717e-03 -4.598100155354167828e-03 5.511459693131082497e-04
1.103316287056473445e-03 3.231958581044371524e-03 4.244415825189977627e-03
1.616300284975980515e-03 6.689850875255466851e-03 6.209918886956274683e-05
-1.871127951973078265e-03 -5.264427830872413748e-03 -2.379839577036443714e-03
5.672241125289241397e-03 1.319820977873101438e-02 -5.328650920619356669e-03
1.021475353064255423e-02 1.290065466593682750e-02 -2.578375323588317971e-03
-2.566499466151818832e-03 -3.178693081004877515e-03 6.381902223834555118e-03
7.984132877219046655e-04 6.394309687195387981e-04 -3.070123877982221337e-03
6.401630497280034159e-03 1.311600149820543217e-02 8.340793511188922564e-04
-4.884401538989755192e-04 3.235596967278315042e-03 -2.662819101332600594e-03
-2.941397405112832712e-04 -5.638266752702562890e-03 3.603916033651391113e-03
-5.231551432026930589e-04 1.022672646756354886e-02 -1.423531701622592722e-03
8.061136517634762090e-04 -2.614687210530731391e-03 3.340808123027925319e-03
2.212330622338332976e-03 9.621647885509062442e-03 2.665792041447984529e-03
-5.242940145796293194e-03 1.269168584950081460e-02 1.374716124243429783e-03
-3.878619698688626303e-03 1.520772533765784272e-02 3.035961661207098837e-03
-5.928816817016979192e-03 -1.024928045586397281e-02 -1.513054231551878371e-03
-4.103984735436388628e-03 -6.661857139908000311e-03 -1.200217446628381365e-03
-5.658973747886446651e-03 -3.119238958980155140e-03 -2.410119197871807978e-03
1.151858478352135208e-03 -8.376944415995965856e-03 -5.124839924543231860e-03
-3.693606073080802146e-03 -1.739987768404197346e-02 -7.546111941321804670e-03
1.154201864924261564e-02 -3.910648435104739206e-04 -4.914109875729931118e-03
7.307396352574653357e-03 4.591398836777740855e-03 1.266437389061135553e-03
-3.724314828661825626e-03 -5.091433752233401680e-03 2.121821629989039532e-03
8.644956346546042378e-03 -1.233025350921169300e-03 -1.992963226375387992e-03
5.742060547379286214e-03 9.443837575127882016e-04 3.584877505519319749e-03
4.826032253293513290e-04 -6.299146408531838826e-03 1.311285481476255491e-03
1.159754803171122962e-03 -3.032123966981132603e-03 2.333076436099965068e-03
6.896898481309417066e-03 5.245320989456484992e-03 3.649661757832500537e-03
8.196800629298553117e-03 1.376675022830921476e-02 -2.576847673092330735e-03
9.057805620599091584e-03 6.227777299021666248e-03 -1.787943998754973210e-03
7.229754831403541193e-03 1.541434375629347105e-02 -5.085591460072281904e-03
-4.204029366163461283e-03 -2.522664092604141352e-03 3.344592793392572958e-03
2.854052648992650137e-03 7.929423552768769673e-03 8.643710161797648825e-03
-1.325413165470756783e-03 2.120933755799826043e-02 -5.544794333443904023e-03
-1.582733950527575499e-03 -5.708904655095822962e-03 1.139723088230378337e-03
7.772255817550041170e-03 -1.376661122134639802e-03 -2.158048155499328775e-03
-3.057771773046633144e-03 -1.284325362120716275e-02 -1.936387917512963743e-03
-2.344179691571341047e-03 -5.200413036922569253e-03 -2.273948133510307439e-03
-1.205628199548519240e-03 -5.970869878909873009e-03 7.464968220081083126e-04
3.882403773605619217e-03 4.966961179218963227e-03 -6.563351206840148562e-03
1.003322740885500587e-02 9.233872244269534027e-03 -7.649055243855267232e-04
-1.886917117104392480e-03 -9.399243190442782905e-03 -4.449901490464727889e-03
5.497459828983223759e-03 8.069138207267961480e-03 -4.886940176350882022e-03
1.858706544609272943e-03 -2.301741312006385948e-03 -9.550658217689937321e-04
-8.017222111190938248e-04 -6.048308231594718733e-03 3.625843313713071701e-03
9.172726031135242791e-03 1.466115754162918700e-02 -5.840643912153360186e-03
3.526950097944568738e-03 1.817144178751371741e-02 -4.496515197487738376e-03
7.761661494299063914e-04 8.091662337064355059e-03 1.529611647493999338e-03
-1.571424552989606231e-03 -6.276925739884701289e-03 3.009749622689345330e-03
5.224651927388771107e-03 6.003248268812843604e-03 3.113282814952517130e-03
-1.027067054457092392e-02 1.156527883936190292e-02 -1.117370029477137003e-03
5.552206096844882659e-04 2.688266132881199453e-03 3.140831857416096282e-05
-1.428980777814377193e-03 -2.209449314105520895e-02 1.448603490318728197e-02
-7.306814433461161079e-03 -6.390477031630984600e-03 4.100793831237373351e-03
-6.677234273953129053e-03 -9.279576139285660580e-03 3.653965020440287279e-04
-1.907455329314249005e-03 -3.282773809968737161e-03 1.078778429786882804e-03
7.514119790479429836e-04 -2.180232174831545338e-03 4.086743006078244131e-03
-3.146114061407943602e-03 -1.127402980174426611e-02 -2.276471442508824251e-03
9.849442288615676416e-03 1.592399329458895479e-03 -6.318155152368676482e-03
-2.861721510216014199e-03 -5.814706734457759582e-03 -1.337042330683411301e-03
2.626249058715134956e-03 1.126554723805850639e-03 -2.042169015168227280e-03
6.779238988318320343e-03 3.141884416182683971e-03 -7.801436215488535136e-03
6.761939583816116775e-03 9.886479479206896921e-04 -6.927996909108184199e-03
1.201944250871035333e-02 1.017308926140393470e-02 -3.548792809838020694e-03
-2.491387470316111974e-04 9.568076574426053610e-03 2.867683591419059011e-04
-2.202196175048208094e-04 7.490559116918696012e-03 -5.759885877897193487e-03
-1.428467144004794522e-03 -3.993526953758521660e-03 1.238067727361675044e-03
4.813032647547376038e-03 1.883613544854592994e-02 3.864044236285393884e-04
-1.370737292425549397e-03 -2.135437487172273021e-03 2.691599172136627249e-03
-6.182181036303415270e-03 1.167659486797333925e-02 -3.967483835662806262e-03
-8.370243317664900762e-03 -1.076843753556493838e-02 2.190639075035969059e-03
-7.415883140762938482e-03 -7.430790639577225000e-03 2.287174703436463917e-03
-3.749429879093381726e-03 -1.259623105531532464e-02 9.912729980797934737e-05
1.343978637754232250e-02 4.118375741760876320e-03 -2.745108781223965736e-03
-2.333372256492452501e-03 -3.605276994856387082e-03 1.442598591988050174e-03
2.936355050698186944e-04 -1.605110506215483681e-03 4.532476626762860054e-03
1.582715030255484696e-03 -3.988935101540693156e-04 4.300489211162153089e-03
7.289761248602203564e-04 -4.908112296150409816e-03 2.962318746515648694e-04
4.077425028359362574e-03 1.285224298883078098e-02 -3.986807378228649987e-03
4.319699900911112833e-03 8.593210604555288207e-03 6.655339383403617581e-03
6.607534229677762029e-03 1.625837180387447109e-02 -5.603058990776310991e-03
5.658458437616695376e-03 -2.344373562266252077e-03 1.825622158337332013e-03
-2.002092565690331228e-05 8.611527156361792334e-03 -6.487281274417108952e-03
-2.107858249492707524e-03 -4.584434962974599445e-03 6.810637560054972478e-03
-2.171789856186731246e-03 -1.099449258488946132e-02 -9.612619776486416596e-04
-1.966723852801776327e-03 -4.397586942126423953e-03 8.893267805111392500e-06
1.858706544609270992e-03 -2.301741312006384647e-03 -9.550658217689941658e-04
-1.004174243502745090e-02 1.698261005241001251e-02 -7.392786416835712797e-03
2.547503078174906659e-03 7.159109465542437371e-03 5.542959030783060209e-03
2.077917624115472282e-03 1.607493973667924528e-02 -6.056134108768266655e-04
-3.803549724569286767e-03 -8.106920558096562118e-03 -1.193726881889527972e-03
1.603526827833389378e-03 -4.071065563601781144e-03 -4.960889864907776919e-03
1.858706544609269908e-03 -2.301741312006386816e-03 -9.550658217689930816e-04
-5.410661734519494476e-03 -9.058816954105475966e-03 -2.132529979642084662e-03
-2.365411426583537580e-03 -4.334390037349222270e-03 -1.323537049424364839e-03
-3.929125816398985199e-03 -3.274083786299287948e-03 -3.156598503073028156e-03
-2.162244911364400411e-03 -5.483840503271716427e-04 -1.164022876185440814e-04
-1.461798034601530022e-03 -1.476775724862614643e-03 -1.100276649474041680e-03
9.841759293231305827e-03 3.811440782588189488e-04 -5.064191916091202901e-03
6.325382886418811669e-03 1.878534157128398246e-03 -6.013653813989162412e-03
-4.510121181570962603e-05 -8.444540497875132126e-03 2.945455019186052088e-03
2.520871059336399558e-03 1.107935911500395557e-03 1.475421709353492376e-03
2.744167835673510907e-03 3.426315780929850823e-03 -8.548365665920433856e-03
8.393842489914921448e-03 1.538257236942280372e-02 -7.005136425697220878e-03
2.882923888921702649e-03 1.528834067968651116e-02 -7.319166411101783905e-03
1.858706544609272943e-03 -2.301741312006385948e-03 -9.550658217689935153e-04
1.777484056232487165e-03 5.614137244259918662e-03 -1.392089644309857637e-03
1.931532609747912282e-04 -4.339526613410264223e-03 2.684036208288473595e-03
6.245227167576476029e-03 2.057927339967036140e-02 1.586569908166586117e-03
5.877369379275199264e-03 1.453228459400080635e-02 -1.815279899557990318e-03
-1.235969706978876440e-04 -5.226415512698354138e-03 3.904514320418502049e-03
-3.088943411845661551e-03 7.906318048115932098e-03 -6.297661455637577552e-03
-1.723320518287648232e-03 4.116768587697324649e-03 -1.350563113652802384e-03
5.971660832597106439e-04 6.144182568964415281e-03 1.131579295223135396e-03
-8.576258482528346938e-03 1.138754790907160405e-02 -1.090947904795674071e-02
-1.267912479683583706e-04 2.064208745599614703e-02 -2.567840236695870422e-03
-3.055031771462932751e-03 2.186768143893971089e-02 -1.744855286381958963e-03
-3.976876442425439015e-03 -5.612432683118048771e-03 9.201391389939476279e-03
-6.758236715936627621e-03 -3.551274322118521190e-03 5.035841815202872322e-03
-4.217447784585479954e-03 -6.801513570621797776e-04 1.196873412877148043e-03
-1.277264273306903978e-03 -1.342541998524891290e-02 -2.251485459583557093e-03
5.597975705488624810e-03 -2.005323652852286382e-03 -4.800629207618836887e-03
9.670178599015945980e-03 -4.045854904408366544e-04 -4.191031918364720651e-03
-3.339128780222339228e-03 -6.037519808956242143e-03 1.819291863138621564e-03
-3.396198776894711335e-03 -8.112902371159890977e-03 -1.627321102279702001e-03
9.940650708251320966e-03 2.056221827093838300e-03 -6.812508303299240862e-03
-4.675305319845085572e-03 -1.449850061695692098e-03 1.473575865227312511e-03
1.498020123652815010e-04 7.990508855082023966e-04 -1.923592826462407635e-03
4.708203144868122920e-03 -5.931933618880959845e-04 -2.218660920033670245e-03
1.020080195184380582e-02 4.050193532226234981e-03 2.577222999346860579e-03
2.840818660812680346e-03 7.525285903689840454e-03 -1.311752614731886112e-02
-5.683774789667696845e-04 -4.908214424580437801e-03 -3.480397085666977943e-04
-3.284739014113461329e-03 -5.102578696809603916e-03 -2.615724975208566939e-03
1.858706544609272943e-03 -2.301741312006385948e-03 -9.550658217689941658e-04
1.031152703905948743e-03 -4.678698025770381720e-03 1.486152139250037632e-03
5.803492948079816416e-03 1.718351008256205001e-02 -1.687429341339844900e-03
2.037092315713130881e-03 -4.421719294607732477e-03 -2.470726696512446155e-03
3.423760953961080353e-03 -3.813964377253841430e-03 5.834942183074684832e-03
5.255179768487487635e-03 1.727241288368927194e-02 -1.299128723169711919e-03
1.591916848746656476e-04 8.084336015710126251e-04 7.480604215702081486e-04
2.040720566981592959e-03 1.376812511147389867e-02 -3.403123354248643959e-03
8.445782993984876814e-04 -2.383011897863200439e-03 -2.828357974221006911e-03
3.562886915009254047e-03 1.096463403583481690e-02 2.000242393521256925e-04
-4.254899817062673950e-03 1.714972948768818048e-02 -3.711774968723444926e-03
-2.479700488663621333e-03 -1.702615979293332568e-02 1.285809950871678181e-02
-6.045219779389896485e-03 -1.059435996803090654e-02 3.055988619609860749e-03
-8.371094148313057079e-03 -6.991006146833358102e-03 -2.357860123779587092e-03
-6.291505785036558517e-03 -5.499111041523933700e-03 -1.408417789336280498e-03
-5.876366134788967369e-03 -7.906481611758593361e-03 -4.086386963895799126e-03
-4.188235842658910753e-03 -2.288571939579637712e-03 -5.509504358589044446e-04
-2.162223289809738554e-04 -6.168350930529973783e-03 2.268366840878298374e-03
6.795680480748788124e-03 7.502773693051352326e-03 -5.010695701156555465e-03
8.771226003409987593e-03 6.567461149980364198e-03 -8.626999932996369178e-03
-1.934923683072948966e-03 -8.016884046941083128e-03 -1.821945120439848360e-03
9.063598967505461998e-03 7.865535993513937674e-03 -4.052836835232268529e-03
1.034208103430401919e-02 9.677192269024985707e-03 -5.137268544823284967e-03
1.118138352592586062e-03 -4.428484162451306640e-03 -3.494488299292087771e-04
5.339662539724100709e-03 4.695854344707373930e-04 6.633803310006050960e-03
2.512608836770009995e-03 1.566091555867145380e-02 2.165054671465418013e-03
3.776701145675113828e-03 4.746716203604954727e-03 4.590015273285609661e-03
7.563157778862308238e-04 5.520814494473679640e-03 2.458683314095467653e-03
2.030239099691209803e-03 1.293262953445256484e-02 2.507813142027208366e-03
-4.236932598961303843e-03 2.102933993646688426e-02 8.217113685177529145e-04
-7.795140922852211631e-04 -1.509792511738486734e-02 2.068949281063542714e-02
-1.744731767458053938e-03 -1.330980543254827765e-02 7.674507997183834321e-03
-3.260309041594544946e-03 -9.382561407163191383e-03 8.754207582040462662e-03
-5.588075909936803497e-03 -7.242965218976477222e-03 3.145660021026474174e-03
-9.164611996342740541e-03 -9.721492169231809102e-03 4.129549870544931001e-03
-6.152630643783312328e-03 -4.496537164049155440e-03 3.809747147235317301e-03
-3.199339737583271198e-03 -8.459228301398667368e-03 -2.111051157849189522e-03
-2.575807024262494627e-03 -2.826519746762223666e-03 1.077050985958462413e-03
1.633800579906028502e-03 2.278205976002319489e-03 -3.110436225902256380e-03
3.602458659606132523e-03 8.000294001460829529e-03 -1.511032435367560753e-02
-8.465993464866099823e-04 1.755949128222832230e-03 2.288345822526581790e-03
2.389667466915851302e-03 -7.036680809418404715e-03 -7.152654779654216664e-04
5.563172061346773056e-03 -4.387787101084067096e-03 4.731481340548951073e-03
1.687124808064282503e-03 1.276813998043841575e-02 -8.005512684980368651e-03
1.375165281278363039e-03 8.959918055446347909e-03 -7.267607703629594407e-03
4.778985505384414356e-03 6.676296514470343897e-03 5.142043660295161217e-03
1.858706544609272076e-03 -2.301741312006384214e-03 -9.550658217689943826e-04
-3.269050594893777809e-03 6.806628903027386705e-03 1.051637162313332494e-03
-9.220531464785726959e-04 -1.987740699694560097e-03 2.512430910515361417e-03
-9.454105450370673888e-03 1.516729474633070687e-02 -6.149712347980200965e-03
2.868514996668665527e-03 8.122292651725350476e-03 3.527870341787014280e-03
-4.712700319442812702e-03 -6.733542943902876346e-03 2.857058871449389640e-03
-3.250333021610814048e-03 -8.915011187109459683e-04 -2.039023463413814751e-03
-2.384981600729188609e-03 -5.756431470273190402e-03 -1.282630395137477957e-03
1.295407631411371260e-02 5.453951583370348841e-03 -4.033578234408908419e-03
7.802794963414849683e-03 4.138403787458441035e-03 -5.327508097701287061e-03
-3.703933150750428409e-05 -2.599690180172188354e-03 3.423823725641701125e-03
5.671168380478910616e-04 -5.281567904739960934e-03 3.209397722877984586e-03
-7.020411183476836861e-04 -3.270845512513116671e-03 2.497320636015461573e-03
2.934647057105666589e-05 -5.735562823648955068e-03 1.964503689371202306e-03
9.348907385837931100e-03 1.107232573803036517e-02 3.771182189635804982e-03
2.251828097336372025e-03 6.427352077403958135e-03 3.472650143578698712e-03
1.277474369418082943e-03 -4.930520876398926389e-03 3.959683550358248857e-03
-5.525453225993896822e-04 -4.774130321330155753e-03 2.761294953712160969e-03
2.587474364909492577e-03 1.364058398738472906e-02 3.453936598449862047e-03
2.766602609216897365e-03 9.595492177948706722e-03 2.102966666855395940e-03
1.227389915713562494e-04 -5.380603076509229803e-03 1.261376776323794129e-03
3.433444764782004558e-03 2.820912077105488733e-03 6.448744788414208229e-03
-7.307430298875477927e-04 -6.708569881143139520e-04 2.314395470236336322e-03
-7.784088378764185585e-03 1.876657066623510159e-02 -7.149563795164783249e-03
-1.856304650378874047e-03 2.219113732148176449e-02 -1.930236943411504404e-03
-7.040761833183563573e-04 2.308585486178840393e-02 -3.413957918956365446e-03
-9.959088415868108668e-04 -1.836741010599863069e-02 2.087383517610570324e-02
-2.115015609349682729e-03 -1.272940996520482287e-02 1.642281010128022675e-02
-7.768016555233088656e-03 -5.695809170171192704e-03 3.928648798759074370e-03
-7.627521524649238938e-03 -7.306186946156926348e-03 4.791868925894871532e-03
-1.600867753817991493e-03 -1.113786803585058681e-02 9.995364914812352244e-03
-6.839311273553350806e-03 -6.270809359913193451e-03 1.215495398911354934e-03
-1.226579697335515064e-03 -3.076228202664230311e-03 2.437429021293223061e-04
3.039736904306659417e-03 -5.428610689957657359e-03 -2.578971471432050730e-03
-2.799283563985316414e-03 -7.425440406109751895e-03 -1.132104352248119875e-03
1.263684709052175122e-02 -3.976704255905817546e-03 -8.052449886581608193e-03
2.788206193791685061e-03 -4.901588293972982421e-05 -2.616800660804152572e-03
5.865025550973057382e-03 3.819808612167329364e-04 4.032654780814473236e-06
6.856575328467082696e-03 2.842010607884180775e-03 -1.064106760482185247e-03
2.365495400887126999e-04 5.739604113739054346e-03 -3.925644445440874125e-03
5.283254795921122661e-03 7.284012823005914586e-03 -1.753306423198922569e-03
3.360596003751870325e-03 9.628860301320943393e-03 -1.555400109146959711e-02
-1.605790214303325471e-03 -1.771402223600096817e-03 1.959582330403119438e-03
2.562170846806303363e-03 -1.494693437479230856e-03 3.178838191232163587e-03
2.462395180105786223e-03 -1.562829432257703760e-03 1.729253364154957747e-03
5.178678619735369720e-03 1.480858256101726285e-02 1.145700024328426573e-03
9.596356498437329935e-03 2.010844843539646987e-02 1.039567091602083826e-02
9.459175530545798922e-04 -7.161542193181305929e-04 5.442666565722533573e-03
2.568357386059700112e-03 3.296810039017163910e-03 1.261213582479662121e-03
8.446697405029705060e-04 1.375478977933528371e-02 2.535554045345585986e-03
-1.838199071085453926e-03 2.404471474759138638e-02 -1.937951205869918592e-03
-3.444606129134985921e-03 -1.730553654182378706e-02 9.549222739214121777e-03
-4.464043038702959244e-03 -1.258723654093253305e-02 1.049540038602301065e-02
-6.765645772608790999e-03 -1.197728496347023018e-02 5.398751625551417334e-03
2.407891462726082388e-03 8.399135042244695436e-04 -2.820982998675951054e-04
9.886997030280680540e-03 -8.791172147892902661e-03 -7.980444180884102567e-03
-2.341422151471261436e-03 -3.070012939437798388e-03 -3.267604314776550653e-03
5.381525671308203538e-04 -1.822794293494609886e-03 -3.642189861868883657e-03
1.733379196450125781e-02 1.850233623189277427e-04 -6.834097556434461790e-03
1.299994828628954317e-02 3.059644259322544160e-03 -3.237154483766142062e-03
7.636404876132463736e-03 6.395922583267093326e-04 -5.081203567296290954e-03
6.362511859739043360e-03 -2.001137936911137269e-03 -3.556291392148715463e-03
6.010169888154154056e-04 6.072442739084560857e-03 7.001757370113558671e-03
6.147925862089201289e-04 8.658056404257557029e-03 7.124963258007579493e-03
6.465627275563668071e-03 1.851487456297876144e-02 5.007625550614265043e-03
3.585575362200339299e-03 1.279826044845294979e-03 9.150166003732414927e-03
1.658280390791960681e-03 1.865079338003958328e-03 -5.788558956698398091e-04
1.858706544609270775e-03 -2.301741312006383780e-03 -9.550658217689941658e-04
1.790480301507290110e-04 1.094441341390782127e-02 -2.253739136557628316e-03
-4.221430200075540311e-03 1.101767779679302221e-02 -6.739422579094291738e-03
-7.400250354310185068e-03 2.220342544601348542e-02 -1.518542766475071458e-03
5.321372845692751716e-05 -7.951478576016081726e-03 1.093300999931138238e-02
-3.562138973959024391e-03 -1.213226036517888774e-02 5.909248225265024274e-03
-2.558934550052222642e-03 -1.039005190767414155e-02 5.548468724452413833e-03
-5.527556830049534624e-03 -5.721517484103004828e-03 6.709161315154346140e-03
-3.716723853000774517e-03 -3.263479779793145540e-03 -1.437352366586067522e-03
-5.469192447255780479e-03 -6.419652692996691799e-03 3.938418813665410176e-03
-5.844351402571179750e-03 -3.017443272775082331e-03 7.514786722070368637e-04
-2.759701544391063082e-04 -4.141503538499726952e-03 -1.003530412183650366e-03
3.434985011383479437e-03 -3.533161884761969792e-03 -1.463528784502580483e-03
-5.213613525216644236e-03 -8.595551300989757310e-03 -3.054444568537219816e-03
-3.737670590709462476e-03 -7.597967851952555987e-03 -9.695521544024548414e-04
2.151357712367431545e-03 -2.617147386947400126e-03 2.468786313346327775e-03
-6.402853957850442642e-04 -5.302818949627055752e-03 -3.608607437148303183e-05
1.688035082579871383e-03 3.762248717646219081e-03 6.566201803567880014e-04
4.095321972052454011e-03 1.039806504244461700e-02 3.289717469528465749e-03
6.642318862882586050e-03 1.255764518690486407e-02 3.915599021515130465e-03
2.938258388845258959e-03 9.748991791143061039e-03 -4.374873859008253894e-03
6.504608668844065467e-03 1.422249448011924863e-02 4.237997738545111102e-04
-1.967441012875482259e-03 -9.420787841651640654e-03 -2.344381671322212646e-03
-1.057132523478647923e-03 -2.195350106492118935e-03 -2.403233771236787440e-04
-1.075657723401455537e-03 4.741420457983870108e-03 -2.453193818268043056e-04
-9.438580603655215024e-04 -2.095380198685168780e-04 3.217864268190897842e-03
-4.768408776113020118e-04 -1.242634246216850827e-02 -8.597516091840841064e-04
-8.545642254277366302e-04 -1.301582663395493139e-02 -2.036032433524381444e-03
2.614455832965945255e-03 1.255814557973622750e-02 8.738099802651575886e-04
-5.701340474093809403e-03 2.531341311201407845e-02 -1.804043737879636481e-03
-2.911431233532551718e-03 2.300181316762528808e-02 1.461963138417076997e-03
-2.277126199537367508e-03 -1.695848007623869738e-02 8.102200157899619101e-03
-2.558876839105167587e-03 -9.049469968268566977e-03 1.210012867450271055e-02
-3.542394869109305282e-03 -5.649249468370661983e-03 1.279054469602165485e-03
-6.081542937790806493e-03 -5.118328496537090204e-03 -2.375808780668632256e-03
-4.755072695636589075e-03 -4.343341308054435822e-03 2.795199007728360434e-03
-3.854989991265748810e-03 -2.922765878878024522e-03 2.275633629551664702e-03
-5.797075467961757510e-03 -8.467558912457465517e-03 2.626771323912809302e-03
-4.419797285443910310e-03 -1.053616485609002590e-02 1.243990621766643536e-03
1.203383386508212298e-02 3.433355982340295393e-03 -1.304858493981945946e-03
2.731119294308334382e-03 3.623081658526315293e-04 1.061254255803938118e-03
-1.798157332077863135e-03 6.934671192966868070e-03 2.449922860289356023e-03
3.860002705561300213e-04 -5.953996658680649548e-03 3.589704179079821561e-06
-1.375156586757320673e-03 4.363021709413214717e-03 7.503891271939034172e-03
-1.624565670167082108e-03 -2.341596173936246524e-03 2.808587267786581080e-03
9.461107238654124958e-04 1.386940680913416714e-03 7.149867332104401993e-03
8.290588868644097401e-03 1.664310035833883525e-02 9.041953543496239476e-03
5.992271771308584245e-03 1.074576940120080398e-02 1.220406942721652529e-03
6.406678198547536771e-04 6.011291383539701938e-03 -2.444711751961925472e-03
1.923755580772509161e-03 4.130059819516876396e-03 8.861860756873377390e-03
1.858706544609270775e-03 -2.301741312006383780e-03 -9.550658217689941658e-04
1.858706544609273377e-03 -2.301741312006382913e-03 -9.550658217689941658e-04
2.277289771080028002e-03 2.144715095522160830e-02 3.210074661365983398e-04
-4.315068168437369116e-03 -8.603465034636464948e-03 -4.019527250873839233e-03
-5.471847420903248188e-03 -5.021824345995373230e-03 5.608571228466328017e-03
-6.611839411321463432e-03 -5.131863382554797265e-03 2.226612364929238513e-03
-6.255598037250028817e-03 -5.106682234904852055e-03 -2.863668625835968755e-03
2.785191986420226546e-03 7.526462414446928421e-03 3.527071679932867933e-03
-2.543051386356492537e-03 -7.674752668291857580e-03 1.377631748938119892e-03
-8.644494889943845793e-04 -3.039639660603176991e-03 3.976117275969665021e-03
-2.094695399070593562e-03 6.864264116527655493e-04 1.115894537377375975e-03
8.232170339079102062e-03 1.597424842496391814e-02 1.142639072499081893e-02
-1.608424231032915897e-03 -3.065223831571874460e-03 1.395913196135671651e-03
-3.320702041050418735e-03 -3.367572256426271376e-03 -6.649722513206446362e-03
-1.257355309780079124e-03 -3.042231851715634060e-03 3.529977009881519762e-03
8.249619198385998520e-04 3.047549691783856853e-03 2.059755059123260460e-03
2.059905047872277219e-03 -9.421231116461387372e-04 -6.571708506702246891e-03
-1.268200610907443265e-03 -2.488155871446938189e-03 2.991720371054684604e-03
4.099185250175636265e-03 8.647436241982093749e-03 6.632796521471643041e-04
-1.082623815189742104e-03 2.999848571720571677e-02 -3.361368002541065009e-03
-4.375985839197593132e-03 2.857205243195439642e-02 4.501335275387730495e-04
-1.273385210541160169e-03 -1.598233478089827742e-02 9.480800338962227375e-03
-6.060092664054088189e-03 -8.125819835182877121e-03 -2.764303253441853948e-03
-3.386423392137064524e-03 -5.473280814467801000e-03 -3.304666948564546729e-04
-1.575217583026733729e-03 -3.846310235738479005e-03 -5.628968462072784151e-04
8.967787615491806894e-04 1.110513607509627711e-03 -1.375234030301679920e-03
3.758924974298247842e-03 2.178884318411193101e-03 -3.246178417870746857e-03
-1.577841745502782519e-03 -3.621619522943876537e-03 1.850889119431607926e-03
-1.570760444136359022e-03 -5.358928271439283159e-03 -3.765947818481617400e-04
-3.144643342628108962e-03 2.498967118571528080e-04 7.548492502501198166e-03
9.125706460975389943e-04 -4.468269039597887985e-04 -1.442412773765165517e-02
5.301678031940030688e-04 4.974981359429073158e-03 7.537124053810084941e-03
-8.442840218724003169e-04 1.866275906351782827e-03 5.011826072309726390e-03
2.196405570847330142e-03 -5.309180228406630781e-04 -6.304332596742570453e-03
-1.906361359522724822e-03 -3.498394937090800513e-03 1.510190642670931243e-03
-6.011289425068358505e-04 4.939611762028966839e-04 -2.327415965077533292e-03
2.103259211476212528e-03 4.249079183630788750e-03 -3.467900635161703937e-03
4.715103464294058064e-03 1.314248265577482727e-02 3.196305367733278269e-03
-1.258500123596695882e-03 3.087896719487182029e-02 2.645071115930646734e-03
-1.244315490572574928e-03 -1.553951496670244632e-02 1.180512624269913595e-02
-1.778898625494466446e-03 -1.033848001053056485e-02 1.070878510672469003e-02
-1.469278162378263473e-03 -1.210202772165851204e-02 -3.325747756033428995e-03
-2.938319146593511635e-03 -4.344225770304089781e-03 4.799861011541459513e-03
-2.143471571473880028e-03 -5.028197929031932856e-03 1.719380831624080751e-03
-6.309739968767683234e-03 -6.832105633594038989e-03 -5.728545385630691260e-03
-6.069173657636621130e-03 -7.450768265357973416e-03 -4.975941008310127761e-04
-6.327320283440997228e-03 -2.369195489156975497e-03 -5.617162970047957088e-03
-4.427704073929561446e-03 -5.211378885389950609e-03 -4.222726830745071255e-03
-4.699142647551981123e-04 -6.128404721111334655e-05 2.949824771478243464e-03
1.253996170915183152e-02 5.397748649619179585e-03 -6.520396863224761554e-04
-1.326966676850336148e-03 1.928815824260611544e-03 -2.639360385266995707e-03
-2.185279677391551746e-03 6.120642643790147851e-03 1.910474103133797839e-03
4.686932956698243620e-03 8.219288591086278822e-03 8.193235993904563787e-04
3.472631489075511755e-03 7.671613760483446268e-04 -5.547803965965962189e-03
-5.174600098401148027e-04 -5.331431298764928786e-03 2.244473834487459036e-03
-1.541601480158498981e-03 1.346768833694940914e-03 2.726205886189225942e-03
-1.982376364998182823e-03 3.712430144025995193e-03 5.499607099381586400e-03
-1.000817460477526480e-04 2.320184427793094660e-03 -1.746462996457700482e-03
-1.075476507932442974e-03 -4.229750116211608048e-03 -1.587123706689104333e-03
3.049021234961128094e-03 1.724412263982307188e-03 6.598674529534360490e-03
2.999748307194717578e-03 1.879380885017673886e-03 -4.702079185890613625e-04
1.692775198862441475e-04 1.410420269090869607e-04 2.397968997865878357e-03
-1.387983079292637529e-03 2.956252680894216802e-03 1.099074436548561420e-03
6.478182732892771509e-04 -1.156474300060701503e-02 -9.903057253793416670e-03
9.027846976195440633e-04 -5.038181758159685072e-04 -5.076526078330337484e-03
-4.800748175283370040e-04 1.007394253168075911e-03 -3.311924777203666820e-03
4.805838164447399702e-04 -4.183386582628086277e-03 -1.683937707245084263e-03
4.701690781067011105e-03 1.783581616147844606e-02 2.332966292736050364e-03
-1.113460815661629400e-05 -1.426022230518340754e-02 -3.523765009733879818e-03
-1.538518672219771821e-03 -1.374481805901596292e-02 1.227503454018626095e-02
-3.579337554431488710e-03 -1.141723260420574731e-02 1.442360748392942406e-02
-3.343110202043705383e-03 -1.113091278966571625e-02 3.480997365658611460e-03
-9.201253877319416229e-05 -1.161665609337870619e-03 -3.366162870975327359e-04
-2.828040931907120897e-03 -3.710721391706345903e-03 2.631965308290233618e-04
-4.909413115298364230e-03 -8.960200817567593248e-03 6.130452578719031891e-04
8.613420065118624139e-03 -3.895411020384074302e-04 -3.329594290269134640e-03
5.471102208127629971e-04 5.307935672461083082e-03 -3.926492858843290824e-04
-6.478859029153430328e-04 4.474421838730464982e-04 2.699331424926957896e-03
-1.743129368051736820e-03 -3.638714038207571146e-03 -1.152304640844151445e-03
-2.177290710164379254e-03 -3.524958659188229520e-03 1.782070752966100351e-04
-1.874548043410322127e-04 5.366760924700716973e-03 -2.439760909591845439e-03
4.183265597443041901e-04 5.713783339289658057e-03 -2.707934218515544150e-03
6.553666614349613374e-03 7.317183639441124723e-03 -1.396014226187519344e-03
-2.768547790530084211e-03 1.854444181649739926e-02 -1.537935714323449173e-03
-2.882519648174904428e-03 -6.466134872051000973e-03 2.910279263102985136e-03
7.383929547512110749e-04 2.636670201123763810e-02 1.778364185315034365e-04
-4.201913509113121281e-03 -2.231149984907956386e-03 2.310066325796916731e-03
-5.586225557556395369e-03 -7.419819239238255315e-03 3.201333892116472383e-04
-6.188741032434646322e-03 -6.010289981494980165e-03 -2.349007626530297873e-03
-2.425656395124800926e-03 -1.744248637296840843e-04 -9.996135726183005127e-05
-1.621976773596445816e-03 -3.729402715354698805e-03 -2.652677968783449716e-03
-1.804057826013351871e-03 3.732821190453298847e-03 2.389253350361193219e-03
-1.896953289232087116e-03 2.582905170760792148e-03 1.498245018087256131e-03
-6.341520277391663471e-04 -5.848484395662148158e-03 -1.892835555940536709e-03
1.493650903468352661e-03 2.781719126672107037e-03 6.026424517153463126e-03
-5.618677684256004595e-04 2.249667602523479793e-03 -4.624819077653808362e-03
-4.376257462588305810e-04 4.741982349259728398e-03 9.884756218582787038e-03
-4.605100260369214028e-03 4.000456641896245683e-03 -5.809930047627034954e-04
8.822939433242030704e-04 6.399162529962401993e-04 -8.181815142056644494e-03
1.542238679044820402e-03 6.085253738117893732e-03 -2.632175023785283691e-03
-2.330505907908004930e-03 2.520666051312975622e-02 1.745937950046899580e-03
4.078397983306328821e-03 2.479976915867021167e-02 2.699975259060111328e-03
-3.455948013539298074e-03 -1.149382609352690189e-02 5.797073974130107117e-03
-4.416759800783133516e-03 -5.765559391080208110e-03 4.865779465301110773e-03
-2.510530060563063645e-03 -3.662232878970944497e-04 2.352826221631373546e-03
-2.679302024535544328e-03 -4.280596544378559819e-03 -2.285785686873756037e-03
-1.981740956874912703e-03 -4.901879570272847653e-03 -2.483372669514340419e-03
-2.778345948468525280e-03 -7.820192495528840299e-03 -1.419615871204929752e-03
-1.258589137132559276e-03 -6.018051623541370403e-03 -1.037824521427998560e-03
-2.646796879290112190e-05 -3.731501154903218314e-04 2.362128427289751122e-03
6.475359508302061008e-03 2.024687180849274579e-04 -9.711628139597517284e-04
-8.734239175739409982e-04 5.408372128770185970e-04 2.992605336840700909e-03
-1.971411560053250474e-03 4.380491364090112472e-03 3.086342145385280802e-03
3.007059760667670639e-03 -4.111093421823117794e-04 8.354550516628598926e-04
-5.665510491773900151e-04 -8.365763179344457706e-03 -1.696942072875853684e-03
-1.648587745759973926e-03 -5.598147539916870259e-03 -2.914135842931713568e-03
-3.591215035428186892e-03 -2.258691531170207382e-03 7.730527540089534569e-04
-1.729670406517903099e-03 -8.850475098723451081e-04 1.458200055905114079e-04
-1.882975355240659862e-03 2.303537279337341051e-03 2.941644731812349204e-03
1.691154369530593025e-03 3.428350819404036524e-03 2.667980687809429121e-03
-9.166375610242541655e-04 3.794595721376358820e-03 1.924973709093650946e-03
-5.752588965470625695e-05 -2.956990043217371032e-04 7.913234752416679202e-03
4.297160930221112984e-04 -2.131852156597369673e-03 2.923841060624849698e-03
-2.356089890804530847e-03 5.404357074327128911e-03 3.193894489486088129e-04
-2.737500551855791015e-03 -4.097986497409491710e-03 2.539979580153464700e-03
2.732288978524120924e-03 6.253002750561438214e-03 -1.727611564693193021e-03
4.613259408502966459e-03 1.186492231907174642e-02 1.533061442904204257e-03
4.100484752437094996e-04 -7.620140819805304444e-03 -1.285715272697642454e-03
-5.532773806609010865e-03 -4.353150558189064490e-03 -4.777037523092506521e-04
1.858706544609273377e-03 -2.301741312006384214e-03 -9.550658217689874437e-04
-3.982125446818066475e-03 -1.023282857698808862e-02 -2.850781754694542685e-03
-2.177188542126217222e-03 -4.844121399347736581e-04 2.894074093855184427e-03
-7.804752016505586481e-04 1.590633735713418723e-03 3.282358198996682391e-03
-1.825879104456987851e-03 6.437346157420386012e-04 9.770561440953183779e-04
-2.848488962404896810e-03 -7.212234902996970585e-05 2.067795461103485565e-03
6.830463813922147721e-03 1.790338701934955081e-03 -2.993517995662927332e-04
-1.326603812466978661e-03 2.790877607058894240e-03 2.301039819824103085e-03
2.475590074971789796e-03 1.979320146869341520e-04 1.177796886579319125e-03
5.792562368974220333e-04 1.127500553887625682e-03 -2.965517198609497751e-03
-7.085129001723336007e-04 -3.531773753016459179e-04 -5.812640488751985059e-03
4.254101320472555977e-04 1.417072673103716984e-02 8.423850194984244333e-04
6.631978799714080726e-03 1.842577285487599983e-02 -5.795219692900578819e-04
5.702155128057065370e-04 2.450416262779298027e-02 2.590124628951773981e-03
1.858706544609272943e-03 -2.301741312006382913e-03 -9.550658217689872269e-04
-1.017790971926120069e-03 2.378480772862796421e-03 3.702024231676158666e-03
-2.560895514238923244e-03 7.068898417332585482e-04 3.004087299459393817e-03
-1.105312392755513880e-03 -5.504636400763030651e-03 4.663093865090323369e-04
-3.222237401386805929e-03 2.902027647202157917e-03 -1.337783509904131012e-03
-4.705390393070414158e-04 -6.681250049569192190e-03 -4.705451340808048375e-04
9.416874508538045649e-04 3.713032026219193274e-03 2.284915181003255562e-03
-1.599255049903676191e-03 -4.086253481236486185e-03 -7.233232928589076322e-03
7.393884068613598183e-03 1.070035354802804754e-02 6.321728467062198362e-03
-1.916938187059024658e-04 1.636383196726871880e-02 1.706664796670524569e-03
-1.013135315574629873e-03 -1.047569136166094476e-02 1.247849282913663684e-02
-3.378704610083914980e-03 -1.207770022385140814e-02 5.317348926148355442e-03
-3.883732836651789932e-03 -3.987592417162890909e-03 -2.698252112673963851e-04
-1.331417089778071149e-03 -1.505201915946687919e-03 4.685001126648169869e-04
4.347174206698764748e-04 -2.893893519259233514e-03 4.206317441175884235e-03
-3.178217651269769559e-03 2.246776805720504446e-03 -2.062600063549548807e-03
-2.061560751121105893e-03 -3.766620203643350918e-03 1.026220374651059088e-03
-2.247308015945866100e-03 -1.514915284390613631e-03 2.757179198147064522e-03
-2.004852218536350584e-03 -2.979219957355977878e-03 -1.355423840920374004e-02
-5.356511092175101317e-03 4.687208900650892407e-03 2.744502228188440158e-03
-2.117807531232087162e-03 2.105507246083878486e-03 -2.840564029553395171e-03
-1.634737631574715959e-03 3.579763929252862287e-03 4.721787053234910263e-03
2.984911610977398263e-03 1.295823346123560656e-02 6.354296183227112031e-03
-5.766050475961349321e-04 -9.243830973081639327e-03 6.678482431970268057e-03
-1.181071709808131009e-03 -3.681770728741006783e-03 1.154631127288574576e-03
-7.659700170043324987e-05 -1.886174034387856071e-03 3.452876411807599428e-03
-1.471912122651094492e-03 1.260507584338298008e-02 3.615615492952883349e-03
6.830226079608626120e-03 1.282025950234230716e-02 9.308216555059789163e-03
-3.758865923705504136e-03 -7.618940741290218706e-03 3.516713473444999113e-04
2.173971772426646753e-03 -8.826823772435847624e-04 1.839873017890490420e-03
3.293117008305578041e-04 -1.553950905204207721e-03 -1.812865359061685208e-04
6.509366781218311115e-04 1.734181551783290504e-03 -2.524350889260364855e-03
-7.547725342999354534e-03 -2.714829513346075918e-03 -1.065117912533026547e-02
1.521288114635569572e-04 1.202021396534502448e-02 -5.173628841185217396e-03
-9.710362914523109528e-04 -1.247973339008440034e-02 6.987041427679828443e-03
-1.789047534680134575e-03 -3.553417466874206083e-03 1.206547629440660532e-02
-2.612956989694687360e-03 -1.086602847696305045e-02 3.584776561869707032e-03
-6.004130470851329164e-03 -6.207388084015684482e-03 9.599487389599159004e-04
-6.108793681558321448e-03 -5.171393755482545269e-03 -8.246645692157528922e-04
-5.149245280500400028e-03 -4.477514353211660587e-03 -1.858753268820685211e-03
-4.709339968338154339e-03 -5.865284253014723878e-03 -4.652126523474330207e-03
-1.324365124736131237e-03 -5.648710331461430714e-03 2.620608712052089131e-03
1.210767353326824142e-03 -9.004415091095170024e-04 -1.617087707289553656e-04
2.983946217471017664e-03 -5.505863321589882925e-04 9.690712946232216476e-03
9.766425546437245352e-05 -1.493002627451980131e-03 2.949303884240943394e-03
-1.410639827071403759e-03 -2.252356945967654966e-03 1.825801447103068921e-03
-7.788056401539465972e-04 1.763832350723336774e-03 2.565675504963637970e-04
4.407963425659068471e-05 -5.442656571762624802e-03 1.629845884311899307e-03
-1.136333107774538349e-04 -5.789848048697833309e-03 3.058339128589412318e-03
1.420415719542486967e-03 3.899018155104654786e-04 2.574925411867048323e-04
-1.611379396778974066e-03 -7.211474424727333868e-03 2.217975565892310889e-04
-9.019208898281541511e-04 -8.576552680864170039e-03 -1.343172317470518956e-04
-7.399190195721077300e-04 1.073810263406610802e-02 -7.130105766234301349e-04
-7.868242513000114945e-04 -8.760421185554928200e-03 9.604794277791234292e-03
-3.136076061503676512e-03 -2.089591313598948476e-03 7.509132009878025441e-04
-5.075876472114153326e-03 -3.037144675643728333e-03 -7.561127303141442022e-04
-1.275979648998946817e-03 -2.231973920937986404e-03 8.425536975274821802e-04
-8.279649937792973955e-04 -5.983244582237569331e-03 -4.835686774943461896e-04
-2.581885985686169422e-04 -5.323799003847679706e-04 8.998734389292701794e-03
6.101177660236380487e-03 8.052203225832202729e-04 1.043385170576632132e-02
-1.988180513311238115e-03 2.950192298674666081e-03 1.130492839173092949e-02
1.702733896782133473e-03 8.984384136057574702e-03 2.319363585457238312e-03
-4.138499495573474095e-03 -3.261299401031604248e-03 -6.887404973180828423e-04
-3.163552178341730737e-03 -2.827416476424483328e-04 6.021856207743861954e-04
4.471923080172713130e-03 4.932832704922294857e-03 6.508711185376736888e-03
-4.214363807555548957e-03 -7.891256887986903765e-03 -2.709205990977414831e-03
1.858706544609271209e-03 -2.301741312006385948e-03 -9.550658217689874437e-04
5.646688999197818637e-04 -3.190449089466918832e-03 5.895707085544265929e-04
-4.138504636611427950e-03 2.542789330018811918e-04 -2.786046722619262526e-04
-1.887662775286714730e-04 -1.201348551901139025e-03 2.488294572942935119e-03
-1.028796435996298967e-03 -6.449581068941499448e-03 3.187875548127741283e-03
8.905355445858630830e-04 7.047624098478718832e-03 1.383430193905094488e-02
-2.009038175933050563e-03 -6.285983534017082486e-03 -2.426620392621147392e-03
3.524430981316575579e-03 6.857506782563487077e-04 1.071191216881206033e-02
