-1.473180684979699499e-02 2.852329206969203730e-03 -1.125818697504128024e-04
-4.266091643075099749e-03 1.987429403795836803e-03 -9.744458167883912614e-05
-5.160904692228470564e-02 7.220565974865109614e-03 -2.541274716115230967e-04
3.229899911913931138e-03 -4.317861006546973887e-04 6.069713347161924660e-06
1.636552968234806713e-02 -6.219728998707148987e-03 3.208183790476687447e-04
-1.365206276484631082e-02 3.378116832431987075e-03 -1.766667437156119007e-04
3.278336249429774328e-03 -2.263856178514087969e-04 3.038624106496595257e-05
-3.188804028593424794e-02 5.220830824679723037e-03 -1.718690654899726611e-04
-6.552740802762079507e-03 2.761651985421304401e-03 -1.606787367007559905e-04
-1.300192279456413667e-03 -3.803165318053934867e-06 1.752390970935590166e-05
5.239479275760234537e-04 -4.360021505220636217e-04 1.687277951032962716e-05
-1.973767120540982981e-03 1.433786277589354867e-04 -5.060191208818129362e-06
-2.168869960445716366e-02 4.534114407179397517e-03 -1.684298346414430866e-04
-2.305475438415459290e-03 2.338933408773108749e-03 -1.064536041740235875e-04
-2.403245305937839332e-02 4.650968279756285094e-03 -2.100898330864228725e-04
-8.049919786674535407e-03 1.498471283852030340e-03 -2.884844431397617405e-05
-4.659233487550686927e-03 2.531761478456731693e-03 -1.055839609864005040e-04
-1.809325011091691970e-02 3.982193140611574658e-03 -1.971006301943641070e-04
-5.830798979084766270e-03 1.517453906800411657e-03 -4.059175482715843795e-05
2.254621671624362084e-03 7.380949181078042031e-04 -3.135334692523563272e-05
-3.966539345775565301e-02 7.841186209784752059e-03 -3.439302351647497563e-04
3.627886893797122991e-03 -6.499645573275224025e-04 6.027491669809560519e-05
-3.493077346430951274e-02 8.642159540474928653e-03 -3.896729560259135777e-04
-2.333965593443348627e-03 5.563385999732122509e-04 -1.955698808943774451e-05
8.422274561846753577e-03 -1.714832020162692164e-03 9.958425997426065268e-05
-8.952272195859735382e-03 1.879075558932259866e-03 -6.891190354018717282e-05
-5.905200562693632346e-03 3.768297119811130948e-03 -2.313251322033746567e-04
1.053209699483296721e-02 -3.334682505162845419e-04 -1.471268997734056583e-05
-2.045896766594637942e-02 4.217865465967206122e-03 -1.633622388484976332e-04
-1.934057659710676155e-03 -9.485319627184459401e-04 9.076313231232428953e-05
-2.022169526157238748e-03 -1.518923948954269750e-04 -6.073909788181959535e-06
-5.068199453876558874e-02 1.034077829700507691e-02 -4.201742986209115738e-04
-1.658086940295018519e-02 3.012759878684781998e-04 2.785932567018404964e-05
-5.875210847694833233e-03 1.450819108595934222e-03 -8.016792127994590636e-05
5.477634501970957137e-02 -1.210821787170326090e-02 4.964447403509927165e-04
6.265738108161329582e-03 5.526051744419240258e-05 -3.486481687741642811e-05
1.532088566942994140e-02 -4.372640224191980639e-03 1.957977510700292453e-04
1.722179450871483275e-02 -4.389846616552964265e-03 1.704893443392786756e-04
2.496215534302763037e-02 -6.046333220576720173e-03 3.020749916788261283e-04
-8.436388385552716015e-03 1.889678678309373184e-03 -1.063424702117043638e-04
5.045922772281068169e-02 -8.685534982653644182e-03 3.013809108457186914e-04
-1.121764146117654355e-02 5.619075246512090539e-03 -2.936004003490791728e-04
2.223723470893773646e-02 -5.027506775471063394e-03 2.130204475781528883e-04
1.153440609482435722e-02 -3.300466216059477764e-03 1.144487321062047196e-04
1.972473699532584571e-02 -3.466737958593513278e-03 1.611153284245109805e-04
1.315902192737534657e-02 -3.324568016706384941e-03 1.383945307031398710e-04
-2.519897204067534160e-02 6.527180096423100888e-03 -3.508472741787348886e-04
1.969807547289006630e-02 -4.030433573373202148e-03 2.080604554757451569e-04
2.085405048410804776e-02 -2.966296798499569193e-03 8.816710292724582593e-05
-3.642310828268671002e-02 4.259834168327977962e-03 -1.785028247861487546e-04
-2.166818667316576519e-02 2.712074473867322633e-03 -9.281518649101707166e-05
-1.371137292379382561e-03 -6.932279730654342543e-04 3.464367759611734505e-05
-8.734814190013298965e-03 1.464406560469543950e-03 -7.626723176740049862e-05
5.923087833339817782e-03 -1.147663410289246960e-03 5.614011713815864404e-05
-1.300192279456407812e-03 -3.803165318056452249e-06 1.752390970935603041e-05
5.239479275760287663e-04 -4.360021505220631338e-04 1.687277951032957295e-05
-1.973767120540988185e-03 1.433786277589381973e-04 -5.060191208818291993e-06
3.505014216059301746e-02 -6.566169900647639973e-03 2.789609080163972868e-04
-7.826093095544625275e-03 3.875090065179399076e-04 2.477631171561383260e-06
6.943464657302591582e-03 -4.362835293522707679e-04 1.045609456202660796e-05
2.227458758587841023e-02 -3.646246523941534812e-03 1.426597086644503139e-04
-2.446534083230959833e-02 3.554087921459912324e-03 -1.487992127921513273e-04
-3.480525651609198828e-02 5.497825434249600275e-03 -2.464258197407325282e-04
1.985017446962634383e-03 -5.443194478172175841e-04 2.325557835794770864e-05
4.749538697814032623e-02 -6.544501539506809330e-03 2.284818908220047004e-04
2.178503041633946674e-02 -6.209615718531010659e-03 3.473384525357449751e-04
1.023994874577941090e-02 7.712241470110961820e-05 -4.362141551655533472e-05
-1.392976973053168185e-02 2.131826002822309954e-03 -8.140106639017725271e-05
1.963425892113275506e-02 -4.527357629575963494e-03 2.091167686658693126e-04
1.770584904024362274e-03 1.056726961175306467e-03 -4.064796514102850429e-05
-2.899908549540792038e-02 5.120307066804645306e-03 -2.263812535499903564e-04
-4.050134369327965805e-02 6.011986414644476286e-03 -2.256784541429376553e-04
6.957641233487538200e-04 -1.130299459819969374e-04 -1.115571852684019681e-05
6.612412727003945390e-02 -1.703247119801810927e-02 8.756381182445337197e-04
-1.607697269036260646e-01 2.855720330194936804e-02 -1.250270990739120458e-03
-2.310010482027090913e-03 1.964332979488129551e-03 -7.070885854946031349e-05
-3.203223556897555335e-02 6.674781147668697873e-03 -3.149900316744176643e-04
-1.584402213810182786e-02 3.956897852165948068e-03 -2.290381906598364277e-04
-1.239581123103636849e-02 1.597058585477733293e-03 -2.467682400962437420e-05
4.659861027826554813e-02 -9.658197575548343669e-03 5.063835103063085014e-04
-6.203510141382394261e-02 1.051802306727805426e-02 -4.674745069430229910e-04
-1.983392805598839861e-02 2.601289227337482291e-03 -1.005719269891619007e-04
1.360035216353967097e-02 -2.991441502414546663e-03 1.218301900219064850e-04
1.976909179066739519e-02 -2.311423995562123575e-03 6.351096481065163918e-05
2.622312484953320810e-02 -4.173119725832535876e-03 1.752971681441613944e-04
-2.199442759702649117e-03 -1.215784978377312895e-03 5.263077296694946942e-05
-5.978882306874259978e-03 7.537937991540669212e-04 -3.480406778851420982e-05
5.151622144645941941e-04 1.064149008959586673e-03 -3.890185634500623046e-05
-2.303816320571018539e-02 4.790459168884235105e-03 -1.908031663369041259e-04
3.153028017855912489e-03 8.436406616338062211e-05 7.096857384206601681e-08
-1.300192279456413667e-03 -3.803165318053934867e-06 1.752390970935590166e-05
5.239479275760306094e-04 -4.360021505220643807e-04 1.687277951032962716e-05
-1.973767120540987751e-03 1.433786277589381701e-04 -5.060191208818291993e-06
2.425648343297118897e-02 -3.253187743261418824e-03 1.230216569308413901e-04
-3.304035973468664924e-03 2.085782114916628731e-03 -7.754647643165493015e-05
-1.092721247909489435e-02 1.909195047707278048e-03 -5.943569393132477202e-05
-2.244622581384836738e-02 6.037683745972779494e-03 -2.805258380795070533e-04
1.221328409458649622e-02 -2.271377262084229090e-03 1.459443732738431067e-04
-4.129526913847398478e-03 9.482106435284205510e-04 -6.533412909320835370e-05
2.110465586762824697e-02 -3.136974073860840893e-03 1.100560014514321595e-04
3.996179684510026836e-02 -1.033751801627928561e-02 5.038315568068538197e-04
2.849591432090610790e-02 -5.017017128195308887e-03 2.272193649564095697e-04
-8.048698638344960188e-03 2.095782757491942896e-03 -6.939566701575673735e-05
7.866533057668786619e-03 8.069613688827659411e-04 -4.295986611459038686e-05
-1.530843816479709844e-02 4.522066699578945054e-03 -2.416587763383465370e-04
2.848491822892340250e-02 -3.984000311241450709e-03 1.686545489444956150e-04
-3.762160553641787086e-02 9.893098567387771658e-03 -4.853805511897350128e-04
-2.470014140676815573e-02 2.940968537402988397e-03 -8.545153166391369209e-05
4.258106455951971708e-03 6.996221567394246121e-04 -8.645543791449463583e-05
1.591765969485468835e-02 -4.215089666829857813e-03 1.862362649045507662e-04
-4.406133054396517250e-04 -3.858807173536685036e-06 1.392795144690266580e-05
2.006271119385617113e-02 -1.885953295300225787e-03 1.805580183967679837e-05
8.014291786575471199e-03 -2.502781206396667481e-03 1.186853451791464349e-04
-2.794157179881428046e-02 4.821667706006262100e-03 -1.936556199820188909e-04
-2.325707698171970705e-02 4.415328311435849813e-03 -1.978288281118921466e-04
2.716021869300159347e-02 -6.456797364927270924e-03 3.377117689512933521e-04
3.235749646459223916e-02 -4.856787243052980083e-03 1.938494884938819079e-04
7.243138954193598794e-03 -1.437973316351054236e-03 4.846065226235107132e-05
-5.395966774452670700e-02 9.701359057070512923e-03 -4.123414845558347891e-04
-1.367179550755733865e-02 3.577345362631596630e-03 -2.028110387685090263e-04
-2.750292734662597785e-03 -3.974712837920610755e-04 4.252645744775581478e-05
-7.198760017377567322e-02 1.777551170062386526e-02 -9.095843969955594299e-04
-3.777194668611297268e-02 4.408070412048491725e-03 -1.582272472320286200e-04
3.189332257226919036e-03 -8.180929243482685815e-04 3.072331741545142325e-05
5.279376753386257753e-02 -1.281276154723218902e-02 5.566295587998600081e-04
1.411909247817115694e-02 -2.494409618014959036e-03 1.355099354348678238e-04
2.390235941679726053e-03 -6.487584361073332273e-04 2.946943968142414806e-05
5.290851103095634694e-02 -1.404879270981489528e-02 6.314435177961919693e-04
-3.304124988063263102e-02 6.610377523044119047e-03 -2.579941385858182737e-04
4.564512846337326346e-03 -1.945296976244294176e-03 1.028141948398583402e-04
7.976237321643649819e-03 -5.218875930338221815e-03 2.358256801682700673e-04
-5.508515289869869019e-02 1.100505916807728753e-02 -5.163673563913940417e-04
-1.869028201603866596e-02 3.053981144799741958e-03 -1.427924432875647340e-04
3.490936990771698750e-02 -8.263224636650398636e-03 3.472762646368685036e-04
1.117647941431487886e-02 1.524274917690393886e-03 -1.446906428530906914e-04
1.418014322317024539e-02 -3.590801099562524260e-03 1.505182478294614726e-04
1.432827086013196798e-02 -3.525739664294357326e-03 1.489127363047851142e-04
-1.140516117573644669e-02 -3.675812894102976642e-04 9.173082408420174787e-05
-1.300192279456403909e-03 -3.803165318056840190e-06 1.752390970935605074e-05
5.239479275760261642e-04 -4.360021505220630796e-04 1.687277951032951874e-05
-1.973767120540988185e-03 1.433786277589381973e-04 -5.060191208818291993e-06
2.941684768406166092e-02 -5.888126266747138737e-03 2.635220373774869312e-04
-7.543827906864947197e-03 4.738463481054881092e-04 1.620078723317427928e-05
2.030657502932578864e-02 -4.526214683283631256e-04 -4.809289962955776545e-05
-1.812076226588807751e-02 4.793437765127686254e-03 -2.064890390800168049e-04
-1.627880348006433345e-02 2.982961043506915204e-03 -1.091349885024230255e-04
-5.697583362379634100e-03 3.529177253636612351e-04 -1.656118325215309587e-05
-2.840132555553826280e-02 4.131130456363631132e-03 -1.716024783086789879e-04
-5.178568322413531350e-03 -4.110048222370388422e-03 2.356248486212421042e-04
-6.534047311790077556e-03 4.439240266773456303e-03 -2.721858114259276262e-04
-1.974250172973733217e-02 3.282434611556461594e-03 -1.502141157904654002e-04
9.073240433252444115e-03 -2.249430956190820279e-03 8.649290621427470696e-05
9.066408152282492798e-04 -1.139112753821508320e-03 6.509712743873216460e-05
-3.947272833441341222e-02 6.316542148689198617e-03 -2.176447043186280697e-04
7.706391157712172424e-02 -8.826135401076073972e-03 2.885558145934528224e-04
-1.597687435684441368e-02 2.517753276618620115e-03 -1.211927972150552563e-04
-4.256083539543418538e-03 7.750572405736493291e-04 -3.785399245790396338e-05
9.911187905079383090e-03 -2.291965722840615897e-03 1.219367361886872746e-04
-8.259125250685509650e-03 3.975062955298922776e-04 4.634509462603556788e-06
8.262188049668436202e-03 -1.885643951162558870e-03 9.022493004109824813e-05
-2.685515061030437512e-03 -2.272635137097482952e-03 1.299346799648612785e-04
-2.500651411863707638e-03 -1.576801655209172795e-03 1.424260447882835096e-04
1.656585621598028607e-02 -1.915821129037285258e-03 6.710764821901108075e-05
-6.667840757327035683e-02 1.259445529447976962e-02 -5.080434403906004120e-04
2.445641636790522877e-02 -3.917373438080829461e-03 1.936780955597216733e-04
1.879564006054694741e-03 -3.889456318006034494e-04 6.095138351358596676e-06
-1.470939104600781783e-02 -5.450094837699685823e-04 7.814493441062438572e-05
1.166726300666180022e-02 -2.555560880220041076e-03 1.131571678030414418e-04
2.984123990149285810e-02 -5.261224623423191651e-03 2.462541582823538078e-04
-2.648677590771553961e-03 1.756325606300882533e-03 -8.389018709076831795e-05
-2.532470226516480433e-02 3.917977972498792004e-03 -1.809183888098345530e-04
1.425585094093489340e-03 -6.168493700330871139e-04 4.050105352454999672e-05
-5.432773664346556008e-02 1.055800652931688198e-02 -4.642385723092525701e-04
9.446817944477304239e-04 1.780735935328205490e-04 -4.564053156751467265e-06
-9.253809377824995241e-03 3.208387427726385171e-03 -1.538955861500757721e-04
2.044420422560506035e-03 -2.146686255357483882e-04 1.244734384221306842e-05
-2.353065552019152976e-02 4.195337145300856788e-03 -1.621405170556550895e-04
2.519561883863390486e-03 -1.387177767599077904e-03 9.136836656524743167e-05
-6.479205274493096689e-02 1.662556766997076371e-02 -8.518182132819310248e-04
-5.489724624916272021e-03 -1.232199272552455226e-03 1.023587695463015583e-04
5.917045761053955216e-03 -2.322844020082272774e-03 1.086391115168710425e-04
3.884706204578222688e-02 -8.449504873103128033e-03 3.364133761372487680e-04
2.823957914382711418e-02 -4.860969136455631223e-03 1.976757499793386358e-04
1.769645614123496746e-02 -4.178771149035950642e-03 1.853551975812038968e-04
-2.196367027104142305e-02 3.017022830244386108e-03 -1.311642213592568995e-04
-5.068758607467435326e-03 1.071439788958812762e-03 -5.921699199934763944e-05
4.814385451793816136e-04 -1.678636383918333166e-03 7.868352919582015902e-05
2.959889178929725473e-02 -6.534892188375516185e-03 2.654399738856927024e-04
-4.795880183473857916e-02 5.993541305258240359e-03 -1.699661108835476969e-04
-1.300192279456403909e-03 -3.803165318056840190e-06 1.752390970935605074e-05
5.239479275760250800e-04 -4.360021505220628086e-04 1.687277951032957295e-05
-1.973767120540996858e-03 1.433786277589397693e-04 -5.060191208818373308e-06
-1.724174632837802493e-02 2.726827254386441843e-03 -1.164111381255581584e-04
2.856608995430542572e-02 -6.164074783302305252e-03 2.832112375500137405e-04
3.141327396610565925e-02 -4.224053342000941638e-03 1.555536660727430825e-04
1.219529751604714329e-02 -1.847655620635753424e-03 5.618449670718810539e-05
7.231520698420437765e-02 -1.542436300089633679e-02 6.989702154652846500e-04
1.171659166067802876e-01 -2.106796780858723184e-02 8.886259912256749827e-04
-3.312579485306647864e-02 4.600779318756716488e-03 -1.848175455575282872e-04
-3.245606831412922721e-02 2.006332673998599981e-03 -2.661512895649545407e-05
7.355344614031331845e-04 7.938844371722178234e-04 -7.847655163525305965e-05
-2.587738319910557264e-02 3.421071513275574308e-03 -1.405407307404457802e-04
2.671581770218838057e-03 -3.795633732689212224e-04 -5.681902403702058287e-06
2.536774144889098956e-02 -4.447437584879494928e-03 1.769385086579765981e-04
-3.661666107883437826e-02 6.454001365448197754e-03 -2.388608954629759321e-04
3.814568945365526959e-02 -4.899214578336893826e-03 1.994514565960853886e-04
5.420269249208307244e-02 -1.058510314351270888e-02 4.625760278486861637e-04
1.135475302856851949e-02 -9.525228257997533660e-04 -1.321909429740546552e-05
-6.169613606033993308e-02 6.902515167158929620e-03 -2.294427788307844274e-04
-1.597194525978375135e-02 2.120698649116480039e-03 -8.448353850332504522e-05
-6.872256472898800178e-03 3.780063867080292179e-04 3.528441918467184685e-05
4.968561437306728834e-02 -1.068039269759591195e-02 5.076803673459834298e-04
2.528728192575309050e-02 -3.730782674878515247e-03 1.336683726845997421e-04
2.791498951909162501e-02 -4.437578046297027158e-03 1.687342678307491434e-04
-1.120547791561500584e-02 1.563104854609695567e-03 -8.308629841331945619e-05
-1.147630211608669827e-02 9.220729016453109482e-04 -2.798189256865651984e-05
-2.037731304445666164e-02 4.184315360821615724e-03 -1.789496609743363234e-04
-2.141801987464716367e-02 4.867483517926931083e-03 -1.886129352397982600e-04
2.889682095648539797e-02 -4.904416453815244915e-03 2.204767965424229981e-04
2.517716801012648623e-02 -5.052072694895390695e-03 2.479573728566639851e-04
-1.271235191649773208e-02 4.690129273151637072e-03 -2.780381133749548067e-04
-6.594904270854647088e-02 9.851208064087639896e-03 -3.884068887210368609e-04
1.702057008680496128e-02 -2.654122611180742813e-03 1.092252117100671327e-04
1.076777212950743440e-02 1.150135603820951971e-04 -2.140444820821190558e-05
-1.874471490490038292e-02 3.036336655927503875e-03 -9.468425977005381911e-05
1.076737791091459881e-02 4.046337645600142034e-04 -3.127419578998348170e-05
-2.733073345841762966e-02 5.758341242283341981e-03 -2.155206202347111077e-04
-4.902021047909324407e-03 -4.365108666810698268e-04 3.637517843068911825e-05
-2.980359093314492377e-02 5.310575946418905589e-03 -2.151824076261727933e-04
-6.023596070699317739e-02 1.150862230906630861e-02 -4.830367753917933632e-04
1.577940671628834737e-02 -6.614431841392283580e-03 3.886948883070262192e-04
-2.530246489020093834e-03 1.301209973725907200e-03 -8.884306625602574753e-05
6.465852687748156399e-03 -2.291595133780653226e-03 1.227332817229673072e-04
9.123446106818569601e-02 -1.347958700193748784e-02 5.174304476701380856e-04
-1.008943844825833632e-03 -1.172018450903668067e-03 5.511509174912902244e-05
-6.002691722498915139e-02 9.034396619466450451e-03 -3.091729736421616054e-04
-1.252893389483726028e-01 2.174900065974216465e-02 -9.791481151839274977e-04
9.200321263179881554e-03 -2.976762037674837193e-03 1.777134987077828854e-04
-5.547145313816401191e-02 1.444523613361814798e-02 -7.578358958469800372e-04
4.705650247553941345e-02 -6.654877786080308499e-03 2.547628255223461854e-04
3.934984884038869764e-03 -9.279051925286606849e-04 2.743537594700564720e-05
-1.477742882249602659e-02 5.352492812950865840e-03 -2.098626302230984300e-04
2.464539811107689660e-02 -7.088769168287136803e-03 3.484522155433470228e-04
-1.466927276480710189e-02 2.795402721494477227e-03 -1.327578266638734794e-04
-2.180649797276673976e-02 7.360105745538024144e-03 -3.151905042022432393e-04
-1.837091344635185391e-02 -1.150668586632880953e-04 9.503760232946800507e-05
-8.335635699272588711e-03 1.627377290776373412e-03 -8.200313136121940849e-05
4.561037711587927895e-02 -1.032965305593319671e-02 3.731001189628702780e-04
-2.149905848509756426e-02 7.157541412182081772e-03 -3.550243898425772815e-04
1.421545991942836304e-02 -4.068594624075702604e-03 1.914297536954900382e-04
9.791306170066229816e-03 -2.225803812736033577e-03 6.524188799657054325e-05
-2.128463982132919319e-02 2.708386440740692333e-03 -9.106303823975528053e-05
3.365470026079171728e-02 -7.091149790907910061e-03 3.154272562907968133e-04
-7.992013132070053746e-03 1.376405369620685437e-03 -8.776721650314601997e-05
-1.310955365468665246e-03 1.065074915821735560e-03 -7.891773849853095379e-05
1.364344836452773858e-02 -2.359906339885635852e-03 8.578158715675859511e-05
-6.486777757695826041e-02 8.918230929984879984e-03 -3.624927974836423400e-04
2.462443019313035122e-02 -5.669055257056386694e-03 3.179543913941042590e-04
2.433362273542157353e-02 -4.178060933414939893e-03 1.651847115338158853e-04
-1.082570632171802900e-03 -1.179494708522016997e-03 7.067929530416971334e-05
3.048913083533615065e-02 -3.829980449439677938e-03 1.123851663988395880e-04
-3.872720046360367263e-02 7.083351173287755556e-03 -2.739903624697738113e-04
1.351909335263399570e-01 -2.012343935816697515e-02 7.446856779326702092e-04
-7.038881398700920500e-02 1.118606865602844030e-02 -4.326918380864862995e-04
-3.133041201391115194e-02 5.709163003258817433e-03 -2.176654545207332495e-04
-3.293359732862806699e-01 4.819935197043458130e-02 -1.729167832736931698e-03
2.037520122286574364e-01 -3.439041152053015638e-02 1.363478537714957195e-03
-1.547298066598738579e-03 -1.825093742273837789e-04 1.785995257456824922e-05
-3.952457066816464359e-02 7.858625041710594339e-03 -3.083445180098540878e-04
-8.024237918214296300e-03 1.117048866431001423e-03 -1.299490480606525430e-05
-2.627582671231491751e-02 4.736953999654330144e-03 -2.018915887582401272e-04
-2.072497672791679540e-02 2.740133719045453019e-03 -1.223866776700528215e-04
-5.779774282013852918e-03 1.870259516902086222e-03 -9.127550698267094219e-05
-1.826612521741015002e-02 3.227177256182010845e-03 -1.414779037784853061e-04
-3.223844694733240396e-02 4.840153903601329861e-03 -2.118878938308400850e-04
-2.125179412832880338e-02 3.214819119024029184e-03 -1.133465554940451397e-04
2.128434903643704537e-02 -3.663787682299678074e-03 1.515192751432655090e-04
-1.060933346326352594e-03 -8.585453157917745121e-04 5.032361775291101236e-05
1.404059713795281598e-03 1.081478279503894288e-03 -6.484196845281831739e-05
2.687467303223646867e-02 -3.556628478778351646e-03 1.212171572672598313e-04
4.013914205507099903e-02 -7.649606633899721543e-03 3.067538317319219374e-04
2.254136662818727321e-02 -2.054432902804805873e-03 4.323103471770605236e-05
1.552232834384692853e-02 -2.820538440193188796e-03 9.222185713444065042e-05
-6.439955641005567881e-03 1.705958304330584428e-03 -7.864429356249495219e-05
-6.578867220183606812e-02 9.721552686997708345e-03 -3.939990308583062734e-04
-4.459999726169445945e-04 -6.941439727187341579e-04 7.668435558096813910e-06
-3.073575586516918978e-02 6.109643517363584804e-03 -2.775929759702786687e-04
1.032606925643956980e-01 -1.729747942361191740e-02 7.069155942505227219e-04
6.368752714641511860e-03 3.945843508374657026e-04 -3.667567645929169576e-05
-2.493003352506477366e-02 3.823854916513775258e-03 -1.378746512337635996e-04
7.616265183646765691e-02 -1.225133540122559130e-02 5.185008628618096443e-04
1.675239860914442755e-02 -3.862299049363959128e-03 1.716727210065074199e-04
1.361012712806765682e-02 -4.655551518672707174e-03 1.774599684053338247e-04
-2.562112776980255205e-02 5.451112405289415888e-03 -2.479994134864660360e-04
1.690336673842043544e-02 -3.799324268933111214e-03 1.545940745988219969e-04
3.560839210233662094e-02 -9.042309218388732556e-03 3.746382265628882963e-04
3.900776868319706398e-03 -2.300314742696946504e-04 1.968767824057281136e-05
2.697730132906942576e-03 -2.018157973813272232e-03 9.853450151309792529e-05
7.238301659242397587e-03 -3.248046273529195914e-03 1.201767318817635773e-04
6.388627163140829859e-03 -1.418509183254076933e-03 9.349029931957010715e-05
-8.840455376191805673e-03 6.359445073391965277e-04 -3.127532607729872211e-05
4.437673519647737652e-02 -7.857223344644510832e-03 3.331442154125190472e-04
2.542494806657592116e-02 -2.850681896936602990e-03 9.236628714259786932e-05
1.257329087141664456e-02 -2.139041789434039786e-03 6.682396206699782459e-05
1.064019007057408345e-01 -2.286573836146782446e-02 1.103343900708670527e-03
-1.198648963688121565e-02 1.248512894283965906e-03 -9.001077369041095982e-05
-1.367625531648501182e-02 2.374563426213034158e-03 -1.075309968625011783e-04
3.285265631859884267e-02 -7.116864656481887604e-03 3.180743476463420566e-04
-1.014234061128743355e-02 1.819213063574458061e-03 -6.994581595928524125e-05
-4.408199405119916231e-02 9.044810181847700442e-03 -3.866029673008485740e-04
3.058156746388784875e-02 -6.446587965957551944e-03 2.913791477823406487e-04
-2.874559234234100660e-02 3.424048574978471367e-03 -1.084057801850287807e-04
1.083451604630365078e-02 4.526949486698483654e-04 -3.531337764669069878e-05
-1.918040188946035576e-02 3.435006399771796826e-03 -1.554736335364534892e-04
7.140217686363448113e-02 -1.252801022352809102e-02 5.174222621430572822e-04
-1.122544837586715756e-03 3.082122445408517434e-04 -3.717789959165485741e-05
1.326281919931547246e-02 -4.451928856695264169e-03 1.880842164711134246e-04
2.123933288090523036e-02 -3.781457777638989447e-03 1.588152770922069031e-04
-1.411525176154815840e-02 2.278854641749495421e-03 -1.132886664785000101e-04
1.429498439344808330e-02 -3.071515116724991574e-03 1.470160019979870926e-04
5.349455482296974762e-02 -1.009333222650016064e-02 4.313892300603309332e-04
-3.185832608380758518e-02 5.717651350376536622e-03 -2.173096802430595290e-04
-7.693402975246629340e-03 1.597552444246124392e-03 -4.512735028031848034e-05
-4.472525820500634214e-02 5.114454043120481193e-03 -1.604511952625039053e-04
-1.600158122484277717e-02 2.597402573769256023e-03 -7.799318197107768871e-05
7.432078602776269471e-02 -1.277221581700790226e-02 5.448198945347121347e-04
-8.511674511682192079e-02 1.448947504224807996e-02 -6.244758920349990222e-04
-2.293553145768727555e-02 3.764458545307997582e-03 -1.626381547731826568e-04
3.424671662603918920e-02 -5.954860083917100019e-03 2.537981497195583233e-04
1.635687186216480335e-02 -3.563612128718183971e-03 1.717005920942320414e-04
2.744198739504509488e-02 -3.496339829395481331e-03 1.458204792577381601e-04
-5.926755803956296198e-02 1.017688047047637934e-02 -4.071145596004060313e-04
-6.608081080337029588e-03 4.521404871334602153e-04 9.958360560744254283e-06
-2.124685564965952608e-02 4.602922278182412612e-03 -1.969245826355580861e-04
-7.555820837044811486e-04 1.030057397910088797e-03 -6.859372163522568181e-05
-2.601336601863826065e-02 4.133137167847330921e-03 -1.422472006856962193e-04
-1.137619134604392866e-02 2.993528708370797858e-03 -1.144536613160050328e-04
-2.985689194647610928e-02 5.899726277278046112e-03 -2.362330918850253855e-04
3.728061051153772065e-02 -4.666447880959443198e-03 1.605676335178253533e-04
3.038333135382712338e-02 -3.514573342972291629e-03 1.381275081283024966e-04
-3.132618847962580244e-04 8.544269711500120058e-04 -3.706183046715534699e-05
-1.815652561444720467e-02 3.157195776967278936e-03 -1.495969971645441828e-04
8.260907340257474599e-03 5.731549932326510409e-05 1.792821385069937794e-06
-4.096679325623023282e-02 8.031351097013481391e-03 -3.179884060059683798e-04
-4.825209380168543616e-02 6.928794166463508181e-03 -2.802510402020435415e-04
3.269662748403236088e-03 2.237216374848522218e-03 -1.196140238647813367e-04
-3.099615103531375149e-02 7.441724941712997768e-03 -3.215041181585907848e-04
-4.256667782882646994e-02 6.986643970256701218e-03 -2.996247811442977541e-04
-9.223651266306909929e-03 3.241218561280305790e-03 -1.520229645669141094e-04
-3.470740675980273863e-03 8.316872314987730670e-04 1.499661600992360268e-05
-4.795438213413978287e-03 2.539556569628030613e-03 -1.845520016450037312e-04
-1.258409705266471702e-02 3.671335522490648800e-03 -1.743321004708292717e-04
-7.243088865455003800e-02 9.993857998415414667e-03 -3.362310468786808282e-04
4.518391282065984532e-02 -4.885852394608419282e-03 1.126323503265530199e-04
-1.045214498416201405e-02 1.694994704807490813e-03 -5.189273556520054322e-05
-3.484393587795556885e-02 8.094175937977872784e-03 -3.766617558537766267e-04
-1.694611389237567038e-03 -3.415990463112393962e-04 4.756147222358765364e-05
1.184660217995312306e-02 -9.420439710854753169e-04 2.204169278387105649e-06
-1.101275730216562214e-03 -3.448276182958525836e-04 1.040800479444354155e-05
8.280285816236581872e-03 -6.367806413525480946e-04 1.124671738557956376e-05
1.732916580409626928e-02 -2.055153751774741518e-03 5.783204452216401600e-05
-7.167564887062201004e-03 4.680665224379716553e-05 2.926902391253558737e-05
5.073540787176902128e-02 -8.766462216685748376e-03 4.010730012311541220e-04
-1.500731834161265175e-02 2.311025789287309094e-03 -1.078331810819232149e-04
-4.526592597027145198e-02 7.562084563843346312e-03 -3.061622662742218698e-04
2.301545162824279386e-02 -2.525051370357728805e-03 4.146681165751679027e-05
-8.708702229246575305e-03 2.189280059782949470e-03 -1.122226917504819121e-04
2.217492264596804957e-02 -4.569348558887846579e-03 2.109507724402078302e-04
3.011064096184302291e-02 -3.838082239692591335e-03 1.198897628809738637e-04
1.731632767134966971e-02 -3.543527102079226457e-03 1.188430176037860372e-04
-4.761778478377227258e-02 1.007619151574404640e-02 -4.979336625726502735e-04
2.777254164581042725e-02 -5.935843442976086043e-03 2.622677238103372430e-04
4.616269939557483132e-03 3.016180450359879305e-04 -4.036559016722644647e-05
-4.128614777398161018e-02 8.535865377944389445e-03 -3.663262265360626296e-04
5.295552990222095885e-02 -9.894399756597897083e-03 4.637030979718955587e-04
-8.331290110831414018e-04 8.519785233450276676e-04 -6.473871642778206495e-05
9.830104555622068419e-03 -3.804788691139685767e-03 8.344636959168628965e-05
-5.838593334722289377e-03 3.277170553042370836e-03 -1.406841324921850531e-04
-1.300192279456411498e-03 -3.803165318054399041e-06 1.752390970935592199e-05
5.239479275760836269e-04 -4.360021505220731085e-04 1.687277951033000663e-05
-1.973767120540987751e-03 1.433786277589381701e-04 -5.060191208818291993e-06
-6.947568618548596343e-03 1.141861008466475876e-03 -5.250218694308325315e-05
2.998526573823089014e-02 -9.510248506197220217e-03 4.259703931865019277e-04
-4.650278377406209113e-02 9.187686537264849393e-03 -3.799144071182126992e-04
-1.306271463358237364e-02 2.089483487210901883e-03 -9.852580160944410248e-05
3.045071718823975579e-02 -8.253296001088138503e-03 3.395132810940469648e-04
-2.542092027038094990e-02 7.425035058016431905e-03 -3.619244300651679527e-04
-1.717251815388501704e-02 3.529808691912299755e-03 -1.819920850016612697e-04
4.365532610691739285e-02 -7.106012386647517047e-03 2.159329485394261006e-04
-6.607019275744921427e-02 1.201189676729914370e-02 -5.041921474165100836e-04
2.039646343038945681e-02 -4.207382179022733232e-03 1.635394971625549199e-04
1.700909657415104401e-02 -6.075291429993631871e-03 2.874013537209185037e-04
-5.511841386908204223e-03 -1.375348296544700449e-03 1.456028300169411299e-04
8.228083723346149222e-03 -1.817362953736124248e-03 6.715722521803669208e-05
1.626502269837352618e-02 -4.480308690918773269e-03 1.945839867738777956e-04
4.402438373201776611e-03 -4.373768763889681726e-05 -1.762130433784341878e-05
5.110084251323342326e-03 -1.101687562998505086e-03 4.461139033654277532e-05
2.002405431905989949e-02 -3.991737917136119196e-03 1.380510744593914894e-04
2.265875352385613231e-02 -2.699166583279055502e-03 1.023154675465309631e-04
2.692776412526515575e-03 -3.669601914651271290e-06 -2.627014863417921468e-05
4.417957913290388589e-02 -9.651895016716370221e-03 4.247318824110238311e-04
2.075672303421594381e-02 -1.425591971345672873e-03 -1.085159831552937222e-05
-1.406619736827493389e-02 3.994752855934243473e-03 -1.691567429893073987e-04
8.687657513379187790e-03 -1.541479122102475596e-03 5.004426728810783612e-05
3.028200821399430059e-02 -4.621783652571305120e-03 1.713690877692764306e-04
-1.443639089379917910e-02 1.612825059064411587e-03 -7.023821955857772678e-05
-1.896377456129137717e-02 -1.282382890801401164e-04 4.215426098265053303e-05
-2.536874325154395843e-02 4.576290581422338445e-03 -2.045179027635691746e-04
3.755138452001804787e-03 -1.530627678732186889e-03 6.357937243897594966e-05
-8.442628446009455261e-04 -1.559245654756048760e-03 9.194320595889418288e-05
-9.303290318925761752e-04 1.640506703712868919e-03 -1.145078220298224869e-04
-5.441451840614911807e-03 2.475315942685382079e-03 -9.445747899912426693e-05
-1.749366487428974729e-02 3.918521092951183539e-03 -1.773512332921959624e-04
-1.154770997452580529e-02 1.789465114509024507e-03 -7.928191011755060698e-05
1.804555741964295953e-02 -3.616290434081387024e-03 1.696589596492078036e-04
2.544193769184124182e-02 -7.099156403041667444e-03 3.538487072564430042e-04
-4.144029064313588945e-02 4.333398889200519230e-03 -9.812524242008673070e-05
6.082384525255417861e-03 -1.086348930589521242e-03 3.772459592494637262e-05
1.722144133208269867e-02 -3.684189375546608608e-03 1.390919837254500982e-04
1.726150712285253949e-02 -4.116725515916516871e-03 2.050017346587980002e-04
-1.907474164761900452e-03 4.582339384433407794e-04 -2.415518823242491500e-05
-4.956379092155271254e-02 1.034325132575167859e-02 -4.404066264832810079e-04
8.387718327225500772e-03 -2.196111069114690690e-03 1.331644943585036378e-04
2.188945715275561824e-02 -2.997233234793875503e-03 1.077440413703605916e-04
-9.449264668058943856e-03 1.070309119642304501e-03 -4.894464189008772455e-05
-1.697686811783067837e-02 7.024180715795398308e-04 4.352522308773696443e-05
-7.535170965971096403e-03 3.084201523138435305e-03 -1.263404281777657720e-04
-1.689907502756098773e-02 4.199860350424012428e-03 -1.774131350458351547e-04
2.224475217054879342e-02 -2.906205813147240760e-03 7.200031435326695664e-05
-1.143407468242594802e-02 3.851690247091629337e-03 -1.734889793006161481e-04
-4.467632780580338414e-02 8.589288550520365884e-03 -3.394349273402891970e-04
7.635640019165135239e-02 -1.306552639547621346e-02 5.160796689259502384e-04
-1.175178569360692607e-02 9.112626868093021701e-04 2.104724175230627409e-05
6.349546759065419210e-02 -9.766683500219088335e-03 4.069369731267546281e-04
-1.910976338639313876e-01 2.670379192670676791e-02 -1.007685234568601873e-03
-6.195760508590595662e-03 1.091963429482092299e-03 -4.843967967584701835e-05
9.582869659265789986e-02 -1.360946741495601409e-02 4.968627636198746228e-04
-2.044494581202336431e-02 5.855110682932013200e-03 -2.790043882737259021e-04
2.254273050090817992e-02 -4.260831619874129970e-03 1.839451726574460946e-04
3.768065547617870797e-02 -7.097024221509436182e-03 2.942666672928759622e-04
1.764341782739518513e-02 -2.466412478087815722e-03 1.023443506107178484e-04
-2.016058557695155767e-02 3.965672573035258081e-03 -1.676640021969120174e-04
-2.004778755281379568e-02 4.058603169770746109e-03 -1.943696662690015675e-04
3.958671690043521346e-02 -7.455303178607495043e-03 3.196631621263552880e-04
1.082782025295005515e-02 -2.153145229996428125e-03 6.838611125634412244e-05
-3.102720963791812808e-02 7.471947284037614226e-03 -3.372494712960754856e-04
8.907462464009386141e-03 2.155348971725645660e-04 -5.534070888534898961e-05
4.595114965265691132e-02 -7.120606246987561290e-03 2.841610160003752925e-04
-5.464395605777139231e-02 1.255279691001057879e-02 -5.273060709298556942e-04
-5.054850566401601457e-03 1.372093517431124217e-03 -9.920153213498509800e-05
8.317389010266620572e-03 -1.501493031250491789e-03 4.575976907067545035e-05
-2.673102881714466833e-02 6.495289336313883437e-03 -2.357223678405252418e-04
2.563197322167927797e-02 -4.113564430631998919e-03 1.581203937763408368e-04
3.604741043893749594e-03 -2.992647118622887201e-04 -1.249250853276837351e-05
4.007122307217822477e-02 -9.203046569072380681e-03 3.679507984282060634e-04
-4.506934885088605125e-02 8.383210837113391073e-03 -3.480403735464238091e-04
1.698399437325093242e-02 -3.556194236326714643e-03 1.432187775191732550e-04
-3.930633562506959632e-03 -1.943018072621784369e-03 6.038398926779420944e-05
-2.926445245109686802e-02 4.745509465279455774e-03 -1.549104800370026264e-04
4.089328478559142548e-03 -1.774800425967495857e-03 7.386147466591046207e-05
-1.655734818773028937e-04 -1.446019278054382897e-03 4.595145283044980815e-05
-6.128217230972043961e-02 9.233276955002669290e-03 -3.481654178581813225e-04
4.102657751517911275e-03 -1.365927371073561271e-03 4.915334661533118585e-05
8.586065017739306915e-02 -1.546702718949051307e-02 6.256563602124627643e-04
-6.128252731751241550e-02 7.715522119543422735e-03 -2.503975584689085640e-04
7.114762274216957470e-03 -1.446950159318470324e-03 5.097474911043911594e-05
-4.386225236219849777e-02 2.245739288788447217e-03 5.126316665471711276e-05
9.129675054907718246e-02 -1.306052784909885953e-02 4.740058098598471520e-04
-6.434775808087277865e-03 1.668729765351265742e-03 -6.758400503912350560e-05
1.506358562080903525e-02 -3.365520347407877522e-03 1.377034372151814644e-04
-3.523469723433899498e-02 7.108137155937286136e-03 -3.238292803234895517e-04
-3.733514463397333803e-03 1.887742819425930300e-03 -8.336039826338861869e-05
-4.194569485215034373e-03 -2.499986487004030467e-04 1.745922067030686677e-05
-8.391471467976245602e-03 7.585332396390385762e-04 -1.296537516952606973e-05
-2.065000022249621064e-02 5.551557878209271296e-03 -2.380164797114578054e-04
3.656956607295458548e-03 4.718478542218090214e-04 -4.652130564031882378e-05
-7.556975412462676490e-03 2.089509675793297435e-03 -1.311598624873931869e-04
-3.525766921600754361e-02 6.339869709447522143e-03 -2.186455484510397423e-04
1.362883265626332364e-02 -1.979122786219721097e-03 8.052036141717195533e-05
-4.194726708293246287e-02 6.293019695072125247e-03 -2.541763795386930633e-04
-8.633031715686145108e-03 1.795924627547119696e-03 -9.814814705058454158e-05
2.749087162335700149e-02 -6.023343285352836425e-03 2.575003009855480335e-04
3.045974145226575461e-03 -1.071995085144648342e-03 6.903492053151466523e-05
-1.386137195593180500e-02 2.298287225223136568e-03 -1.062367220909712223e-04
2.876337333916704000e-02 -4.835674901096134216e-03 1.944333727807818699e-04
-1.982942700467679384e-02 3.199936620731897753e-03 -1.357564800215462809e-04
-1.869123465779638782e-02 3.478932880129427356e-03 -1.563908487871665948e-04
-1.399768037318488770e-02 3.357086491308610560e-03 -1.273325386775357032e-04
-3.204053214211893125e-03 1.954150655189755732e-03 -1.127399102869466700e-04
-2.745202262875271002e-03 4.100081271649694812e-04 2.512079888589027841e-05
1.072151848629020361e-02 -8.667434466275695691e-04 5.637809138137419608e-06
1.486454085244207643e-03 -7.612834222443844992e-04 3.893240677414636173e-05
-2.986900664325555649e-02 5.851512595887503956e-03 -2.490150891643729339e-04
3.998041086282011491e-02 -4.241918218908282030e-03 1.329958555780046126e-04
-5.786622658208320780e-02 1.059968661560702075e-02 -4.629025600765557247e-04
-1.130036589607982811e-02 8.689829134737871944e-04 -1.133219766243564672e-06
1.228858120937750646e-02 -5.837691573208575978e-03 3.135351366627256095e-04
3.740034086884070491e-02 -4.348875912920796560e-03 1.299588211975278434e-04
-1.026638743959584418e-02 2.816962037570764320e-03 -1.135851146968390804e-04
7.183637904207093583e-02 -9.063414059241757872e-03 2.735484411060962878e-04
3.663210044288441741e-02 -7.206819728771726719e-03 3.451083859856429736e-04
7.262359206152541567e-03 -3.762323331364874159e-04 -1.005828254982784513e-05
1.722027768364974010e-02 -4.324255938317441914e-03 1.791488073804000172e-04
-1.244820891000675799e-02 2.892600063013710948e-03 -1.246266411335170132e-04
-2.014486038999045367e-02 5.197408369907396096e-03 -2.375254146812361133e-04
5.758893634293452829e-02 -6.118490462688221804e-03 1.676859762116964317e-04
2.095657905539331442e-02 -6.870626209087215761e-03 4.070933468797652277e-04
-7.848885586197326680e-03 1.235911479331962270e-03 -4.967805105239413155e-05
3.807148954753190352e-03 -2.960958453157394935e-03 1.491620951863301646e-04
-2.882275837016373687e-02 5.938357129983503138e-03 -2.654424755283964557e-04
-3.021926150919166353e-03 3.265768159782672393e-04 -1.799179543198576540e-05
-9.137038788439192510e-03 -6.898311347462853264e-04 4.536131471507751350e-05
-1.036113548637303400e-01 1.646488101381096344e-02 -7.069920635866082381e-04
1.089036057043540201e-02 -1.777266075752555489e-03 7.369282064027858972e-05
3.377923658965027026e-02 -8.974975432178722984e-03 5.026244989359968107e-04
5.563150517934164346e-02 -8.993683707261610968e-03 4.028314446520523534e-04
-1.240918542066835051e-02 2.510859992782850554e-03 -8.964147932324527043e-05
-8.174802412713805949e-03 3.134032894251448202e-03 -1.231421580736137902e-04
-2.935156865901972223e-02 6.361735711395511382e-03 -2.659702658976397655e-04
-1.123196883228834431e-02 1.203879977592165135e-03 -2.608262585732080106e-05
-1.830455689890349291e-02 5.204183918697751800e-03 -2.730804600058426429e-04
1.187231148761080241e-02 -8.196565351225850110e-04 -1.719760433802639075e-05
3.766494011709632661e-02 -6.650640537005326688e-03 2.835036021494215241e-04
6.234652721563063021e-02 -1.073055121636020889e-02 4.335072372221616954e-04
-1.720924784837968248e-03 2.491858663398613394e-03 -1.600446939581949730e-04
6.390138198242076295e-02 -1.082562481599777526e-02 4.392032681260378546e-04
1.845711729041821930e-02 -3.978442030376257502e-03 1.657573464475575915e-04
-3.771966808255897141e-02 7.768654341829909701e-03 -3.515040024455020132e-04
1.564601656572051427e-02 -1.907172263570286854e-03 7.660291443920496345e-05
-3.971543404936815971e-03 -3.941382041994601158e-04 3.097633435839410379e-05
5.243109715261795589e-02 -1.126933031176941338e-02 5.739301789198965331e-04
1.454550058725654835e-02 -2.810444621217017547e-03 9.478247103922657346e-05
-8.429530897843850665e-03 4.870901508302872412e-03 -2.751395152315923992e-04
1.775641778532816711e-02 -2.590155393388594070e-03 8.231159039004875763e-05
1.591698395930987373e-02 -2.995452532481043210e-03 1.103727113278812205e-04
-4.849850285522513786e-03 3.034440996174090060e-03 -1.135953631247856380e-04
-1.923603566631146636e-02 2.132019565455501621e-03 -9.270233292467920660e-05
7.461759529645453463e-03 -2.524485196868243419e-03 1.113643870764356551e-04
3.391483607769957276e-02 -6.064523109554182181e-03 2.238769119804083149e-04
6.902449998671536047e-04 1.414219608059958050e-03 -8.432040027249389398e-05
1.823105505383660046e-03 -7.137664329786115244e-04 1.104436424081804702e-05
1.951808000650319397e-02 -5.043925575371556273e-03 1.996156643447643056e-04
-8.453265072818258105e-03 7.372075729561209474e-04 -1.463550870405862497e-05
-1.300192279456409113e-03 -3.803165318055522207e-06 1.752390970935598297e-05
5.239479275760242126e-04 -4.360021505220623749e-04 1.687277951032951874e-05
-1.973767120540985583e-03 1.433786277589374654e-04 -5.060191208818264888e-06
-5.179938925557388794e-03 1.794781748760612824e-03 -1.221748648202747051e-04
3.687201221372109206e-03 -2.265304921302849651e-03 9.936417169126299243e-05
7.577376836869364855e-03 -3.221652400719440031e-03 1.859005634631625409e-04
-1.311816419862052094e-02 2.354476979904347646e-03 -1.225041131174857065e-04
3.889206658457512039e-02 -8.611955964247715659e-03 4.149339939107064834e-04
1.180651321993137284e-02 -2.607782118392909954e-03 1.144465779173617880e-04
-8.414960985562401630e-03 3.033934859785617985e-03 -1.289837406649491265e-04
-4.293693395810435111e-03 -2.828242727916051020e-04 3.722200126482852348e-05
-2.029679404766389708e-02 1.830717732527438598e-03 -6.120790340052363089e-05
-2.820347306648923746e-02 4.855422771630171080e-03 -2.103941699849957297e-04
9.078582031655296411e-03 -2.198913592643224248e-03 1.048384543541123863e-04
1.695200340325478047e-02 -2.244921669452312578e-03 7.703927952653656652e-05
1.929209114145013018e-02 -4.390109710937038627e-04 -1.857258903635426337e-05
-5.324331237989245354e-03 3.008232238982361251e-03 -1.464413009806680988e-04
-4.270578768437442718e-03 2.269440408705869451e-04 -7.877082915517624696e-06
5.763338029492116009e-03 7.162321417886035593e-04 -2.927816306252484062e-05
-3.548606729086144045e-03 3.128797553238384793e-03 -1.494938201947095674e-04
-4.834389936079485500e-02 8.939837952215010791e-03 -3.992939974068673847e-04
-1.285847989283014220e-02 2.368174669366847340e-03 -1.120978302192646679e-04
-3.192554037422681151e-02 8.189393044091299728e-03 -3.994607685559028662e-04
-2.859493295338388225e-02 4.707032623388223737e-03 -2.181287226094494325e-04
-1.991031354421882171e-02 3.914761077023614158e-03 -1.631751876763620768e-04
-2.664009466883807825e-02 4.868981353247627854e-03 -1.805606362110610125e-04
4.347017820290130508e-02 -7.449714139618528186e-03 3.446813332077464445e-04
-1.300192279456404559e-03 -3.803165318056724994e-06 1.752390970935604396e-05
5.239479275760847111e-04 -4.360021505220733253e-04 1.687277951033000663e-05
-1.973767120540984715e-03 1.433786277589374654e-04 -5.060191208818291993e-06
1.372758648587585860e-02 -7.601177912386365004e-04 -1.304579212153291184e-05
-2.354275319881839537e-02 4.585137671986498978e-03 -1.324895645574896905e-04
1.190288151760801084e-02 1.084099961613192546e-03 -1.503943332563766879e-04
2.985001385820504598e-03 -2.770762321773202991e-05 -1.684663743016254502e-05
4.674837473689946732e-02 -9.852563443972185350e-03 3.462937949267608229e-04
-3.311513742226853546e-02 7.815955085178547673e-03 -3.421717471628372975e-04
-4.794978493213066829e-03 8.951809399154070932e-04 -5.462684413677231128e-05
3.505621670657699251e-02 -8.986441277532734168e-03 3.585190158465097199e-04
-3.838196883926601327e-02 8.658965247842882740e-03 -3.842501754343623926e-04
1.221822833365551831e-05 1.678075661150840519e-04 -1.977397005194166156e-05
3.102201324039061819e-02 -8.174070847410265517e-03 3.391148904243312251e-04
-2.602412517746804585e-02 4.030717532677001100e-03 -1.051473650296964532e-04
3.034760933520224899e-02 -4.171978372894799905e-03 1.204272591308914314e-04
6.417042247030703417e-02 -1.751309900235188677e-02 8.561477040813815498e-04
4.950353901487514197e-03 -1.739201284481291070e-03 1.900894735657639167e-04
2.298148286817055727e-02 -5.753692356140502860e-03 2.746294030461235783e-04
2.731533483045835934e-03 -1.206902268862906913e-03 2.540952723857842557e-05
-9.944111675913590992e-03 2.055151987224076212e-03 -8.472694008149943626e-05
2.670052760760530802e-02 -5.197837688574997658e-03 2.283470155781709698e-04
3.013686224855329637e-02 -5.316611011559574211e-03 1.792761706283811304e-04
3.073497561810157111e-02 -5.093926566061705678e-03 2.300231789560689202e-04
-9.851651060607936536e-03 1.822530881494169048e-03 -1.050749450947569344e-04
3.119046685501157198e-02 -7.190184127999840399e-03 3.247420458092602907e-04
-1.160748756260142692e-02 2.772120054606088627e-03 -1.364646141868881835e-04
-8.590494921775220991e-03 2.172018180378656842e-03 -1.129015847952910719e-04
2.295098005311321104e-02 -5.403065871990925945e-03 2.334516632143150347e-04
9.394230867861893403e-03 -3.354089914926820706e-03 1.796906024841096218e-04
2.607403801608106780e-02 -5.116972576199409380e-03 2.172720193184202522e-04
-3.189273197668206737e-03 -5.229495655223341316e-04 4.063175290219990651e-05
-1.127797980609306604e-02 4.742288655562516483e-03 -2.922558881184355098e-04
-1.601655420216878400e-02 2.644318802883942159e-03 -1.262299039172529516e-04
9.794516105794024655e-04 -1.667292227048584917e-03 8.309974800474635714e-05
1.473855420046497715e-02 -2.636154826762709871e-03 1.144203039310067241e-04
-9.964496636788508846e-03 1.777668428141910423e-03 -9.896214196207053608e-05
1.507378857950770730e-03 -3.224096381277645820e-03 1.996466954756696138e-04
4.560659923277708000e-02 -7.478764423463082900e-03 3.085510979025330933e-04
-2.466055593184681045e-03 -4.611698197356239870e-04 2.267796335040430386e-05
-4.292283553730969967e-03 -1.328028187642439325e-03 9.444955914048535316e-05
-1.830888470036284160e-02 4.399466939279278802e-03 -2.263118182565223083e-04
-2.286429305586742608e-02 5.131737238652472714e-03 -1.961247650904126769e-04
1.576994413928433855e-02 -2.409793616622911503e-03 8.694043211081520575e-05
-5.230722279104332850e-02 9.655884883115035955e-03 -4.504521350407065389e-04
1.445998875722571964e-02 -2.432006072923362672e-03 7.974026805865341849e-05
3.368866491702914804e-03 -1.388357022647899617e-03 1.975337949549943635e-05
-5.157569087430644190e-03 -1.825885696313721274e-03 1.595845351671347240e-04
1.905713290402382895e-02 -2.149832135164026631e-03 7.069848603372510046e-05
-2.194717282335225533e-02 4.285131311725016642e-03 -1.567172284684731007e-04
1.716502830819740394e-02 -3.645381745509808456e-03 1.875947211219673900e-04
7.260173986845966029e-03 -1.004701698463406241e-03 2.070938155588892930e-05
1.498566647200007609e-02 -6.372197924105578969e-03 3.216764794744132044e-04
1.275389079691315909e-02 -2.122889644112696539e-03 9.286588198580787365e-05
1.135901029739161926e-02 -1.361869263430629234e-03 3.890518004935335054e-05
-9.622530497874891287e-03 3.082322541296171267e-03 -1.392176437460205390e-04
-3.232007599438480039e-02 4.505730649578231807e-03 -1.282973756068107180e-04
-8.504143895752486540e-03 1.908491173793244776e-03 -5.195517346011412421e-05
-2.646165692588328677e-02 5.557136151346285177e-03 -2.354978265985590083e-04
-5.642023005246642013e-03 6.843434063828650934e-04 -1.288472215093194265e-05
3.705915960069149084e-02 -5.922219125150536036e-03 2.256848949619078351e-04
-2.339743912727382594e-02 2.513406263270336234e-03 -8.826618221052968949e-05
-1.215950793721785926e-03 5.408734377885044331e-04 -3.415708660788345421e-05
-1.780661977465529400e-02 2.936649771007199868e-03 -1.171838630676640819e-04
-3.121107047967287829e-02 4.623799225153526517e-03 -1.611123676102657262e-04
1.154344313912369219e-02 -5.090680753251852157e-04 -4.104871296279699946e-06
-9.578326878408137748e-03 2.274907749281617712e-03 -8.658682476095835509e-05
-8.884084475353362653e-02 1.459525292750206427e-02 -4.961268426729309455e-04
-1.385666539692822705e-02 1.337525028126459927e-03 -2.526734681185423270e-05
-5.194023215646017405e-03 1.129327865276687822e-03 -2.839693905806891204e-05
5.562053804732936674e-02 -1.044178084928926512e-02 5.096673536748568684e-04
1.057330188899137241e-01 -1.842177979624590525e-02 7.297879091552397779e-04
-1.418664521703360236e-03 1.086493533404628634e-03 -5.889366941302497799e-05
-1.819132309087359567e-02 3.512733754562240036e-03 -1.343562589337225256e-04
-8.543989531040532825e-03 2.566216137056444389e-03 -1.316380669402930463e-04
1.924679452987685876e-02 -9.699406332756644114e-04 5.609640159256719730e-06
-8.717961885830552990e-04 7.340898154871196160e-04 -3.763795655619414995e-05
-1.359921742120063885e-02 2.804405796672352052e-03 -1.375731552659379027e-04
7.806753927051932225e-03 -1.733947057971627721e-03 7.788387942433820134e-05
3.151704416283334503e-02 -6.462172988583407378e-03 3.181643718078068853e-04
4.756518984598046593e-04 -1.322208710354232748e-03 8.880342138894038034e-05
3.196335381522474439e-03 5.747961989049319440e-04 -3.774776278732188892e-05
9.872246978225567016e-02 -1.212527333666347205e-02 4.229545394088939786e-04
-3.924683318597380760e-02 7.585502494189136705e-03 -3.735868863860153377e-04
-3.988073116723161483e-03 2.473737046955233262e-03 -1.012311943333239761e-04
-1.436546400052743540e-02 5.579809539102339837e-03 -2.184268426554027837e-04
-4.856528478057556275e-02 7.996216861556697947e-03 -3.184331845604779221e-04
1.705381283332706166e-02 -2.675818264798119576e-03 8.936252250686281193e-05
4.083212307790438228e-02 -8.515836254940716693e-03 3.918026751837978827e-04
2.488396150051348094e-02 -3.899441760353214437e-03 1.736375100126184325e-04
1.975185014640707531e-02 -3.874597496504407490e-03 1.809009050465918214e-04
-1.331355754392260331e-02 3.709949765010073664e-03 -2.166023694677699472e-04
-4.172225177542707858e-02 7.859392094218943178e-03 -3.661616378746509332e-04
1.139714067585266208e-02 -2.786441793378629898e-03 1.393414376315931479e-04
-3.998723106702793684e-02 9.223871112074930739e-03 -4.282766327488828073e-04
4.343770154169555170e-02 -9.780881963681724647e-03 4.790200460893425521e-04
7.220042059901956525e-04 -1.302732585023573661e-03 5.256459105717451070e-05
-2.868195122299563651e-02 6.097845394129002179e-03 -2.826128618605809606e-04
-1.691207952601917960e-02 -9.488912360958644222e-04 1.193419004784509411e-04
-6.217368094570003764e-03 1.512467605301961310e-03 -7.864040197440086075e-05
-3.132669513806174422e-02 6.660440273423063814e-03 -2.671486273235264969e-04
6.590835497385419406e-02 -1.151736403303144952e-02 5.134774191867686605e-04
2.682560319489080136e-02 -3.584814093812861095e-03 1.126987061441219601e-04
-3.933025064253150432e-02 9.167071621479831733e-03 -3.516574355324278423e-04
-6.877134671907685071e-02 1.109450912130590002e-02 -4.760341479148055832e-04
2.299165012453061735e-02 -3.447667867711735976e-03 1.205308324578866809e-04
5.916104977517833846e-02 -1.332318441941495596e-02 5.302630116899402501e-04
-4.243399257101552330e-02 7.707835700109080639e-03 -2.498479269881000858e-04
1.146655547202114420e-02 -2.734361352470844001e-03 1.077777090135109694e-04
3.510180603640444125e-02 -7.958087042292897456e-03 3.006446278029945712e-04
4.047905015807746684e-03 -1.216174649404751533e-03 1.277797930105586521e-04
2.191590161675905854e-02 -3.722020651390751597e-03 1.185322249683709410e-04
-4.354409760174380445e-02 5.229810637714410460e-03 -2.278607351245973481e-04
2.997445304767974369e-02 -6.208590450827360628e-03 2.768701066521691082e-04
-1.043196647388378549e-02 1.605328601963296967e-03 -7.643364991792621702e-05
3.371530832931821098e-02 -6.029407377767585959e-03 2.347850694766851973e-04
2.656394816830401698e-02 -4.166816706320583021e-03 1.383599987583054511e-04
-2.249246852365805599e-02 5.075627449521470484e-03 -1.950689862373917310e-04
4.713247338580228360e-03 -7.866329754272084057e-04 1.784335059817898639e-06
-1.151489524880611008e-02 1.247097571065020321e-03 -3.326554095410723388e-05
-1.962325849736625341e-02 2.798313059627605993e-03 -1.176700933625042002e-04
3.015265753586374858e-02 -7.165076149881037526e-03 3.390894006849460435e-04
2.784859788609117190e-02 -3.612805588311218934e-03 1.262145803680343736e-04
1.452441615738751975e-02 -2.645206455086408868e-03 9.410009291802978043e-05
-2.976243522259825608e-02 5.193954189986320705e-03 -2.830692607858039181e-04
1.393865022595081049e-02 -6.388033744940755342e-03 3.783986651802392909e-04
9.080061865324463508e-03 -2.328867154984139544e-04 1.996972645596805144e-05
-5.309200082981070830e-03 1.009341022130107613e-03 -4.028180833372415042e-05
5.174734650031409566e-05 -2.864333211209579497e-04 -1.092178302504389232e-05
2.531888159180800332e-02 -4.103786744486989310e-03 2.049144615125109842e-04
-2.950439781128631062e-02 7.222177565522597265e-03 -3.334770206675913284e-04
-1.174757579243497800e-03 -1.188348000655188618e-04 3.557973799448582719e-05
-5.402192869209385996e-03 -1.688007259851343237e-04 3.395810129372425182e-05
7.509657675235831970e-03 -3.897699075843505650e-03 2.024489526244164540e-04
2.741601910630997452e-02 -4.109046913445133647e-03 1.546837874977268282e-04
-6.764710598738114811e-03 3.192293067839623803e-03 -1.531217620833035670e-04
-2.746285806966795862e-02 6.929699443612687484e-03 -2.820563861709000919e-04
-4.870606845522378742e-02 7.967601993223239268e-03 -3.214944210181017517e-04
7.698773881707614807e-03 -1.215186375071144543e-03 4.171736851206627426e-05
9.085832148288085219e-02 -1.409734144697812226e-02 5.087780150596857981e-04
-6.157636245386530899e-02 1.128844673663246916e-02 -5.255172605907847128e-04
-8.475837141455858266e-04 3.504469795118521811e-07 -4.347611237809973236e-06
2.897051557056238430e-02 -9.012031868338730989e-03 5.183736812069909133e-04
-9.501812624949111663e-02 9.831604455286292038e-03 -2.159812693282407714e-04
6.233811171325515967e-04 -1.139622777149613833e-03 7.652616665380419271e-05
-1.047816849993231554e-02 3.095979303398851620e-03 -1.539131116990695783e-04
2.169208231447326482e-02 -3.853172028970547076e-03 1.561802631356548794e-04
5.029076083162299475e-03 -2.242762746126685750e-03 1.304842255785069842e-04
4.405770374960386350e-03 1.914130077522406895e-03 -1.578528637573982808e-04
-4.592220173064843342e-02 4.931807660879786517e-03 -1.599158055097891357e-04
1.180938921687749860e-02 -3.874205847315311587e-03 1.977364478018416201e-04
-2.780531368181768034e-02 7.186591309221451382e-03 -3.706215651147802895e-04
-2.285890799688161321e-02 -3.584127948355672198e-04 1.123740336073562559e-04
-1.339592750466954548e-03 9.344402236296064012e-04 -3.532409093746208522e-05
-1.559638361925061618e-02 3.292291727959200005e-03 -1.614135395063181003e-04
-1.178340769858108629e-03 4.510100226260876422e-04 -1.822477721235405248e-05
1.444415082159493900e-02 -1.057738777787596823e-03 3.266054421921862905e-06
-3.676537791822712120e-02 7.553971126092154549e-03 -3.039229257193031691e-04
5.723701728481717793e-02 -9.877045418915689559e-03 4.302507432332337151e-04
-1.300192279456414100e-03 -3.803165318054709055e-06 1.752390970935595248e-05
5.239479275760836269e-04 -4.360021505220731085e-04 1.687277951033000663e-05
-1.973767120540985583e-03 1.433786277589377365e-04 -5.060191208818264888e-06
3.900329442598982066e-02 -6.658365047225812093e-03 2.783283672319839669e-04
-3.133773863453807873e-02 8.311732779787561406e-03 -3.367044118672782999e-04
7.585245464747221401e-04 -9.317719979170253474e-04 3.399087782662043970e-05
1.596572269790921469e-02 -2.459429491053057547e-03 7.295497369011992583e-05
7.393345153219227361e-02 -1.586139027498737267e-02 6.463604642323577537e-04
-7.101090044322250737e-03 2.144284162387371986e-03 -3.996707499741682448e-05
-3.723741664528176874e-03 -2.329859389885334726e-04 2.230927472383139069e-06
-1.241671175990055262e-02 4.378443289334586546e-04 -7.216835212193399140e-06
-1.016624160257747871e-02 2.548938815855238994e-03 -1.270023179190159571e-04
-9.886151268261750627e-03 1.560769761742394901e-03 -4.705554612309125091e-05
1.978105169159484998e-03 -6.125014133288640781e-04 2.499263068905192148e-06
-1.193615631552946005e-02 6.185807500817179592e-04 2.325135997138197842e-05
-3.506290884120096679e-02 7.419274361812827102e-03 -2.946011486103508256e-04
1.067116272419754881e-02 -1.563127343536068825e-03 4.261310344036992395e-05
-1.441569650515513341e-02 2.001587818696293469e-03 -9.229390080585722633e-05
3.870917078140882848e-03 -7.137778425951963809e-04 1.722165420566727605e-05
3.739137568979988141e-02 -7.951289832604615734e-03 3.992044922636215840e-04
-5.880773499484447803e-02 7.489214522008772260e-03 -2.694111298353479844e-04
-2.244665653394628535e-02 4.401376769081048225e-03 -2.159822139953491982e-04
-1.975640646509266556e-03 -1.060648662843641059e-03 6.425184107296017140e-05
2.075937026255044934e-02 -2.553921933480612482e-03 7.887560865015106476e-05
-2.903845952201445854e-02 4.598625838737791308e-03 -1.761138148776422371e-04
-1.752632793634161055e-03 4.599722829445264307e-04 -6.864411169632230521e-06
-5.457744859394025178e-02 8.197581066971611208e-03 -2.861568129125090926e-04
-2.098471811175186760e-02 3.457687809135448400e-03 -1.327601685003633979e-04
1.244162950498550356e-03 6.672613849842022257e-04 -1.970224719239938461e-05
1.238076763707527880e-02 -1.265843959787683361e-03 2.652663084818859818e-05
1.976717463774191677e-02 -3.913867982050228157e-03 1.718058307409813489e-04
1.163487373060592862e-02 -3.765589312291922532e-03 1.866891626432012896e-04
-8.403691609473063623e-03 4.801252410614382008e-04 -2.684622649334086723e-06
-1.163407479451424725e-02 3.000365215523877020e-03 -1.277847064868335887e-04
6.429592741906023368e-02 -9.822261639889941914e-03 4.486633005935519725e-04
2.619676934945521993e-02 -5.567652913614579147e-03 2.403407369117845430e-04
-5.433001456033958662e-03 2.537023546794896483e-03 -1.025162638273995758e-04
-1.761595855204094521e-02 5.035710370703920351e-03 -2.064442379680906173e-04
6.888004104600402647e-03 -1.880332813132452614e-03 8.761262089845324452e-05
3.288270354763213419e-03 -3.146504446321301369e-04 -8.649779886386649210e-06
6.191801074637612312e-02 -1.272105353536313356e-02 5.869764876236544665e-04
-1.100642123305250325e-02 2.240795691721815096e-03 -7.107308703483816020e-05
1.092874228461591588e-02 -1.959832153895166035e-03 8.987738656529185508e-05
1.102776296972161462e-03 1.586541131744289212e-03 -1.200497816913933657e-04
-3.358893531197322535e-02 3.567028542293026322e-03 -9.764178740948340970e-05
-1.200730285709151980e-03 -3.834340525935750726e-05 4.433614529513335036e-05
-3.071185081900329808e-02 7.901805179761271433e-03 -3.460893615041303953e-04
-3.139933231382733420e-02 6.021836874213286860e-03 -2.701193229753297287e-04
-4.514916412464981335e-03 -1.151346736753771846e-03 1.072620084172231942e-04
-3.772088316057551488e-02 6.868080062419102370e-03 -2.851904809497377707e-04
4.999578730663786601e-03 -3.834089429292726961e-03 2.421809366945797994e-04
1.306463464394513191e-02 -2.250126126256018089e-03 9.375868539138274699e-05
4.441329321747210929e-02 -9.781003318360993737e-03 4.513173861938023224e-04
1.590306083251739888e-02 -9.652906602600048146e-04 4.370151864486657677e-06
1.249795967307399010e-02 -3.541275846670552657e-03 1.912417518705284911e-04
1.773103491695551814e-02 1.849936706175838884e-03 -1.779920632793024517e-04
-2.831779807677486591e-02 1.351239863566236704e-03 4.670567918705053473e-05
-5.321168775004999664e-03 2.762679874722454281e-04 1.298035778801834338e-05
1.296550426706786184e-02 -2.165801837694508562e-03 7.538734170447515537e-05
1.559568577728505899e-02 -2.381436895678279170e-03 1.095107299806984472e-04
1.062144062051541792e-02 -7.605163314998522345e-04 1.043474415325770701e-05
-2.880804229863086208e-02 5.974779732574962005e-03 -2.328125296307036532e-04
1.696497812262399638e-02 -4.928746709592275038e-03 2.870405331481520536e-04
1.427843801820224273e-02 -3.030452063373080106e-03 1.179228865299747700e-04
-1.045372573153086244e-02 2.824766938755464678e-03 -8.290602586001139321e-05
-1.404580477140623777e-02 3.481123310856172430e-03 -1.736893792466040476e-04
1.101006860736986233e-02 -1.984926290980508490e-03 6.576367793074749599e-05
-1.348646889576431314e-02 4.337083488149318100e-03 -1.646417735109428904e-04
-5.978772519357095777e-02 1.308129611957730559e-02 -6.260677215891071595e-04
2.538932595456742242e-02 -4.423751433918830626e-03 1.567392941264726669e-04
4.182984960766698151e-02 -6.795476907939128342e-03 2.191018248133055207e-04
-5.270148739398274051e-02 5.833344430775231314e-03 -1.526949577009507550e-04
1.692106971345399766e-02 -2.775082293368717236e-03 9.079923944747608430e-05
-1.169000695131433565e-02 2.781961397628369146e-04 6.838144708613206734e-06
-2.029367269112724442e-02 4.225331933049444703e-03 -2.087675888648790612e-04
2.330595438687964316e-02 -4.936679283962852605e-03 2.075782075477818414e-04
-1.374420770585625846e-02 2.515789727786363773e-03 -1.283592395653542981e-04
3.187893069058665382e-04 -1.207664366360326627e-03 7.456078383025611760e-05
1.405342519205259695e-03 -3.665863572047024115e-04 2.577075646548892835e-05
-3.180172828714322199e-03 -1.174214075349507317e-04 -1.966768424465568628e-05
-5.943383751045987703e-06 -3.314897323732709719e-03 2.176057187489432304e-04
2.303558319261395093e-02 -3.265893069567842120e-03 9.602048772613469910e-05
3.158358232781800778e-02 -8.986099477170373523e-03 3.982660528781215709e-04
-1.701957909502608071e-02 -3.052590412263557701e-04 7.432057658341280305e-05
-7.668452257649496437e-03 2.610590708944590405e-03 -8.851929554147368318e-05
5.304664943593082743e-03 -6.433111914358678437e-04 1.656336995269709535e-05
-2.570339234272633888e-02 4.135311662436784268e-03 -1.928431472542433550e-04
-1.214830777429170942e-02 2.655656125685791364e-03 -9.051889537568845803e-05
1.680764056639368412e-02 -2.065503332376807718e-03 8.631930092042883196e-05
3.999177212985049329e-02 -6.668608359379601079e-03 2.825931527351667819e-04
-3.824827419726142558e-03 8.077905988939531635e-04 -5.928727648916532009e-05
1.876902056909223251e-02 -5.224079640495859871e-03 2.567286818316834654e-04
3.341113921701616835e-02 -6.079890267153532923e-03 2.795726851394274640e-04
9.217855757024358623e-03 1.016198254564674519e-04 -1.065439243465948576e-05
-4.767028066468729369e-03 -1.294261492817482461e-03 1.151601443659497521e-04
-4.869797585257420146e-03 -1.358496832170594639e-03 1.163312653621555431e-04
-1.765819562564010852e-03 1.310538623272687782e-03 -5.609601552325612847e-05
1.739068759323236443e-02 -2.124439325625661953e-03 6.759597914440980404e-05
6.168097092209311183e-02 -8.582068908917394462e-03 3.185986566976318352e-04
4.029281757110467210e-03 8.942979145867151246e-04 -8.560261733028958712e-05
1.787024958542116418e-02 -5.857998088026583096e-03 3.019989667307539788e-04
1.112545383250727708e-02 -1.960810142488376897e-03 9.167552712377891738e-05
1.036394401831777952e-02 -9.605806541502425952e-04 2.091443993732227270e-05
-1.025406178447551241e-02 8.124886190814456033e-04 -2.076444890176227208e-05
-4.794163398799228260e-02 7.387192642196217102e-03 -2.727813512091751755e-04
3.253335047379637968e-02 -2.806443418957650735e-03 6.795190919187555495e-05
-8.494302274532884939e-04 1.739625517033161145e-03 -9.559326951597024204e-05
1.050418757550187522e-02 3.506005256326062995e-04 -6.338423097173895597e-05
-1.841131384722558689e-02 3.997032738691896903e-03 -1.508394479107183321e-04
5.427471259450090957e-02 -5.509009041765372018e-03 1.869674301233689023e-04
9.839870517856287926e-03 -9.341818777428888623e-04 1.424064391778562776e-06
3.493694420767527037e-02 -2.772178280789844209e-03 6.408911476796187376e-05
4.146294487786695605e-03 3.957164167866812892e-04 -1.795076972949691350e-05
-3.495258994132767472e-02 5.563907763539222180e-03 -2.311159461519263908e-04
3.461610159942061170e-04 -6.667134090565185684e-04 8.695849076287775429e-05
-6.208970339309646640e-03 4.167445259039707743e-03 -1.906710071598715500e-04
-2.620984090315899018e-02 4.164993756519713708e-03 -1.932134568816716233e-04
-5.836917359974300862e-03 4.090758890190323367e-04 -2.138891505796061687e-05
9.221749636165334219e-02 -1.428412247827383526e-02 5.409558504372354720e-04
2.191318983638949891e-02 -4.478992530667518825e-04 -6.817536591621054355e-05
5.680685423970557868e-03 3.438615204299222405e-04 -4.089962803737292370e-05
-3.409554545173459905e-02 5.935816957461515463e-03 -2.103023334556969673e-04
-2.085511262642036120e-03 5.011536915701909293e-04 2.144101125253392547e-05
1.970020305815328721e-02 -3.243521548919769092e-03 1.254951238243962562e-04
3.134046710600570280e-03 2.952103306742148367e-03 -1.200124858076918877e-04
1.628105913394592083e-03 -1.605841171390831482e-04 -2.725675937415540586e-05
-6.977883680532576301e-03 1.434542962632300717e-03 -7.681335682460524797e-05
2.119347915541690741e-04 4.902502216165813319e-04 -6.863224342715067280e-05
-2.755322300119992032e-02 7.608234755880603079e-03 -4.069543179989450546e-04
-1.836342379925899604e-02 4.074225267370922172e-03 -1.591360591992468931e-04
4.486499704336965183e-03 1.535588350643824255e-04 -4.337749603857765993e-05
-9.695152048612931672e-03 2.587529471856685540e-03 -1.505277274569723905e-04
1.088834047050756676e-02 -2.075692596027786663e-03 7.763191529993164822e-05
-3.952519281055279221e-02 2.012417315103363826e-03 -3.429014687944976353e-06
6.960503944700956180e-04 3.312085172421539488e-03 -2.597064707064548894e-04
6.089922688151200303e-03 -1.100891036229220471e-03 3.551108537028137974e-05
-1.511133518814900684e-02 1.886858769612839975e-03 -8.566957705125554344e-05
-5.633627585201606697e-02 9.369425598812321579e-03 -3.989384242232881655e-04
-8.341116436493829778e-03 -1.846606260743600904e-05 4.031543307536052866e-05
1.175038140333323211e-02 -4.298292494745705773e-03 2.216619269371795237e-04
2.180951309858810902e-02 -3.824849321256262868e-03 1.683519853659205465e-04
-1.293835916197402791e-02 1.773123980912843069e-03 -3.952890278403398995e-05
4.590813345437825925e-03 -2.077211905731351713e-03 1.559195500296544409e-04
-9.564022788581061710e-03 -1.747990770212940782e-03 1.458583973449770286e-04
-1.934557047891760292e-02 5.319967078343880960e-03 -2.337106662387913869e-04
4.179872722936977050e-03 2.566801785939472097e-04 8.573003265382810826e-06
1.215388824643574145e-02 -2.559943702850872409e-03 1.191095110808127085e-04
9.850649894571196150e-03 -1.954313974243465906e-03 8.069585925344810971e-05
1.082129800737912928e-01 -2.011254942509443921e-02 8.478456030937692178e-04
4.872159198983833789e-02 -6.774788563612817345e-03 2.116069262982026716e-04
-8.449042140646581545e-03 1.867205791125586736e-03 -6.218643381394450137e-05
8.768067593283594696e-02 -1.106335807911949798e-02 3.849589098925600833e-04
-3.581372188665436773e-02 5.322382176629905648e-03 -2.254402116047063420e-04
-1.300192279456413667e-03 -3.803165318053934867e-06 1.752390970935590166e-05
5.239479275760234537e-04 -4.360021505220636217e-04 1.687277951032962716e-05
-1.973767120540983414e-03 1.433786277589370046e-04 -5.060191208818210678e-06
6.842602425806189499e-03 -1.449292844463447331e-03 6.562927669420920256e-05
2.489550968651376567e-02 -5.034134118970599869e-03 2.039956709441676300e-04
1.202877104671342366e-02 -2.618785610035226537e-03 1.481170597078282185e-04
-2.649352425582594470e-02 5.639362246028495514e-03 -2.230506363988448912e-04
-3.640269194712600354e-02 9.173748792581766509e-03 -4.008105250232277261e-04
-6.212060253233728929e-02 9.007459874803641631e-03 -3.600218646168107384e-04
-2.536691608700190892e-02 4.162493139706215095e-03 -1.506193815085680662e-04
-8.403491436330984277e-03 3.478807100442246093e-03 -1.126337569394104607e-04
-4.589399480575467871e-02 6.581423141282061878e-03 -2.615496855657472100e-04
1.468369742388443873e-02 -4.155607823519810902e-03 2.319091710179278787e-04
4.060834926197478406e-02 -9.282604981373844023e-04 -1.087260747996225121e-04
6.410293959268034691e-02 -1.496402367564544054e-02 7.668945358803476442e-04
2.631775054763207944e-02 -4.762207500618442606e-03 2.005262415455269856e-04
5.616071324167880990e-02 -1.225265497962838880e-02 5.667945071316880107e-04
-2.236231449342023989e-02 6.322527699413629104e-03 -3.298438011078838258e-04
1.165426400084522592e-02 -2.382222805569685423e-03 1.413649523275902105e-04
-3.993386662058958508e-02 7.999936035069652937e-03 -3.418452872121242186e-04
4.960050319805050373e-02 -7.943855846291333553e-03 3.346885924428236181e-04
4.960997213694767587e-03 -1.112557235467907454e-03 -7.278625856986780523e-07
-5.524967274222599561e-02 1.121408521933272943e-02 -4.659713202148432765e-04
7.299820457542996466e-02 -1.505613284216358698e-02 7.107164213825227506e-04
2.743424875608545688e-03 -3.140073987909131514e-04 1.131577709401058226e-05
-1.841393226424619875e-02 2.388626873234945321e-03 -6.175204680266025911e-05
4.071705744787591785e-02 -1.005655496621929434e-02 5.228503573051022230e-04
1.487043832836758110e-02 -2.254358696149049573e-03 7.802130585234188370e-05
5.671223552429763282e-02 -1.104727204623613679e-02 3.881602443846499106e-04
-5.669990186070131277e-02 1.315814622488909250e-02 -5.861166690009269459e-04
9.168939293566141097e-03 -2.245785340511364039e-03 7.642376105631122976e-05
1.145237727311091379e-02 -2.154834584338708500e-03 6.222468148662542442e-05
3.068653275593054633e-02 -4.104328025467410485e-04 -1.147105489058115554e-04
2.083232012590622087e-02 -4.475738575196784239e-03 1.813785571831739996e-04
1.136744803599625334e-02 -3.167080378269588464e-03 1.218993226235758238e-04
-5.957496034955921116e-02 1.006627793805466194e-02 -4.184727328892749038e-04
-2.003842001430963891e-03 -3.253029231003026821e-05 2.935740396943971748e-06
1.649471154871843398e-02 -3.578437266465455020e-03 1.571161784706060285e-04
2.915925246180370994e-02 -6.043935558680550019e-03 2.944242016508329118e-04
-2.149244791068276317e-02 3.769823144836077864e-03 -1.578306114582220254e-04
1.293862652321660540e-02 -2.490424489078428560e-03 1.019513779725342122e-04
-2.401379292320829362e-02 4.035305315202701061e-03 -1.455283590797045758e-04
1.817155722550785335e-02 -2.663326721975414497e-03 8.092392094619831402e-05
5.880507857228745028e-02 -1.325110177085614058e-02 5.990436085333578770e-04
-5.028826007639793441e-03 1.803006506053177020e-03 -1.185319040584822178e-04
1.411107008041465223e-02 -1.587587901252146159e-03 9.433703118565659775e-05
8.297378345576752329e-03 -6.434035813122870092e-04 1.106143544252311157e-05
-1.214094073492991144e-02 2.922665472812219787e-04 1.013325489888705156e-05
-5.964699577814522096e-05 1.664099825195222097e-03 -1.385602976388671404e-04
3.348210288336844753e-02 -7.444578824244351897e-03 3.369527492525573042e-04
2.083609450883172620e-02 -4.654931091805576335e-03 2.237797114184418568e-04
3.297626316826624687e-02 -5.943185263436820236e-03 2.745734562578806132e-04
-1.822716993866557375e-02 4.486230052923823215e-03 -2.266726076052298297e-04
2.510704390767673141e-02 -3.739354915506132998e-03 1.287988671983745885e-04
5.320869144099301708e-03 -3.361981177115464111e-04 3.286359253811704274e-05
1.874293626226570045e-02 -2.055291370869532022e-03 6.708757897419840785e-05
-8.338201084596609178e-03 -7.191124830499008016e-04 5.619702233506133557e-05
1.696234872903235741e-02 -2.329420014460046456e-03 1.168715471998524325e-04
3.338483191605108244e-03 -3.066415916622075295e-04 9.887936476791602675e-06
4.594467446898750293e-03 -2.670351486674668942e-03 1.349093809938899796e-04
-1.272174332602196006e-02 3.621925318739691556e-03 -1.332441598370353447e-04
-9.214243367760388114e-04 2.529438530180774889e-03 -1.268073411353726025e-04
-1.622384433966751402e-02 2.996534677841978644e-03 -1.527797637289247425e-04
6.443560330007018326e-03 -1.662664289876568391e-03 8.662870479785294425e-05
2.552386139060106029e-02 -3.277879928604349700e-03 1.557127964495258129e-04
2.338607131718247953e-02 -2.577497332488985771e-03 6.484156687314732506e-05
1.823563271700758340e-02 -4.234318065133217332e-03 2.129134470142219834e-04
-1.877031000347238049e-02 4.589394970259195149e-03 -1.966131782356068253e-04
-6.793005250817314711e-02 1.094212460350165415e-02 -4.711788344215518676e-04
9.644170189566017917e-03 -2.366140204165310176e-03 1.148306642410400029e-04
7.671250741428851591e-03 -1.079486730418676875e-03 1.629161986637273248e-05
-9.759087609862455298e-03 4.864133309823560989e-04 2.399534368182894371e-05
1.139662434427356034e-02 -1.652406615178917716e-03 8.646442265817762610e-05
2.876844160149258714e-02 -1.655096675044524616e-03 6.838541971445613252e-05
1.320260611490645802e-02 -2.828931819745932833e-03 1.395943889101495736e-04
7.987807760656517571e-04 6.830640198959772721e-04 -6.243883091195160349e-05
-2.856110787699160311e-02 4.235782864754751749e-03 -1.695203465886373911e-04
9.400560613379281907e-03 4.814011138710466058e-04 -7.227855963705777983e-05
1.183756419514951294e-02 -2.529520390753146365e-03 8.901346044172314328e-05
1.176301678689132407e-02 9.633697954198175211e-04 -7.183192061052559411e-05
-2.447733713629108784e-02 3.634705918467719208e-03 -1.572867174062138329e-04
1.587273380801039468e-02 -2.706347374830866005e-03 6.814343587476087358e-05
2.097418883102736969e-02 -6.719741773909579212e-03 3.244944547064251145e-04
-5.234788066088130742e-02 7.091981628038960053e-03 -2.276409072108544901e-04
-1.117858122602686036e-02 -1.404942113666046797e-04 3.094481180746553684e-05
2.430788609256706242e-02 -5.142474834991521415e-03 2.076822781390246647e-04
3.792790912734552745e-03 -1.324430126313487044e-04 1.592427238119307250e-06
2.079512585422254450e-02 -3.466564440558840814e-03 1.228092954183418982e-04
7.400421218951205860e-02 -1.312223256119755301e-02 4.993195218877342217e-04
1.890082696544159984e-03 9.883579370872897472e-05 -1.709667601455620986e-05
3.178002150455948999e-02 -2.561714783939292046e-03 8.964888508943610196e-05
-1.199320538490752409e-02 3.039733300215911350e-03 -1.372220523509731609e-04
-4.241224053368947318e-03 4.870113089528174612e-04 -2.790841257716643233e-05
1.679026030000395743e-03 -4.187055276379164555e-05 -1.879934631102034797e-05
3.421241677262945591e-02 -7.487852494785477049e-03 3.482316308363398241e-04
-4.776801883478701445e-03 1.404668114262171098e-03 -7.010141905562238158e-05
1.402529832538839533e-02 -1.209269401884799974e-03 1.462341595572999586e-05
1.614806228425423942e-02 -4.091938312865843301e-03 2.062023066626865117e-04
6.457707586564883501e-03 2.865807538022696111e-04 -3.173652391937151901e-05
-1.175956556127737097e-03 4.229348101041760966e-04 -1.627063743464584374e-05
8.496101968678839225e-03 -4.812528222411399138e-04 -1.290339603884167654e-05
-6.866451020630518973e-03 1.847340645689515360e-03 -7.588661510307789966e-05
5.772753863861056732e-03 -1.043131851213223915e-03 4.973804423367284011e-05
1.455562157896525023e-02 -3.954036994691692911e-03 1.866507249511074017e-04
-1.401686388582753726e-02 1.286913465241086530e-03 -1.720115461862985716e-05
2.369691546423925363e-02 -3.796863670620144200e-03 1.741581765568995209e-04
-1.008437993899972615e-02 4.246774374420321171e-03 -1.893787704103791839e-04
-2.595807247175337465e-02 4.649890062065811097e-03 -2.245081797036703464e-04
2.654150054776770878e-03 5.722267064274863925e-04 -3.329579456905283185e-05
-3.014521615918146560e-02 6.992614481388760746e-03 -3.065219708438711443e-04
1.112772187038461869e-02 1.167618729233404118e-04 -3.306053915942578985e-05
-8.505325713735592541e-03 1.120096459517399504e-03 -4.790822587205124938e-07
-5.182207604622356134e-02 9.488871750285406137e-03 -3.312712135706361721e-04
-2.866078188912622379e-02 4.474593869812825732e-03 -2.055931662066877441e-04
7.712969700284818923e-03 -1.573676408708276839e-03 1.053536468172476363e-04
-1.130512569119701549e-02 2.955172487032485355e-03 -1.699896551003378560e-04
3.978429477010480067e-03 1.377038513118446304e-03 -1.137527613448707786e-04
8.460826061186841468e-03 -2.038885499641566231e-03 1.047365035479815455e-04
-3.086130125795748594e-02 1.116824431170260028e-02 -6.118170458530077654e-04
1.108314654048679487e-01 -2.172353739167542236e-02 9.687790548167721227e-04
-4.685919587527577999e-03 6.087855825877412121e-04 -3.102308446614905884e-05
-4.088335906677966619e-02 4.132360510164126075e-03 -1.079683742524354187e-04
4.847338477082282354e-02 -7.671253355472768681e-03 3.408293516875705170e-04
-4.514408668415055212e-03 8.165061735876657720e-04 -4.769479686825446856e-05
-7.638900125166027399e-02 1.260915470260724584e-02 -5.770622396147635086e-04
-5.572490051954852308e-02 1.257868524259780039e-02 -6.328316646553519553e-04
-1.351304970954412057e-02 2.210356755893928306e-03 -1.007057030049402641e-04
-6.970996336262053061e-02 1.088863432477307595e-02 -4.500655183107809404e-04
2.958878434277335823e-02 -5.314759059948142433e-03 2.322272643492306540e-04
-1.300192279456410414e-03 -3.803165318055405316e-06 1.752390970935598297e-05
5.239479275760261642e-04 -4.360021505220630796e-04 1.687277951032951874e-05
-1.973767120540987751e-03 1.433786277589381701e-04 -5.060191208818291993e-06
-1.548548386183843176e-02 5.608504331460154729e-04 -1.183063658407950379e-05
-5.018043661811808637e-02 8.532797954056878589e-03 -2.654588941414705999e-04
1.977061612997645795e-02 -8.799385793667055533e-03 5.035357808839506510e-04
2.327439438257093013e-02 -3.344369588984806487e-03 1.345958226404262055e-04
-1.460993081267462218e-02 2.775677503275245095e-03 -8.678243599127919566e-05
2.263824520013780692e-02 -3.094018024284317641e-03 1.358737631593953839e-04
2.998936105142554348e-02 -4.131887006849738544e-03 1.537146285226628425e-04
-3.156122161926942088e-02 6.962094173045697831e-03 -2.556947799858943354e-04
3.136852836951634776e-02 -6.614571688927033989e-03 3.154404559362420507e-04
1.506387535544776411e-02 -2.487348337331512019e-03 8.126274233413288001e-05
1.399440885043293746e-02 -4.405861549241767150e-03 2.057221964183479287e-04
6.986480816099254788e-03 -2.323435784355518032e-03 1.274551258568143962e-04
-3.846818718532435486e-03 9.981936355969909212e-04 -4.419014555262501531e-05
-2.059803185771242467e-02 3.532361637997403960e-03 -1.714454798280454564e-04
-2.097479848068462688e-02 1.986634593481501933e-03 -5.974843562231066905e-05
-1.300192279456413233e-03 -3.803165318054517626e-06 1.752390970935591860e-05
5.239479275760135875e-04 -4.360021505220611823e-04 1.687277951032946453e-05
-1.973767120540997726e-03 1.433786277589399049e-04 -5.060191208818346203e-06
1.064118345262855293e-02 -1.929533221142869627e-03 5.531166629982081813e-05
1.293045631883067703e-01 -2.461641493704105899e-02 1.068196936764430338e-03
-1.226952994207446655e-02 3.258214743971603235e-03 -1.860167602608514548e-04
-1.939580433087761957e-02 3.584379744812078716e-03 -1.725507947671518771e-04
2.227877875701268426e-02 -5.337200612059523133e-03 2.500828293089093005e-04
-8.034176746626917054e-03 3.879891293586069305e-04 7.888913078937765614e-06
-9.700774999792539238e-03 7.787117362537973684e-04 -2.617857637213466364e-05
1.316956545294508361e-02 -4.015059207223846231e-03 2.076553631163127918e-04
-3.987772199710296582e-03 -5.435072135627888037e-04 4.479628927765765076e-05
-1.312752395269333426e-02 2.178066967853542740e-03 -1.014854081744661317e-04
8.745867321394212510e-03 -3.220283175075207369e-03 1.878070037971235444e-04
1.306974137059399056e-02 -2.648203748531786916e-03 1.241879704378641772e-04
-1.049189929352102764e-02 1.629869762389979859e-03 -7.144127195877494028e-05
1.387206694377787070e-02 -3.950594369885311596e-03 2.088560000593955163e-04
-2.202438403159188290e-02 2.448604300771475058e-03 -6.716685973493950398e-05
-8.367075218957413692e-04 1.212927154979436114e-03 -3.155959749561094464e-05
2.267636897312870492e-02 -3.458062778965714443e-03 1.344570544174216765e-04
-2.385916334231949487e-02 3.266234160879099343e-03 -1.393530404592106808e-04
3.759952618919007450e-02 -5.855761318930366617e-03 2.630534877631702032e-04
1.755960098264933828e-04 5.190397559094290473e-05 5.450424771902910560e-06
3.272678681614275831e-02 -7.997803070145990956e-03 3.809688487861522324e-04
3.116342657339475283e-02 -5.202461521715245028e-03 2.150194123307141644e-04
8.887889784803584825e-02 -1.904235614319377268e-02 8.793147413572524607e-04
1.261993144739829119e-02 -1.849772677227584736e-03 8.421306922947423279e-05
2.622976764687400594e-03 2.749095910484923686e-04 -2.092084756820665513e-05
-3.561149001779279413e-03 5.674164202527875967e-04 -1.654530478993490681e-05
4.397234857834642768e-02 -6.903775521377202712e-03 2.794263598137050261e-04
-1.361754940724495787e-02 7.990606281071535111e-04 3.011780527504312292e-05
-4.507055315155076430e-02 8.476218029190260225e-03 -3.631532893128685408e-04
-4.923564038889978109e-03 1.284973060257551787e-03 -1.149677244258304112e-04
-2.180468132726160260e-02 4.305505880761934141e-03 -1.540916367000636292e-04
-1.722123953342531016e-02 5.827815347921273467e-03 -2.537257099408610911e-04
2.189823953901757353e-02 -3.868592421451232978e-03 1.287972097568103845e-04
4.579314964487405000e-03 -7.452759791235331150e-04 4.594582512911925438e-05
-5.587251237795541614e-02 1.320087846225539985e-02 -5.894189110225451361e-04
7.154429502448535205e-02 -1.258823741193591458e-02 5.019953293375779141e-04
-1.300192279456413667e-03 -3.803165318053934867e-06 1.752390970935590166e-05
5.239479275760267063e-04 -4.360021505220637301e-04 1.687277951032962716e-05
-1.973767120540998159e-03 1.433786277589399862e-04 -5.060191208818346203e-06
-8.747515423758768505e-03 1.229350577752828149e-03 -3.361380815058729460e-05
-2.369721967420062789e-02 5.528542294218920933e-03 -2.495286819796478303e-04
5.249836558756753452e-02 -1.027808282463229562e-02 4.671840057462964962e-04
2.137028083344189727e-02 -3.169741834640727850e-03 1.192030063578387519e-04
1.814436751447751767e-02 -6.438389822306885869e-03 3.541905963713818523e-04
-3.655108429976897805e-02 6.529424230855879370e-03 -2.695007324198424314e-04
-1.320496289282978427e-03 -7.298450521587116109e-04 9.535813816903548901e-05
-5.337760987833662729e-04 2.981179723493473932e-03 -1.055853014862275299e-04
5.408673834703343897e-03 -7.372914678488182248e-04 3.375162027260177749e-05
1.274987990434614006e-02 -1.034330072535339252e-03 3.910430574743614142e-05
-1.096571575089111579e-02 3.568306799250567027e-03 -1.251415312004673479e-04
-1.339225321613853568e-02 1.769076612038430855e-03 -6.785124083623079831e-05
4.962135455118945682e-04 2.337265252410527909e-04 -2.069605700290362451e-05
-2.049104761156431143e-02 1.234098317729369603e-03 -8.095185761392443419e-06
3.011125979074474879e-02 -3.526666633928841627e-03 1.181885583713885961e-04
3.877940211995800981e-03 -1.562425521558906405e-03 7.770708543951699958e-05
-6.756660167869121825e-02 1.638748878710096640e-02 -8.019258724738902167e-04
9.159544407043633540e-02 -1.546035180634154800e-02 6.108736140277796350e-04
-8.374887868423306486e-03 1.186168419194325984e-03 -5.155748116529535949e-05
2.196589748347281892e-02 -2.354052415121036645e-03 7.694720151476489717e-05
-7.702814248981122713e-03 1.279560007533962719e-03 -6.010908172214362265e-05
1.096810623893557275e-02 -1.428305567573738815e-03 4.919200813215530814e-05
-2.635025916026955198e-02 4.360496133848723067e-03 -1.456331660175851431e-04
1.537531788461033930e-02 -3.945090363919829222e-03 2.144802809185739588e-04
1.313052325939351173e-02 -5.030512762801388031e-03 2.541458755973800832e-04
-3.738702817475792611e-02 6.357402296538000597e-03 -2.046893149348447821e-04
6.527053337606200656e-02 -1.066738172260929714e-02 3.743578131882949883e-04
4.076585223966507424e-03 1.290101259785961664e-04 -3.249949684809971936e-05
-1.219229915205830884e-02 5.411183564050089587e-03 -2.216057773675051551e-04
2.655647932968978331e-02 -3.857456002651866566e-03 1.267663209222600652e-04
-7.054291698080752786e-03 8.878535079314837366e-04 -4.393731315245727638e-05
-2.122192766317252191e-02 7.512488049139534781e-03 -3.212808140220600045e-04
-2.014177397455174309e-02 2.810148392662245326e-03 -1.077418447382604179e-04
1.721766153409460751e-02 -2.432115908414572182e-03 6.446941679635062941e-05
-6.850670754350080341e-03 -1.074064900065801629e-03 8.631844832590585513e-05
-5.023899727654000669e-02 8.685041743705388187e-03 -3.188886608292227504e-04
4.130908167962033146e-03 -9.672865721068635465e-04 1.221418898606028286e-05
1.471106082835279584e-02 -3.748321050417589579e-03 1.779702045715523574e-04
-5.478528767976203334e-02 9.464099571095164337e-03 -3.745180315477773109e-04
-2.403354395416900952e-03 -3.058179758115847505e-04 1.275116443621185326e-05
-2.674013983443051037e-02 3.338647070926980577e-03 -1.050623277348110285e-04
-3.808785298953402954e-02 4.930084748437061834e-03 -1.507612427944478653e-04
4.806127759761841430e-03 -5.917719992373004839e-04 1.062970571050062592e-05
-4.658761826997228489e-02 1.058270110532536987e-02 -6.028890609826708519e-04
-4.619213552975761500e-02 1.481453484763814270e-02 -8.575239882653747092e-04
1.659045275447977932e-02 -2.489155416113515446e-03 1.243803739491740334e-04
-3.948369767848582818e-02 7.030899661386192517e-03 -3.162356266229269380e-04
-4.830757081292334082e-02 7.116996142697318804e-03 -2.897074080497313159e-04
-1.184639281470651652e-02 2.340515188297760240e-03 -5.592647491669839460e-05
-6.072022974805735968e-03 1.217591479039475044e-03 -5.925676753567319169e-05
-2.504000562169289568e-02 3.010675770570240845e-03 -1.092115810100591916e-04
-9.738143582224625602e-03 1.843224694626304470e-03 -1.016064667853048154e-04
-7.463127375292229193e-02 9.062384883018227699e-03 -2.968780493485707883e-04
3.844225135876472299e-02 -7.739365525478448735e-03 3.733832995378360761e-04
2.210971017707582392e-02 -3.504858795235682879e-03 1.203985458672523004e-04
2.658709972332362614e-02 -6.214171963618710104e-03 2.709028889407039814e-04
-4.641946187352029990e-02 7.475762249203455126e-03 -3.092674873147478048e-04
-9.889915600585349673e-04 1.128650603575108652e-03 -2.394594631850558743e-05
-1.035043913368192091e-03 1.501537851899761508e-03 -9.435117917489833916e-05
-1.726909122728873328e-02 1.903201137305640363e-03 -8.390173750677520914e-05
4.618691495430566653e-03 -5.856156058502560817e-04 -7.350742193354344207e-06
3.904775661334391329e-02 -7.578892735891073172e-03 3.403475528810694442e-04
-2.362273961036737147e-02 4.244506722277712786e-03 -1.774225623617890768e-04
-3.436960726385655292e-05 -4.769319400345128278e-05 4.538066075438072398e-06
2.116044113992434847e-02 -3.520134078985590921e-03 1.496103312887400380e-04
2.387942182036489197e-02 -4.159513681327872692e-03 1.672694562820965791e-04
-1.656232453578352151e-02 3.931467851326527624e-03 -1.751169385080120905e-04
1.015224646746592206e-02 -1.436757404479879372e-03 4.777393654907665863e-05
-6.133741115460365073e-03 2.128276804591589660e-03 -1.362793269436175791e-04
-6.835057725027914727e-03 3.178625778119336352e-03 -1.424653256317650815e-04
2.027529686438291762e-02 -2.750019060453605044e-03 1.151422575415010814e-04
1.607328297699528105e-02 -1.784934875810563785e-03 5.855098088392105687e-05
-4.128946606423693211e-02 5.974475048373432788e-03 -2.016744444540878936e-04
2.395919998675553886e-02 -3.267093237623482950e-03 1.523040184350302195e-04
-6.087112430607994479e-02 7.658756748170442337e-03 -3.066580338173625561e-04
