1.564224691846373538e+01 -2.547623554173200944e+01 1.148317611015385875e-01
-1.564669168701298929e+01 -2.543433229965489062e+01 -1.087264215872356110e-01
1.546184629955857126e+01 2.540515459593578740e+01 6.757991667587877338e-02
-1.551871510094114548e+01 2.560697255809222028e+01 1.148452354037751283e-01
7.220139844374201532e-02 1.582404153020524262e+01 -5.080620761622451198e+01
-1.540909662366316546e-01 -1.574811701902463312e+01 -5.083282475078519269e+01
3.784690025509930555e-02 1.571553205167401046e+01 5.052867291219507706e+01
-7.467350243963252754e-02 -1.580325048190586656e+01 5.082911186366949607e+01
-2.558910424165238950e+01 2.194078561321011547e-02 3.130847269192825166e+01
-2.525437918673851101e+01 1.846166514574180961e-02 -3.128147360040215474e+01
2.535244418888508022e+01 -7.372640098408692055e-02 3.135402431185423922e+01
2.542076809543336324e+01 -1.327217857468259155e-01 -3.134061250821300249e+01
-6.971190867681160974e-02 -2.988749816737243492e+01 -4.461638724644177018e-02
-4.060116157597415398e-02 2.980262289934266207e+01 -9.156098291370056222e-03
9.137209370465955161e+00 2.403501281442690996e+01 -2.979335628786019186e+01
-9.240240183527792084e+00 2.424909105473751936e+01 -2.965379003038652783e+01
9.229586568415509618e+00 -2.411083799782917225e+01 -2.971157513247644388e+01
-9.264077389898394799e+00 -2.404415941808870372e+01 -2.978680865815662315e+01
5.969838052153812746e-02 -1.065331269581159257e-01 -5.950362862285516030e+01
9.182988619455887402e+00 2.412869079156398300e+01 2.962943462992119592e+01
-9.140914285212812018e+00 2.408360326055779055e+01 2.977366700675301558e+01
9.292228957993195593e+00 -2.401666258885408922e+01 2.957558404202151792e+01
-9.276440168722427160e+00 -2.407606047785791858e+01 2.978094885863319874e+01
1.060482177209936955e-01 2.634555790727749133e-02 5.940677429984043556e+01
-2.424931074372372564e+01 -1.490575596318084273e+01 1.812740560228914433e+01
-2.416491135699772030e+01 1.502694358036204392e+01 1.801856307584932537e+01
-1.492189538078616096e+01 9.206353692779671860e+00 4.829750077984549961e+01
-1.483384441409801369e+01 -9.136058521565992407e+00 4.823159589206142073e+01
-2.408168510040157528e+01 -1.494966642308870775e+01 -1.810338782718281792e+01
-2.414823084227520411e+01 1.501396456382383349e+01 -1.801052813379834205e+01
-1.501495431851156681e+01 9.211772302666865642e+00 -4.832760079957740373e+01
-1.490762708173421736e+01 -9.159375042528278499e+00 -4.806747495732426501e+01
-2.992856238850172801e+01 -1.169294280496282167e-02 6.316620486935682621e-02
2.419695371857904576e+01 -1.484246129864954966e+01 1.818581377630925289e+01
2.404663273517902056e+01 1.497967689954820258e+01 1.806636281959768553e+01
1.505279305272248358e+01 9.210482170250639200e+00 4.815616452058292651e+01
1.496679884427682872e+01 -9.103612292499482450e+00 4.816433405995935146e+01
2.421925984967814927e+01 -1.492412740372190072e+01 -1.814059513657867129e+01
2.413120455954303623e+01 1.477490809323548859e+01 -1.815006495319549984e+01
1.489555317204090557e+01 9.375840398094682726e+00 -4.820750410470441949e+01
1.488309789012548201e+01 -9.178554853970064542e+00 -4.823624240963236787e+01
2.990224044373304579e+01 8.938081477252561580e-02 1.087924886106979815e-02
8.108443901342248239e+00 -2.862055633406068367e+01 5.636444830027761282e-02
-8.253749809510722457e+00 -2.859897050254494388e+01 -1.195347370048029240e-01
8.132806908450103123e+00 2.868827899693712880e+01 -2.864476111534353803e-02
-8.346707232916616093e+00 2.856914971705718642e+01 1.060446740178889319e-01
1.280699208352431739e+01 2.560468682263276463e+01 -1.516218118669313775e+01
4.601461929596345257e+00 2.079621430484167988e+01 -4.164585561428188498e+01
4.769037159030320439e+00 2.832256901279316708e+01 -1.530777288738930686e+01
-1.289954761366763769e+01 2.572294135267541293e+01 -1.518630391386908407e+01
-4.812662044918297966e+00 2.060614387460714880e+01 -4.173371745094084417e+01
-4.956282276743327664e+00 2.842602941874588396e+01 -1.536859328316132078e+01
-6.797070638784279140e-02 2.538323469173215940e+01 -3.117223674737424588e+01
1.302493024267555910e+01 -2.565160258432413087e+01 -1.528908197652524770e+01
4.960229701038456618e+00 -2.072491402460389764e+01 -4.181864707547592985e+01
4.955322715752358498e+00 -2.813675577452770682e+01 -1.548361994442396750e+01
-1.298819242141142993e+01 -2.573589848166817973e+01 -1.520145893884039090e+01
-4.775513233864628226e+00 -2.071348451120730871e+01 -4.179102724745248310e+01
-5.002029557663430381e+00 -2.846704296476799456e+01 -1.519240082973507810e+01
5.778083510038917181e-02 -2.549332290383230060e+01 -3.111651768485776159e+01
8.575636940766957761e-02 8.327460829377843154e+00 -5.752746439470476503e+01
-1.709513179573562969e-01 -7.938512238585969882e+00 -5.730013463398200457e+01
1.293961191307382030e+01 2.561158839484687277e+01 1.536507839945436871e+01
4.779483574682326541e+00 2.074139717178958975e+01 4.182062751010901991e+01
4.942995138546052658e+00 2.831241077135863549e+01 1.530846661026257571e+01
-1.303157609233809211e+01 2.583039225069764555e+01 1.520289182164647457e+01
-4.890394920925119848e+00 2.070920549905217811e+01 4.177696482178444626e+01
-4.892399285953271892e+00 2.827325850257804518e+01 1.534467821656457431e+01
-8.135837741540000168e-02 2.533852119803178127e+01 3.124320721308095017e+01
1.302221769924560668e+01 -2.575519432528596298e+01 1.515513069133091939e+01
4.815178161232146259e+00 -2.076948773704228302e+01 4.167583712203119006e+01
4.720626708056617105e+00 -2.836317323565281967e+01 1.528799567246379709e+01
-1.295495508955068509e+01 -2.575177551403029952e+01 1.522721370409179897e+01
-4.671587345135375990e+00 -2.059363534258956463e+01 4.169260235131933001e+01
-4.812076402005654785e+00 -2.827369962304216600e+01 1.530055266080109178e+01
9.321587264718959875e-02 -2.541983119441809080e+01 3.117586403899255032e+01
1.210785051866924283e-01 8.177477851631454797e+00 5.711878538012979334e+01
-1.622763283968325573e-02 -8.056743187125405825e+00 5.720032825650573471e+01
-2.078326416428834023e+01 -2.079506965675646057e+01 9.157756607312359520e+00
-2.565226471654865747e+01 -7.569262454168158349e+00 2.576073588803140169e+01
-1.763232022298451440e+01 -2.044989798360672495e+01 2.521247001116194042e+01
-2.069997167517895775e+01 2.117516796842561533e+01 9.461001948276884121e+00
-2.569233614174794056e+01 7.805431814502936660e+00 2.564053402590193187e+01
-1.747831229904232231e+01 2.038964274860983394e+01 2.538547078327388817e+01
-7.717380699121491716e+00 1.284181347687706065e+01 5.154290818552637177e+01
-2.094940064537391322e+01 4.665480619718707089e+00 4.152868009560410201e+01
-1.265508969075152201e+01 1.741970046437613817e+01 4.098706024308674500e+01
-7.920774218804606193e+00 4.907399719691406759e+00 5.649331478410025653e+01
-2.066275872076649023e+01 1.257209383477254683e+01 3.473563957779493450e+01
-7.600939799128738628e+00 -1.296038331071071958e+01 5.132367511955765593e+01
-2.085790354079520270e+01 -4.743118101013695131e+00 4.133566297415809032e+01
-1.259872045909771288e+01 -1.749556341122238123e+01 4.095590569601861120e+01
-7.774078539946008171e+00 -4.738968231959939992e+00 5.645416171398483129e+01
-2.050521495261271454e+01 -1.254070938042561956e+01 3.492397970334428692e+01
-1.552163160497074301e+01 -6.308138157966976245e-02 5.077653205634878475e+01
-2.051731750548758626e+01 -2.085250221281012628e+01 -9.362964634553419430e+00
-2.597674502863277723e+01 -7.891514868424367002e+00 -2.578976248571005314e+01
-1.735195474758108958e+01 -2.043490418739655823e+01 -2.509161287848758803e+01
-2.523023704383830434e+01 -1.574198848475501578e+01 1.997488051047613140e-03
-2.070220663815770479e+01 2.079322203848575867e+01 -9.146064651538654999e+00
-2.573074291752926257e+01 7.708412424451806189e+00 -2.557943150439325208e+01
-1.734409849823772376e+01 2.040512922886025748e+01 -2.518833996297506417e+01
-2.537290101891796112e+01 1.587174757739912501e+01 -4.796956831027300583e-02
-7.893819919443055610e+00 1.303761316511991808e+01 -5.141831657101859321e+01
-2.095268756194280257e+01 4.857823225884102314e+00 -4.113567717461005202e+01
-1.262569223634669591e+01 1.760732749436754574e+01 -4.083590504794334919e+01
-7.716763554977646322e+00 4.724939685571160730e+00 -5.670819976568405707e+01
-2.070345237014158357e+01 1.265038529097700781e+01 -3.505531878928960765e+01
-7.639821535794337315e+00 -1.270209507546181804e+01 -5.128786625608729821e+01
-2.076690771035358196e+01 -4.893269246292465624e+00 -4.122554507597428852e+01
-1.247904300605523709e+01 -1.762021746906503239e+01 -4.083429947389277004e+01
-7.862630053767945881e+00 -4.942119974788030667e+00 -5.650559494212686928e+01
-2.049093896286928285e+01 -1.281899176052002431e+01 -3.475654568921640930e+01
-1.559188790205891983e+01 -8.081884027438707152e-02 -5.063945522325310833e+01
-2.868591245467049689e+01 1.778038598179283447e-01 1.608204241981470162e+01
-2.880633648327887997e+01 2.870707960423426672e-02 -1.592496532320489955e+01
-2.850647512251845939e+01 -7.876575300007050195e+00 9.337563220525035845e+00
-2.848594026928898870e+01 7.840072156042435125e+00 9.257503927283483591e+00
-2.838850144582897528e+01 -7.796564129150296729e+00 -9.344475440823059031e+00
-2.838862029094930506e+01 7.925141615840817444e+00 -9.432580666933615632e+00
2.057494547529903528e+01 -2.097611890439138094e+01 9.240251257817289954e+00
2.570989671900274232e+01 -7.727507408795855071e+00 2.558364457518678847e+01
1.758364025774320893e+01 -2.048345566825377517e+01 2.507585829608358452e+01
2.089958356408931195e+01 2.092462513270775304e+01 9.301452099350141722e+00
2.592324448628140132e+01 7.719334326840587401e+00 2.572055275862943446e+01
1.734407929576772389e+01 2.043980854615734088e+01 2.520919632319785819e+01
7.662315183136602315e+00 1.304395029506025949e+01 5.121441830109991145e+01
2.107396632848634255e+01 4.700285997840802032e+00 4.142383592479841070e+01
1.268839735991639373e+01 1.753497191609354644e+01 4.097000408787147308e+01
7.879865352814257484e+00 4.717687954834561381e+00 5.633750448100001051e+01
2.058617996544529305e+01 1.265229542719277411e+01 3.486853388821479882e+01
7.732910422163713271e+00 -1.285671545276030869e+01 5.119308514259972043e+01
2.116406593854821949e+01 -4.680639267942773962e+00 4.127156464927578838e+01
1.273763067898499557e+01 -1.758293869521793695e+01 4.082501513552563210e+01
7.796609660127940877e+00 -4.712953616118802813e+00 5.651577563268997295e+01
2.044018039973636292e+01 -1.262206411902537084e+01 3.466629966345839620e+01
1.558259840497975723e+01 3.584746050918476146e-02 5.054452268165729834e+01
2.066214018834197930e+01 -2.097580527375270165e+01 -9.263937179496117835e+00
2.566585237113585194e+01 -7.732471066662891523e+00 -2.575731626506217609e+01
1.741924669588693320e+01 -2.064410851521317625e+01 -2.527214666677712884e+01
2.532379772194316203e+01 -1.568395416598745662e+01 1.100739655770803099e-01
2.064565268044659518e+01 2.096483994647294935e+01 -9.313355025102996620e+00
2.574894690176258294e+01 7.649836857042092930e+00 -2.580854876507838469e+01
1.760066693055054898e+01 2.033597343936165203e+01 -2.520070934581501021e+01
2.537477199438294306e+01 1.581319752577349114e+01 -1.640445583628361848e-01
7.964908531254085489e+00 1.312745033323763444e+01 -5.139814252247148829e+01
2.091282751897518821e+01 4.743841398018316724e+00 -4.125764431046316361e+01
1.239004339213564165e+01 1.765802074189474524e+01 -4.096160828490427264e+01
7.830183066836568173e+00 4.762192033042672357e+00 -5.678650177329596005e+01
2.043761430889371056e+01 1.252820780394864286e+01 -3.495325796344555158e+01
7.649103440675470544e+00 -1.300829459359407991e+01 -5.129441789949574826e+01
2.088183125313558008e+01 -4.744449766116268563e+00 -4.141673196843029103e+01
1.255640618491377758e+01 -1.742375178781134792e+01 -4.100674492749375588e+01
7.803792381897434183e+00 -4.865774990285396839e+00 -5.640553612338225520e+01
2.032810986611904980e+01 -1.266978414659666363e+01 -3.505045274029004787e+01
1.560711881091388165e+01 8.964153978660792388e-02 -5.075617899127930599e+01
2.882953347212139050e+01 6.293571599300197550e-02 1.620327330904806828e+01
2.872391792747477979e+01 -8.290487314446597089e-02 -1.600302369090442767e+01
2.857613654908384859e+01 -7.938969087778512623e+00 9.355088478957169329e+00
2.836645636170180040e+01 7.844914873433229019e+00 9.258704464523583866e+00
2.824287451742892330e+01 -7.952376984317242048e+00 -9.333095620011940596e+00
2.849162911629038319e+01 7.737503835299293975e+00 -9.256800353486005051e+00
