1.429667906289458479e+01 -2.301691976283008501e+01 -4.876463470242565351e-02
-1.410105319760939402e+01 -2.292331224339320528e+01 1.769891751021075987e-01
1.424344586830177128e+01 2.296727449023309831e+01 1.050670863530961258e-01
-1.480329106978878606e+01 2.386863120742502886e+01 1.120310735060148499e-01
-6.307167103475513903e-02 1.418081516173839773e+01 -4.389355466653677951e+01
3.166407800618549484e-02 -1.390398459487568061e+01 -4.301461806451544589e+01
2.132182513051070552e-02 1.376654638833336897e+01 4.263155120392049469e+01
-6.710464764425279338e-02 -1.405069880431823570e+01 4.350134789685502312e+01
-2.295462269194692695e+01 5.654799332716240606e-02 2.183431016712432182e+01
-2.247861813616372118e+01 1.279448476028868797e-02 -2.109070361447223974e+01
2.370822290079032868e+01 2.052313586457121114e-02 2.223585697794596783e+01
2.335967783317882862e+01 4.446533159970125597e-03 -2.175479540214075413e+01
9.165457705770093527e-03 -2.598032325404474108e+01 -1.023806451346431501e-01
1.889179522237430242e-02 2.581696019866776481e+01 -4.097477117904160110e-02
8.055156876567897584e+00 2.124041471296294503e+01 -2.003662901243845340e+01
-8.274981514781089231e+00 2.172025304088327857e+01 -2.060680756296920890e+01
8.287021315199073257e+00 -2.175560405595033941e+01 -2.059671426848986187e+01
-8.183949908068393952e+00 -2.149974557799959385e+01 -1.997087070626283278e+01
-8.755966871158017695e-02 1.548759460920627884e-01 -5.308752868767538757e+01
8.151975422130940174e+00 2.141581278497508478e+01 2.031845020136856306e+01
-8.272745947681015011e+00 2.165532570513783028e+01 2.035181227227249323e+01
8.053852841017707931e+00 -2.112599988108445004e+01 2.016099161049776356e+01
-8.525397414510846872e+00 -2.232595936638125167e+01 2.098867611990962700e+01
-8.621169983569948458e-02 3.048802440311186232e-02 5.162656188390491963e+01
-2.097839882762054842e+01 -1.296730754063371904e+01 1.134195883158151652e+01
-2.249437801633830247e+01 1.388569488664768414e+01 1.181726213003098458e+01
-1.336370581784088962e+01 8.177571960020523889e+00 3.965417702001868605e+01
-1.286379485025974567e+01 -7.962406095871857659e+00 3.826488291598721503e+01
-2.149095423607818134e+01 -1.323322235179544215e+01 -1.159573863385788250e+01
-2.229389329740595116e+01 1.377831210311730459e+01 -1.187889556850889683e+01
-1.323192981629716769e+01 8.220645149424287368e+00 -3.942539694935526740e+01
-1.283485673669840921e+01 -8.000490540787374982e+00 -3.850298105685693884e+01
-2.690732710779789727e+01 7.332938384140997440e-03 6.434313247940792735e-02
2.234154909905777586e+01 -1.378579340497844719e+01 1.178700062674537286e+01
2.205217457065268150e+01 1.360204967760431671e+01 1.177513450781301962e+01
1.309957904617378155e+01 7.964903975428819116e+00 3.875640867241978782e+01
1.333711657018404217e+01 -8.131483531722881963e+00 3.952241504511893311e+01
2.229216581700823596e+01 -1.377594373419245599e+01 -1.185966947248619086e+01
2.150259841897680602e+01 1.322630703724911427e+01 -1.163470330139318776e+01
1.324292106752680098e+01 8.035379007593384415e+00 -3.932763979535621246e+01
1.291567958344233169e+01 -7.996067281966972473e+00 -3.852469256860968017e+01
2.719541861392033510e+01 -2.629618567560569522e-03 5.234720921287919215e-02
7.111637197506405883e+00 -2.501972338556092978e+01 -5.528341450304134069e-02
-7.453864259142621407e+00 -2.610767605848582207e+01 -3.097997929725625210e-02
7.305424522228356921e+00 2.570869545295131076e+01 -2.134074636004237857e-02
-7.325968111626419699e+00 2.570061815659470739e+01 -4.292078667637618666e-02
1.147541459834162936e+01 2.278131601725435829e+01 -9.444720828787652067e+00
4.194897728304030515e+00 1.837368383478343503e+01 -3.195889397144768296e+01
4.322448183816107736e+00 2.486622383956551019e+01 -9.903196694822327117e+00
-1.181013620834723810e+01 2.350908140976856231e+01 -9.661491592333300460e+00
-4.343340966641321188e+00 1.865619305696730379e+01 -3.241667487674626358e+01
-4.223510336667953169e+00 2.458185769806903309e+01 -9.894939740306783804e+00
4.967797392812094842e-03 2.229151233828400791e+01 -2.197718734725727785e+01
1.169104870189037371e+01 -2.323569727084210967e+01 -9.814744456661463445e+00
4.333716269212213312e+00 -1.865055413178857791e+01 -3.227687770500008213e+01
4.264661490226353102e+00 -2.487116051832716579e+01 -9.983061691135471705e+00
-1.167535676763546171e+01 -2.318720656734292973e+01 -9.466854549057403645e+00
-4.191209095674960139e+00 -1.827883234347239494e+01 -3.167166374142367147e+01
-4.472905895472092830e+00 -2.567075003060618243e+01 -1.002260239515064022e+01
-1.311156929183545337e-02 -2.264675001496680551e+01 -2.209633977665250626e+01
1.397111780924615264e-02 7.484964171124154575e+00 -5.294552199239466717e+01
1.042177397007422318e-01 -6.931498293751108264e+00 -4.869051347283974707e+01
1.168766523614132780e+01 2.322866863950082461e+01 9.725860515380121640e+00
4.266919150790314141e+00 1.829771642692949385e+01 3.185805767781324960e+01
4.233359778422586928e+00 2.464115780159448832e+01 9.701254827313087858e+00
-1.207659619687527552e+01 2.384248925213784176e+01 9.815941831059111777e+00
-4.280663665053476841e+00 1.831188381480389182e+01 3.186649219636207064e+01
-4.229492087466435457e+00 2.440359956875587244e+01 9.713320545691873420e+00
2.596377074920639544e-03 2.171391242912821085e+01 2.147934710547865222e+01
1.137005651505210935e+01 -2.250864747286738066e+01 9.566463173553932720e+00
4.236306816242608519e+00 -1.838412579347897591e+01 3.201043391490865275e+01
4.186714146748992782e+00 -2.418138389576255420e+01 9.751818051140633159e+00
-1.199590454512819804e+01 -2.393257225650202002e+01 1.006907574051174237e+01
-4.420094113074458875e+00 -1.879978684876392947e+01 3.243735757476335380e+01
-4.234227478805580702e+00 -2.462706393108269509e+01 9.871791697362819917e+00
-1.035151938769866310e-02 -2.205023102861032314e+01 2.186571849546461266e+01
2.845958015446423128e-02 6.756040854959655562e+00 4.827035994623386728e+01
-3.415175249723000420e-03 -7.130401474562051867e+00 5.053361232771474221e+01
-1.785874629585535089e+01 -1.811178078921633983e+01 5.757672260772854322e+00
-2.194053313043872322e+01 -6.589804944579024770e+00 1.681282284294872298e+01
-1.543632831359874302e+01 -1.817293987035999336e+01 1.688920977057946260e+01
-1.937575422111578760e+01 1.955838916946846950e+01 5.854551826894781819e+00
-2.322133221441130502e+01 7.010915188934206732e+00 1.744341051188318303e+01
-1.630806950684759471e+01 1.912056511147888926e+01 1.668611969922408989e+01
-6.882924645215486414e+00 1.154319168247548610e+01 4.426739716571506733e+01
-1.895518484816238924e+01 4.324045290592634316e+00 3.173309471528654058e+01
-1.138213701334800554e+01 1.583250491829458362e+01 3.109045624559641752e+01
-6.820041943312466159e+00 4.050918806820305029e+00 4.927427405869692478e+01
-1.866757369536696487e+01 1.141482697641406041e+01 2.516871729822145198e+01
-6.815132913655813418e+00 -1.146646638631496273e+01 4.399060747340804056e+01
-1.835688482260627197e+01 -4.121207561699971933e+00 3.106421036046928918e+01
-1.137368038556378735e+01 -1.594881187180830295e+01 3.122842061277338388e+01
-6.702262271131744775e+00 -4.042164393681649592e+00 4.953225307516454023e+01
-1.776150949716667782e+01 -1.090361696482139209e+01 2.414428795547796369e+01
-1.370427207624064359e+01 7.457010948688108654e-02 4.288611922859093539e+01
-1.790156551617400993e+01 -1.808897934094010651e+01 -5.708538495172833294e+00
-2.296158618786019545e+01 -6.922134587745728318e+00 -1.694106836463884846e+01
-1.519118767104180101e+01 -1.782157017809423749e+01 -1.653776037879066152e+01
-2.281244230825841512e+01 -1.409277563028625124e+01 -6.978619659140433695e-02
-1.900906351563146401e+01 1.934981770930047418e+01 -5.619764327342105403e+00
-2.318967051584116845e+01 6.968660030157141527e+00 -1.722485254190444337e+01
-1.570842066909373003e+01 1.843161382451090446e+01 -1.665555048092274149e+01
-2.385871439032096930e+01 1.477656825966744769e+01 -1.026702778292936866e-02
-6.948821628178626142e+00 1.156431806242434490e+01 -4.427958615391889197e+01
-1.846748422033236281e+01 4.259331835364266183e+00 -3.118294347406246914e+01
-1.144892303775426790e+01 1.590732400967078952e+01 -3.122399952854808092e+01
-7.058888574477469646e+00 4.382964865514771269e+00 -5.151630039559341867e+01
-1.869768499932392203e+01 1.143975087724740014e+01 -2.511259444296794641e+01
-6.638541965717398519e+00 -1.116148650695209632e+01 -4.294114923005670192e+01
-1.797081788980586836e+01 -4.107427551084101403e+00 -3.049605055912477525e+01
-1.105670739190649776e+01 -1.539109360847120733e+01 -3.023792266290189090e+01
-7.012428523725523277e+00 -4.429422979297543250e+00 -5.125491209898721223e+01
-1.804037403750782076e+01 -1.102540218311360398e+01 -2.436691968529115471e+01
-1.371404677725294796e+01 7.921342984319124092e-02 -4.279281206164058204e+01
-2.578700344910383890e+01 1.645513016751196100e-02 1.030808393605436990e+01
-2.556990677608699158e+01 6.342464239350150725e-03 -1.002577329955292917e+01
-2.555655366927476990e+01 -7.047741068848837998e+00 5.756451869263250920e+00
-2.616736941732688138e+01 7.248055664819123223e+00 5.992700794237736162e+00
-2.605956889548206590e+01 -7.222169553727329827e+00 -6.041645789510005748e+00
-2.639784057909252368e+01 7.277972803072946917e+00 -5.930231098292116698e+00
1.902240862156103418e+01 -1.919895297763720876e+01 5.778964084682194802e+00
2.323073637615130949e+01 -7.010453124767304978e+00 1.744375585105005655e+01
1.592974751761496677e+01 -1.865178150343674091e+01 1.667408028905634865e+01
1.895479419276309585e+01 1.929531311639163249e+01 5.894413432077257653e+00
2.383752100147650310e+01 7.148620060898472239e+00 1.768431057007575546e+01
1.584501210215895917e+01 1.859725808634398803e+01 1.660807035737802195e+01
6.816451321836102473e+00 1.134304140256607774e+01 4.371433497769230314e+01
1.907936803458412101e+01 4.319188940340120908e+00 3.175727124148788150e+01
1.121947565219529430e+01 1.559366082439759005e+01 3.084755453279030846e+01
6.522364524014636622e+00 4.073749166989051318e+00 4.777176549018039964e+01
1.841444547944690058e+01 1.119915453104304781e+01 2.475638630091310333e+01
6.885461144348691498e+00 -1.147147083675902124e+01 4.414650695598532337e+01
1.903552684848498799e+01 -4.292066262690208411e+00 3.173249916027917550e+01
1.126991661962965807e+01 -1.562769414661114453e+01 3.084839380115846552e+01
6.873691169331180184e+00 -4.352485468685086900e+00 4.972012999324607563e+01
1.863159149179705665e+01 -1.138084696015350161e+01 2.511599817034682403e+01
1.351191588473380634e+01 3.305270010517581680e-02 4.244089470098960959e+01
1.886686266796041522e+01 -1.919351329417879271e+01 -5.709158434906934865e+00
2.319252695168746570e+01 -6.964502220603785432e+00 -1.715214831291537578e+01
1.569586327496997669e+01 -1.842109538038025107e+01 -1.671963115620351914e+01
2.382647148241984780e+01 -1.475159556299239583e+01 -2.048146245708927851e-02
1.854427142353743818e+01 1.875408220527247494e+01 -5.530259436352523039e+00
2.343993686439722168e+01 7.073148373257638788e+00 -1.747252383352627803e+01
1.503826772626968022e+01 1.762201036260929143e+01 -1.626169789539319410e+01
2.286904276712493456e+01 1.415362394538494506e+01 7.269625831127284055e-02
6.880796619275931114e+00 1.152723765392360278e+01 -4.420655592245332599e+01
1.887351042569109083e+01 4.280759465006084064e+00 -3.163611858973056101e+01
1.102017072927329799e+01 1.534852860741408342e+01 -3.050354067453058704e+01
7.165840485610740274e+00 4.306097107249418521e+00 -5.127536917945822381e+01
1.823730703197837855e+01 1.107052059525740972e+01 -2.478049847971476183e+01
6.755583597343234992e+00 -1.119074510036380943e+01 -4.328689986196319950e+01
1.839143326477269369e+01 -4.189675365095745896e+00 -3.079880643768890991e+01
1.141944177649848058e+01 -1.587049461709718123e+01 -3.103208828549243847e+01
6.703732773272766288e+00 -4.011562891627255212e+00 -4.837815944457926065e+01
1.865932160159553987e+01 -1.140367125232549661e+01 -2.483909248682032356e+01
1.354766893224943836e+01 5.335847860877939580e-02 -4.245206438985788111e+01
2.643852506950457837e+01 1.255277297877425285e-02 1.050344211800211802e+01
2.627103513495803000e+01 -3.523379333228425416e-03 -1.031205689320644936e+01
2.616979014774386769e+01 -7.248056243401990173e+00 5.998095680716273748e+00
2.581068465445529370e+01 7.119922699149238809e+00 6.068614273999988207e+00
2.639746270383245630e+01 -7.276771573359503087e+00 -5.917868664519622790e+00
2.567729678644991864e+01 7.100792620230047980e+00 -5.940006421629469457e+00
1.067999989728265753e+01 -2.417417785411170428e+01 -7.988600317918349847e-02
3.587614132943761192e+00 -2.562707689740782158e+01 -7.125659980665821625e-02
-1.106771237316057110e+01 -2.515073105872138370e+01 1.081018061605177188e-01
-3.690580565210459074e+00 -2.608840649617603802e+01 -8.770188599066766622e-02
1.080184406450215029e+01 2.451520464486139517e+01 5.544742540047112311e-02
3.696028698690805303e+00 2.610614287252165511e+01 -7.856023260056554935e-02
-1.113925214423173848e+01 2.518247396224637669e+01 -2.663662175350617074e-03
-3.632024388667117520e+00 2.569626814846061436e+01 -2.985604817278191686e-02
1.301870546102879800e+01 2.316322441824615197e+01 -4.523056915565084601e+00
9.887078077706615176e+00 2.225617364130679121e+01 -1.470153876773514412e+01
9.532410786148792781e+00 2.458781482984807099e+01 -4.744117707766386083e+00
2.114280274096944190e+00 1.639354635751145395e+01 -3.794729404304040088e+01
6.184508325264155282e+00 1.997581133265465425e+01 -2.589028141537467320e+01
2.226377600575975446e+00 2.573942155544902732e+01 -5.013752509384685752e+00
6.335342704029605088e+00 2.345900327870507596e+01 -1.514122580400723983e+01
5.888833277439767144e+00 2.568480282854108054e+01 -4.941994435024786192e+00
8.006880161897274917e+00 2.429989513045856242e+01 -9.821417280866970856e+00
-1.349294972315977859e+01 2.405799769923423526e+01 -4.689263318491073917e+00
-1.004491326040052002e+01 2.262983114181350075e+01 -1.500111577246165062e+01
-9.736491779772512345e+00 2.511986081437058971e+01 -4.829531313502198664e+00
-2.225413510468741585e+00 1.655019569020265990e+01 -3.825114993275566633e+01
-6.391734194691557569e+00 2.040717278424435221e+01 -2.645663591720523655e+01
-1.499723498453775679e-02 1.882359875684961281e+01 -3.296732003577234593e+01
-2.129152618467214264e+00 2.535315800974712275e+01 -4.984359285610498347e+00
-6.273872908349678035e+00 2.329995373427025029e+01 -1.521659879330456278e+01
-5.823268388187797129e+00 2.548071340881346103e+01 -4.948889930929383674e+00
1.440218978530012281e-02 2.451804446265393977e+01 -1.001823467132674672e+01
-8.016948986364438312e+00 2.435578597025212488e+01 -9.945686869522855744e+00
4.165976501319006431e+00 2.220046820437404023e+01 -2.149135632078908031e+01
-4.152515841506066785e+00 2.206356663389173534e+01 -2.166634078061832369e+01
2.185850554655823341e+00 2.087828764794054592e+01 -2.717947624392240513e+01
2.159214219577583638e+00 2.338981241675019973e+01 -1.581244513170026700e+01
-2.182842973887009208e+00 2.080492719703287108e+01 -2.723683175345938068e+01
-2.131433272367852183e+00 2.335240381752565497e+01 -1.582933910702508840e+01
1.311608987005234717e+01 -2.333947237681561049e+01 -4.891809495345385450e+00
1.002020760362105811e+01 -2.255646735215251297e+01 -1.508689297464842305e+01
9.455097615202094019e+00 -2.439696777725842836e+01 -4.934695387508299724e+00
2.189778949805231356e+00 -1.644693234616717703e+01 -3.793608992588318074e+01
6.393892116933108660e+00 -2.044287364809377650e+01 -2.638498000931852872e+01
2.144453745980452908e+00 -2.573122503037425446e+01 -5.047394082751750055e+00
6.281969269123363731e+00 -2.334979702357574993e+01 -1.529419404362841028e+01
5.732908623498285117e+00 -2.517333216508326288e+01 -4.992239187612043771e+00
7.959441449555991532e+00 -2.416608006860758096e+01 -1.001413320362867765e+01
-1.306205453955606011e+01 -2.335069840715717504e+01 -4.531632440961646857e+00
-1.006901747148409854e+01 -2.264998787176294570e+01 -1.468528667791413334e+01
-9.871416886364205112e+00 -2.542064642794712981e+01 -4.686334355318347633e+00
-2.098569977873025127e+00 -1.624299030295900437e+01 -3.751072660351955079e+01
-6.210013141707170448e+00 -1.998286876507587806e+01 -2.569168762154936303e+01
9.595376504386833594e-03 -1.882028943592843362e+01 -3.284392573753626010e+01
-2.223310557529858400e+00 -2.605359416213840973e+01 -5.075676695825007023e+00
-6.557488377860486217e+00 -2.427084186997119630e+01 -1.519982888437747270e+01
-6.024145463912392806e+00 -2.614319060044772769e+01 -4.973628554088224796e+00
-2.046218022621981367e-03 -2.537029040299179883e+01 -1.013756368051520695e+01
-8.312585225998526894e+00 -2.519858637238844068e+01 -9.869067273655389272e+00
4.163408496882365917e+00 -2.222757497231065216e+01 -2.171562490070695972e+01
-4.207441399443231589e+00 -2.253464185865838587e+01 -2.153081014571913343e+01
2.183767287506205523e+00 -2.090337973919124082e+01 -2.721688555672304233e+01
2.168835366767084327e+00 -2.388667390546377334e+01 -1.592458351029078223e+01
-2.197473187253177862e+00 -2.098907046620563221e+01 -2.713783081472944758e+01
-2.215706770884424692e+00 -2.414669084189871739e+01 -1.592752771468929218e+01
-7.808246804687465903e-02 1.099045674355368618e+01 -4.987926612445725283e+01
7.545235216783163779e-02 3.699256297735077581e+00 -5.415004708202830841e+01
9.567157516494126379e-02 -1.013749597993015072e+01 -4.632016923468345482e+01
-2.260016506745576859e-02 -3.486117438414629621e+00 -5.007850173547230810e+01
1.311633868394251046e+01 2.334676899909055336e+01 4.901136874132483001e+00
9.989845769530793618e+00 2.250290175322012232e+01 1.491446237791943652e+01
9.597515485386900025e+00 2.482721569761723046e+01 4.848558912504954854e+00
2.157292851854001992e+00 1.617708006227803708e+01 3.745068095518741558e+01
6.288682175643327099e+00 2.005888597727799194e+01 2.603986182651806658e+01
2.152623250589368542e+00 2.557094329102311647e+01 4.738011780656894878e+00
6.243616278754592130e+00 2.317425256272879963e+01 1.505010111358810754e+01
5.874865965397406242e+00 2.570138366909341698e+01 4.789152094432795437e+00
8.070729513932597854e+00 2.449194658837047101e+01 9.853619379707071246e+00
-1.366232461251178876e+01 2.423912195773475986e+01 4.878896200883006351e+00
-1.017770374234531339e+01 2.283607360083502158e+01 1.499381794741722551e+01
-9.789236052507630959e+00 2.513146086379897781e+01 4.824650520590733294e+00
-2.145280862322990423e+00 1.618145707665093269e+01 3.747421865453824097e+01
-6.354610932853299587e+00 2.020118712114850723e+01 2.609758086015365919e+01
2.197603395152401915e-03 1.831767278977002533e+01 3.224017847956481120e+01
-2.168351463679076829e+00 2.531539576515308454e+01 4.738606132240132496e+00
-6.239571167251363626e+00 2.309479708811995380e+01 1.508809514700874566e+01
-5.836821883241881892e+00 2.542506515287542612e+01 4.793161048248960832e+00
-1.510578546847375463e-02 2.433344542093649920e+01 9.757711128175488469e+00
-8.021839721464063544e+00 2.430776062632659063e+01 9.910951416104145650e+00
4.100366522116151380e+00 2.171388123776551993e+01 2.124758976078586770e+01
-4.088542452899918800e+00 2.168923008690559229e+01 2.122693280190123488e+01
2.144838842075700303e+00 2.027305116949994002e+01 2.668114584819710799e+01
2.098327069095216046e+00 2.299072736320495380e+01 1.550175887512625295e+01
-2.154486509667990823e+00 2.031420350670930475e+01 2.670225814046785828e+01
-2.109904503167416845e+00 2.296159754351169369e+01 1.550727845426309948e+01
1.296706350259780471e+01 -2.302083181189037475e+01 4.546014644025868634e+00
9.738415697317105213e+00 -2.187676567371525493e+01 1.475475893817370121e+01
9.332389870001019716e+00 -2.402682309198382882e+01 4.675629884041190287e+00
2.113233052695347336e+00 -1.637243206268759010e+01 3.785641513293173688e+01
6.263483455974262704e+00 -2.006575476468095331e+01 2.601363050532927090e+01
2.161639187814828666e+00 -2.534035804194295594e+01 4.823212061047707166e+00
6.128269052788250626e+00 -2.271703894282603997e+01 1.502535036054472073e+01
5.680101724945716413e+00 -2.486925446168059395e+01 4.777639690888228152e+00
7.724932071118054466e+00 -2.344566180665285415e+01 9.743480343412128875e+00
-1.318730425276034346e+01 -2.366176931754139900e+01 5.037567170710524067e+00
-1.042207342956401206e+01 -2.348498523625755396e+01 1.538890309757029051e+01
-9.830148132162188190e+00 -2.539345435835882014e+01 4.969165814435656969e+00
-2.257116855984403259e+00 -1.652234464319585427e+01 3.803000861613362815e+01
-6.533990218284486673e+00 -2.075721857165331841e+01 2.660229171664942527e+01
-5.717837362320211253e-02 -1.869436966288837709e+01 3.277380417904437593e+01
-2.138916265987105270e+00 -2.547611565257536981e+01 4.850891265161221710e+00
-6.420072165314995694e+00 -2.375020962216561671e+01 1.540621890491039991e+01
-5.899374193230670471e+00 -2.573120029099028727e+01 4.897148244123274097e+00
1.198468598632589609e-02 -2.433319380296076773e+01 9.888029666238724147e+00
-8.285818533759185200e+00 -2.507598441689607327e+01 1.016466945922459075e+01
4.098422331367466143e+00 -2.184432754615495043e+01 2.137821606362958704e+01
-4.229681374674233219e+00 -2.224242894705526297e+01 2.178287837203463084e+01
2.147135842287624552e+00 -2.060540850962236448e+01 2.700176477446156298e+01
2.118301589348957403e+00 -2.306201796999525300e+01 1.566026809084193516e+01
-2.235339195944890278e+00 -2.079260646097643317e+01 2.717569607500072593e+01
-2.120148309482668747e+00 -2.319091647222784758e+01 1.576506796001139854e+01
5.762263400720140510e-02 1.011738772786297780e+01 4.613858207749348850e+01
-4.957250024324751266e-03 3.503296693802965045e+00 5.019726515301372416e+01
-1.756728627876765966e-02 -1.052359799435151189e+01 4.820474140862509671e+01
-2.742931718005440014e-02 -3.500148636779656819e+00 5.074317497810493194e+01
-1.584420883042022332e+01 -2.022206435762263510e+01 3.032606117354032182e+00
-1.958002112237885228e+01 -1.569139715358145715e+01 8.483336957131569989e+00
-1.492343036699574377e+01 -2.073270510911082098e+01 8.136270896119526697e+00
-2.230373581132075600e+01 -3.336673267070257687e+00 1.948138643811484982e+01
-2.182553658918541117e+01 -9.905965881186046929e+00 1.402190705697896256e+01
-1.231864182940541852e+01 -2.074761721657667479e+01 1.941978140889188253e+01
-1.834545460250687654e+01 -1.564155521227729650e+01 1.416773090296142712e+01
-1.373612069764189236e+01 -2.093695760874539147e+01 1.359731183597330606e+01
-1.672342317814564794e+01 -1.816558912506997814e+01 1.100681675879386212e+01
-1.734154868491024715e+01 2.199728512442128547e+01 3.192680725018062660e+00
-2.117854739358374516e+01 1.689267023477351870e+01 8.832011730794061322e+00
-1.614517251995956215e+01 2.239283098951958806e+01 8.207771009581115607e+00
-2.333057142116968308e+01 3.548138088519266375e+00 1.994703812887032868e+01
-2.288792842202825639e+01 1.040580589477477425e+01 1.464394355659369040e+01
-1.237690791026465753e+01 2.074773737365391568e+01 1.881711257535872761e+01
-1.975614024761419074e+01 1.677478822670553882e+01 1.456072820306181548e+01
-1.439880228576288701e+01 2.190910715118449303e+01 1.331230012455151268e+01
-1.814179448719173493e+01 1.971185665155087463e+01 1.109250764065424733e+01
-3.472479166852843857e+00 1.282195643484407377e+01 4.438597746809879396e+01
-1.024033128758939348e+01 9.978970978610080422e+00 4.263502354741910239e+01
-5.675669028521820536e+00 1.519460408993035649e+01 3.842098717133282548e+01
-3.363708320630485638e+00 9.267140506147507395e+00 4.812101434393769495e+01
-2.123885581536386979e+01 2.216117574395616519e+00 2.696815590318292166e+01
-1.622585045796306247e+01 6.249343463349240402e+00 3.585063550510440677e+01
-2.151096133609513927e+01 5.738962985674993966e+00 2.450663353907281561e+01
-9.990929585825826464e+00 1.912824015575510117e+01 2.587150993495906803e+01
-1.254394869832506565e+01 1.218718114070541247e+01 3.591222177002391902e+01
-7.924973124087780540e+00 1.730444428304521409e+01 3.203806981784708796e+01
-1.387645774130145426e+01 1.757943328782819492e+01 2.371535898736762960e+01
-9.227358859711809913e+00 1.377075685916452841e+01 3.767273449138495778e+01
-3.438896139550565056e+00 1.954859095888342058e+00 4.973970346572673407e+01
-1.025766479202396475e+01 6.236466732945549651e+00 4.654125692463595243e+01
-3.311441073400963830e+00 5.482054126079492384e+00 4.885977103592716020e+01
-6.974901211114467259e+00 7.941978422448023878e+00 4.873772208009805240e+01
-2.069964643718687469e+01 1.270695675143941727e+01 1.822394704344407756e+01
-1.618478109237614504e+01 9.884820413572567688e+00 3.236434593935156556e+01
-2.114357913188245419e+01 9.301281678721423418e+00 2.124160740661445246e+01
-1.779268833528822569e+01 1.547956393405575426e+01 2.113641542990788125e+01
-1.889133279211766592e+01 7.905961190958295859e+00 2.865597033845304864e+01
-1.527656518769985894e+01 1.386405353417876896e+01 2.866819800732148238e+01
-3.515390440971824404e+00 -1.274460424044351470e+01 4.422289605982327743e+01
-9.941953806820508888e+00 -9.799809441310856073e+00 4.160606806905345678e+01
-5.759031691799519237e+00 -1.546676119677304406e+01 3.887696426382548509e+01
-3.448599775528575329e+00 -9.317251387793747952e+00 4.870501549675801556e+01
-2.070375227527189921e+01 -2.060452932525453029e+00 2.660745013494456757e+01
-1.573091834212170426e+01 -6.087670319839491917e+00 3.505137925378677721e+01
-2.038293093324488581e+01 -5.413447705340201921e+00 2.372308221348935930e+01
-1.906458674047186364e+01 7.381784685602513219e-02 3.219932600370822939e+01
-1.012455954825906268e+01 -1.948946183666896914e+01 2.632490382571518239e+01
-1.227199532800501736e+01 -1.203266054868873702e+01 3.522682944906397040e+01
-8.056225847903293769e+00 -1.771967155808719596e+01 3.249901655324801197e+01
-1.369997980889436739e+01 -1.745983454348026243e+01 2.379507683291148723e+01
-9.238824973303136900e+00 -1.392273539460748033e+01 3.783572305920051804e+01
-3.456618304782857809e+00 -2.048193486257627427e+00 5.062972462822511943e+01
-9.778719148061233213e+00 -6.034367558567268475e+00 4.480130311332932536e+01
-3.437834180014971430e+00 -5.634187777385116114e+00 4.976577951884270590e+01
-6.859462323506408055e+00 -4.030895551365630547e-02 4.966004528576571175e+01
-6.781312130551588879e+00 -7.834560681809292326e+00 4.771780367476982576e+01
-1.944023901247035369e+01 -1.195468379486474575e+01 1.757930983368334310e+01
-1.554393487617184810e+01 -9.559073999791943166e+00 3.116117430453983062e+01
-1.998261379872961641e+01 -8.823537923814379624e+00 2.045689037385723097e+01
-1.696418045087131432e+01 -1.481995677327290295e+01 2.065275835283038219e+01
-1.802179649839126441e+01 -7.564988508102926446e+00 2.776345249647594216e+01
-1.480300477146878713e+01 -1.353346602929488185e+01 2.801764725346164653e+01
-1.366074679661001667e+01 3.989265250499127280e+00 4.190739459735925720e+01
-1.349415846881245962e+01 -3.984166331714841025e+00 4.157227049403186214e+01
-1.659397168884497020e+01 2.202440245866798652e+00 3.773923964324835367e+01
-1.015492830109963940e+01 2.044342732020086206e+00 4.676643935440642963e+01
-1.638409125411054745e+01 -2.052175196986348649e+00 3.736722651373887061e+01
-1.031853292535137534e+01 -2.006101517438137360e+00 4.739972509206527462e+01
-1.583095865179178929e+01 -2.009621652841521211e+01 -2.835854539110977512e+00
-1.966331368814730496e+01 -1.571000073006517717e+01 -8.529528769063526639e+00
-1.465200632297603889e+01 -2.035106775814699276e+01 -7.811498432722697949e+00
-1.819581300121336653e+01 -1.841655849778231158e+01 2.558100601767576698e-02
-2.259935340986849539e+01 -3.426595838911365544e+00 -1.911507805674423466e+01
-2.283264480280780262e+01 -1.037251766982546819e+01 -1.434267883111880337e+01
-1.182901679757920022e+01 -1.986733943443152484e+01 -1.844498215150035847e+01
-1.829108569112652560e+01 -1.553966530670975210e+01 -1.416610571317010070e+01
-1.329433503488367307e+01 -2.026251035547563717e+01 -1.299954621508260288e+01
-1.660650777054397409e+01 -1.803492635742685124e+01 -1.086078906603609617e+01
-2.232192947193024679e+01 -1.380966156296378955e+01 5.580732904952985685e+00
-2.255143875714019686e+01 -1.392007243283300788e+01 -5.777410505890182790e+00
-2.035886279591542092e+01 -1.618292026200273170e+01 2.771177537062584406e+00
-2.037592019018942935e+01 -1.618703444263585212e+01 -2.822817891738742091e+00
-1.715084375720600463e+01 2.189264951951437155e+01 -2.948085587285002251e+00
-2.075482472987330240e+01 1.667111095707659985e+01 -8.701633368369483534e+00
-1.564876964475577203e+01 2.168892158172287310e+01 -7.944143170437759416e+00
-1.945048135475202145e+01 1.972086308127405729e+01 5.888752230837376866e-02
-2.322577456908309657e+01 3.505653923668530680e+00 -1.949718858523237941e+01
-2.276499538630412545e+01 1.032055466055816773e+01 -1.458137534687281089e+01
-1.206404957413865553e+01 2.024911158031634884e+01 -1.891328054283367877e+01
-1.927303435457640646e+01 1.642569823845967036e+01 -1.442615502448167319e+01
-1.376827938774879279e+01 2.091727124488931722e+01 -1.329247556862329915e+01
-1.744972085128686601e+01 1.895356683215478100e+01 -1.091590291221393016e+01
-2.361348387143631200e+01 1.461408638266026472e+01 5.764453959355849477e+00
-2.343021996063745149e+01 1.451829876649918383e+01 -5.803405414906824156e+00
-2.156120693961428358e+01 1.714917919279630354e+01 2.921932838744131899e+00
-2.144522375063968056e+01 1.707391569316091307e+01 -2.828667586511381948e+00
-3.614450983001674889e+00 1.306605062666443118e+01 -4.512917015185836078e+01
-1.010874990199760504e+01 9.954775775137081339e+00 -4.213243124811933171e+01
-5.778451268380229600e+00 1.542014182900653907e+01 -3.890853375965888716e+01
-3.569093893752062208e+00 9.545869750274681209e+00 -4.941533840661259802e+01
-2.065001458455627414e+01 2.168709396240043663e+00 -2.624829947303439326e+01
-1.604628256053126023e+01 6.311836701914798731e+00 -3.578714370462354566e+01
-2.109670387549958548e+01 5.650337207836749087e+00 -2.402404064876496292e+01
-1.000382550673150028e+01 1.916493443382805495e+01 -2.608169334122769811e+01
-1.250809282085164220e+01 1.217255321855805228e+01 -3.567094556585116294e+01
-8.007742728289363399e+00 1.753378561733320495e+01 -3.238997379713112679e+01
-1.379122585821715852e+01 1.744509990895564400e+01 -2.376210876112831372e+01
-9.305069109586513676e+00 1.389631789583525290e+01 -3.785732419615990807e+01
-3.607390347155885912e+00 2.146920548688073360e+00 -5.399822362174635515e+01
-1.017305231424633760e+01 6.417390552845783525e+00 -4.646704403602677047e+01
-3.436490743775749479e+00 5.763988139345555872e+00 -5.104564435179822368e+01
-6.851694983780042492e+00 7.940603873269004076e+00 -4.777720853076473162e+01
-2.069684191065910994e+01 1.271473668364795095e+01 -1.827443114134895552e+01
-1.618737373726074225e+01 9.927178589654019447e+00 -3.228874235701162831e+01
-2.086510373111537930e+01 9.203171959091305254e+00 -2.113526488421080529e+01
-1.760999329824628035e+01 1.530445247155491373e+01 -2.099427585117635076e+01
-1.874122369044376057e+01 7.892399726725726872e+00 -2.855280985034380947e+01
-1.521938483612268733e+01 1.379523238834799947e+01 -2.848166769954252686e+01
-3.361876914698420649e+00 -1.254748813999023227e+01 -4.350831933570162846e+01
-9.788731213050459345e+00 -9.652572600808481340e+00 -4.110695391878656579e+01
-5.438830337731932474e+00 -1.477573110828592462e+01 -3.736397491215210920e+01
-3.385044434546150782e+00 -9.353991809154955206e+00 -4.818569410265265418e+01
-2.020644116042547012e+01 -2.067410203356188081e+00 -2.584609890959525202e+01
-1.555878898282374401e+01 -6.101041795643783239e+00 -3.487974097422537056e+01
-2.052238023208716911e+01 -5.481617475505214720e+00 -2.337195860666995273e+01
-1.838107988160960460e+01 5.108951321438143234e-02 -3.136578726905771930e+01
-9.590621339933283807e+00 -1.848696376233964145e+01 -2.500134196241209139e+01
-1.216630159049675974e+01 -1.187836540878512714e+01 -3.496148336448288063e+01
-7.585974014836994961e+00 -1.672835678417684946e+01 -3.095930672151982321e+01
-1.346062377525987763e+01 -1.705635030321587209e+01 -2.311861864267067546e+01
-8.938558048677105461e+00 -1.332699402950371947e+01 -3.659258675916934322e+01
-3.714621155179411716e+00 -2.093767340973859969e+00 -5.263172599874297219e+01
-9.985780444274473311e+00 -6.313960352671800891e+00 -4.572161419127031223e+01
-3.496764195312707102e+00 -5.853287584643688923e+00 -5.110740985976637774e+01
-7.415461435633043941e+00 -2.143621508157636524e-02 -5.374319115549810988e+01
-6.744016736459419903e+00 -7.870148251530325823e+00 -4.749963786741128047e+01
-2.000094524318937061e+01 -1.226381886224938889e+01 -1.787946164701703111e+01
-1.562007704479636061e+01 -9.585727194955344643e+00 -3.139438189427961490e+01
-2.055140018748990371e+01 -9.051630550791497143e+00 -2.058059698109113000e+01
-1.689061924847915108e+01 -1.468868757118380586e+01 -2.060198114557221061e+01
-1.817346878514971209e+01 -7.648596755670756586e+00 -2.775324074876372293e+01
-1.480169137774858434e+01 -1.344388209526089462e+01 -2.789445444318345935e+01
-1.366194822495107708e+01 4.235156113696740832e+00 -4.217795258226010446e+01
-1.342329121788771396e+01 -4.066875753967629237e+00 -4.151362778167914058e+01
-1.614049928828787372e+01 2.191784803191167974e+00 -3.702122370868418955e+01
-1.074419732066081146e+01 2.320786155466620038e+00 -4.899472390812990596e+01
-1.594764473190541310e+01 -2.061924757422665344e+00 -3.663706799353037269e+01
-1.070268450875634691e+01 -2.221859400044847277e+00 -4.875279915752796001e+01
-2.448054491976775537e+01 2.226261409078782172e-02 1.601788943001683307e+01
-2.665108271391839168e+01 9.035945229873592471e-03 5.131613025744717227e+00
-2.395081243603492283e+01 -3.384640632669204230e+00 1.388066058740676567e+01
-2.488421660398292801e+01 3.540468892432508952e+00 1.428557829309068339e+01
-2.419134399089219301e+01 7.463128365281144171e-03 -1.561937223014914977e+01
-2.653600551725549650e+01 7.757691441386071508e-03 -4.941945868488138771e+00
-2.457053114145292483e+01 -3.488302711390069533e+00 -1.371985495407961153e+01
-2.522530621681243801e+01 3.594316684649513594e+00 -1.400181669400043383e+01
-2.397842649039165863e+01 -1.037793812440381913e+01 8.411767615567086409e+00
-2.659295924315375359e+01 -3.569563933861426452e+00 2.991668456698575174e+00
-2.387787992502011747e+01 -6.866422543663899702e+00 1.103089604514396527e+01
-2.518692321764976327e+01 -1.101214583481479714e+01 2.905112066304662566e+00
-2.560162038618349456e+01 -3.502355008934721958e+00 8.182116464712517967e+00
-2.453878092763557461e+01 1.066476356882971110e+01 8.889072001168926818e+00
-2.701261172372198516e+01 3.642923099301371259e+00 3.090213948721491466e+00
-2.475439434439449826e+01 7.132704807158373406e+00 1.151781957509459708e+01
-2.544803778918575432e+01 1.115451098532581575e+01 3.052290138415491239e+00
-2.613388136330093303e+01 3.577995356198269139e+00 8.284774530312919438e+00
-2.464297209729117810e+01 -1.069316529136615301e+01 -8.777989135339380411e+00
-2.674669730838234472e+01 -3.600679833570722188e+00 -3.072375205411453258e+00
-2.485849140580976169e+01 -7.161235505653069211e+00 -1.122292871884888399e+01
-2.534349355216177102e+01 -1.108665741308666064e+01 -3.236916232041398445e+00
-2.611295571015438455e+01 -3.578114123166456828e+00 -8.203790603098118694e+00
-2.627541334604346801e+01 -7.265536697482728457e+00 -1.174821993412129423e-01
-2.453872165136407091e+01 1.059483063815883952e+01 -8.814355938232584009e+00
-2.705875965281746431e+01 3.650544320427604905e+00 -3.042179589454610866e+00
-2.511676343478995932e+01 7.227338308757872198e+00 -1.138163173916561099e+01
-2.544219430877164001e+01 1.113385057572434178e+01 -2.997134154545287199e+00
-2.644998472923861854e+01 3.645261258891154821e+00 -8.223537612725021262e+00
-2.672364436708156177e+01 7.388942774460351082e+00 2.648431721471231765e-02
1.690937618374049123e+01 -2.144387535063225414e+01 2.948170906028862781e+00
2.097847170200946110e+01 -1.674204173803688178e+01 8.757362351256116284e+00
1.544960408861091672e+01 -2.142604097207813751e+01 8.035761046884612568e+00
2.346208431615820444e+01 -3.548354077783391514e+00 2.001551671686945255e+01
2.286804882048291176e+01 -1.039627344067013226e+01 1.463786426851263656e+01
1.206756612773986248e+01 -2.017640501219049654e+01 1.864627957423036264e+01
1.950085768807962339e+01 -1.655021277822819314e+01 1.451623054152848447e+01
1.381403231294437184e+01 -2.099084878745024341e+01 1.316291670416313941e+01
1.761801577572526512e+01 -1.912171755563258202e+01 1.100421613665062281e+01
1.672851738793593768e+01 2.138569462736848692e+01 3.206409077966725363e+00
2.064084649031209651e+01 1.655934562199395899e+01 8.679819681476436344e+00
1.572073402481347237e+01 2.181348506172269452e+01 8.174740810029520688e+00
2.408167549894945125e+01 3.623160291160826052e+00 2.021745831270479243e+01
2.299019415387612142e+01 1.040048297793017440e+01 1.469944808916757673e+01
1.210677968240337599e+01 2.032085734311323932e+01 1.879207298808654514e+01
1.907909570001052302e+01 1.624344224356343958e+01 1.428260823209967612e+01
1.406558709490798087e+01 2.137300496017050477e+01 1.330182118392038504e+01
1.774645123305997885e+01 1.927710335881903347e+01 1.103312962127310293e+01
3.467124143329435526e+00 1.270299871490786892e+01 4.411487686437568101e+01
1.000007888940826994e+01 9.729745675015438522e+00 4.162642790968159545e+01
5.660975206574869745e+00 1.515683080232150637e+01 3.837737345564970326e+01
3.305521927747339106e+00 8.959315135461851654e+00 4.678235975603071495e+01
2.166030284792190130e+01 2.243415488873655939e+00 2.721878138145450166e+01
1.612768504068004205e+01 6.192581432376997874e+00 3.559083636042989696e+01
2.177080231707629565e+01 5.796143665197901917e+00 2.455791092212382054e+01
9.798117416559597004e+00 1.878348197316624635e+01 2.575890813457251838e+01
1.233045364305696445e+01 1.194018374780668879e+01 3.523862276120133430e+01
7.863116989514296051e+00 1.722056787871170513e+01 3.197549501552941820e+01
1.353738306827828630e+01 1.714319232499179080e+01 2.349169772585160842e+01
9.158049476174456416e+00 1.366511785112519739e+01 3.744339992992481569e+01
3.246689066302842708e+00 2.206551507163179160e+00 5.006077739727176379e+01
9.780509984199246887e+00 6.034741070915750072e+00 4.488318208125653541e+01
3.395783204230027330e+00 5.605977989575428921e+00 4.938489950291280906e+01
6.651433142845856850e+00 7.553070756101359251e+00 4.639324983266513414e+01
2.039174236674385909e+01 1.249124182623780044e+01 1.807201762934082367e+01
1.596922640799207116e+01 9.691164757071208058e+00 3.174647959076225945e+01
2.126622119237264741e+01 9.350126912765999165e+00 2.123331137707514671e+01
1.713382906778872083e+01 1.487971789450446991e+01 2.065581861416897169e+01
1.890837691736108184e+01 7.872991806435194917e+00 2.854727041799548104e+01
1.492084621957752866e+01 1.350054246160123661e+01 2.810546929075168165e+01
3.472256570935622566e+00 -1.290239274451948503e+01 4.470499703745263531e+01
1.022341927909906190e+01 -9.928640102178281523e+00 4.249951567619574888e+01
5.619934630338921266e+00 -1.514741588641051173e+01 3.832514033866040393e+01
3.440147075896344830e+00 -9.372499077140673762e+00 4.903023919650978257e+01
2.149887008899358776e+01 -2.171925365876876235e+00 2.709535020899015834e+01
1.622969426286973516e+01 -6.228794176996291121e+00 3.581061100387535134e+01
2.155571704003716249e+01 -5.732389298311920456e+00 2.449907779148546538e+01
1.943146457330658450e+01 2.639385770609593840e-02 3.249099648257015360e+01
9.771735724561052550e+00 -1.871535081243036203e+01 2.554033650944053235e+01
1.250552009894684957e+01 -1.210444267322181666e+01 3.578171355129207143e+01
7.795838513697829875e+00 -1.709472955213860601e+01 3.176014260981312631e+01
1.374655813023939643e+01 -1.736792558669939623e+01 2.357655890424974032e+01
9.175590141220782314e+00 -1.366067152456536782e+01 3.746899294852462958e+01
3.403582630209301296e+00 -2.136207436212878008e+00 5.176279899958372965e+01
1.024721217037006582e+01 -6.282138129385978154e+00 4.632555206484415322e+01
3.475537745340890883e+00 -5.809943926656096380e+00 5.096072949704092991e+01
6.553387927683281156e+00 2.812551254582972698e-02 4.794504133745837038e+01
6.950578063653585659e+00 -7.892736490639892466e+00 4.855475079155232265e+01
2.061694536350513118e+01 -1.265244950898119747e+01 1.819128173067143450e+01
1.615380655380631225e+01 -9.844970919612224591e+00 3.228322848987708227e+01
2.113574945349049727e+01 -9.295159829658690143e+00 2.122754396537099808e+01
1.768961150552366490e+01 -1.537015287516917539e+01 2.109604231059439883e+01
1.889266017157766697e+01 -7.894883608953348286e+00 2.863604083975961245e+01
1.521394139944623625e+01 -1.376694557711998357e+01 2.858236163325412704e+01
1.341211680967398934e+01 3.966157260218198477e+00 4.128201735300063291e+01
1.368733374096506417e+01 -3.947900875384971808e+00 4.180339048692203363e+01
1.663300288109291714e+01 2.179163175169183120e+00 3.774321366681485301e+01
9.678133636460124478e+00 1.963717188290548865e+00 4.448073123232984472e+01
1.667706689669173770e+01 -2.139006283533961383e+00 3.778827241344929888e+01
1.010358707402920153e+01 -2.056701002506516218e+00 4.573535703091137350e+01
1.679808898787272398e+01 -2.147691657231287010e+01 -3.024291629936330050e+00
2.073678829814463498e+01 -1.664915115789560218e+01 -8.670127543731982911e+00
1.541800060813196360e+01 -2.137111925724786943e+01 -8.083645100140190110e+00
1.920309616956126675e+01 -1.945967383001373108e+01 1.530349058450215793e-02
2.337470301562192887e+01 -3.517660541590721834e+00 -1.959949358150522514e+01
2.276582866677626882e+01 -1.032012554679958960e+01 -1.450301755973827333e+01
1.205440543572482426e+01 -2.023177053742706377e+01 -1.896031148616829753e+01
1.926976618851735168e+01 -1.642044161850995465e+01 -1.441687306323075823e+01
1.370476063676415990e+01 -2.083169638594051065e+01 -1.333550154058532655e+01
1.740576090002335974e+01 -1.890617354666830607e+01 -1.098082595368420833e+01
2.354053836893481488e+01 -1.456168247468059640e+01 5.745303523799284662e+00
2.342276180134031804e+01 -1.451110048440176570e+01 -5.800388085327988108e+00
2.146114888387360153e+01 -1.706089195976281303e+01 2.835290061198060485e+00
2.139154352704648332e+01 -1.702278741805555384e+01 -2.764272264099869592e+00
1.665554736356040522e+01 2.114353403654888197e+01 -2.771691280712635042e+00
1.999550415443696849e+01 1.595822487107328236e+01 -8.426069081567671759e+00
1.503448247616634070e+01 2.087154736340089300e+01 -7.691570140908846831e+00
1.907468006733853727e+01 1.934772702778233722e+01 1.731357812276640151e-01
2.365396853712193348e+01 3.580690801028043158e+00 -1.989104722131740033e+01
2.263631513082010471e+01 1.027440171273429392e+01 -1.459284348934447451e+01
1.162958036416248042e+01 1.953555516382483859e+01 -1.834285381824186700e+01
1.825513404932252470e+01 1.549732114816208295e+01 -1.401323830520167668e+01
1.325174061569196127e+01 2.017938623313309421e+01 -1.290928159728809099e+01
1.676876125281824059e+01 1.820524408670929617e+01 -1.067649026176992599e+01
2.269940801269699193e+01 1.405274240250600748e+01 5.823086475998010769e+00
2.247523869519111273e+01 1.388693849203721342e+01 -5.663585448048849891e+00
2.110502946949143777e+01 1.678948880989236514e+01 2.985646185542417896e+00
2.101112511124128801e+01 1.669920292168024645e+01 -2.714721708184553162e+00
3.442870570408754549e+00 1.292083200119334663e+01 -4.464014283021491281e+01
1.016237025179156461e+01 9.858194976307176560e+00 -4.228523751217128535e+01
5.535803994741726797e+00 1.508218094381023100e+01 -3.817548349018264275e+01
3.535309290471689625e+00 9.706327838087837279e+00 -5.036804103188205772e+01
2.121495019115694802e+01 2.170658879331623492e+00 -2.679174771263963351e+01
1.615080689590783081e+01 6.171662151965917609e+00 -3.579305856774158912e+01
2.145359772207193316e+01 5.708363270962081515e+00 -2.443292089369527886e+01
9.536152119438289887e+00 1.840591437941235142e+01 -2.524798638385295391e+01
1.226718747856814851e+01 1.186825290713577452e+01 -3.531609077199345847e+01
7.649981949522302038e+00 1.693691585776635478e+01 -3.150762074774472765e+01
1.326987007065959290e+01 1.680580863779680811e+01 -2.313695291978606861e+01
9.059686826230356260e+00 1.355989869850651708e+01 -3.730328904957560354e+01
3.655391560512259996e+00 2.180090144609892366e+00 -5.336885022021604641e+01
1.032811004681645883e+01 6.273704603310977568e+00 -4.650638366488360731e+01
3.649224576890663929e+00 6.085949172853099221e+00 -5.391931613544161905e+01
7.180327876327103453e+00 8.099277256496474564e+00 -4.950907516956345944e+01
1.997734492345261259e+01 1.221655917859171225e+01 -1.796394209273075404e+01
1.592762501695552224e+01 9.636542498405473722e+00 -3.198376769327798641e+01
2.112620442878129978e+01 9.258601167143176269e+00 -2.122745446412285375e+01
1.678904142450169346e+01 1.457380125431853202e+01 -2.046489101506125152e+01
1.880326912961005092e+01 7.817060922857935523e+00 -2.860576621061670366e+01
1.470240437318462945e+01 1.329210318000858493e+01 -2.792702038879988535e+01
3.511578050112048377e+00 -1.269105208501124515e+01 -4.419238943295546562e+01
9.855671200029609835e+00 -9.674285961499473174e+00 -4.120970350060974852e+01
5.713927287857986315e+00 -1.530081770415809750e+01 -3.859434778680186184e+01
3.296822910954178898e+00 -8.879444030380453157e+00 -4.642617043537455146e+01
2.094055515378979493e+01 -2.160864714859859870e+00 -2.645076525813673740e+01
1.571296936992295024e+01 -6.113638179930601879e+00 -3.485622688241448230e+01
2.106771239104743287e+01 -5.629896158081971080e+00 -2.373002414493824119e+01
1.891887143274022165e+01 -3.337534170191790855e-03 -3.191411922166942716e+01
9.998787364910247888e+00 -1.916380374048740620e+01 -2.600196274609811198e+01
1.239986512018720610e+01 -1.204639286987143088e+01 -3.527301918620673860e+01
7.988326850437970528e+00 -1.750623995193618399e+01 -3.219832187166450410e+01
1.377803559708692838e+01 -1.742941505987144524e+01 -2.368747929774437111e+01
9.234128542607754397e+00 -1.377538504545771225e+01 -3.752315004940792420e+01
3.477763110305467364e+00 -2.099927066719880830e+00 -5.044278333047082441e+01
9.711193036468120710e+00 -6.109864907451740379e+00 -4.489123165244138391e+01
3.249790318787823651e+00 -5.465206408275871119e+00 -4.798647052223022058e+01
7.016321072125349723e+00 -1.446595274100828943e-01 -5.003868424022832073e+01
6.480339102118915839e+00 -7.482946555430008750e+00 -4.547469790102969256e+01
2.068844915546953800e+01 -1.271213614768605105e+01 -1.823261868301947786e+01
1.605300672054930544e+01 -9.816928093734487604e+00 -3.177863121461220786e+01
2.079444849155671449e+01 -9.166051353116726474e+00 -2.082795755715302022e+01
1.759331930381596010e+01 -1.528764655705156095e+01 -2.090498570765579345e+01
1.861659695017710092e+01 -7.816437690914867176e+00 -2.801440809757957595e+01
1.518201363629009570e+01 -1.375132726983204456e+01 -2.828023677879676256e+01
1.368435872278410947e+01 3.962441204438542641e+00 -4.196286655923970699e+01
1.314592516781410403e+01 -3.958929328232254186e+00 -4.077190625768363930e+01
1.647117971016294646e+01 2.152688817777409724e+00 -3.752755300224560386e+01
1.032182018217228148e+01 2.012137982929291802e+00 -4.677519735215967245e+01
1.606593365514611094e+01 -2.097050686289679611e+00 -3.668165833561283051e+01
1.018490711286724881e+01 -2.092667806968888211e+00 -4.690138843137941649e+01
2.530996702326788750e+01 2.021704111671736998e-02 1.632605861342658926e+01
2.704388051866171949e+01 5.117694878662880191e-03 5.175562186216485117e+00
2.500340197888105109e+01 -3.543406546145349001e+00 1.434396000255198800e+01
2.575670108739429764e+01 3.664190754929467886e+00 1.453901916136248929e+01
2.508770986622788968e+01 -1.571597403146070444e-03 -1.605714804525644723e+01
2.692486890835409596e+01 -6.314334745899820647e-03 -5.041465426176764630e+00
2.536205976377249982e+01 -3.596850035224393949e+00 -1.409269912970841787e+01
2.542801926068419505e+01 3.608029988801375154e+00 -1.427157357134191429e+01
2.453389206724059690e+01 -1.066124493956277419e+01 8.888261526353961273e+00
2.703704992547942965e+01 -3.639216730247417875e+00 3.090900853075680299e+00
2.475988315224875791e+01 -7.132712146656508878e+00 1.152177789644114547e+01
2.544633478572436047e+01 -1.115270589171281124e+01 3.054027621201615972e+00
2.615867431261933973e+01 -3.578342294140900659e+00 8.275055660780907374e+00
2.406033417492660931e+01 1.039522217133818138e+01 8.926841674321092768e+00
2.687843015056015972e+01 3.609601243112043001e+00 3.169297547052099873e+00
2.514750271474374088e+01 7.242522059431935055e+00 1.168766892742527297e+01
2.439590883223400652e+01 1.067204221976639111e+01 2.910097051861790796e+00
2.658397598642788395e+01 3.652289332850063630e+00 8.451615128747235417e+00
2.453863262216250263e+01 -1.059479837453541151e+01 -8.787635120183002968e+00
2.708051243796975882e+01 -3.644291732062005185e+00 -3.061773368974248122e+00
2.511593187136565319e+01 -7.225600314142893055e+00 -1.134666492202675592e+01
2.544067707725587013e+01 -1.113271052916721970e+01 -2.988518244956390291e+00
2.649306471407729546e+01 -3.641487811728114643e+00 -8.242097342864388665e+00
2.672374328544134414e+01 -7.388403190728615400e+00 3.436623289061196268e-02
2.389330529085957266e+01 1.036074362084758249e+01 -8.835470861871979054e+00
2.679353000370132420e+01 3.599744834727072629e+00 -3.005643406244304927e+00
2.490853833756560931e+01 7.170095484020255761e+00 -1.152814605872404918e+01
2.436655844518729452e+01 1.066571747470309184e+01 -2.859583449214420980e+00
2.634138506875673968e+01 3.602126046373362644e+00 -8.257530233939062825e+00
2.597928363870804347e+01 7.175522606276425464e+00 5.844889600691424714e-02
