1.476384638875226756e+02 -2.385852457701200819e+02 2.304522571358296433e-03
-1.475840839040988897e+02 -2.385656744869566523e+02 -1.173686832415609879e-02
1.476821362613916904e+02 2.386172084353112268e+02 7.413516602305676023e-03
-1.476809275678777738e+02 2.386753664157434969e+02 -2.991762807180650251e-03
-1.108978475162457171e-02 1.489606701892792842e+02 -2.565538545232530154e+01
-1.871040141479211535e-02 -1.489547358453357901e+02 -2.563632971295158569e+01
3.825770663508628287e-03 1.489257138455253369e+02 2.564149399754116132e+01
-2.391041578239026539e-03 -1.489731881011547614e+02 2.564329538125535279e+01
-2.390012330173680652e+02 1.062399867645813512e-01 1.576573315354548832e+01
-2.389571493182475024e+02 -2.205312507298470490e-02 -1.576154956512029237e+01
2.390999042354048925e+02 -3.273426547609190745e-02 1.578927416197826794e+01
2.390595020817009697e+02 -2.596628883272157802e-03 -1.579148548266985941e+01
2.212699895380042595e-02 -2.800604841415213286e+02 1.859087536388259266e-03
-1.679302085121967547e-01 2.803323190888001477e+02 -5.815751558327440784e-03
8.662976255029104777e+01 2.272672938619940339e+02 -1.494233276015597767e+01
-8.679605086549064197e+01 2.273905819601462781e+02 -1.495726446896558315e+01
8.679187778554982913e+01 -2.274152688782314726e+02 -1.500084026921389935e+01
-8.665471587566612754e+01 -2.273568630614506390e+02 -1.497530981918319526e+01
-2.834417795288106043e-02 1.857596897822388470e-03 -2.954022216228555564e+01
8.677318733589551414e+01 2.273217640561401254e+02 1.497703604733625404e+01
-8.669148305158188350e+01 2.273214451549406476e+02 1.498075434324096200e+01
8.668055117204582416e+01 -2.272871038850069283e+02 1.495742131287547494e+01
-8.678231494499567589e+01 -2.274197073591029721e+02 1.498033097842572303e+01
-1.601280373012170521e-02 -9.709886724747365458e-03 2.949882627635844656e+01
-2.265316921158684238e+02 -1.401511798683815471e+02 9.236454816461115769e+00
-2.267799843091316916e+02 1.403074793236186508e+02 9.244329644232749388e+00
-1.414814643311560189e+02 8.731364817006326007e+01 2.444938425684225791e+01
-1.414018235759080824e+02 -8.727236499916926959e+01 2.442238518014530513e+01
-2.266787469958980239e+02 -1.402010502183753999e+02 -9.240611076989381445e+00
-2.267345608283639535e+02 1.402547724082796492e+02 -9.253322773771763821e+00
-1.414421310026903882e+02 8.727447827679331738e+01 -2.442725367749734033e+01
-1.414291185997867046e+02 -8.729048726517113721e+01 -2.441157907685420625e+01
-2.809063028592568685e+02 7.112569045575457827e-02 1.073668097698458369e-02
2.267870243592473116e+02 -1.402240000890295448e+02 9.265081026460689984e+00
2.267958648672115771e+02 1.403123712824656479e+02 9.262488458443684181e+00
1.414530740902435184e+02 8.726807571314900258e+01 2.442219151483261896e+01
1.414814372841115357e+02 -8.731491285811502223e+01 2.445014146917928244e+01
2.267304752658637597e+02 -1.402989405626937298e+02 -9.264741136333372040e+00
2.266872578092674928e+02 1.401682379877486255e+02 -9.242813240712072442e+00
1.414685350772518007e+02 8.730626724152615736e+01 -2.443773770744886420e+01
1.414093465508723853e+02 -8.724235585083403066e+01 -2.441284175729099459e+01
2.808891952547393771e+02 -3.257664064856188868e-02 1.005299373027204735e-02
7.671930829414884556e+01 -2.695792776360569292e+02 -1.103499085039400841e-02
-7.668525072144880994e+01 -2.696291590846623194e+02 2.338595646220855556e-02
7.669966733463996889e+01 2.697797929193974937e+02 1.946442507198900551e-02
-7.681200521521222413e+01 2.696737664383426818e+02 -3.358073716920505648e-03
1.216760409906219564e+02 2.419383627203189633e+02 -7.755995040869927415e+00
4.534067534168049463e+01 1.954897519744853298e+02 -2.112280070476582949e+01
4.534785826927717522e+01 2.663034115323177389e+02 -7.860908332521082009e+00
-1.217218318069248824e+02 2.419038820730296493e+02 -7.806290623948034302e+00
-4.541490309940377301e+01 1.956647324801426180e+02 -2.111456836625266575e+01
-4.543537209425289802e+01 2.661816255071757951e+02 -7.894959458256553653e+00
6.757498539686403183e-02 2.399835265368441810e+02 -1.573021930175479000e+01
1.217214016206024922e+02 -2.419710511338768697e+02 -7.801896710443498861e+00
4.543213441413914921e+01 -1.956616265283757627e+02 -2.110877158862266967e+01
4.543731292561146518e+01 -2.663170555680811162e+02 -7.897706559428148587e+00
-1.216968530159045940e+02 -2.420409408047466968e+02 -7.789897289674455827e+00
-4.534137958481982622e+01 -1.954752014857105564e+02 -2.112322771177867864e+01
-4.538068050890596794e+01 -2.664798171217845493e+02 -7.866514852372845645e+00
-7.522306701596187528e-02 -2.400021352659259435e+02 -1.574086923760087942e+01
-2.894898785853913803e-02 7.593077288572874295e+01 -2.847795189796089943e+01
-1.061063398678558159e-02 -7.593808351953619251e+01 -2.840218545351363488e+01
1.217417565733817213e+02 2.419325793635723869e+02 7.827186221313539249e+00
4.541344471189642462e+01 1.956520284677363861e+02 2.109792111336621190e+01
4.543232776620691027e+01 2.662206597331183389e+02 7.881440831229241439e+00
-1.217956997988980987e+02 2.420863658379549861e+02 7.780699808553354302e+00
-4.535898231118471102e+01 1.955212066939668603e+02 2.113346542942525730e+01
-4.541217729738200859e+01 2.663350855586314765e+02 7.869922108680211359e+00
-1.202336434006082838e-01 2.399033115980089121e+02 1.571501875982449548e+01
1.217421463165800617e+02 -2.419225268783574450e+02 7.778397033345197720e+00
4.535935230949815633e+01 -1.955374374493928826e+02 2.114326486641902036e+01
4.542202381471850003e+01 -2.662591576299421945e+02 7.850032825552927029e+00
-1.216938174289835928e+02 -2.419044802205503117e+02 7.818740711075496286e+00
-4.542191305258334211e+01 -1.956951281467884485e+02 2.109620541068757760e+01
-4.539677797815429727e+01 -2.661621740329989620e+02 7.899869418036324475e+00
1.041942243544019403e-01 -2.399383090815655919e+02 1.573401519305435592e+01
1.700613509846296903e-02 7.591437972864218864e+01 2.840701997358136666e+01
-1.188949156736822214e-02 -7.592847367431453165e+01 2.844316740644790542e+01
-1.946276713322789362e+02 -1.968339082247828458e+02 4.786324125127106477e+00
-2.416804613538149624e+02 -7.281421607741488344e+01 1.301423215933689725e+01
-1.641698480411714058e+02 -1.924157224475702037e+02 1.270288750804873956e+01
-1.948343496940343300e+02 1.969283263142035310e+02 4.838426795588540053e+00
-2.419584600950160223e+02 7.313324392767506765e+01 1.297586890379112923e+01
-1.641090350241946396e+02 1.923492653440183915e+02 1.275758420430930862e+01
-7.326604775031508154e+01 1.225890534229562547e+02 2.601101326570515582e+01
-1.979155144936863451e+02 4.538393579006236678e+01 2.085726762847805205e+01
-1.212704157087279526e+02 1.659127917940265888e+02 2.070362837033885484e+01
-7.478687480252540354e+01 4.249872240169423776e+01 2.816706980658314308e+01
-1.927048123847363001e+02 1.203620637869093457e+02 1.764069646856525964e+01
-7.326826513308978406e+01 -1.225782560926924418e+02 2.598459325818454246e+01
-1.976329474461091138e+02 -4.531389035891024974e+01 2.087197640521607411e+01
-1.213187603989020857e+02 -1.660021341821094154e+02 2.065938344231912538e+01
-7.475100402803511201e+01 -4.247287035827585555e+01 2.816571554812177780e+01
-1.924697612747540347e+02 -1.202776333113213525e+02 1.761399576079406160e+01
-1.453363040956018040e+02 -9.479996131509441440e-03 2.568567696889407870e+01
-1.947337958988677258e+02 -1.967368073910964199e+02 -4.837672115189829647e+00
-2.419220932445206813e+02 -7.306585369049314238e+01 -1.298897876770677406e+01
-1.640251429364425917e+02 -1.922758701163648141e+02 -1.274393625957329057e+01
-2.388462266835766741e+02 -1.473801793454693438e+02 -5.211201846975932472e-03
-1.947619239913406943e+02 1.969611395677667929e+02 -4.798891050628544264e+00
-2.418354163239361299e+02 7.291105343986576770e+01 -1.302527942467268041e+01
-1.642575559208533207e+02 1.923781068777562098e+02 -1.271792456655957082e+01
-2.389207006958577892e+02 1.474626751764762105e+02 -4.217330080257739836e-04
-7.325037768528966353e+01 1.225987158710248650e+02 -2.600073454579852239e+01
-1.976896359177181637e+02 4.534756960471070641e+01 -2.088800173569904572e+01
-1.213512906967298619e+02 1.659837265499175487e+02 -2.069612597638549190e+01
-7.478094915564747680e+01 4.249830214112280657e+01 -2.821919948313706072e+01
-1.926483139965065732e+02 1.203294657392494855e+02 -1.765001957464828664e+01
-7.325496707202803748e+01 -1.225625656049879808e+02 -2.596396114254551790e+01
-1.978029764555507768e+02 -4.533095325046961932e+01 -2.083251961222338622e+01
-1.212176778845413168e+02 -1.658896995321680947e+02 -2.068803862345371414e+01
-7.477427511797465343e+01 -4.249033339123299413e+01 -2.819774412129446262e+01
-1.926249687663285783e+02 -1.203230647874757580e+02 -1.762769384915103288e+01
-1.453356296029642749e+02 1.349448846994466718e-02 -2.567011100348929276e+01
-2.697953989895224254e+02 8.743383814253942454e-02 8.158204416251045643e+00
-2.698317786787840191e+02 5.544984187815774415e-03 -8.163293719136012427e+00
-2.669612366588186205e+02 -7.368354763337890745e+01 4.874596884837794519e+00
-2.670139473921730087e+02 7.381535225731164473e+01 4.841565192355520963e+00
-2.670529394994377981e+02 -7.370113737681680277e+01 -4.864281200381011416e+00
-2.670809820450169241e+02 7.382920668341462545e+01 -4.875080360761949727e+00
1.948220030754760046e+02 -1.967950559873926863e+02 4.842462573950551352e+00
2.419816203953690774e+02 -7.305871900367195337e+01 1.298540561779289249e+01
1.640998391102013159e+02 -1.922642507393080962e+02 1.276238357203270546e+01
1.948206147306331957e+02 1.969778395476759272e+02 4.810430432628955977e+00
2.419459022121085070e+02 7.294838150368227048e+01 1.303386268220800126e+01
1.642587802319270907e+02 1.923719391985181915e+02 1.270854622140016232e+01
7.325382369032415397e+01 1.225662402378939078e+02 2.599566613579288443e+01
1.977242174855312555e+02 4.533220558612959650e+01 2.089985759241742258e+01
1.213213213271513524e+02 1.659282598323934508e+02 2.068041452351616272e+01
7.471908116676456757e+01 4.248954593386584833e+01 2.811668087083523559e+01
1.926170960177226732e+02 1.202636798865926266e+02 1.763952978828626783e+01
7.326229847285802066e+01 -1.226064502714201012e+02 2.600323439312403551e+01
1.979234851327387616e+02 -4.536688978108174553e+01 2.085615288531356981e+01
1.212396557320068666e+02 -1.659020012161509214e+02 2.069410365894996673e+01
7.475357216302651864e+01 -4.252110968304898364e+01 2.818202283334212765e+01
1.927225236972023481e+02 -1.203386075404733759e+02 1.762769154244008618e+01
1.453346267897291568e+02 1.433082021280886707e-02 2.565857849986180739e+01
1.947524545464357573e+02 -1.969576939705225413e+02 -4.783418541647145084e+00
2.418517987247960264e+02 -7.295233684800476226e+01 -1.302583534473523486e+01
1.642657122182750129e+02 -1.924031328864726333e+02 -1.272134990441671576e+01
2.389133964886512729e+02 -1.474438097454080037e+02 2.286846637730190201e-03
1.947415296744920852e+02 1.967419689146653070e+02 -4.830279986396008418e+00
2.419733458634323995e+02 7.306109347998486214e+01 -1.298701036917041840e+01
1.639845332660629253e+02 1.922112424527965970e+02 -1.274349170118582286e+01
2.388984450455915010e+02 1.473504711540358585e+02 -1.228585119991455754e-02
7.327502353862271889e+01 1.225962635661418574e+02 -2.600076815908367678e+01
1.979087331447993563e+02 4.534610606816409728e+01 -2.086409837386057831e+01
1.212439812303233708e+02 1.658625477604857963e+02 -2.067611780193025339e+01
7.479866398674818129e+01 4.249268464324284622e+01 -2.822502005518986579e+01
1.926685815907936785e+02 1.203235245420049893e+02 -1.761685280422216948e+01
7.326154479715985701e+01 -1.225579554385829937e+02 -2.599304118657593321e+01
1.976663521261919527e+02 -4.532995733723397791e+01 -2.087875892971603875e+01
1.213565235955932025e+02 -1.659763593962346704e+02 -2.066966422757854005e+01
7.479089790808119176e+01 -4.246719139807942867e+01 -2.813988305463918138e+01
1.926691768783630891e+02 -1.203279331220997079e+02 -1.765466197908037671e+01
1.453358384121827100e+02 3.113392308544279518e-03 -2.567328407735912776e+01
2.699193606568284736e+02 4.400921615997275237e-03 8.196100626061801009e+00
2.698954500068316520e+02 -2.009709006204672341e-02 -8.173836393975637549e+00
2.670491562216058696e+02 -7.374735177882610060e+01 4.841990537787543403e+00
2.670339936255265911e+02 7.374784922462956160e+01 4.882891660105995513e+00
2.670399208973974510e+02 -7.382490985149529195e+01 -4.861087142849373599e+00
2.669767425228700972e+02 7.369275465709189632e+01 -4.846697919742575245e+00
1.132402834038793458e+02 -2.564956788695909609e+02 -2.573809153897835700e-03
3.872305297455162787e+01 -2.775441642045511230e+02 -1.160894101815077711e-02
-1.131974523370437566e+02 -2.565344007096896917e+02 1.466683033584772686e-02
-3.870808239922269678e+01 -2.775535391728836316e+02 1.304873807673118460e-02
1.132719783241336842e+02 2.566222470381371750e+02 1.957101366532053646e-02
3.857502520330939433e+01 2.778647057697272089e+02 1.878054147247574385e-02
-1.133049868512685521e+02 2.566072356384200361e+02 -1.150972637012575087e-02
-3.890432143023397771e+01 2.777222389395392383e+02 -1.680572277526325847e-02
1.360143888180561760e+02 2.424600216105426114e+02 -3.910014628496419675e+00
1.051260128685620714e+02 2.369360308948669456e+02 -1.145514582866972653e+01
1.005086734106549500e+02 2.590586908812429101e+02 -3.941925388403789920e+00
2.301193186404418967e+01 1.741035961894033903e+02 -2.367898853276710724e+01
6.671702381653663849e+01 2.133680877135500111e+02 -1.820282872877861280e+01
2.294825335576869563e+01 2.766917795602456067e+02 -3.979802578582029682e+00
6.652226460385364248e+01 2.496388801215372837e+02 -1.151760366059850327e+01
6.174708910570694087e+01 2.708813352145697309e+02 -3.981080544088450690e+00
8.446648169836947773e+01 2.570160227912284654e+02 -7.882033725999996854e+00
-1.360282097031928288e+02 2.425470059048348048e+02 -3.945676555708304889e+00
-1.051695599334055089e+02 2.368258912764547119e+02 -1.151039556602503389e+01
-1.005958296516055839e+02 2.590547156643503399e+02 -3.984517650873557137e+00
-2.302097208097624303e+01 1.741622559955915222e+02 -2.366416172726162515e+01
-6.680690067216313821e+01 2.136529143769701591e+02 -1.821107529741536979e+01
-1.696057395324176639e-02 1.986200255055151160e+02 -2.141199316171489642e+01
-2.314009640667890721e+01 2.765894135850339808e+02 -3.977855406820938189e+00
-6.654085775642516865e+01 2.494138685726913991e+02 -1.157042848603557950e+01
-6.187047113712506530e+01 2.708474882087037940e+02 -4.001370466071501042e+00
-5.027055084536688478e-02 2.695665104942726771e+02 -7.967570185274878369e+00
-8.453579612268701737e+01 2.569229963073281624e+02 -7.936930714206722470e+00
4.400739346901070803e+01 2.369724411187185922e+02 -1.552982377627768606e+01
-4.392915822436400219e+01 2.370007153905724522e+02 -1.555033718785970542e+01
2.270115638658909418e+01 2.194643248163475846e+02 -1.864448436991406410e+01
2.296881530728619580e+01 2.558109791311937045e+02 -1.194885270505005437e+01
-2.268029745508492923e+01 2.194734524837912488e+02 -1.860393122786152631e+01
-2.293776725502108604e+01 2.557565273870279157e+02 -1.195189929448256194e+01
1.360375423727160751e+02 -2.425787993047934208e+02 -3.960348608828075712e+00
1.051559261988492864e+02 -2.368652409119584945e+02 -1.150276154985248844e+01
1.005659319736306827e+02 -2.591224560830993937e+02 -3.974540965189508501e+00
2.302543593264873323e+01 -1.741427423015926479e+02 -2.365831587743295827e+01
6.681858521771015091e+01 -2.136467653304326575e+02 -1.820962460217272394e+01
2.309802879040514512e+01 -2.766632389174002356e+02 -4.000924604368766069e+00
6.656207746874514442e+01 -2.494814873037013570e+02 -1.157747292860877764e+01
6.184669731949180260e+01 -2.708992497204844767e+02 -4.002588409384184587e+00
8.451616325693375131e+01 -2.570154106076204243e+02 -7.939958220913439391e+00
-1.359714999286711361e+02 -2.425873827450128886e+02 -3.924473754260681346e+00
-1.051432377509031539e+02 -2.370079814592701553e+02 -1.146125597463175794e+01
-1.005166317818507054e+02 -2.592478080465295420e+02 -3.929412227905166421e+00
-2.300156163076021443e+01 -1.740947666148422002e+02 -2.366095310752625736e+01
-6.669629412034647942e+01 -2.133775374184959617e+02 -1.822823321376361250e+01
3.528739323945830064e-02 -1.986181344212729130e+02 -2.140578420119258141e+01
-2.304837598553624289e+01 -2.767352252707747766e+02 -3.999960337686311540e+00
-6.655464466076294627e+01 -2.497577011422775968e+02 -1.151926446568384499e+01
-6.175445645916244786e+01 -2.710247533001096372e+02 -3.977561171820183983e+00
3.725791536639733170e-02 -2.697794757675766846e+02 -8.003450413579948020e+00
-8.451362011056609447e+01 -2.571768045378865395e+02 -7.921606427099701975e+00
4.392921099674298091e+01 -2.370119848286130662e+02 -1.552795538069366366e+01
-4.403283191160197418e+01 -2.370217063554713377e+02 -1.553501035411041009e+01
2.270639022138771423e+01 -2.194901770181149629e+02 -1.861679699425257084e+01
2.295127584983438140e+01 -2.558793913041328949e+02 -1.196882286388086314e+01
-2.268989876174704534e+01 -2.194490012638373457e+02 -1.861838636843877026e+01
-2.295054225486491006e+01 -2.559419788193447971e+02 -1.196789975755793911e+01
-3.296781212055766713e-02 1.130017836732463508e+02 -2.742763117034681741e+01
-3.465950763728824734e-03 3.839269540722535368e+01 -2.932159095590027320e+01
2.509352881720986958e-02 -1.129283650295767956e+02 -2.733428521643343601e+01
-2.018379414700049654e-02 -3.829708120339454069e+01 -2.921069888453956054e+01
1.360246206752817955e+02 2.425355681514785715e+02 3.959643467117649696e+00
1.051786117800689198e+02 2.368244826293079370e+02 1.150159186828468805e+01
1.005757258483007632e+02 2.591293108216138421e+02 3.961923015967239614e+00
2.302524145364527186e+01 1.741371777912179368e+02 2.367528130795703589e+01
6.678823466613570758e+01 2.135777828856072347e+02 1.817291683083599452e+01
2.301247786360783110e+01 2.766451898550675423e+02 3.987132731776665828e+00
6.655202877656317639e+01 2.494082184408867988e+02 1.158589408597319270e+01
6.180611757634812875e+01 2.709269000744989171e+02 3.992866759790866027e+00
8.453015853285984349e+01 2.570095487131854952e+02 7.951046795289441249e+00
-1.360564599587668511e+02 2.426272457156589439e+02 3.906808304225851902e+00
-1.051859914328729815e+02 2.370320440869619176e+02 1.145633010115673578e+01
-1.005731936027068230e+02 2.591469501757345029e+02 3.926379207133656291e+00
-2.300933235113519615e+01 1.741143532828303933e+02 2.365879408455757726e+01
-6.674577305036224573e+01 2.134576741894316001e+02 1.822971137190810254e+01
1.139850436787356522e-02 1.985465792366682649e+02 2.139499548055826139e+01
-2.310470471447583662e+01 2.766355708526443777e+02 3.978017454791603846e+00
-6.656486168589293584e+01 2.496378402245094605e+02 1.152029820674614591e+01
-6.182863796003321255e+01 2.709066485707692777e+02 3.975403860103461362e+00
1.445774626722002264e-02 2.696266466348891413e+02 7.973115381352156028e+00
-8.455198063719470269e+01 2.570799990064811027e+02 7.905147859359052731e+00
4.391480943765670730e+01 2.369650101513757647e+02 1.554761853161169505e+01
-4.405113176554064580e+01 2.369028476969483563e+02 1.553089311206839795e+01
2.267185005808908471e+01 2.193818214135746700e+02 1.861298220725358377e+01
2.289829073774150103e+01 2.557399876697333809e+02 1.193857459305644397e+01
-2.272267800896293366e+01 2.193578544045834917e+02 1.859827297476093477e+01
-2.300483780763789809e+01 2.558436707625282054e+02 1.194596920523727768e+01
1.360495020131207298e+02 -2.424321527420416089e+02 3.900777528679721939e+00
1.051747923879335644e+02 -2.369593691633992592e+02 1.144293023388973474e+01
1.005746032848737599e+02 -2.589771909737484066e+02 3.917226602982516237e+00
2.301662585608694656e+01 -1.741230765518276939e+02 2.366988698317618756e+01
6.673845255382971686e+01 -2.134309183567890216e+02 1.821947854811229206e+01
2.308292990437992387e+01 -2.765215130244595230e+02 3.973721679604146573e+00
6.657574557352313604e+01 -2.495991317793103690e+02 1.150810058662403890e+01
6.178108115757403596e+01 -2.707717666681657533e+02 3.962442384544976548e+00
8.454737965919937892e+01 -2.569430095928368019e+02 7.901823231998376329e+00
-1.359742312853485657e+02 -2.425050070731932692e+02 3.974216378162993557e+00
-1.051461701797870774e+02 -2.369003500709176819e+02 1.150163531162927555e+01
-1.005381095043755124e+02 -2.590187116383896182e+02 3.951064181541329212e+00
-2.303207601643887514e+01 -1.741603026346199954e+02 2.367075460235792761e+01
-6.680545500601539288e+01 -2.136538142931671587e+02 1.819749507989816806e+01
-1.302779772378397571e-03 -1.985770649907584016e+02 2.142166948654770309e+01
-2.306631699440339034e+01 -2.764767311203884788e+02 3.980927716231885682e+00
-6.653063742606953213e+01 -2.494227879565822548e+02 1.159463865238593883e+01
-6.179533205860389700e+01 -2.707492317685211560e+02 3.984454154144231097e+00
-8.831445038379813592e-05 -2.695692483482416151e+02 7.992880915977528034e+00
-8.450545952423054530e+01 -2.569962782288537255e+02 7.941700198818222312e+00
4.405416915723437654e+01 -2.369546504518689574e+02 1.553726545866556030e+01
-4.390994356050293135e+01 -2.370134465156608314e+02 1.556030388622889049e+01
2.273325357355876619e+01 -2.194126693508601420e+02 1.862813027263892351e+01
2.299023836144724342e+01 -2.558292135314035818e+02 1.192046964525382968e+01
-2.271098612947314876e+01 -2.194467239928428626e+02 1.861522555217439034e+01
-2.290928599463005710e+01 -2.557244667218239158e+02 1.195692280150053577e+01
-2.056306057983011554e-02 1.129567225979445055e+02 2.736193672423859979e+01
-9.589606073234996711e-03 3.835872602137272480e+01 2.925121000088082113e+01
-3.855572827611684211e-02 -1.129780455310975071e+02 2.737029662905321814e+01
2.141570177203070205e-02 -3.835916508435548877e+01 2.926735592406663500e+01
-1.727311672787725456e+02 -2.197546218934477338e+02 2.417870281033949187e+00
-2.126649333186709043e+02 -1.701245390046602779e+02 7.074335125110501998e+00
-1.601953691273097604e+02 -2.221154937226299921e+02 6.359072673797007802e+00
-2.425248841185272681e+02 -3.672443925786435415e+01 1.453586964718722285e+01
-2.363684863717790279e+02 -1.075170937208701645e+02 1.121358656321322478e+01
-1.269023869280952681e+02 -2.120080361535830775e+02 1.401093499730411729e+01
-1.975828976211508632e+02 -1.682598836174703649e+02 1.110477058487220248e+01
-1.446932160218416357e+02 -2.198721100148014216e+02 1.034491725346512503e+01
-1.814303796729686837e+02 -1.969848342050364352e+02 8.858355516087394577e+00
-1.729609103475204677e+02 2.198641969212859806e+02 2.435266071643992447e+00
-2.129717271634212636e+02 1.702838263326418371e+02 7.123100098637725530e+00
-1.603065577917762710e+02 2.223332591947427659e+02 6.390206693437455954e+00
-2.427902804160824246e+02 3.700456526693256620e+01 1.452285181384659651e+01
-2.366350831170775564e+02 1.078012130411845675e+02 1.121529768831670992e+01
-1.267173172032289727e+02 2.118937477364043502e+02 1.400838363723423008e+01
-1.977051083274779728e+02 1.683159808668277151e+02 1.113920100865631291e+01
-1.448313509592781543e+02 2.199767854179264930e+02 1.037541848498654140e+01
-1.816587651821670022e+02 1.971524444049998976e+02 8.887576175262637435e+00
-3.690954414587218935e+01 1.370545493381860922e+02 2.608019148139880983e+01
-1.083764664824967383e+02 1.061013320079574243e+02 2.548106789329889921e+01
-6.079845874987313437e+01 1.616973065328827488e+02 2.394412739259906076e+01
-3.701883736593918428e+01 9.960541747843835481e+01 2.761161992275753363e+01
-2.206316302076752720e+02 2.279308793560867485e+01 1.845897750191409514e+01
-1.716581064569466264e+02 6.710167190497651291e+01 2.286264762312897147e+01
-2.226413332869402950e+02 6.010298417265056514e+01 1.714570184074494108e+01
-1.054251683713116563e+02 1.991543119093795724e+02 1.808773476801788860e+01
-1.343227350470664021e+02 1.285601638672328022e+02 2.287821549887704720e+01
-8.342746597492896399e+01 1.820812254386646600e+02 2.113570626212955617e+01
-1.439113322935825465e+02 1.810514412379650082e+02 1.693459505763386375e+01
-9.786296707896433134e+01 1.461067745145270749e+02 2.365376729406301237e+01
-3.862354438690569225e+01 1.999460667191670638e+01 2.917065357554109539e+01
-1.094287094878324211e+02 6.482337844413198980e+01 2.678382432411688541e+01
-3.708169491609077539e+01 6.164066576242957041e+01 2.853697644568498504e+01
-7.337518148500954851e+01 8.435740845721579717e+01 2.742275130416814477e+01
-2.121525749155624396e+02 1.318224446472541445e+02 1.362351801968214460e+01
-1.687509278609634293e+02 1.058251119960389843e+02 2.127114547855257243e+01
-2.197782710770034669e+02 9.720541175668905964e+01 1.548275345315355089e+01
-1.806105134247174249e+02 1.580769221051971272e+02 1.542160920928089496e+01
-1.978292240340918511e+02 8.341328162404931845e+01 1.944837288707736533e+01
-1.584872454584009347e+02 1.445883147812376137e+02 1.940119784305538886e+01
-3.692710940594473357e+01 -1.370098130762823985e+02 2.605963879454541043e+01
-1.083320985906574947e+02 -1.060890304087553062e+02 2.544310545950490621e+01
-6.080511809563028436e+01 -1.617278306604532077e+02 2.394432078591350788e+01
-3.705273556700976201e+01 -9.955377989382643023e+01 2.758227725291855847e+01
-2.203892718077668178e+02 -2.285836389663702661e+01 1.849744754705402983e+01
-1.715485532074553987e+02 -6.705630283212896359e+01 2.288219839772869335e+01
-2.223805795371695524e+02 -6.010627694751987349e+01 1.713684751922781757e+01
-2.000064702496821951e+02 4.463794723422337407e-02 2.113843002860206965e+01
-1.054931383929215230e+02 -1.993564322610785382e+02 1.802023188012138277e+01
-1.343196643627446463e+02 -1.286051327426423541e+02 2.286308259782556362e+01
-8.347431303948560810e+01 -1.821800757782612550e+02 2.112287986207844170e+01
-1.439225774779775122e+02 -1.811335895775968652e+02 1.689732843388861383e+01
-9.787934753954964151e+01 -1.461812818176454698e+02 2.366560120765212361e+01
-3.858929454416425386e+01 -2.003935402734499860e+01 2.917013031447644877e+01
-1.094220224778274826e+02 -6.481428516114030458e+01 2.674512549275612372e+01
-3.709175015240921880e+01 -6.161445056520728514e+01 2.853916328348323361e+01
-7.474754898695057648e+01 1.736109922060906363e-03 2.847257529116867047e+01
-7.339078116748726188e+01 -8.435317098146065007e+01 2.742036012502949305e+01
-2.119766900876446982e+02 -1.317532676124932323e+02 1.360888139221671800e+01
-1.686074892656166639e+02 -1.057851319100661556e+02 2.130402933369417440e+01
-2.195769185152826708e+02 -9.715847946804657909e+01 1.546977089390931148e+01
-1.804982267791241668e+02 -1.580861030033502175e+02 1.538785252772899526e+01
-1.975670096414438035e+02 -8.335756112232245130e+01 1.943397808595245024e+01
-1.584087800157647052e+02 -1.445305998892817456e+02 1.939804143854126295e+01
-1.439927255219127744e+02 4.396200587225632006e+01 2.537663677968696874e+01
-1.440212452918273982e+02 -4.395886262343071849e+01 2.536596632304329191e+01
-1.756526760378947927e+02 2.272402615567172290e+01 2.353741383421570532e+01
-1.106135544602883272e+02 2.192074353370800921e+01 2.731981715201591143e+01
-1.756396426363012608e+02 -2.272622222875215314e+01 2.353591355222092929e+01
-1.106474362439481638e+02 -2.190230913884174058e+01 2.730724849466931659e+01
-1.728129689717319479e+02 -2.196447194535201959e+02 -2.445794055600269967e+00
-2.127945219995049513e+02 -1.700743950383249228e+02 -7.133735136809113087e+00
-1.601570176809902932e+02 -2.221783858189469925e+02 -6.384565642941630870e+00
-1.973573164050519324e+02 -1.993803185809985905e+02 8.403407246849294368e-03
-2.427487417758563026e+02 -3.689773529012720132e+01 -1.451325129422427374e+01
-2.366214403760715754e+02 -1.077119437866969491e+02 -1.120098112452822292e+01
-1.266896590230263087e+02 -2.119090800369894509e+02 -1.404531045429928149e+01
-1.975648400653801104e+02 -1.681773987871649467e+02 -1.114381921897366823e+01
-1.447188344709560113e+02 -2.198342390946216653e+02 -1.037133102790495975e+01
-1.814980213238999909e+02 -1.969685479162880029e+02 -8.868548998536054384e+00
-2.357288084055369950e+02 -1.455111329691468427e+02 4.665583698914428368e+00
-2.357458292547565293e+02 -1.454864998630960145e+02 -4.695844195083901162e+00
-2.190117018584836046e+02 -1.738776684041272915e+02 2.431440876335327683e+00
-2.190348995760333253e+02 -1.738706814380781225e+02 -2.444406895583871364e+00
-1.728652498502246715e+02 2.199356981830004543e+02 -2.426596966493324459e+00
-2.128940821574977633e+02 1.702993805439612913e+02 -7.076013969614689536e+00
-1.602633220386119888e+02 2.221983215355253947e+02 -6.381427229878010365e+00
-1.974280822668368955e+02 1.995049637101152769e+02 9.069580215229968226e-03
-2.426522099687943808e+02 3.684474602441466118e+01 -1.452950616611712142e+01
-2.365675650119422357e+02 1.076134994767289186e+02 -1.123977025554791531e+01
-1.269268806022570715e+02 2.119261736007679531e+02 -1.402367243427421428e+01
-1.977453911258299399e+02 1.683238795224033311e+02 -1.111338745670205164e+01
-1.447421136349593951e+02 2.198618756791158262e+02 -1.035374816428995004e+01
-1.815730188685590178e+02 1.970511886532448216e+02 -8.858041835782664464e+00
-2.358566078887297124e+02 1.456425159132981264e+02 4.710044671646645753e+00
-2.358389398582036165e+02 1.456033596726207691e+02 -4.674328307450311470e+00
-2.191302362184956678e+02 1.740351481893505365e+02 2.437899327211646039e+00
-2.191182448039289739e+02 1.739996770195510578e+02 -2.415817030458917714e+00
-3.691824666547675804e+01 1.370378197270027840e+02 -2.606721590463896732e+01
-1.083365555343025761e+02 1.060905706247682616e+02 -2.547305591904554589e+01
-6.081580680880814782e+01 1.617139951577833870e+02 -2.395032617146895859e+01
-3.703930017726255386e+01 9.955117179019138973e+01 -2.762305286402526505e+01
-2.204085812178389574e+02 2.287731371252645829e+01 -1.850970967329037009e+01
-1.715591523854317586e+02 6.707749101000314340e+01 -2.288284309060135868e+01
-2.224949446769181520e+02 6.015960519521902228e+01 -1.715183401010342834e+01
-1.054898342339331947e+02 1.993277642673187700e+02 -1.805455607717640731e+01
-1.343002151635914458e+02 1.286168338376786835e+02 -2.286527452209364242e+01
-8.347096403886965277e+01 1.821832711713381912e+02 -2.112285688205156120e+01
-1.439662517922844529e+02 1.811120933705588243e+02 -1.689475081830431691e+01
-9.787656191251944904e+01 1.461754834935789518e+02 -2.364958787667103124e+01
-3.860791632327875078e+01 2.003491797605035885e+01 -2.924097562563858688e+01
-1.094336950638187318e+02 6.483779411286776906e+01 -2.675315941651272311e+01
-3.710896192579308916e+01 6.164106909053810313e+01 -2.857297252392031339e+01
-7.339393718505320408e+01 8.432812353141559925e+01 -2.741971727267996783e+01
-2.121064491854264134e+02 1.318379351840378035e+02 -1.364729051583565855e+01
-1.686714187069325988e+02 1.058385276669431789e+02 -2.130563900651495857e+01
-2.196874092254343225e+02 9.722472712071528633e+01 -1.549255830039847304e+01
-1.806131648335176294e+02 1.580876285390757801e+02 -1.538196141352580426e+01
-1.976788445081901386e+02 8.342791864865012030e+01 -1.945716388838123478e+01
-1.585046180973029095e+02 1.445791780620499480e+02 -1.941779815540957799e+01
-3.690142001649525838e+01 -1.370070561083285270e+02 -2.605291055252603272e+01
-1.083396467423726506e+02 -1.060494074111540215e+02 -2.544636168071593829e+01
-6.078342517107869725e+01 -1.616336453782313640e+02 -2.391587191326576445e+01
-3.702841688827476219e+01 -9.956385263305107003e+01 -2.757839517154448927e+01
-2.205269801171223776e+02 -2.278178696724318542e+01 -1.846127698970324360e+01
-1.715846072258303820e+02 -6.708511623799630286e+01 -2.284832559543013630e+01
-2.225890276994343253e+02 -6.003528580017714944e+01 -1.713290922080351919e+01
-1.999186625938944530e+02 -2.983528391221746887e-03 -2.111930858918718101e+01
-1.053446036872806246e+02 -1.990709093519667192e+02 -1.804940392311362984e+01
-1.343130797977892712e+02 -1.285646099020887618e+02 -2.286254131756752628e+01
-8.333261527611236374e+01 -1.819763567474182935e+02 -2.111403085494058374e+01
-1.438610598811926593e+02 -1.810284695846283114e+02 -1.692895457815297533e+01
-9.783688258397179993e+01 -1.460814497217500332e+02 -2.361785438505961565e+01
-3.861315469350500251e+01 -2.001500692380598778e+01 -2.921106017027807766e+01
-1.094493686681675939e+02 -6.481759273367765672e+01 -2.677037063124813798e+01
-3.708081776969082455e+01 -6.161790195867745723e+01 -2.854671311854627191e+01
-7.478099843822725745e+01 -2.214791965615735270e-02 -2.853749179448337259e+01
-7.335395612999271009e+01 -8.432354944924135509e+01 -2.740057204193552209e+01
-2.121045784254478122e+02 -1.317631907558292141e+02 -1.360971626802671786e+01
-1.687129736259578294e+02 -1.058031842321692864e+02 -2.126542081022461872e+01
-2.197297487769068880e+02 -9.717587272026727874e+01 -1.546495393961314591e+01
-1.804998512103302346e+02 -1.580220628040931672e+02 -1.539286249328100453e+01
-1.977535992912721383e+02 -8.337422421086142776e+01 -1.941733409354205264e+01
-1.584304903057896752e+02 -1.445411442003386071e+02 -1.939683588221468113e+01
-1.440176567847625222e+02 4.398424106461578731e+01 -2.536430241961437559e+01
-1.439764767193188106e+02 -4.396099211154330533e+01 -2.534520249433813177e+01
-1.755668800579618676e+02 2.272647935766680050e+01 -2.351473351881428542e+01
-1.106605678561821406e+02 2.191405316939131609e+01 -2.735493999108325980e+01
-1.755260054010551585e+02 -2.271239194384768467e+01 -2.351111277905517127e+01
-1.106819781195565469e+02 -2.190673363119968897e+01 -2.733802256474248438e+01
-2.565826126479984737e+02 9.555162262071689727e-02 1.209996244460587889e+01
-2.780686806187320599e+02 6.053508502534981489e-02 4.114827614552868162e+00
-2.590830917138575273e+02 -3.690214435109471225e+01 1.070663652716778103e+01
-2.592253557558148600e+02 3.705187038454451454e+01 1.071610493311915313e+01
-2.565746662345138134e+02 3.472848573906872627e-02 -1.208958883633828130e+01
-2.780613020707377814e+02 4.322280184740532466e-02 -4.105661631708935388e+00
-2.592383197985951142e+02 -3.692764069473722088e+01 -1.071894537689746230e+01
-2.592949195581510935e+02 3.703597179703722730e+01 -1.074841597061636200e+01
-2.500014162709475727e+02 -1.083575281650008577e+02 7.139309470351186349e+00
-2.773394863587410555e+02 -3.728696333433362753e+01 2.464910773652611464e+00
-2.567611991908283926e+02 -7.396704036655960124e+01 9.010878741343081089e+00
-2.562181801583025162e+02 -1.119782088758040004e+02 2.457729691469909827e+00
-2.709835504236836528e+02 -3.714736494994397731e+01 6.570449673816447067e+00
-2.501317990411918686e+02 1.085086284843830953e+02 7.144284743061424692e+00
-2.774090559368833624e+02 3.734733948627689415e+01 2.447760189270622888e+00
-2.568951418407588676e+02 7.415465702538112680e+01 9.007176543064138841e+00
-2.562450671659456702e+02 1.120578475597955617e+02 2.471815770582393323e+00
-2.710487586618240243e+02 3.732948921684741350e+01 6.568191619218183064e+00
-2.501198212886646957e+02 -1.083729386775615211e+02 -7.143669777063816895e+00
-2.774225406627170400e+02 -3.725199287323352593e+01 -2.452061805052858201e+00
-2.569045047404844695e+02 -7.402736632248658566e+01 -9.019417826805259608e+00
-2.562361268338542573e+02 -1.120090116472175055e+02 -2.473686574236184654e+00
-2.711113502826117383e+02 -3.724668621138533808e+01 -6.558479021905291084e+00
-2.705750851958557064e+02 -7.462833803352430095e+01 8.091699801866525377e-03
-2.501217432792635691e+02 1.084665207537889984e+02 -7.147918058986202361e+00
-2.773717610870988892e+02 3.740081971637624036e+01 -2.481928080672051617e+00
-2.569618878387792051e+02 7.408990540904851230e+01 -9.026425556006543616e+00
-2.562781867678882008e+02 1.120533698781367633e+02 -2.466142035801138999e+00
-2.711477837481099868e+02 3.724563213731875777e+01 -6.576626007960961751e+00
-2.705900155120294244e+02 7.471838002280748015e+01 -1.927568175200726486e-02
1.729469039979234992e+02 -2.197317487660882591e+02 2.449553831409888360e+00
2.129538443772988217e+02 -1.701342722954129556e+02 7.134018480079394209e+00
1.602658915059704725e+02 -2.221517991467546267e+02 6.380527458805291374e+00
2.428488305155572959e+02 -3.692574340733300886e+01 1.454393826874978757e+01
2.366572799170754138e+02 -1.077537752938121969e+02 1.121617289663567441e+01
1.267140835285858600e+02 -2.118518309336276957e+02 1.403290778196788757e+01
1.976756499176772763e+02 -1.682417716209571097e+02 1.115108690491743459e+01
1.448012300542198432e+02 -2.198690554159836665e+02 1.037286345288277545e+01
1.816240264655786234e+02 -1.969882392873687991e+02 8.884785019222400493e+00
1.728477738510659663e+02 2.199488758016452437e+02 2.424534564419580374e+00
2.129329819094672303e+02 1.703452435218185599e+02 7.081617942283451761e+00
1.603579526316593729e+02 2.222793789383664205e+02 6.401990386062371918e+00
2.427433973096324848e+02 3.684298406334654885e+01 1.457371065002394062e+01
2.366320597472085865e+02 1.076644875116849960e+02 1.126628299021002455e+01
1.269217478205530085e+02 2.119111778191225710e+02 1.401238804789989523e+01
1.977328204358626920e+02 1.683207698747459062e+02 1.112030047402815924e+01
1.448181705854136965e+02 2.199628433576547195e+02 1.036830537766419091e+01
1.816836868191406893e+02 1.971561108939518192e+02 8.858803391307205288e+00
3.692741162169555480e+01 1.369979790683257477e+02 2.608233010078046377e+01
1.083323382506926009e+02 1.060706324765184689e+02 2.544381300278145375e+01
6.079093430027846523e+01 1.617030775594276975e+02 2.394705745554687226e+01
3.709204185845484858e+01 9.950531391230742884e+01 2.755277378001259336e+01
2.205029944069952705e+02 2.288419330675282382e+01 1.853400774552285668e+01
1.715797178585559095e+02 6.706373505520323874e+01 2.287757682396047443e+01
2.225664483162413205e+02 6.013465721276735110e+01 1.717494524692918390e+01
1.054844995878744101e+02 1.992357056477302137e+02 1.800679583942647710e+01
1.343092150557190791e+02 1.285658397292073118e+02 2.286155420836022856e+01
8.344695372014672330e+01 1.821367408465305289e+02 2.110815066780520155e+01
1.439294057341496966e+02 1.810316149877706380e+02 1.690706811788481190e+01
9.788080628581158749e+01 1.461384269626863386e+02 2.364313980108474311e+01
3.859142351882278632e+01 2.005953828740452138e+01 2.916261312969443509e+01
1.094573651493848558e+02 6.481113232264090129e+01 2.675064597009264489e+01
3.709870534987135215e+01 6.160714692584603114e+01 2.851286398665506638e+01
7.335632421499610700e+01 8.431952417239936892e+01 2.737094989949269674e+01
2.121064484521574514e+02 1.318107109560705794e+02 1.364118511766478292e+01
1.686380993703142224e+02 1.057847539021267949e+02 2.129759956511956887e+01
2.197590921911346129e+02 9.722219405177486351e+01 1.550402827103202696e+01
1.805547430869093546e+02 1.580037575765693703e+02 1.540537689431667445e+01
1.976883595545624246e+02 8.339080294281025374e+01 1.947102166553592184e+01
1.584985815240322609e+02 1.445106123622941254e+02 1.940733706788094182e+01
3.692454880807543560e+01 -1.370400924938365392e+02 2.609567673292702494e+01
1.083759599739895805e+02 -1.060972678851815232e+02 2.545101769630671384e+01
6.080012843108610099e+01 -1.616901779537581660e+02 2.392415937975501450e+01
3.704534784983305684e+01 -9.958020507753033712e+01 2.761769498612207130e+01
2.206505092691845675e+02 -2.280796083812926511e+01 1.848676162199351580e+01
1.716729245709291547e+02 -6.710296600012577528e+01 2.286673493918519284e+01
2.226868021529457167e+02 -6.008594740433265002e+01 1.714975985564754524e+01
2.000311061323452009e+02 -1.475385783342161167e-02 2.115084973197801332e+01
1.053993727045582034e+02 -1.991034208047284437e+02 1.808464520610787929e+01
1.343411587765447450e+02 -1.285766783129389808e+02 2.288336626794243145e+01
8.339125124019959401e+01 -1.820518862227011141e+02 2.113561693239129369e+01
1.439050408325495027e+02 -1.810251078481469449e+02 1.693182090864032574e+01
9.786903094417492355e+01 -1.461210865674287049e+02 2.365926144088995287e+01
3.856624396020384893e+01 -2.003047202063576648e+01 2.920659706757831131e+01
1.094455084938890508e+02 -6.485753811192064688e+01 2.675383470716289835e+01
3.708937121269526216e+01 -6.162406429500751415e+01 2.856109914491960922e+01
7.478831405019312228e+01 -5.578320054591411579e-03 2.845478387961925293e+01
7.336112918146957895e+01 -8.433850128016196379e+01 2.741227912857957350e+01
2.121545176682728311e+02 -1.318142909608675097e+02 1.363371489032647155e+01
1.687561870284518761e+02 -1.058420126653491167e+02 2.127815612502026710e+01
2.198030782723185155e+02 -9.719779589114688179e+01 1.548166105417250371e+01
1.806090222275699659e+02 -1.580395635352288934e+02 1.541990910999595776e+01
1.978432979915083081e+02 -8.340819231264941891e+01 1.944141789912184848e+01
1.584975241895300542e+02 -1.445780135217873692e+02 1.942014652451348411e+01
1.440028919325167749e+02 4.395843945934772989e+01 2.535507079399847896e+01
1.440053131607392345e+02 -4.396940776874987478e+01 2.535404802976747263e+01
1.756463481157612989e+02 2.272037991130234502e+01 2.354261974155133430e+01
1.106457998883716698e+02 2.190000258286720936e+01 2.727285636046894268e+01
1.756593006772099841e+02 -2.272350895366706425e+01 2.354670039451997710e+01
1.106333100429668548e+02 -2.193303388522410913e+01 2.727396289685109210e+01
1.728831752084606705e+02 -2.199231396199069195e+02 -2.421824103262466998e+00
2.128773021275429471e+02 -1.703198963679308804e+02 -7.093471154693802738e+00
1.602776829890152896e+02 -2.222192538509489168e+02 -6.383431477396572795e+00
1.974010018245714946e+02 -1.994326023578875038e+02 -5.333443513527763059e-03
2.426753667873443021e+02 -3.685060467253828165e+01 -1.456153105424470340e+01
2.365591874867690763e+02 -1.076371701059327819e+02 -1.125508254355729321e+01
1.269143988263164573e+02 -2.119426287034476672e+02 -1.400085229461068437e+01
1.977384531301966319e+02 -1.683450165806397933e+02 -1.112905353738739578e+01
1.447194091057293406e+02 -2.198932507716305054e+02 -1.037203660039285325e+01
1.815730468393995807e+02 -1.970678770711668335e+02 -8.861735270164777134e+00
2.358481405666318835e+02 -1.455553671584446818e+02 4.699716589909622044e+00
2.358485065633955173e+02 -1.455945934273852345e+02 -4.665556438399243611e+00
2.191691726630258472e+02 -1.739355156958228008e+02 2.445062977900478884e+00
2.191107425003829121e+02 -1.739572741788102235e+02 -2.418314032247463441e+00
1.729076954995600772e+02 2.197661814871763681e+02 -2.446672281280982020e+00
2.128196783930410732e+02 1.700581476618137629e+02 -7.116852154438825018e+00
1.601720038165279050e+02 2.220902327000777632e+02 -6.379832424692033932e+00
1.974400790961342693e+02 1.994849941654274232e+02 -1.387976617614861304e-02
2.428448534483572416e+02 3.693500252756776803e+01 -1.453148987238758671e+01
2.366476452175769225e+02 1.077189778178015729e+02 -1.121787889216600576e+01
1.266451305280495632e+02 2.117912976871420767e+02 -1.400593366300339149e+01
1.975280151984039776e+02 1.681153881394976679e+02 -1.113080805202785761e+01
1.446791745592946370e+02 2.197862729187554862e+02 -1.035466747987862846e+01
1.814849984723865362e+02 1.968950751298559965e+02 -8.872885367119923927e+00
2.358276929033528688e+02 1.455544225868041508e+02 4.695278872000191228e+00
2.357319524867821201e+02 1.454544727813039344e+02 -4.691296824000031229e+00
2.191686072782064514e+02 1.739678774704276520e+02 2.399641910599489059e+00
2.190872774971407182e+02 1.739094863400537179e+02 -2.453733267038668231e+00
3.692036102862080327e+01 1.370194753610907412e+02 -2.610649958751622179e+01
1.083691237281316404e+02 1.060931206016964694e+02 -2.547299696193253027e+01
6.079638534622286272e+01 1.616759210147419310e+02 -2.393788304179589943e+01
3.703248693629605270e+01 9.959788498865357553e+01 -2.763261296089650187e+01
2.206151848166151979e+02 2.278369946675696767e+01 -1.847368555435862092e+01
1.716731663464395865e+02 6.711138115791796110e+01 -2.285857061362221643e+01
2.226272432617788866e+02 6.008090296198640345e+01 -1.715661860069345579e+01
1.053315185701647323e+02 1.990451853346070834e+02 -1.804609014680306700e+01
1.342996999807942871e+02 1.285451666336564358e+02 -2.287404877855742313e+01
8.336564381126751755e+01 1.820087489036305044e+02 -2.112109569918007423e+01
1.438591145812878551e+02 1.809764095700588769e+02 -1.691609233184290417e+01
9.785999638356651076e+01 1.461114896277010473e+02 -2.365629851531214456e+01
3.859277357971284061e+01 2.001240554535130300e+01 -2.923817611026872854e+01
1.094268355233053427e+02 6.483510559959501052e+01 -2.677885107735634662e+01
3.709122325907655693e+01 6.166575522550483157e+01 -2.859654526096536031e+01
7.337463901278198364e+01 8.437401121257182979e+01 -2.744621945188826828e+01
2.120735536597415489e+02 1.317542095157641313e+02 -1.359974346654717259e+01
1.687420352186744594e+02 1.058032205783604383e+02 -2.127983987257666953e+01
2.197762292295983855e+02 9.718222741748994054e+01 -1.546295398913200536e+01
1.805002568772537757e+02 1.580049038723462331e+02 -1.540016019901560007e+01
1.978144347573198729e+02 8.340981156187767454e+01 -1.943847046983040272e+01
1.584363344072656332e+02 1.445000297414767090e+02 -1.940203590533483080e+01
3.692181199361757393e+01 -1.370021706195583420e+02 -2.605594714078021923e+01
1.083231269424609167e+02 -1.060412957507019627e+02 -2.544700303823390186e+01
6.081623024988039816e+01 -1.617162094694988070e+02 -2.392729605891338451e+01
3.707189513346393994e+01 -9.950689502971508205e+01 -2.754738423702935179e+01
2.204199320309761561e+02 -2.288875098690885679e+01 -1.849844278570216360e+01
1.715310187778681552e+02 -6.705689587491971793e+01 -2.286353484002012593e+01
2.224976163787709424e+02 -6.017110825056604995e+01 -1.717166944945018514e+01
1.999692743435356874e+02 1.085077434661410253e-02 -2.114596163575136245e+01
1.055202326729680493e+02 -1.993316435816157082e+02 -1.803804656271471174e+01
1.343266580490258093e+02 -1.285962697333757205e+02 -2.287664114406283389e+01
8.345406128042952787e+01 -1.821759046595804534e+02 -2.113277960445759263e+01
1.439540326429089134e+02 -1.811085987531662624e+02 -1.690969163119915919e+01
9.788397852153238432e+01 -1.461618109000179402e+02 -2.365272737957416993e+01
3.860350748618247962e+01 -2.003531733518091684e+01 -2.917838533688434666e+01
1.094321809237616066e+02 -6.479965778458759473e+01 -2.674018262248415567e+01
3.705656172707464435e+01 -6.167960436309868300e+01 -2.851025567163400964e+01
7.475563833349218612e+01 4.393605189531190475e-02 -2.848648958122172203e+01
7.337235969404397906e+01 -8.427990111930662920e+01 -2.735340930511844704e+01
2.121115602225308407e+02 -1.318486496643505745e+02 -1.364414658116426082e+01
1.686613489746466428e+02 -1.058341817544128389e+02 -2.129976782276607494e+01
2.197072293496160000e+02 -9.722634231380823167e+01 -1.548571628165939273e+01
1.806122064939943925e+02 -1.580812113187441525e+02 -1.540695570113491542e+01
1.976874681144621775e+02 -8.340746236000937586e+01 -1.947629326920575821e+01
1.584992772253606859e+02 -1.445639317239184152e+02 -1.941577973256479339e+01
1.440142438540211174e+02 4.395783252567450461e+01 -2.536974296063710810e+01
1.439685479678925049e+02 -4.396849183174416709e+01 -2.536385289073431082e+01
1.756412567375789990e+02 2.272899644316915158e+01 -2.353733789479937144e+01
1.106209850673590864e+02 2.190978569180077784e+01 -2.731492393852502332e+01
1.756018639605392480e+02 -2.272704443899866433e+01 -2.354714153254091968e+01
1.106526300719870335e+02 -2.188623706535686253e+01 -2.730112630329947621e+01
2.567046337316147628e+02 4.389263458541968477e-02 1.208905754967624269e+01
2.781152696950970835e+02 -2.813963183285399933e-02 4.111769896364804389e+00
2.592898892701151681e+02 -3.694834857074149426e+01 1.072787590688830228e+01
2.593372026975017661e+02 3.700675852907312446e+01 1.073360839290180024e+01
2.566595208011215163e+02 -6.305318845532593974e-02 -1.209066131530643595e+01
2.780672141191253672e+02 -4.256219447603511175e-02 -4.104509942055963201e+00
2.593271875350351365e+02 -3.703674351573620527e+01 -1.073364676240942295e+01
2.593289437621748448e+02 3.693403195042746745e+01 -1.071840578190638027e+01
2.501692239008284560e+02 -1.084041698992716505e+02 7.146678824092767002e+00
2.774161841080962745e+02 -3.732274033000764035e+01 2.442089555153863945e+00
2.569266715194552830e+02 -7.403562004446035871e+01 8.999931977244896686e+00
2.562500343284916084e+02 -1.120310357356042061e+02 2.464471652933474477e+00
2.711156319821645297e+02 -3.728450607830392727e+01 6.558453192944434740e+00
2.501497671255446846e+02 1.084227543285522728e+02 7.151927534661422392e+00
2.773610486843653007e+02 3.732492170240559659e+01 2.477041106105315027e+00
2.570282037723007420e+02 7.408383404220215596e+01 9.032485409530011111e+00
2.561908983618685625e+02 1.119389181774618010e+02 2.458696977664216465e+00
2.711700116942882914e+02 3.722068995818398207e+01 6.585037560836180859e+00
2.501462822925885803e+02 -1.084747210099041155e+02 -7.143455489306853146e+00
2.773751495612207805e+02 -3.740710405417608797e+01 -2.464010692269695824e+00
2.569768583864451443e+02 -7.410483189081087119e+01 -9.027134855143737369e+00
2.562694007400021405e+02 -1.120418968177860535e+02 -2.463738429256198792e+00
2.711354935555166890e+02 -3.726758867449893131e+01 -6.593670651228301871e+00
2.705913765196194163e+02 -7.472876154660791315e+01 -1.396006740196577105e-02
2.500777546610526940e+02 1.083460356148840162e+02 -7.140171148528845713e+00
2.773184555023165103e+02 3.722550093403538085e+01 -2.426532569693476304e+00
2.569793407522773236e+02 7.404699797505918468e+01 -8.995226490522851392e+00
2.561740070307603787e+02 1.119040070931858253e+02 -2.452737693692091270e+00
2.711285068894845267e+02 3.722428346048640435e+01 -6.565209578469418439e+00
2.704672461502883607e+02 7.463156401563594500e+01 2.430776220119169537e-02
