1.403186560506402358e+01 -2.286679711928362480e+01 -7.187499473164415953e-02
-1.414922060197344678e+01 -2.319212071249021179e+01 1.312457702638622603e+00
1.404925006633454032e+01 2.252159734197105934e+01 -5.482581724261038209e-02
-1.535186904467579083e+01 2.310195758170371860e+01 -5.723550134623852648e-01
-7.784342679001093890e-01 1.382247723007995788e+01 -4.290328080425837243e+01
-1.831329536362477639e-01 -1.342787506247941565e+01 -4.027241345246346782e+01
1.011720394749736490e-01 1.288561764928215148e+01 4.056568192200422374e+01
-6.338671948741068096e-01 -1.315012202458495594e+01 4.135081567737169905e+01
-2.214341940936317243e+01 7.833209022208874606e-01 2.211916607315288630e+01
-2.198024298047654312e+01 -4.221160342300592228e-01 -2.033782507577733867e+01
2.333071576502409528e+01 -8.977173485995444402e-01 2.266894182640282907e+01
2.341571073525125968e+01 9.162396097441356801e-02 -2.146075894949698792e+01
-7.440608439475013269e-02 -2.673251032228488100e+01 -3.473958266330706146e-01
2.764588857392134558e-01 2.569078984365300400e+01 -4.732405828822641158e-01
8.300067714681786057e+00 2.148621104170460683e+01 -1.940132475802554879e+01
-7.761765496953228372e+00 2.089936856376704100e+01 -2.072768523409150276e+01
8.097894386398028388e+00 -2.114342735322831501e+01 -1.975152523375373903e+01
-8.397289126051790120e+00 -1.977402974251005219e+01 -1.988413306446700446e+01
-8.139687789736949064e-01 -1.749706842084764458e-01 -5.189600911740967604e+01
8.474947314866769332e+00 1.974885085423553122e+01 1.991039580123830177e+01
-8.364981934632103489e+00 2.132119916281275351e+01 2.027217319664892514e+01
8.439708500700717764e+00 -2.046844259492613460e+01 1.940499909683637014e+01
-9.355765363102046095e+00 -2.129258438044403334e+01 2.203669801739492229e+01
5.502588502409916371e-01 1.502588481289979022e-03 5.101707911037001253e+01
-1.976804284862806682e+01 -1.278308278855687696e+01 1.213563818998666477e+01
-2.283878428611780009e+01 1.291286366595666202e+01 1.241694203526581397e+01
-1.219291286320129508e+01 7.305890350615432460e+00 3.881583712242520789e+01
-1.251138783779427577e+01 -7.549434682242293526e+00 3.804530591132331807e+01
-2.005811860455329310e+01 -1.264993047715810448e+01 -1.354845780957307788e+01
-2.182446117449221390e+01 1.391808628311067153e+01 -1.359101539107699352e+01
-1.322146145083295821e+01 8.562744963027103751e+00 -3.885107534027753928e+01
-1.086125314006949871e+01 -7.907674278294174464e+00 -3.718675258394394945e+01
-2.581942407460491395e+01 9.190849504784543988e-01 5.548469939197459011e-01
2.126957282355865786e+01 -1.434334368235514745e+01 1.358053869599032026e+01
2.127621858211863426e+01 1.387281896508097567e+01 1.303052086618142980e+01
1.363091421691362370e+01 7.902839244105191341e+00 3.671505478913599774e+01
1.242059003541432460e+01 -7.257637909391329245e+00 3.852385183709923666e+01
2.268309509202099150e+01 -1.326090556186234437e+01 -1.331806883711474931e+01
2.045196339383265993e+01 1.259282050140846465e+01 -1.150297179953745363e+01
1.304294815789011963e+01 7.524523239238927630e+00 -3.841501425526433167e+01
1.164649383360539581e+01 -7.211972267158906824e+00 -3.683334768905550050e+01
2.618966326839782610e+01 6.529804438450481641e-01 -3.161335604943840694e-01
7.511749449441303739e+00 -2.331448405013232161e+01 7.876258783842586542e-02
-6.950885330868543655e+00 -2.585499042708538298e+01 -4.183437705305383947e-01
6.559407610131634314e+00 2.527603596164813382e+01 -8.990480977038530774e-01
-7.035638666662552332e+00 2.565230508109334906e+01 3.540473905575070371e-03
1.080299002183579660e+01 2.208959545857586804e+01 -1.114852851935427402e+01
4.647471664170574890e+00 1.789763169959055134e+01 -3.142577700503590776e+01
5.022518423692772238e+00 2.408267042303185335e+01 -1.124816263823912443e+01
-1.192661903979635341e+01 2.364932754732252818e+01 -1.227964664828429520e+01
-4.119690435095332504e+00 1.798376934930583104e+01 -3.195481655472000782e+01
-4.840853122536960207e+00 2.444173338941168083e+01 -1.074962890556112072e+01
1.354451642574884818e-01 2.082517439667862647e+01 -2.225159077383522188e+01
1.268544984085982463e+01 -2.302677758584947298e+01 -1.111023990094324176e+01
4.239589606274345890e+00 -1.803260451010456933e+01 -3.263714767450166931e+01
4.741076013289605484e+00 -2.502650097467315149e+01 -1.111329725057958129e+01
-1.100732106620685791e+01 -2.386931838494822244e+01 -1.195307487568125815e+01
-3.925343109585313517e+00 -1.870977115555230696e+01 -3.143174162666430860e+01
-5.207687496179267406e+00 -2.647441191594844767e+01 -1.116280111493846583e+01
-6.455669900625716183e-03 -2.304522634231254230e+01 -2.302035177654607523e+01
-5.385319733261970665e-01 7.968178884572672871e+00 -5.141452031349187735e+01
1.026267002311144899e-01 -6.011124623310514892e+00 -4.768425142669938310e+01
1.101606813382404404e+01 2.338247846381355188e+01 1.039738089653337028e+01
4.490596458706090033e+00 1.874282983943681558e+01 3.032778438579289570e+01
2.911515007863324733e+00 2.490847689958723166e+01 1.174410922423314574e+01
-1.202414891917464423e+01 2.417920746886941430e+01 1.046525165072551822e+01
-4.883098809745781033e+00 1.838239614083619955e+01 3.085307233800105564e+01
-3.334570363152141947e+00 2.332265906737801942e+01 1.125691877455022372e+01
-3.467464776589413988e-01 2.137932494206752665e+01 2.153268917737828403e+01
1.117452964376642122e+01 -2.323860561370472766e+01 1.105846188531752716e+01
3.629924749410038842e+00 -1.766489616314547462e+01 3.081818823644803729e+01
4.319054920742924075e+00 -2.397405501963436691e+01 9.743168443121550837e+00
-1.220041024647336947e+01 -2.327717579721777241e+01 9.623614074764027748e+00
-3.858006611449893875e+00 -1.868269806954288015e+01 3.081116105859807064e+01
-3.641005817055358307e+00 -2.286497715110867546e+01 1.112927005163794725e+01
-5.148595524721276580e-03 -2.095133808101513750e+01 2.255271938199081561e+01
-5.423522185709032419e-03 4.968999819939824647e+00 4.731426247499851456e+01
-8.803426853835960575e-01 -8.368290227378926360e+00 4.956293118209691784e+01
-1.656350631252416150e+01 -1.674057317678763823e+01 7.152595231479850213e+00
-2.208062891773811032e+01 -7.340569467593918596e+00 1.684014309862005021e+01
-1.525376128688260557e+01 -1.793339612786160586e+01 1.742827384729033113e+01
-1.810583844345365634e+01 1.968739807808156428e+01 6.635885126390419053e+00
-2.287563360272793744e+01 5.746441209093065439e+00 1.772652777368173105e+01
-1.643017670477860293e+01 1.868918981059130147e+01 1.680680287368476300e+01
-7.540655187278102467e+00 1.184975019250951611e+01 4.238323445706743797e+01
-1.825298567760003365e+01 3.615027240677277653e+00 3.106039521067563314e+01
-1.196002592881964155e+01 1.604199304669105786e+01 3.079472083517662639e+01
-5.989996276054955437e+00 2.984343925325315450e+00 4.785766355648109283e+01
-1.830258779424868365e+01 1.040239056355223646e+01 2.555703278661786726e+01
-6.329473672356937364e+00 -1.040366497427890202e+01 4.236237191163036186e+01
-1.770888058987127778e+01 -4.692092685805483221e+00 3.070058936038531883e+01
-1.118244821153598423e+01 -1.471734122767843900e+01 3.136360535263181859e+01
-5.450511862682993147e+00 -3.793493393130692226e+00 4.848200520326912510e+01
-1.751568487259730134e+01 -1.028232291276332155e+01 2.548260568635663859e+01
-1.284243308036626807e+01 -7.590158265337111632e-02 4.235020329829703201e+01
-1.615630192293798117e+01 -1.780288293688989754e+01 -5.133989657994422195e+00
-2.266086448300072576e+01 -6.763007011342034858e+00 -1.875057996005307004e+01
-1.463422970640580623e+01 -1.647844000282711363e+01 -1.646895532779547011e+01
-2.156220601612612953e+01 -1.309793797776061552e+01 1.902420972087936757e-01
-1.759158037731719659e+01 2.011541758934202662e+01 -4.980212333596716334e+00
-2.260934726563667851e+01 5.957001156732601999e+00 -1.859983240182971898e+01
-1.431618642413800835e+01 1.807874056057696777e+01 -1.758768984394435009e+01
-2.410710170894927984e+01 1.449805002990352243e+01 -4.556939379839881621e-01
-7.771279802831838168e+00 1.188240662285041260e+01 -4.147748735309520640e+01
-1.789417193588016630e+01 4.065759763974334362e+00 -3.079595239656099537e+01
-1.127040158402898484e+01 1.649420284302841466e+01 -3.163587648810427311e+01
-6.757470988149783864e+00 4.039228214554372975e+00 -4.976500966001049875e+01
-1.916560938106230694e+01 1.067487265866409096e+01 -2.450189326403626211e+01
-5.232877535609992137e+00 -1.088992366474465534e+01 -4.203000630034458851e+01
-1.765170287684786032e+01 -4.017238734813410872e+00 -2.996523527251837749e+01
-1.092503262520978780e+01 -1.369307401732110741e+01 -2.982787626819974136e+01
-5.784691462580699550e+00 -3.368435550308318760e+00 -5.022007893160623837e+01
-1.835791385642722773e+01 -1.070910606783803587e+01 -2.449813183579169973e+01
-1.332072574485685124e+01 6.682586683790046056e-01 -4.225669469313226756e+01
-2.514043278158194283e+01 -2.532322944466970926e-01 1.132036220903983903e+01
-2.485294632461035036e+01 -1.008552978123933519e+00 -9.929951931833434386e+00
-2.493280761091167008e+01 -6.021295536112815761e+00 6.261996265733420053e+00
-2.598855570394625047e+01 7.789865837651056779e+00 6.138968958358588246e+00
-2.526069840926795962e+01 -6.840443816182959047e+00 -7.640712750298797040e+00
-2.521533732689899310e+01 6.822944924572551528e+00 -6.323790378458334693e+00
1.906517870282925031e+01 -1.880373848376173029e+01 7.753420437257163123e+00
2.307548302918991112e+01 -5.335068751014034660e+00 1.671695027213776896e+01
1.574244705209831174e+01 -1.855162622796448701e+01 1.789278037274406685e+01
1.756164329203156171e+01 1.858760077263311317e+01 6.020177862582047013e+00
2.245166675348750474e+01 6.814747857540330855e+00 1.824539152355967886e+01
1.590948871338666670e+01 1.725869684952559524e+01 1.526931445801702836e+01
6.980885464341827884e+00 1.147394419592696124e+01 4.259315011585317734e+01
1.866069912228888938e+01 3.931779471815199489e+00 3.061224552183739789e+01
1.135721733435500802e+01 1.638548274197500376e+01 3.061207025428572237e+01
5.372707695779602055e+00 4.449931529921945739e+00 4.646611676199734831e+01
1.805292911402269596e+01 1.086845562151340516e+01 2.373955898634726935e+01
6.207031957594370652e+00 -1.075638480307091349e+01 4.310661074569188145e+01
1.844073825786278675e+01 -4.579615957027865392e+00 3.108517073959752963e+01
1.102401267863021772e+01 -1.633524633793067338e+01 3.064554681697238081e+01
6.614466893639456835e+00 -3.755319551359129537e+00 4.770415993695728218e+01
1.822590767693436575e+01 -1.089018164904939390e+01 2.468716757536597939e+01
1.239057079272149586e+01 1.278568529714288644e-02 4.118539322507946565e+01
1.798601107236441266e+01 -1.807093461663546208e+01 -6.335603564511676389e+00
2.328986229585509093e+01 -6.099977287777460511e+00 -1.846509691631531069e+01
1.496163480350051955e+01 -1.781277831837083880e+01 -1.837225995829342295e+01
2.304009092313173923e+01 -1.424435861540585613e+01 -7.985941722563070222e-01
1.763303398654598197e+01 1.854729157585918742e+01 -7.864047455413312626e+00
2.219616187727908141e+01 6.033283474984235006e+00 -1.829893776130831284e+01
1.551147459711797261e+01 1.747777030974538093e+01 -1.666488845365967819e+01
2.342052908280548351e+01 1.352504234985886811e+01 -1.339776507290210139e+00
7.167292007030385825e+00 1.172563746099998028e+01 -4.349534228315661721e+01
1.703230427107931888e+01 3.976389373670399241e+00 -3.196795837812730667e+01
1.105584351816302480e+01 1.555549607421600200e+01 -3.069522335243906852e+01
6.259509273186155021e+00 4.321659961078093026e+00 -4.949909606659251438e+01
1.715644949585690071e+01 1.052506536751208799e+01 -2.518762459095700024e+01
6.372831526129765223e+00 -1.097586609250899947e+01 -4.088758438233475800e+01
1.751835184834789416e+01 -3.821215924997366731e+00 -3.147044539203136537e+01
1.124164622007647552e+01 -1.521002435635949013e+01 -3.056123330818462236e+01
6.538327461545207164e+00 -4.717693674339630938e+00 -4.771088971629578168e+01
1.970167184608472866e+01 -1.099294709315419460e+01 -2.487740727785378425e+01
1.403343841904305478e+01 4.389228356290503924e-02 -4.079642707404321555e+01
2.667005318456569185e+01 5.301254063119975601e-01 1.140815211081938862e+01
2.537107347347512132e+01 9.163521745292470266e-02 -1.051877824587109167e+01
2.570532034178539860e+01 -7.032263292235131580e+00 6.932390499790820115e+00
2.508994313349205285e+01 8.338546434090400084e+00 6.263836294920315240e+00
2.611024703349698584e+01 -8.312971777918361838e+00 -5.551474668790659095e+00
2.670670665510025898e+01 6.330994346264273709e+00 -7.000526651415910351e+00
1.111053831333441622e+01 -2.348543037234420794e+01 4.947899656130745893e-01
4.261337885250705781e+00 -2.532893605094815115e+01 -1.038200441184364609e+00
-1.008986839256292711e+01 -2.430134691350426479e+01 -5.150141115833828387e-01
-3.288670430989900417e+00 -2.613835397122418769e+01 -5.003596918934788418e-01
1.117259533116071779e+01 2.400957110609975587e+01 2.137414711160198211e-01
5.026141679345443869e+00 2.491392616600370502e+01 5.241904757362516598e-01
-1.093514781157879945e+01 2.425371570957579692e+01 -1.010074014639198436e+00
-3.319235537826078275e+00 2.481662486339364904e+01 -6.852854324489855431e-01
1.321359803433717595e+01 2.244570113224929031e+01 -4.828027580430188870e+00
9.289288333753153992e+00 2.190096030625321788e+01 -1.437209404967650350e+01
8.928851267183061324e+00 2.340804038284143118e+01 -6.001852361120635138e+00
1.398933017591640349e+00 1.608881824780009140e+01 -3.611026155303013496e+01
6.398693093896320683e+00 1.972846159008861022e+01 -2.630322220182220150e+01
3.212140636040875297e+00 2.467882090891696123e+01 -5.067122672071171507e+00
6.411868607536684195e+00 2.409234199279110555e+01 -1.569460590311980575e+01
5.951055268485486494e+00 2.407721815638736018e+01 -5.886246217861281771e+00
9.010977220138126853e+00 2.444155768083700053e+01 -9.814810283420628778e+00
-1.247316105569556477e+01 2.396423759154186683e+01 -6.391384997140240110e+00
-9.848432090164992658e+00 2.213696820496656414e+01 -1.505155800541233546e+01
-9.629029723677829722e+00 2.408853059609984015e+01 -6.622735998910537880e+00
-2.922834821816820750e+00 1.619023303464420849e+01 -3.732314996620986847e+01
-6.338237888704405520e+00 2.024461483408835960e+01 -2.702089733219242262e+01
-1.302064833480172545e+00 1.724296887741773787e+01 -3.240354779697072019e+01
-1.695135722886829122e+00 2.496046864522528352e+01 -5.255801001331900757e+00
-5.060629578640430282e+00 2.302378951842142030e+01 -1.564842314579970406e+01
-5.556381074439643797e+00 2.537559353298156495e+01 -5.705181469474082334e+00
6.061501655855565662e-01 2.472869454032186809e+01 -1.137313444899150383e+01
-7.642442226955854956e+00 2.390238639873446047e+01 -1.125263963865310224e+01
4.645085455621063453e+00 2.067782027067902106e+01 -2.035062385622431336e+01
-5.165158183016727911e+00 2.169790544065640958e+01 -2.140260441332043584e+01
1.040074411577744273e+00 2.032705721913132280e+01 -2.682684238602557869e+01
2.564355793667187022e+00 2.302626506217361424e+01 -1.607380346922942493e+01
-9.353283701114294413e-01 2.023748809831469941e+01 -2.677911190622908322e+01
-1.917028416869104968e+00 2.333358192358797112e+01 -1.728542710825196949e+01
1.235471040576283031e+01 -2.253032756413685433e+01 -5.169074395788614495e+00
1.035831593696106268e+01 -2.238064325477191119e+01 -1.449179291341535070e+01
9.405301622299059972e+00 -2.442465701864191630e+01 -5.641991883048802947e+00
3.064532218694822507e+00 -1.628044606599053878e+01 -3.728237851928484048e+01
8.346087047147927152e+00 -1.977988185582508507e+01 -2.680028649534800422e+01
1.851512013707099280e+00 -2.413685664321986124e+01 -5.426202053152575644e+00
5.672922372873008712e+00 -2.216942827236482572e+01 -1.598167394582322309e+01
6.415614329825904072e+00 -2.497774065065786786e+01 -5.467641729979359155e+00
8.671604307905118603e+00 -2.249254730926100976e+01 -1.119103847223155235e+01
-1.329090948785415804e+01 -2.376922109839269126e+01 -4.968771788944789769e+00
-9.440443690480375238e+00 -2.231660922133235658e+01 -1.571269484700716212e+01
-1.127285051405455718e+01 -2.588398433631349960e+01 -5.550146510563656932e+00
-7.301173031242690348e-01 -1.570838029711412354e+01 -3.641199596227579605e+01
-6.481665894415570506e+00 -1.973369334624145566e+01 -2.594220135250763803e+01
1.180475074550994874e+00 -1.707689040083093346e+01 -3.256261530279826388e+01
-1.842575122312464675e+00 -2.637153930345495567e+01 -6.576885256429902959e+00
-6.985598440429625633e+00 -2.350940793898180914e+01 -1.527264032491407164e+01
-5.713844702782123086e+00 -2.632854340313514285e+01 -4.991949177139669125e+00
-4.201786022522322472e-01 -2.531917542874319338e+01 -1.239909958589796091e+01
-8.386372278960179116e+00 -2.489878994325679429e+01 -1.097949152189712763e+01
3.744099929701768747e+00 -2.132835148311902884e+01 -2.252362254518098794e+01
-3.463738370646231246e+00 -2.102214323916053118e+01 -2.152363728434983159e+01
1.922911259528273353e+00 -2.200793648624181387e+01 -2.625032654209562111e+01
1.790936133447068590e+00 -2.451063106638003930e+01 -1.667597858507771491e+01
-2.561953220393834219e+00 -2.051504854532817745e+01 -2.736349396013697088e+01
-1.854500110979625971e+00 -2.461312289778483020e+01 -1.712843793069691145e+01
-3.921799812275437724e-01 1.092712802238230552e+01 -4.836841329308843029e+01
-3.650923527103033805e-01 3.072100566363757945e+00 -5.355738354343222341e+01
-1.083551779705403284e+00 -9.608204498774695068e+00 -4.648425830488915267e+01
2.017571953587070643e-01 -4.557995724958437300e+00 -4.916844049206824963e+01
1.291753467139281319e+01 2.246865642145514741e+01 5.732119370300668315e+00
9.974669735387880820e+00 2.248201425644144535e+01 1.429841965586237684e+01
1.061711954253315326e+01 2.488811276070955358e+01 5.344379077146249379e+00
1.941658747024910037e+00 1.438183278443322344e+01 3.678980447418339850e+01
7.270163287755843307e+00 2.002350467773199583e+01 2.521664251137864454e+01
1.692470504172133738e+00 2.612599745678405583e+01 5.138149309674683529e+00
6.885309038218883515e+00 2.254868541537391380e+01 1.628826578368004618e+01
5.364489743644920594e+00 2.559653492961457388e+01 5.734422602163780525e+00
8.436690773403650923e+00 2.387207013776342635e+01 1.149931188523126124e+01
-1.371199301677907556e+01 2.402653935605444602e+01 6.337141183288236945e+00
-9.502936037682568227e+00 2.278560264258164025e+01 1.576689096263772605e+01
-1.011275917627984455e+01 2.474963728075834979e+01 5.434153547084398461e+00
-7.623532682126515914e-01 1.657032448250960854e+01 3.744275114023222528e+01
-6.032938097491621576e+00 1.965703522017560445e+01 2.525969570337494829e+01
-3.001004158959110213e-01 1.829657835817592471e+01 3.207807466910611538e+01
-2.508412868207803292e+00 2.454673575585030676e+01 5.372774733100792233e+00
-6.417148786481273959e+00 2.175492358285955063e+01 1.652785507063162740e+01
-5.438056321379533209e+00 2.368969173763948532e+01 5.061204543072681972e+00
7.262209827130698958e-01 2.408543007222352372e+01 1.193636813958933018e+01
-6.972706180519035790e+00 2.356449238316843164e+01 1.164911850570979901e+01
3.643318501750499649e+00 2.091809119176736687e+01 2.158517992236649974e+01
-4.118902509485651287e+00 2.241524198268129098e+01 2.145396667626916454e+01
2.231174897215020714e+00 1.914925023525682235e+01 2.690919695647966137e+01
2.360859132777485492e+00 2.306112292740479575e+01 1.643965053552490829e+01
-1.733240293329872062e+00 1.897320035186778497e+01 2.610904257227247527e+01
-1.648741757850183509e+00 2.105621758662622867e+01 1.579550579571191449e+01
1.269585493001534893e+01 -2.248996204873499138e+01 4.908180810126998139e+00
9.330205843201945015e+00 -2.198973895406218304e+01 1.507266544246492579e+01
9.822166433952725484e+00 -2.266228548572571455e+01 6.002784450292391050e+00
1.390070821758324859e+00 -1.534335955324768896e+01 3.694144942280845356e+01
6.418147566351386502e+00 -1.916766494590477166e+01 2.642100485200112203e+01
1.243044724759876374e+00 -2.452313687973065015e+01 5.066477254550176390e+00
7.280084918452945253e+00 -2.174077619878595868e+01 1.536109871739187760e+01
5.553474326300984920e+00 -2.412244429127933643e+01 5.455927878215212523e+00
6.640447684165257769e+00 -2.190391118495901779e+01 1.122417181513854345e+01
-1.169621113889276387e+01 -2.361776610318248260e+01 5.160689382608753206e+00
-1.033366703848964718e+01 -2.305500205720590756e+01 1.728558852391701350e+01
-9.829225439064504855e+00 -2.453383415442887738e+01 5.449719224878430524e+00
-3.930284625137884236e-01 -1.553474147970123553e+01 3.715826300996102560e+01
-6.392769724216421423e+00 -1.983985681442473137e+01 2.667780092497595845e+01
-2.890384669807626872e-01 -1.902816469873270933e+01 3.301099016010552134e+01
-2.114706793851960143e+00 -2.437236389606801268e+01 6.082073035197418598e+00
-6.391622972608785425e+00 -2.447550424265006797e+01 1.523471263474624493e+01
-6.432911200689776621e+00 -2.520226463348249624e+01 5.434949407092865670e+00
-6.260678801895354084e-01 -2.348495915395566769e+01 1.127671140758083901e+01
-8.934990419041977106e+00 -2.604211007747430884e+01 1.014175009649335912e+01
4.288278274542973278e+00 -1.996521927984552747e+01 2.148333709829023164e+01
-3.765605079824314583e+00 -2.137718393287361351e+01 2.161334176504438531e+01
2.842198678434896486e+00 -2.030328779231350822e+01 2.714099582755792639e+01
2.420869433443764596e+00 -2.304474338423019475e+01 1.695275455021651112e+01
-8.376020810796253047e-01 -2.021274964342341818e+01 2.596582022067358508e+01
-2.412317668336340315e+00 -2.269366359343653983e+01 1.708114819685750874e+01
-8.717344080791245009e-01 9.615268177670209582e+00 4.412434190567088166e+01
1.173940495961725894e+00 4.535428637795092754e+00 4.873120800755217630e+01
-2.043439628012461706e-01 -1.062698441053670706e+01 4.641104826771614000e+01
2.461611703463469913e-01 -3.441552605010064436e+00 4.915107100232420834e+01
-1.468143418660526045e+01 -1.921127986241708996e+01 3.658847785332167923e+00
-1.949597992405614377e+01 -1.505459386219737361e+01 9.169612354674564259e+00
-1.414146366532594712e+01 -2.104311694823671175e+01 8.129647995967120622e+00
-2.193696610694144766e+01 -2.614812796546135409e+00 2.017937451429247631e+01
-2.215141838522290740e+01 -9.621354643863927691e+00 1.592554228924319837e+01
-1.333885665939734722e+01 -2.074358865253777040e+01 2.114291131164060289e+01
-1.774933099468147901e+01 -1.544243955040562000e+01 1.422485478140706583e+01
-1.380720283853876751e+01 -2.046346544094248898e+01 1.443983477582249897e+01
-1.607294581043429815e+01 -1.693336315316689777e+01 1.287308050477481913e+01
-1.715889610538729571e+01 2.248354159500221883e+01 4.009467186033871755e+00
-2.050490335314576384e+01 1.642581488265654599e+01 1.052873288922118356e+01
-1.568787245369105676e+01 2.198067098891380411e+01 8.141565135537280895e+00
-2.271483531474624584e+01 3.884471895957677834e+00 1.916757104945093104e+01
-2.238907984239663662e+01 9.483923502311018439e+00 1.397603942311341463e+01
-1.226303195787390266e+01 2.033886185217895104e+01 1.973964588944683740e+01
-1.970528898530599449e+01 1.639160931236416729e+01 1.599201716607704782e+01
-1.427164807147012482e+01 2.147008691569496364e+01 1.447024468516359086e+01
-1.740020070958762233e+01 1.911134511290065063e+01 1.099555287858166253e+01
-4.316946827772039086e+00 1.304268802051506704e+01 4.270659045564674727e+01
-1.051072166010032305e+01 9.050306674714903465e+00 4.043168837100513713e+01
-4.904299902419530177e+00 1.451720396819937697e+01 3.650682472167681425e+01
-3.343976020217592549e+00 9.046992450172423261e+00 4.680713493385032820e+01
-2.148388092038909747e+01 1.415034436924616612e+00 2.602734741512849581e+01
-1.556548097905838546e+01 5.880196576546980580e+00 3.430625771948702862e+01
-2.033735287256973479e+01 5.242064754262695025e+00 2.423216985835385628e+01
-8.969172493559398163e+00 1.904119326548313396e+01 2.570796378749995270e+01
-1.287000459459945212e+01 1.203847956546513664e+01 3.446657688844990020e+01
-8.802367811777310536e+00 1.810069022443854792e+01 3.195249623480460244e+01
-1.405739641911670468e+01 1.800866041689502595e+01 2.380205915726001109e+01
-8.466400416270325024e+00 1.371646943048923006e+01 3.636694834526932851e+01
-3.445143985696580646e+00 2.574969393111552485e+00 4.832379004441227721e+01
-1.055739533985704881e+01 6.374885785947694394e+00 4.474524033012603041e+01
-3.087099873751665946e+00 5.514942776327738549e+00 4.888305257046621932e+01
-7.235300688225677845e+00 8.715124116685860400e+00 4.859522150627184800e+01
-2.092771556324064264e+01 1.196032900850500269e+01 1.793380077152816909e+01
-1.604314239037909573e+01 9.194083665565313979e+00 3.141294925301181706e+01
-2.082714454333131471e+01 8.573023730853112312e+00 2.130431029655661135e+01
-1.697601619068157675e+01 1.508664075035610708e+01 2.064306074536225566e+01
-1.799662557252389306e+01 8.416781228448638075e+00 2.829043437310687992e+01
-1.617467678874925241e+01 1.419028026583614910e+01 2.811953737303804246e+01
-2.959004069274951298e+00 -1.246494627546024248e+01 4.145774183546087954e+01
-1.012615656614393345e+01 -1.063213391904393035e+01 3.967047487916516246e+01
-5.714271428207357673e+00 -1.433776221925842442e+01 3.659972831977157881e+01
-2.857170316877343019e+00 -8.238340844063877455e+00 4.717753588676739440e+01
-2.079446663521030558e+01 -1.576764667632996497e+00 2.630316862967317704e+01
-1.507670730386982783e+01 -5.482667968865762909e+00 3.375972187661432855e+01
-2.030439570880007594e+01 -6.185444446286340714e+00 2.470005548032143139e+01
-1.970377700467074789e+01 -7.031377908463642967e-02 3.155870918523525503e+01
-9.143817193586064818e+00 -1.936776297984663131e+01 2.671200628168032409e+01
-1.093537746945426647e+01 -1.205572328553678574e+01 3.450558998664450172e+01
-8.088976025951087223e+00 -1.846594937410317883e+01 3.179642868257774779e+01
-1.393054812768541773e+01 -1.711831489740447410e+01 2.424806864570636478e+01
-9.243847171076396307e+00 -1.398914427995860343e+01 3.547569264803441769e+01
-2.943743669470931579e+00 -5.349069830449606489e-01 4.946998768662953694e+01
-9.649598320256503214e+00 -6.267411416525398238e+00 4.400379194074501044e+01
-3.044234547520482614e+00 -5.059523861954073887e+00 4.899904302331556494e+01
-6.817120300026633828e+00 1.853177383413039614e+00 4.783245197564242090e+01
-7.058994354603377097e+00 -7.211350579770770430e+00 4.650896610305212420e+01
-1.802800628047393872e+01 -1.240870270545683063e+01 1.745265661892408460e+01
-1.569239964917164443e+01 -8.725284320029951246e+00 3.106795749992339140e+01
-2.018134563481911670e+01 -9.778007507470519499e+00 1.991250532064198353e+01
-1.567413021528095207e+01 -1.459752151243147544e+01 2.198069442600014156e+01
-1.728906533626818742e+01 -6.622324721117629487e+00 2.794191420979779750e+01
-1.411290155545654912e+01 -1.266321258998891608e+01 2.798112245259026309e+01
-1.281995678119085724e+01 3.645576682949576597e+00 4.094183047467603842e+01
-1.252460391451065469e+01 -4.500813383234157250e+00 3.939289367172181500e+01
-1.617674066680921285e+01 2.229900710666754549e+00 3.719495553827425738e+01
-9.308410338362273606e+00 2.204696046344607918e+00 4.533890229580116227e+01
-1.710696609614260666e+01 -2.300596048965047213e+00 3.691626305770305549e+01
-9.220345619221390621e+00 -2.184008166684258345e+00 4.697580161699853107e+01
-1.694249197867229029e+01 -1.841952278474711591e+01 -2.796596426662989021e+00
-1.991634124300022890e+01 -1.535825008324063567e+01 -1.036907808668954800e+01
-1.475097512890805973e+01 -2.010896295564373659e+01 -9.188079281660808562e+00
-1.888884745741591686e+01 -1.909384022961751626e+01 1.371785011072298666e+00
-2.175484146267059771e+01 -3.495879873581750896e+00 -1.936420721854326743e+01
-2.274931187770051721e+01 -9.778312817954823544e+00 -1.616226850840697082e+01
-1.159809871023725414e+01 -2.010386570612453028e+01 -1.776397250254083460e+01
-1.719460506770247932e+01 -1.432182297349723044e+01 -1.547844379657955827e+01
-1.204185251709002635e+01 -2.030192803561411452e+01 -1.435645565636532339e+01
-1.490012376485106138e+01 -1.678249140828267727e+01 -1.189390736205497490e+01
-2.273119544869770436e+01 -1.338623572901442849e+01 6.347247409236231874e+00
-2.301949824932400546e+01 -1.368313405704959251e+01 -7.380468424245985481e+00
-1.872527790040849283e+01 -1.571692008951998787e+01 3.403237210235555033e+00
-1.971570448310108858e+01 -1.563427842213894614e+01 -2.460358199191039485e+00
-1.675024590054623275e+01 2.241998423596714929e+01 -3.466326893059233250e+00
-1.875910369949565748e+01 1.650768218724189396e+01 -9.664824034848040313e+00
-1.490227350844095966e+01 2.124231559587892804e+01 -8.858915298774137526e+00
-1.893275102793874964e+01 1.845562815236888454e+01 -7.607948693488105762e-01
-2.206551032774462584e+01 3.872023311567338144e+00 -1.967919470119296932e+01
-2.204675732077352279e+01 9.776893527899780167e+00 -1.574262105872280948e+01
-1.202752241804344102e+01 1.925962277924347887e+01 -1.905150558185123444e+01
-1.729714572108915505e+01 1.598677487725030133e+01 -1.589872321901017571e+01
-1.286524305467175111e+01 1.999625939939750197e+01 -1.401618604567009818e+01
-1.801655290312229241e+01 1.921658429299691306e+01 -1.230715718513744861e+01
-2.363082150413323745e+01 1.585633873482558087e+01 5.781989642242135297e+00
-2.261504063581763546e+01 1.383022037101194179e+01 -8.041443523825764217e+00
-2.083344050036987838e+01 1.741413646983832209e+01 2.561279895662599060e+00
-2.060713263298758946e+01 1.742585731981323605e+01 -3.461581073001160913e+00
-2.936669072861844754e+00 1.213822161953516243e+01 -4.362915294663820021e+01
-9.710961737677253680e+00 1.033863065955073601e+01 -4.095919792918365232e+01
-6.260472370970160405e+00 1.404303756122290814e+01 -3.760606878059814306e+01
-3.575813008090120260e+00 9.080406802019426848e+00 -4.861491019412181913e+01
-2.051319288736372570e+01 3.406234987801134650e+00 -2.628938875699087063e+01
-1.599951733976388013e+01 6.196176048109029999e+00 -3.488421740222885603e+01
-2.085393414476270735e+01 5.333563427848806882e+00 -2.398947754765280038e+01
-9.285854065874731944e+00 1.870786042862150111e+01 -2.676459849992711071e+01
-1.207874012569262945e+01 1.087663749228613952e+01 -3.548345510282933191e+01
-7.546523154578540726e+00 1.809458490112453077e+01 -3.318861302731740182e+01
-1.512848455427336525e+01 1.670428574092368379e+01 -2.279463582720068260e+01
-9.559304468950410083e+00 1.375498411246168473e+01 -3.729755851228186714e+01
-3.623086957923744134e+00 2.047561624330382468e+00 -5.355257419202938962e+01
-9.372917581263198628e+00 5.872619253344534052e+00 -4.635418305573887920e+01
-2.526540725848051672e+00 6.427440122871931116e+00 -5.083054607576954709e+01
-6.805245203687556810e+00 7.981646375388396386e+00 -4.766524999030213650e+01
-2.018058606821023204e+01 1.236027155380905995e+01 -1.876763062077357347e+01
-1.586159430180184771e+01 9.121316393688827517e+00 -3.111413312218024529e+01
-2.076437961527738096e+01 8.932074952927859357e+00 -2.193310125672936906e+01
-1.727847189546067241e+01 1.607558728157108874e+01 -2.174567542619243454e+01
-1.853560850884806754e+01 8.012429750520412952e+00 -2.890269584431240801e+01
-1.558516601900888787e+01 1.362397474865161229e+01 -2.744729353773282909e+01
-3.304465347352847360e+00 -1.177142229836145759e+01 -4.335826932421977631e+01
-9.169508153799965200e+00 -9.092609000884943171e+00 -4.066256037307628191e+01
-6.754213915515706823e+00 -1.373490774003570181e+01 -3.695749116724807237e+01
-3.490860110541988082e+00 -9.144623332371327962e+00 -4.621016647894241913e+01
-1.997476531391457399e+01 -2.215262018944429201e+00 -2.628670454234666209e+01
-1.531558846017003539e+01 -6.007669940490139915e+00 -3.528921991792482515e+01
-2.062932581599046600e+01 -6.202765595229918105e+00 -2.467806061518609795e+01
-1.861456730250906233e+01 7.808480242686872685e-01 -3.082561685150364283e+01
-8.610073365788693422e+00 -1.762691308844308935e+01 -2.559166463234276279e+01
-1.154591169241750315e+01 -1.187971708512345259e+01 -3.366643229297130091e+01
-7.921918110116388689e+00 -1.699897062125560865e+01 -3.120630401227827733e+01
-1.291857176488330516e+01 -1.752758072028083447e+01 -2.289215291522857143e+01
-8.020621526568440629e+00 -1.307411710932223414e+01 -3.557369364335479389e+01
-3.177985582430070899e+00 -2.824076406675420259e+00 -5.150111691860186625e+01
-9.656783607457573027e+00 -6.127777558816928760e+00 -4.393868413721438060e+01
-4.079267509871429276e+00 -6.016945634546940980e+00 -5.080468125680978630e+01
-7.070461261997243341e+00 -3.763174965952278961e-01 -5.135480376235250333e+01
-6.363575369759303157e+00 -7.651014052167767865e+00 -4.643064477901146603e+01
-1.898059386880047938e+01 -1.284662802763997469e+01 -1.832537713669429635e+01
-1.626188722967936684e+01 -9.639827217360487310e+00 -3.063471389362804942e+01
-2.049905133122577183e+01 -8.141625469545118676e+00 -2.052710177976529948e+01
-1.655173843772354658e+01 -1.506949503286619141e+01 -2.064073928649803946e+01
-1.776958365767623249e+01 -7.511061086711809054e+00 -2.782734300412168693e+01
-1.431011729201476079e+01 -1.292992835872681212e+01 -2.790087721710694169e+01
-1.390421657882092887e+01 4.991509675507146859e+00 -4.007888214923551118e+01
-1.433663737829369111e+01 -4.987167841875880470e+00 -3.998991766067793918e+01
-1.557045124696967875e+01 2.182751873397632103e+00 -3.624788028716263710e+01
-1.093809827036240101e+01 3.292446856881962258e+00 -4.848542677410205215e+01
-1.497992884914443756e+01 -1.947841794770216683e+00 -3.623148879543035150e+01
-1.127190473585670105e+01 -3.580465466995602419e+00 -4.585453694804136404e+01
-2.453507296719969943e+01 1.539115912448323076e-01 1.549335807558017208e+01
-2.645728842376861678e+01 -5.920104618843274880e-01 6.242865464840885004e+00
-2.317990067302662638e+01 -2.045126179034908009e+00 1.354168715264869327e+01
-2.509102825629441824e+01 3.698812223685558731e+00 1.536359284542203163e+01
-2.440098612522925237e+01 -4.928925602275854856e-01 -1.516842883298083500e+01
-2.760954552776498971e+01 1.145893767311180200e+00 -6.077461984719178645e+00
-2.461167507906210261e+01 -3.052049249881384263e+00 -1.390059828029690436e+01
-2.466838617872354433e+01 3.371667982541828312e+00 -1.253856095860525954e+01
-2.205293608746991296e+01 -1.000929541042430415e+01 1.139617547548557930e+01
-2.618954524119009264e+01 -3.329779253785047022e+00 4.368368742481599121e+00
-2.416720367811462111e+01 -8.069126161515967510e+00 1.303995944175964539e+01
-2.552024086340973241e+01 -1.081498754005622231e+01 2.582358620069654442e+00
-2.326481035488426130e+01 -3.709347235955109401e+00 8.903623550105933759e+00
-2.480627633552493094e+01 1.179043997101725338e+01 9.214152434987147089e+00
-2.728821372147362112e+01 3.330485119189503518e+00 3.495465201994318427e+00
-2.423119967432088728e+01 6.778324302679038738e+00 1.137388398386529076e+01
-2.446434517240967921e+01 1.101992918322208048e+01 3.024927225910526207e+00
-2.478195483010366829e+01 2.106035400604962415e+00 9.251286317498712108e+00
-2.462181045799899692e+01 -1.118869557833363970e+01 -1.102580221205874089e+01
-2.590503713262742735e+01 -2.559029098586254936e+00 -4.318057079435257073e+00
-2.532058007368316055e+01 -7.341721018553696965e+00 -1.127929042764384882e+01
-2.618226221594036573e+01 -1.199689638617321563e+01 -4.359928419476446493e+00
-2.480814643622393234e+01 -4.158338931332528077e+00 -8.673102867680725581e+00
-2.619411568647829114e+01 -8.092649625177712025e+00 -1.040052097921890129e+00
-2.420173352243552500e+01 1.004580895564898313e+01 -1.024691853508902462e+01
-2.530893734751496993e+01 4.219156106068729706e+00 -4.027789732590344229e+00
-2.492290870830924376e+01 6.233730516819131040e+00 -1.208891103883724405e+01
-2.595364450693313429e+01 9.433533529714713595e+00 -4.038901439705287366e+00
-2.520761059104324531e+01 4.158786334726409351e+00 -9.597471086509026250e+00
-2.626711741096669783e+01 8.619259262094503882e+00 -1.270706096490489712e+00
1.633253031422792745e+01 -2.008565361626494195e+01 2.079928854618878553e+00
2.048612053146768730e+01 -1.528188926181073448e+01 9.056728645206245432e+00
1.482714683291037616e+01 -2.040806392884842424e+01 8.428171132999205284e+00
2.318892631287684480e+01 -4.343020396467681010e+00 2.026014217388313554e+01
2.235676323529170872e+01 -1.099843854156108591e+01 1.503779347441361303e+01
1.220700132357694834e+01 -1.917009231355714149e+01 1.951524456256160178e+01
1.925239061504916549e+01 -1.617531388680001925e+01 1.562060150781027978e+01
1.362000513625156550e+01 -2.147734123900413650e+01 1.317734611967116720e+01
1.880091890437057245e+01 -1.859277045844897813e+01 1.170220598391555633e+01
1.584693667370396497e+01 2.307380017909327918e+01 2.518652721706646780e+00
2.054348632152405330e+01 1.700961873119387846e+01 9.307062662534704600e+00
1.610863843111609128e+01 2.117274108960767975e+01 8.973876102775218300e+00
2.324325362414409923e+01 3.921024475030138845e+00 1.983586877611058696e+01
2.363343353831293214e+01 1.031912262152625281e+01 1.500657036553518786e+01
1.289866273432361687e+01 1.989505045730529886e+01 1.922570201223590658e+01
1.836294389496363877e+01 1.623400086186823899e+01 1.614503928268267074e+01
1.431725097108766853e+01 1.992643525635645929e+01 1.382484225110508369e+01
1.718978660736269504e+01 1.884585526606694827e+01 1.086044444178537915e+01
3.608299212052164417e+00 1.281751005024294088e+01 4.226385423993038870e+01
9.814064060803490364e+00 8.294799453957926616e+00 3.988202899085238329e+01
5.441694132896814473e+00 1.470092482819728552e+01 3.687959309473311720e+01
4.560039129387982726e+00 9.645589688869284473e+00 4.573584224294865663e+01
2.221430538717751446e+01 2.737503219470315052e+00 2.650670392075927850e+01
1.550256157682908942e+01 6.706896347570707739e+00 3.585307134922985028e+01
2.042093367596826425e+01 5.725283416966960637e+00 2.465697464469625189e+01
8.963355420650431782e+00 1.692556035599609032e+01 2.525670589507994990e+01
1.287305474824535878e+01 1.139749540531148675e+01 3.473704421217807692e+01
7.935602396440553541e+00 1.625117958578527677e+01 3.204056740940962555e+01
1.451496223764810267e+01 1.649039310400406322e+01 2.377068885483446792e+01
9.424143475878079101e+00 1.289283547941990271e+01 3.700894433030645558e+01
3.807996364426588176e+00 1.905482437674362428e+00 4.895132965245062451e+01
8.554910809693112128e+00 6.095154771034839492e+00 4.427425052796073857e+01
4.152626774287570655e+00 5.392413694410333136e+00 4.833528101214280781e+01
7.336952401878565233e+00 6.989987689275460880e+00 4.453474867825959649e+01
2.127151117352305576e+01 1.317132155383414016e+01 1.886044536859902010e+01
1.576162355704945384e+01 8.752233840553355293e+00 3.037313220912769296e+01
2.024286459238676628e+01 8.653518566102381016e+00 2.121573015134947937e+01
1.651398433490833639e+01 1.473421742788812772e+01 2.004395978765025177e+01
1.888105415578026580e+01 7.246118867151053244e+00 2.874077973046731316e+01
1.300348511013261543e+01 1.365437595639237323e+01 2.750532268858347607e+01
3.716221458729269234e+00 -1.314410449698832117e+01 4.253489979117422592e+01
8.496398666638718566e+00 -9.902064360086253458e+00 4.191113218811756269e+01
5.462440584258543730e+00 -1.484233332307959152e+01 3.770533408503172268e+01
3.064779954738545253e+00 -9.750316170378528824e+00 4.621299515392100687e+01
2.075276499947358744e+01 -1.714576124498178755e+00 2.760054809451492019e+01
1.615491682079333913e+01 -6.259223753982678495e+00 3.444994400971996384e+01
2.113833463332363394e+01 -6.276141350626361692e+00 2.478688790645870554e+01
1.900383236421892974e+01 3.949955579916994974e-01 3.133595936611241228e+01
1.047607644802066673e+01 -1.813765327021551599e+01 2.561934000355680396e+01
1.259421235723216448e+01 -1.199000960982681896e+01 3.473204872808651089e+01
7.987596796790477960e+00 -1.757902571742379294e+01 3.132656345838914547e+01
1.383536487333219434e+01 -1.594271547068032646e+01 2.398324574119555308e+01
8.285282781155235199e+00 -1.421336699014642058e+01 3.572116554517482712e+01
2.914491139222553873e+00 -3.580368254320842158e+00 4.965872924635557695e+01
8.346236823999326759e+00 -5.810236358983591032e+00 4.537215563924306139e+01
3.914138002815257256e+00 -5.649375843726145874e+00 5.074758880912006020e+01
7.209749039255090253e+00 3.289877174392454307e-01 4.666994639849854565e+01
7.572098009699978149e+00 -7.697456812215470734e+00 4.773685615144986372e+01
2.136242990976610656e+01 -1.127703608824474912e+01 1.842481231641542649e+01
1.598909430509744567e+01 -8.900177882653897754e+00 3.218123027766207400e+01
2.099447511325207927e+01 -8.649956036558416272e+00 2.078876663089225474e+01
1.917444951205522941e+01 -1.585789947192518135e+01 2.046346360276479359e+01
1.908968295846735685e+01 -6.616354601950688696e+00 2.730633646346895205e+01
1.492030648536269943e+01 -1.323044919857153090e+01 2.869264299413208974e+01
1.242725164630614998e+01 3.701828352454849203e+00 4.047170497999972127e+01
1.389826211989431926e+01 -3.771076241869897316e+00 4.047237434735429673e+01
1.564962585485803181e+01 2.408065544498680044e+00 3.705422957586769428e+01
9.802499219022175581e+00 2.273025363694397782e+00 4.395379981037285688e+01
1.568419853739141701e+01 -2.645564400922767678e+00 3.736470713035241431e+01
1.044810969695827119e+01 -2.501128054732192574e+00 4.440034030767483841e+01
1.609299068602260974e+01 -2.020899040771964650e+01 -3.570618781196060798e+00
2.061256751392703634e+01 -1.693768299143907541e+01 -1.026687589449353943e+01
1.505504294694340039e+01 -2.111709339447631706e+01 -8.482666038616734738e+00
1.874486691902841784e+01 -2.010848568521127788e+01 -1.378747337163500619e-01
2.406855890911767304e+01 -3.798136545740282255e+00 -1.977996873867130390e+01
2.157293002591138631e+01 -1.044155640019750564e+01 -1.527715055906618957e+01
1.198776973243430000e+01 -1.840285623835023188e+01 -1.953790776454484401e+01
1.854694663708571056e+01 -1.648758523047179736e+01 -1.577127971337975865e+01
1.307269693920401288e+01 -2.067445747912410070e+01 -1.341498815829723412e+01
1.671421916188350565e+01 -1.878494502549641254e+01 -1.118343021831194406e+01
2.359491292630752213e+01 -1.380927213815255783e+01 6.566359844679916513e+00
2.225869988007235989e+01 -1.468516270536749069e+01 -6.953923278105248684e+00
2.053174010777167524e+01 -1.640865885573853689e+01 3.629484528626079953e+00
1.973358114888298687e+01 -1.697662518202487192e+01 -3.587114006004433087e+00
1.620719588919325105e+01 2.090271738948776203e+01 -2.670186841760088470e+00
1.951467496643603994e+01 1.654432001536547503e+01 -9.363940630584393077e+00
1.566593837676820478e+01 2.051558605430695437e+01 -8.661822087646935842e+00
1.845215678121005709e+01 1.908364956989086636e+01 1.230326047438000669e+00
2.323877589392106557e+01 3.393631666004608416e+00 -1.888803953402975466e+01
2.180119592771299253e+01 9.992987394819662583e+00 -1.558930931638765571e+01
1.101604349252065695e+01 1.882451956545720506e+01 -1.837891811702040457e+01
1.665014492046159589e+01 1.613288428982298939e+01 -1.528118349819985511e+01
1.461176038242831510e+01 1.957006686216580249e+01 -1.291655623601898917e+01
1.610582478112413796e+01 1.764583188563362626e+01 -1.151328480575766378e+01
2.185153247255149367e+01 1.269888164075000780e+01 5.766312545956357560e+00
2.345170066303775158e+01 1.353961478118018924e+01 -6.372010659525564336e+00
2.006603429690170870e+01 1.576775227351944331e+01 4.319320359937978360e+00
2.054419556101620259e+01 1.493384486777643083e+01 -2.782701303851253805e+00
4.405426187636165558e+00 1.333448953940094839e+01 -4.380565301941623346e+01
1.069600117004584128e+01 9.244832138001127575e+00 -4.223785257589695163e+01
6.053175309081000321e+00 1.450612637806951888e+01 -3.827904763279222777e+01
3.422295678241655814e+00 9.140879026682931396e+00 -4.903656296502318668e+01
2.030600221030499952e+01 1.817689298331677250e+00 -2.583432748081790820e+01
1.602187901589586616e+01 5.210058577741283337e+00 -3.523250773316561890e+01
2.218836684576221430e+01 6.086509491169203478e+00 -2.407751990885456550e+01
8.162284406708376849e+00 1.787117632879515483e+01 -2.723663306112049298e+01
1.276832659140293202e+01 1.253710993669138318e+01 -3.512768878825571761e+01
8.534740582951057419e+00 1.690651229958390189e+01 -3.214331556055896044e+01
1.308566691680661798e+01 1.558229339754266185e+01 -2.413506477674748396e+01
9.059361583175496335e+00 1.262872600277209223e+01 -3.676780816374380123e+01
2.707803143329994722e+00 7.304470175533007703e-01 -5.327398877747000228e+01
9.441139314295543983e+00 5.657873380763377646e+00 -4.583031456397728221e+01
4.325784555694522915e+00 5.774573394015758865e+00 -5.186957242750720098e+01
7.305908325583531315e+00 9.303530810322987676e+00 -4.726762432531484848e+01
2.002328568942552067e+01 1.201945567792193081e+01 -1.825297317408100994e+01
1.679523703141453339e+01 1.018519849720584958e+01 -3.176497590572434504e+01
2.084239451084301464e+01 9.447233889165431719e+00 -2.184692813795366106e+01
1.693036460798777298e+01 1.540696715935216865e+01 -2.121985191940185800e+01
1.766165149289200542e+01 7.103493821833486876e+00 -2.867904042359501915e+01
1.368152979820244930e+01 1.411875556753591532e+01 -2.853216961204070756e+01
3.279749711732463435e+00 -1.180636741466393680e+01 -4.239432333012126719e+01
1.020969754921247663e+01 -9.927087563303707896e+00 -3.913085832996754476e+01
6.343616585544755715e+00 -1.522102087067226073e+01 -3.764496277715720396e+01
3.373194053522353908e+00 -8.327609483189762685e+00 -4.589143956481374431e+01
2.007675574434616905e+01 -2.339412181950816461e+00 -2.617505923173544957e+01
1.573466355000018524e+01 -6.472930272142112251e+00 -3.465545209753847899e+01
2.180525757551173882e+01 -5.765592819799741697e+00 -2.294182452444859877e+01
1.871399501241441499e+01 -3.205623200016574637e-02 -3.139886939335385563e+01
1.018032553630247072e+01 -1.895887935563787607e+01 -2.479292611189998397e+01
1.159214039817444153e+01 -1.291934266543034582e+01 -3.554461815464284058e+01
8.093035111624136135e+00 -1.789194938666243928e+01 -3.138453470933959366e+01
1.371582857145489065e+01 -1.623180719707257680e+01 -2.447687478259388527e+01
8.146282659656975511e+00 -1.413806579858706058e+01 -3.628360261269052955e+01
3.387059612274900378e+00 -4.192193277805594809e-01 -4.852362575202880635e+01
8.724298375394090144e+00 -4.635226452289801458e+00 -4.276798151491104250e+01
3.434282407826702244e+00 -5.119609445691509997e+00 -4.746785716503807606e+01
7.076713769201335325e+00 8.378765651379902479e-01 -5.073665737535596065e+01
5.951514570039186047e+00 -7.626787786000914338e+00 -4.398877913416325214e+01
2.144588051216960167e+01 -1.279441480043076851e+01 -1.781748441873901001e+01
1.606316716852503035e+01 -9.577283761940005746e+00 -3.150090005387401604e+01
1.965789875274878185e+01 -8.545280301363353814e+00 -2.069396383076947643e+01
1.730836982492299470e+01 -1.466495257355970239e+01 -2.059214309530962339e+01
1.896919800260799249e+01 -8.054059737986500878e+00 -2.763692302152276525e+01
1.411658428906017448e+01 -1.326980366898297881e+01 -2.753597699118554587e+01
1.331333229742742041e+01 2.908157115593044129e+00 -4.005816632485912265e+01
1.283755268327066368e+01 -4.073050804436325834e+00 -3.918236877754667802e+01
1.437474512511937874e+01 1.538633760268228956e+00 -3.666702882495395954e+01
9.099885225289646939e+00 2.158746098133979885e+00 -4.619977848824202482e+01
1.629982891351819774e+01 -2.206921896942080963e+00 -3.548600910572012879e+01
7.932367218844343704e+00 -3.009138486503341703e+00 -4.604774660915024498e+01
2.548848609886238847e+01 -9.834219959973604652e-01 1.669526492323683087e+01
2.684990399455793764e+01 -4.634173620049905629e-01 5.196663179334787053e+00
2.542180592764995950e+01 -3.509779933708029542e+00 1.507870198824749508e+01
2.646275865671005079e+01 3.544129605261701510e+00 1.497341802824484702e+01
2.379272039438490793e+01 1.429840849994988616e+00 -1.525646931226529546e+01
2.706450080365647182e+01 4.518750501895671956e-01 -5.270131415466039471e+00
2.515136036394233798e+01 -3.521071571456099836e+00 -1.461381500473401829e+01
2.498853521913109077e+01 3.968003032854680701e+00 -1.385583256753734638e+01
2.390783682031912960e+01 -1.098022435048130241e+01 9.359798283640680339e+00
2.768675474379621804e+01 -5.193559315903968354e+00 4.276742843871495836e+00
2.459861705975552226e+01 -5.785200729720698654e+00 1.286125451786957363e+01
2.484093209986523476e+01 -1.146961158032332051e+01 3.205410233993515767e+00
2.654173665937724280e+01 -3.834718761609686055e+00 8.603223794818266157e+00
2.452307335625504692e+01 1.034471103972543915e+01 9.945465719815297589e+00
2.591161682008393186e+01 3.954859527323582924e+00 3.343170768027070583e+00
2.384742112657209034e+01 6.933437784402925352e+00 1.353962286915969138e+01
2.289631756347893443e+01 1.003371404098544417e+01 4.023563949436351983e+00
2.622717396547136914e+01 3.424169070676387872e+00 8.954503946707600193e+00
2.383617899658408490e+01 -1.062039781046330056e+01 -9.782689938550142017e+00
2.687173063289562691e+01 -3.243465365100036468e+00 -3.581396954249489006e+00
2.525033195890062387e+01 -7.296751123842371456e+00 -1.279710705265040716e+01
2.541299102944192612e+01 -1.088486835136042430e+01 -2.899543022282593974e+00
2.659299340703389447e+01 -3.772673767537055856e+00 -9.208798182033229196e+00
2.583276630659965178e+01 -7.753747898463060118e+00 -7.792375813182539357e-02
2.299218541772921398e+01 1.060100562547945557e+01 -1.001358930744820164e+01
2.680716997727837736e+01 2.689029352920345062e+00 -3.882561334281577015e+00
2.489704280115998358e+01 8.270761243989673162e+00 -1.171762675838131251e+01
2.375269383188369332e+01 1.088442857178353584e+01 -3.589615690970761719e+00
2.620734263277429221e+01 3.380067035167247713e+00 -8.749909612263166991e+00
2.550735781170414640e+01 6.842192058699297696e+00 -7.501973302348170780e-02
