4.731580009072202984e+02 -7.655857275168361866e+02 1.264529005588843570e-24
-4.731580009072202984e+02 -7.655857275168361866e+02 -2.383659528341689785e-24
4.731580009072202984e+02 7.655857275168361866e+02 1.054355116699411575e-24
-4.731580009072202984e+02 7.655857275168361866e+02 1.299824324753278381e-23
6.856695579834156977e-26 4.731580009072202984e+02 -1.531171455033672373e+03
-1.227983954855871905e-25 -4.731580009072202984e+02 -1.531171455033672373e+03
3.095777912931888519e-26 4.731580009072202984e+02 1.531171455033672373e+03
5.380854647839245018e-26 -4.731580009072202984e+02 1.531171455033672373e+03
-7.655857275168361866e+02 3.312589925736453748e-25 9.463160018144407104e+02
-7.655857275168361866e+02 -2.473564229380900565e-25 -9.463160018144407104e+02
7.655857275168361866e+02 -1.884696319201277670e-25 9.463160018144407104e+02
7.655857275168361866e+02 1.805037096877587465e-25 -9.463160018144407104e+02
4.477169302158485072e-25 -9.000000000000002274e+02 -3.397419819169575076e-24
-9.304192613501062974e-27 9.000000000000002274e+02 -1.147022416997144890e-25
2.781152949374526315e+02 7.281152949374529726e+02 -9.000000000000002274e+02
-2.781152949374526315e+02 7.281152949374529726e+02 -9.000000000000002274e+02
2.781152949374526315e+02 -7.281152949374529726e+02 -9.000000000000002274e+02
-2.781152949374526315e+02 -7.281152949374529726e+02 -9.000000000000002274e+02
-6.379746975485053395e-26 7.883512343862146930e-27 -1.800000000000000455e+03
2.781152949374526315e+02 7.281152949374529726e+02 9.000000000000002274e+02
-2.781152949374526315e+02 7.281152949374529726e+02 9.000000000000002274e+02
2.781152949374526315e+02 -7.281152949374529726e+02 9.000000000000002274e+02
-2.781152949374526315e+02 -7.281152949374529726e+02 9.000000000000002274e+02
-2.796087064123887664e-26 -1.827970584321557904e-27 1.800000000000000455e+03
-7.281152949374528589e+02 -4.500000000000001705e+02 5.562305898749053767e+02
-7.281152949374528589e+02 4.500000000000001705e+02 5.562305898749053767e+02
-4.500000000000001705e+02 2.781152949374526315e+02 1.456230589874905490e+03
-4.500000000000001705e+02 -2.781152949374526315e+02 1.456230589874905490e+03
-7.281152949374528589e+02 -4.500000000000001705e+02 -5.562305898749053767e+02
-7.281152949374528589e+02 4.500000000000001705e+02 -5.562305898749053767e+02
-4.500000000000001705e+02 2.781152949374526315e+02 -1.456230589874905490e+03
-4.500000000000001705e+02 -2.781152949374526315e+02 -1.456230589874905490e+03
-9.000000000000002274e+02 8.307583350253366543e-27 -3.067598587372818697e-25
7.281152949374528589e+02 -4.500000000000001705e+02 5.562305898749053767e+02
7.281152949374528589e+02 4.500000000000001705e+02 5.562305898749053767e+02
4.500000000000001705e+02 2.781152949374526315e+02 1.456230589874905490e+03
4.500000000000001705e+02 -2.781152949374526315e+02 1.456230589874905490e+03
7.281152949374528589e+02 -4.500000000000001705e+02 -5.562305898749053767e+02
7.281152949374528589e+02 4.500000000000001705e+02 -5.562305898749053767e+02
4.500000000000001705e+02 2.781152949374526315e+02 -1.456230589874905490e+03
4.500000000000001705e+02 -2.781152949374526315e+02 -1.456230589874905490e+03
9.000000000000002274e+02 -1.861125669950433934e-26 7.738716526500569702e-26
2.459398760214045296e+02 -8.657445220055259369e+02 -2.160609992433989081e-24
-2.459398760214045296e+02 -8.657445220055259369e+02 -2.225824928272077536e-24
2.459398760214045296e+02 8.657445220055259369e+02 1.103779695130521246e-25
-2.459398760214045296e+02 8.657445220055259369e+02 3.203330016735339884e-24
3.904997080974253549e+02 7.764016323745679529e+02 -4.678054434139581303e+02
1.445598320760209106e+02 6.244024298044042780e+02 -1.263683600597093346e+03
1.462138633048079157e+02 8.559508646656383917e+02 -4.731580009072203552e+02
-3.904997080974253549e+02 7.764016323745679529e+02 -4.678054434139581303e+02
-1.445598320760209106e+02 6.244024298044042780e+02 -1.263683600597093346e+03
-1.462138633048079157e+02 8.559508646656383917e+02 -4.731580009072203552e+02
-7.775773235960868800e-25 7.655857275168361866e+02 -9.463160018144407104e+02
3.904997080974253549e+02 -7.764016323745679529e+02 -4.678054434139581303e+02
1.445598320760209106e+02 -6.244024298044042780e+02 -1.263683600597093346e+03
1.462138633048079157e+02 -8.559508646656383917e+02 -4.731580009072203552e+02
-3.904997080974253549e+02 -7.764016323745679529e+02 -4.678054434139581303e+02
-1.445598320760209106e+02 -6.244024298044042780e+02 -1.263683600597093346e+03
-1.462138633048079157e+02 -8.559508646656383917e+02 -4.731580009072203552e+02
1.013661387975912411e-24 -7.655857275168361866e+02 -9.463160018144407104e+02
-1.020951988785475127e-25 2.459398760214046149e+02 -1.731489044011052101e+03
1.663971889182284016e-25 -2.459398760214046149e+02 -1.731489044011052101e+03
3.904997080974253549e+02 7.764016323745679529e+02 4.678054434139581303e+02
1.445598320760209106e+02 6.244024298044042780e+02 1.263683600597093346e+03
1.462138633048079157e+02 8.559508646656383917e+02 4.731580009072203552e+02
-3.904997080974253549e+02 7.764016323745679529e+02 4.678054434139581303e+02
-1.445598320760209106e+02 6.244024298044042780e+02 1.263683600597093346e+03
-1.462138633048079157e+02 8.559508646656383917e+02 4.731580009072203552e+02
7.407368155040496766e-25 7.655857275168361866e+02 9.463160018144407104e+02
3.904997080974253549e+02 -7.764016323745679529e+02 4.678054434139581303e+02
1.445598320760209106e+02 -6.244024298044042780e+02 1.263683600597093346e+03
1.462138633048079157e+02 -8.559508646656383917e+02 4.731580009072203552e+02
-3.904997080974253549e+02 -7.764016323745679529e+02 4.678054434139581303e+02
-1.445598320760209106e+02 -6.244024298044042780e+02 1.263683600597093346e+03
-1.462138633048079157e+02 -8.559508646656383917e+02 4.731580009072203552e+02
-7.409275641686047618e-25 -7.655857275168361866e+02 9.463160018144407104e+02
1.196433005429782582e-25 2.459398760214046149e+02 1.731489044011052101e+03
-1.332467220486717505e-25 -2.459398760214046149e+02 1.731489044011052101e+03
-6.244024298044042780e+02 -6.318418002985466728e+02 2.891196641520418780e+02
-7.764016323745679529e+02 -2.339027217069790936e+02 7.809994161948507099e+02
-5.290067270632258669e+02 -6.193718642120280720e+02 7.655857275168361866e+02
-6.244024298044042780e+02 6.318418002985466728e+02 2.891196641520418780e+02
-7.764016323745679529e+02 2.339027217069790936e+02 7.809994161948507099e+02
-5.290067270632258669e+02 6.193718642120280720e+02 7.655857275168361866e+02
-2.339027217069790652e+02 3.904997080974253549e+02 1.552803264749135906e+03
-6.318418002985470139e+02 1.445598320760209106e+02 1.248804859608809011e+03
-3.827928637584180933e+02 5.290067270632258669e+02 1.238743728424056599e+03
-2.365790004536102060e+02 1.462138633048078304e+02 1.711901729331276101e+03
-6.193718642120282993e+02 3.827928637584180933e+02 1.058013454126452189e+03
-2.339027217069790652e+02 -3.904997080974253549e+02 1.552803264749135906e+03
-6.318418002985470139e+02 -1.445598320760209106e+02 1.248804859608809011e+03
-3.827928637584180933e+02 -5.290067270632258669e+02 1.238743728424056599e+03
-2.365790004536102060e+02 -1.462138633048078304e+02 1.711901729331276101e+03
-6.193718642120282993e+02 -3.827928637584180933e+02 1.058013454126452189e+03
-4.731580009072202984e+02 -3.728443413956625808e-25 1.531171455033672373e+03
-6.244024298044042780e+02 -6.318418002985466728e+02 -2.891196641520418780e+02
-7.764016323745679529e+02 -2.339027217069790936e+02 -7.809994161948507099e+02
-5.290067270632258669e+02 -6.193718642120280720e+02 -7.655857275168361866e+02
-7.655857275168361866e+02 -4.731580009072204120e+02 3.433349446701630393e-24
-6.244024298044042780e+02 6.318418002985466728e+02 -2.891196641520418780e+02
-7.764016323745679529e+02 2.339027217069790936e+02 -7.809994161948507099e+02
-5.290067270632258669e+02 6.193718642120280720e+02 -7.655857275168361866e+02
-7.655857275168361866e+02 4.731580009072204120e+02 -4.597230025915187429e-24
-2.339027217069790652e+02 3.904997080974253549e+02 -1.552803264749135906e+03
-6.318418002985470139e+02 1.445598320760209106e+02 -1.248804859608809011e+03
-3.827928637584180933e+02 5.290067270632258669e+02 -1.238743728424056599e+03
-2.365790004536102060e+02 1.462138633048078304e+02 -1.711901729331276101e+03
-6.193718642120282993e+02 3.827928637584180933e+02 -1.058013454126452189e+03
-2.339027217069790652e+02 -3.904997080974253549e+02 -1.552803264749135906e+03
-6.318418002985470139e+02 -1.445598320760209106e+02 -1.248804859608809011e+03
-3.827928637584180933e+02 -5.290067270632258669e+02 -1.238743728424056599e+03
-2.365790004536102060e+02 -1.462138633048078304e+02 -1.711901729331276101e+03
-6.193718642120282993e+02 -3.827928637584180933e+02 -1.058013454126452189e+03
-4.731580009072202984e+02 4.985242525140263686e-25 -1.531171455033672373e+03
-8.657445220055259369e+02 -5.477565262568392505e-25 4.918797520428090593e+02
-8.657445220055259369e+02 5.928836952777401472e-25 -4.918797520428090593e+02
-8.559508646656383917e+02 -2.365790004536102344e+02 2.924277266096157746e+02
-8.559508646656383917e+02 2.365790004536102344e+02 2.924277266096157746e+02
-8.559508646656383917e+02 -2.365790004536102344e+02 -2.924277266096157746e+02
-8.559508646656383917e+02 2.365790004536102344e+02 -2.924277266096157746e+02
6.244024298044042780e+02 -6.318418002985466728e+02 2.891196641520418780e+02
7.764016323745679529e+02 -2.339027217069790936e+02 7.809994161948507099e+02
5.290067270632258669e+02 -6.193718642120280720e+02 7.655857275168361866e+02
6.244024298044042780e+02 6.318418002985466728e+02 2.891196641520418780e+02
7.764016323745679529e+02 2.339027217069790936e+02 7.809994161948507099e+02
5.290067270632258669e+02 6.193718642120280720e+02 7.655857275168361866e+02
2.339027217069790652e+02 3.904997080974253549e+02 1.552803264749135906e+03
6.318418002985470139e+02 1.445598320760209106e+02 1.248804859608809011e+03
3.827928637584180933e+02 5.290067270632258669e+02 1.238743728424056599e+03
2.365790004536102060e+02 1.462138633048078304e+02 1.711901729331276101e+03
6.193718642120282993e+02 3.827928637584180933e+02 1.058013454126452189e+03
2.339027217069790652e+02 -3.904997080974253549e+02 1.552803264749135906e+03
6.318418002985470139e+02 -1.445598320760209106e+02 1.248804859608809011e+03
3.827928637584180933e+02 -5.290067270632258669e+02 1.238743728424056599e+03
2.365790004536102060e+02 -1.462138633048078304e+02 1.711901729331276101e+03
6.193718642120282993e+02 -3.827928637584180933e+02 1.058013454126452189e+03
4.731580009072202984e+02 1.466583225229889129e-25 1.531171455033672373e+03
6.244024298044042780e+02 -6.318418002985466728e+02 -2.891196641520418780e+02
7.764016323745679529e+02 -2.339027217069790936e+02 -7.809994161948507099e+02
5.290067270632258669e+02 -6.193718642120280720e+02 -7.655857275168361866e+02
7.655857275168361866e+02 -4.731580009072204120e+02 -7.275571022518744923e-24
6.244024298044042780e+02 6.318418002985466728e+02 -2.891196641520418780e+02
7.764016323745679529e+02 2.339027217069790936e+02 -7.809994161948507099e+02
5.290067270632258669e+02 6.193718642120280720e+02 -7.655857275168361866e+02
7.655857275168361866e+02 4.731580009072204120e+02 9.705824728562219083e-24
2.339027217069790652e+02 3.904997080974253549e+02 -1.552803264749135906e+03
6.318418002985470139e+02 1.445598320760209106e+02 -1.248804859608809011e+03
3.827928637584180933e+02 5.290067270632258669e+02 -1.238743728424056599e+03
2.365790004536102060e+02 1.462138633048078304e+02 -1.711901729331276101e+03
6.193718642120282993e+02 3.827928637584180933e+02 -1.058013454126452189e+03
2.339027217069790652e+02 -3.904997080974253549e+02 -1.552803264749135906e+03
6.318418002985470139e+02 -1.445598320760209106e+02 -1.248804859608809011e+03
3.827928637584180933e+02 -5.290067270632258669e+02 -1.238743728424056599e+03
2.365790004536102060e+02 -1.462138633048078304e+02 -1.711901729331276101e+03
6.193718642120282993e+02 -3.827928637584180933e+02 -1.058013454126452189e+03
4.731580009072202984e+02 -3.166863055181894248e-25 -1.531171455033672373e+03
8.657445220055259369e+02 6.610681716513569278e-25 4.918797520428090593e+02
8.657445220055259369e+02 -7.069994564174208507e-25 -4.918797520428090593e+02
8.559508646656383917e+02 -2.365790004536102344e+02 2.924277266096157746e+02
8.559508646656383917e+02 2.365790004536102344e+02 2.924277266096157746e+02
8.559508646656383917e+02 -2.365790004536102344e+02 -2.924277266096157746e+02
8.559508646656383917e+02 2.365790004536102344e+02 -2.924277266096157746e+02
