1.552079107845889361e+01 -2.511672816593361546e+01 -3.008372237318665543e-02
-1.547581651862044616e+01 -2.505522373586682505e+01 1.603083847997720593e-02
1.549068014849898134e+01 2.504251234841462548e+01 3.626413422293796318e-02
-1.560232463859112606e+01 2.522032749358661974e+01 2.388068781808782778e-02
1.795699404951621447e-02 1.553007497118421121e+01 -5.030184724612637837e+01
9.540097747758650992e-03 -1.553515881639058094e+01 -5.030413800846954331e+01
2.154887266614562841e-02 1.543436603285419295e+01 5.002580798509683291e+01
-6.289462032183825053e-03 -1.553177741862980987e+01 5.029335199894920549e+01
-2.501444949813577878e+01 8.878906374137088275e-03 3.065472237325981553e+01
-2.491263159788944748e+01 -3.732756471110793440e-03 -3.053803697775341774e+01
2.516176654681727598e+01 -3.856826216240862720e-03 3.083983026533586269e+01
2.513680581907869538e+01 -5.437851262937457020e-03 -3.075619988888997369e+01
-6.067811779355255890e-03 -2.922242867031078717e+01 -3.205769137191748219e-02
1.505472261484771396e-02 2.924153448937056865e+01 -1.552567617079944617e-02
9.016527965464270267e+00 2.354730351993649862e+01 -2.877908932815250154e+01
-9.035389604713113698e+00 2.366601940610724242e+01 -2.890627820823948468e+01
9.056002514860049146e+00 -2.366798180235032234e+01 -2.894868202556720860e+01
-9.024263571466891065e+00 -2.361471179791674757e+01 -2.884978944011520952e+01
-3.581947824889286473e-03 8.835282029106761997e-03 -5.857735858530220696e+01
9.009502994985307822e+00 2.358653315191951449e+01 2.882247729008665971e+01
-9.029316125102107904e+00 2.363450789026244792e+01 2.890441231022779434e+01
9.002587477454369491e+00 -2.355593274023939898e+01 2.877087093000870865e+01
-9.098700849972058080e+00 -2.377406713045726505e+01 2.905288973077234971e+01
-3.170932046707560566e-03 -2.164924038449904040e-02 5.820077038651190549e+01
-2.347004035431107027e+01 -1.449981004009003271e+01 1.702209114075282415e+01
-2.379248432730392082e+01 1.471367571448974942e+01 1.723898687867879786e+01
-1.468450603557441170e+01 9.069876593523877872e+00 4.758432818904051231e+01
-1.455952729100028264e+01 -8.988897935677217177e+00 4.723832202762653765e+01
-2.360854992417382547e+01 -1.459245478669098617e+01 -1.712519162319502186e+01
-2.376027896808047402e+01 1.469633037968375433e+01 -1.721565518080934609e+01
-1.462726174705448123e+01 9.054550852060241795e+00 -4.742145552499003003e+01
-1.455407362366052304e+01 -8.981601206108313917e+00 -4.714217684446458634e+01
-2.938807406103309106e+01 8.760114917889185934e-03 7.146206460119175832e-03
2.375839749540512003e+01 -1.467844971840377077e+01 1.721450233626228865e+01
2.380498974020095204e+01 1.473017122821843827e+01 1.720642464681063899e+01
1.463742933382835787e+01 9.019255564964987926e+00 4.739322672420660609e+01
1.467266848267519563e+01 -9.054636739754453600e+00 4.753948563820686957e+01
2.376208255838063366e+01 -1.469657605501005193e+01 -1.720718138517249329e+01
2.363339788312046963e+01 1.460539754479565921e+01 -1.712820798600743899e+01
1.467498347151582827e+01 9.079439522157013442e+00 -4.748307953457880615e+01
1.456289606866415731e+01 -8.994590195672321542e+00 -4.719995840713562529e+01
2.939062838101349584e+01 -8.490775156840962845e-03 -6.755860372797854903e-03
7.983321918670295503e+00 -2.809261908505383332e+01 -1.806672726007065369e-02
-8.026924864044383767e+00 -2.825379012716962279e+01 -4.166666181523522722e-02
8.015390219463306209e+00 2.821409871619552590e+01 8.388085836400188677e-03
-8.042777442110194741e+00 2.828100002365261290e+01 -1.063306582203010428e-02
1.265964679680871541e+01 2.516706323197509576e+01 -1.432905464105876092e+01
4.687851557017935988e+00 2.026133221863745248e+01 -4.101839149098556447e+01
4.770024265249641182e+00 2.767171978640411467e+01 -1.438107291627187934e+01
-1.271821959532133306e+01 2.531206309876138505e+01 -1.436777887501272311e+01
-4.702669431204463457e+00 2.033086262427174162e+01 -4.112112048324884483e+01
-4.743404932828241272e+00 2.760527156696574380e+01 -1.434399145089986938e+01
-1.827260381133123798e-03 2.478396180060452636e+01 -3.028151856288673471e+01
1.271347230396412620e+01 -2.531175168718700874e+01 -1.439338263743940693e+01
4.703114360313636055e+00 -2.032555496753452573e+01 -4.112991860032254721e+01
4.768792301900274921e+00 -2.771820786095227263e+01 -1.441222135344764510e+01
-1.266720470328872672e+01 -2.522048047526897463e+01 -1.434065354823669658e+01
-4.683206887611820690e+00 -2.023952752049237702e+01 -4.096004743951144178e+01
-4.813539748503679050e+00 -2.791559898496272396e+01 -1.451113110798084449e+01
1.164400657984748788e-02 -2.482683067439590729e+01 -3.036055001919089946e+01
1.095026208486731337e-02 8.032518266721512035e+00 -5.661569457499729907e+01
9.765348577047788109e-03 -7.912847126176792756e+00 -5.575809813064107345e+01
1.270472584338001809e+01 2.526937174192844893e+01 1.438723343109274033e+01
4.703081673044094302e+00 2.032724633326300889e+01 4.110942129695177982e+01
4.760443626623014346e+00 2.762032602569332695e+01 1.433801498882879777e+01
-1.275242702510951176e+01 2.537596946646312901e+01 1.441937724146576905e+01
-4.679927685698108242e+00 2.027795681603562983e+01 4.105621351923769424e+01
-4.741931087190220495e+00 2.757795398341720983e+01 1.433915163746910970e+01
1.885217066609617617e-02 2.462672717742758266e+01 3.009785131575824479e+01
1.262474779953827309e+01 -2.508278990761317573e+01 1.429408348648281724e+01
4.692756381416048228e+00 -2.031265963894631099e+01 4.111250153940348184e+01
4.725130136945444370e+00 -2.752799933412893907e+01 1.430185016517855168e+01
-1.279003515440145122e+01 -2.536833199952654994e+01 1.446707673108711134e+01
-4.750985361595531309e+00 -2.039727855463410933e+01 4.129464146675708491e+01
-4.747160860114451708e+00 -2.757551233127693280e+01 1.433335474633654627e+01
-1.008625447445844411e-02 -2.471069106804286619e+01 3.018662038356323052e+01
1.018686828207445404e-02 7.901782610566553622e+00 5.571832585406824023e+01
4.944072792368280241e-03 -7.957806549343221292e+00 5.614167066020592500e+01
-2.015123981268405018e+01 -2.040519095825486673e+01 8.648897258889011397e+00
-2.488542165486288482e+01 -7.492663037253581848e+00 2.451232236163073352e+01
-1.712663751010340718e+01 -2.010014986656467428e+01 2.419344087244285291e+01
-2.051156497380334898e+01 2.075109855127649539e+01 8.802710353689056078e+00
-2.518635261773197342e+01 7.587757228652537655e+00 2.480299161455896950e+01
-1.724614522458870169e+01 2.021596066767621025e+01 2.436524970542514623e+01
-7.624777174102580268e+00 1.273884165392606960e+01 5.072242192318059750e+01
-2.062693266709169038e+01 4.715879694625439988e+00 4.073150649494844799e+01
-1.241848255375404086e+01 1.722221659611303934e+01 4.021254672351667381e+01
-7.667341858990095460e+00 4.695386541464645624e+00 5.536609231778896145e+01
-2.017060731366824555e+01 1.242635599719455364e+01 3.431068701081486694e+01
-7.608356841788583402e+00 -1.267908477593006999e+01 5.051876936853910394e+01
-2.050185272592842978e+01 -4.682358425694100212e+00 4.050171524051015837e+01
-1.248217141793540463e+01 -1.728104042742688051e+01 4.037514771491981946e+01
-7.663859873432902425e+00 -4.688762500826094914e+00 5.547137618500973844e+01
-1.999807039097364125e+01 -1.231551321140307387e+01 3.396028906659761759e+01
-1.533224517534036657e+01 3.581104802255016643e-03 4.985574684491862030e+01
-2.017381069599252541e+01 -2.040420155083968012e+01 -8.658767064938635016e+00
-2.514979873214128858e+01 -7.564519962438606804e+00 -2.476138992502263036e+01
-1.706614247993975653e+01 -1.999908452017945848e+01 -2.413916961481241330e+01
-2.500439156058225620e+01 -1.549226423852948997e+01 -1.659513754766388932e-02
-2.039489051428506272e+01 2.067724164062244085e+01 -8.726887350894687145e+00
-2.516281279313641406e+01 7.567735771414316304e+00 -2.477776525888037540e+01
-1.714594042705277843e+01 2.009164326541818824e+01 -2.423267199070471278e+01
-2.512590824607494966e+01 1.557101104166053851e+01 -8.589923936790174906e-04
-7.603935384340369197e+00 1.271710840153661337e+01 -5.065628463610147492e+01
-2.048680167774992356e+01 4.687565490811717694e+00 -4.051024676300528427e+01
-1.248348692027744455e+01 1.728088891886917366e+01 -4.037961502038548645e+01
-7.737225577205081528e+00 4.726817984225518465e+00 -5.585653264696889408e+01
-2.021838894950758458e+01 1.245830061828267432e+01 -3.434779158126034559e+01
-7.567396570937386713e+00 -1.264081549204116861e+01 -5.031657605363040631e+01
-2.032622167762927745e+01 -4.658739717756103182e+00 -4.012603006569726460e+01
-1.240733832054599262e+01 -1.720257901092297104e+01 -4.016496021683560969e+01
-7.737896423580688854e+00 -4.717321381192972396e+00 -5.580989676387478937e+01
-2.006569781847294109e+01 -1.235898747019592925e+01 -3.411556581956632073e+01
-1.531996263029681771e+01 8.194897054218960517e-03 -4.982368667490500513e+01
-2.813864394339347186e+01 2.515710216212255993e-03 1.511584391506814917e+01
-2.808618093256014703e+01 -6.440250077791300973e-03 -1.508795764797529237e+01
-2.786334895103022546e+01 -7.693194234367631168e+00 8.750364453372078799e+00
-2.800948022497523837e+01 7.716006569143347704e+00 8.807890939967920829e+00
-2.810999261437128993e+01 -7.760096558985538628e+00 -8.836601589948736901e+00
-2.807384651598788139e+01 7.737308414739125340e+00 -8.841438033624985593e+00
2.042136006574923002e+01 -2.063002603315945294e+01 8.750687736811288531e+00
2.517962663235437049e+01 -7.610624495827678970e+00 2.478289179648078644e+01
1.720131962549557159e+01 -2.018181851667233673e+01 2.430187216829650509e+01
2.048825327566149213e+01 2.073887017964748836e+01 8.770877318509830545e+00
2.537391545173363738e+01 7.636344100832180182e+00 2.496301934853184079e+01
1.715357746677307560e+01 2.013116899386719538e+01 2.425660871235524141e+01
7.604663659816369936e+00 1.271842630552316322e+01 5.059255696786411249e+01
2.063183428038029632e+01 4.719188432176997239e+00 4.077078520224986846e+01
1.241560099746457624e+01 1.716458650201111524e+01 4.011675107904883220e+01
7.637593515469592198e+00 4.668634341737985416e+00 5.511651567696718246e+01
2.012051963339860094e+01 1.237761853531058343e+01 3.419014830955678974e+01
7.638538747213020841e+00 -1.273271458591331751e+01 5.072011880036055231e+01
2.061701275165251346e+01 -4.698328254619062783e+00 4.075085468260900967e+01
1.240461578194310199e+01 -1.718416139328581238e+01 4.008532789422729081e+01
7.693210278083739695e+00 -4.701687128154647510e+00 5.555265438314170012e+01
2.017689970867084526e+01 -1.242560636859305667e+01 3.429783245590498097e+01
1.526888701656793934e+01 1.241046240806461566e-02 4.959567109721222522e+01
2.040368099490305909e+01 -2.068359551007193531e+01 -8.744182882376993149e+00
2.516014522528452702e+01 -7.564243149328952143e+00 -2.479506066102672790e+01
1.714379523803373573e+01 -2.008147959371298086e+01 -2.423099434939302910e+01
2.513839906322191453e+01 -1.558194677324232380e+01 -3.589459690804224293e-03
2.026203623183507219e+01 2.050113477546897656e+01 -8.651890623474317366e+00
2.527941359749401329e+01 7.604004373243117065e+00 -2.484788387752114147e+01
1.699229957942062796e+01 1.992636938206775099e+01 -2.404699328876441911e+01
2.495674426957870651e+01 1.546491695441382852e+01 3.110925590012621200e-02
7.616964567553759835e+00 1.273472727557428108e+01 -5.065425604556364902e+01
2.062464305345666205e+01 4.730204806180970500e+00 -4.073545300279670300e+01
1.238015239336844786e+01 1.715031017095481758e+01 -4.001622781944818996e+01
7.731347455824030490e+00 4.737965948608019673e+00 -5.583627861483658705e+01
2.010339871042293680e+01 1.236005860205894180e+01 -3.415856950639414435e+01
7.558617228505838170e+00 -1.265591383112261248e+01 -5.031191974772318076e+01
2.044747399033671797e+01 -4.675156194762444706e+00 -4.040552343794915657e+01
1.247300545308995368e+01 -1.730065856890704268e+01 -4.037517614668215060e+01
7.637855330447537838e+00 -4.674066338969435463e+00 -5.524568062430190452e+01
2.023067893424846986e+01 -1.243655047348006804e+01 -3.435983770886346633e+01
1.529092831270300223e+01 -5.105139918369840102e-03 -4.974785536914446737e+01
2.822663184228720112e+01 1.234937842710043428e-02 1.520570268369333000e+01
2.822248794444349329e+01 -1.023239419808341655e-02 -1.517481229348249272e+01
2.799294312773672289e+01 -7.744291064069397379e+00 8.793933235001670567e+00
2.793190584602280779e+01 7.703298051558855164e+00 8.859178956803756222e+00
2.808503068549733683e+01 -7.743373970666456607e+00 -8.834673407356428143e+00
2.787457102960977195e+01 7.698335024568343954e+00 -8.865774336358009933e+00
1.181473287924703897e+01 -2.680906745250294776e+01 -2.350024918815445812e-02
4.032292242312191632e+00 -2.887773592926260235e+01 -2.519783334970304711e-02
-1.185478750162202566e+01 -2.688338921276343996e+01 -1.304193079301418879e-03
-4.043392575893751228e+00 -2.892338405042457339e+01 -4.746254087443998321e-02
1.182206997658344960e+01 2.681328731913189500e+01 1.820308633758539046e-02
4.047089653893825023e+00 2.905475511120263832e+01 9.232019270380175877e-03
-1.191911490628584680e+01 2.703829722120845247e+01 2.379553001447305000e-02
-4.035516892482035267e+00 2.900611335295866411e+01 -3.192096463598556415e-03
1.419182191330872556e+01 2.533689666254288753e+01 -7.060873030551376495e+00
1.094565927008155803e+01 2.463082326189932658e+01 -2.164051328926371554e+01
1.046348987764954686e+01 2.696999656324400618e+01 -7.099599413043952367e+00
2.347175700911237506e+00 1.798661335109052573e+01 -4.580453337128449220e+01
6.913029649386431608e+00 2.207328844280164759e+01 -3.523632588621378403e+01
2.443301480609566756e+00 2.886454874667809989e+01 -7.106483130658342695e+00
6.985565890308020442e+00 2.593913484680494719e+01 -2.177496340630435867e+01
6.442268206473723779e+00 2.829219809080811388e+01 -7.159928170627507527e+00
8.807350537794222944e+00 2.675351768978790901e+01 -1.456368378776364736e+01
-1.429653770877628105e+01 2.555748404327643186e+01 -7.116033309780000593e+00
-1.093653908447331879e+01 2.463909907804751498e+01 -2.169344118830953860e+01
-1.053766934244163878e+01 2.715773164084655988e+01 -7.120784173467730405e+00
-2.379418662337991375e+00 1.805670777448734654e+01 -4.600630444275525122e+01
-6.931607946326762359e+00 2.219658984706494209e+01 -3.543221183973464861e+01
7.961435163256950706e-03 2.064891695074096134e+01 -4.180026832294199579e+01
-2.413415324149770669e+00 2.872174879520705204e+01 -7.070966893454220248e+00
-6.946423818823371121e+00 2.587437360215069759e+01 -2.170451479846952836e+01
-6.422765917998827234e+00 2.829640638409437159e+01 -7.136545380152264251e+00
1.813164713765625866e-02 2.778007768139389100e+01 -1.443061816031976008e+01
-8.816954305628540212e+00 2.674249488553225618e+01 -1.454156635309395540e+01
4.572956104510498498e+00 2.454281050384781437e+01 -2.999575398439883500e+01
-4.550178744456336410e+00 2.441389526391030884e+01 -2.986514881619951112e+01
2.387499306487449235e+00 2.297726177529418479e+01 -3.643300588729561440e+01
2.400502473870673725e+00 2.630966761702306655e+01 -2.231885952096977732e+01
-2.370469753840040550e+00 2.281278375025804905e+01 -3.616174349789006470e+01
-2.391563423824736301e+00 2.634046171266069791e+01 -2.232338595701607531e+01
1.429541212657081140e+01 -2.550912577166863571e+01 -7.151634252656966950e+00
1.095089956952548782e+01 -2.463485900973655163e+01 -2.170964016125959617e+01
1.052364400749922169e+01 -2.710316672060925569e+01 -7.128469122705513250e+00
2.394901626638840764e+00 -1.807516531462019316e+01 -4.600427844746302242e+01
6.965645696635442974e+00 -2.221917487148743220e+01 -3.541611835421921484e+01
2.425579484951430942e+00 -2.886967755967955185e+01 -7.135476653511229728e+00
6.967034020758060109e+00 -2.587375177150206440e+01 -2.170839401056969820e+01
6.431959844813255778e+00 -2.826020031030057567e+01 -7.168785999122571972e+00
8.806954973182868684e+00 -2.675688982701093011e+01 -1.454053515849143530e+01
-1.421507665943532039e+01 -2.536007917579750170e+01 -7.051850415015493923e+00
-1.094495514211689979e+01 -2.463279199114657203e+01 -2.167842589822656763e+01
-1.056941219302724200e+01 -2.726323707393152063e+01 -7.174592330532501450e+00
-2.355680291959913575e+00 -1.798210209935113468e+01 -4.582876464062083244e+01
-6.905041700811281657e+00 -2.206843568231565200e+01 -3.520975329722252667e+01
-3.655377507448130843e-03 -2.066545460617485830e+01 -4.180303998121715381e+01
-2.447749504104085982e+00 -2.899851060086911048e+01 -7.171855697261393381e+00
-7.032754979543307527e+00 -2.611906018829215981e+01 -2.188797079885400620e+01
-6.492749103533483890e+00 -2.849407953494868906e+01 -7.208063508175227341e+00
-1.151629392056484000e-02 -2.814145962850290417e+01 -1.457248823600795440e+01
-8.864990996632473141e+00 -2.698955091184063093e+01 -1.465329229384527743e+01
4.578469993374987723e+00 -2.444523892321181791e+01 -2.989838293184448759e+01
-4.568054081407008304e+00 -2.456164104234142442e+01 -3.003531442642950111e+01
2.360652058737859882e+00 -2.280483021669786936e+01 -3.617454943474619711e+01
2.411191088113926906e+00 -2.651694811137500807e+01 -2.241051329391360269e+01
-2.406140757104263450e+00 -2.299258247429237301e+01 -3.643499171671113857e+01
-2.403307418150655295e+00 -2.653720253432367571e+01 -2.247643871000715876e+01
-1.179729279467609318e-02 1.189510832080982716e+01 -5.401716743109582808e+01
1.014948306288811046e-02 4.042844061343632944e+00 -5.821250267752425600e+01
8.342536837574895947e-03 -1.168664710764193337e+01 -5.304558986394530251e+01
9.440237233481769269e-03 -3.984246832648143499e+00 -5.726334985751194040e+01
1.422131075783222087e+01 2.537964447023636083e+01 7.112449311912270034e+00
1.095596622562573685e+01 2.463365889783744933e+01 2.169252394176964316e+01
1.053232777153271371e+01 2.716476707584308414e+01 7.135158429437445271e+00
2.379341432191996564e+00 1.803522494669809006e+01 4.597576518610395624e+01
6.919764540828484023e+00 2.216282877120753270e+01 3.535888161591255852e+01
2.416383066087971265e+00 2.878085087880445414e+01 7.069719481837715591e+00
6.951555407645191309e+00 2.581841479936561612e+01 2.167891983059882932e+01
6.437262931676172251e+00 2.834135266581451518e+01 7.156451643599358370e+00
8.844706702947382482e+00 2.688257750504619636e+01 1.456094798529723278e+01
-1.434633402541469849e+01 2.558173244235493016e+01 7.112032247079806524e+00
-1.099178684554958707e+01 2.467663804006397754e+01 2.171819199851992721e+01
-1.054080462945962360e+01 2.719058517120511809e+01 7.128528743252673827e+00
-2.371742789294394971e+00 1.799792803129525964e+01 4.586774312904184825e+01
-6.949163421563432586e+00 2.224853099369281040e+01 3.548166108238987704e+01
-6.721731300611075307e-05 2.040622407698575103e+01 4.128074502962216741e+01
-2.426199799656777678e+00 2.873236996173977786e+01 7.088371859228542959e+00
-6.939304030019580516e+00 2.578418107711544849e+01 2.166434857248500023e+01
-6.446994570767745181e+00 2.827515811015577896e+01 7.133264562670911246e+00
-1.723008393461759186e-02 2.779054038762957646e+01 1.438404503585982752e+01
-8.806860120561216476e+00 2.673610202554600335e+01 1.453699275813531244e+01
4.550764301657472366e+00 2.437958638426566083e+01 2.978762324633519043e+01
-4.531436818459067872e+00 2.435955663540275751e+01 2.976453973796169805e+01
2.355766130292379135e+00 2.264347742985692236e+01 3.593605008553847568e+01
2.383430696725528986e+00 2.624706924744289793e+01 2.226698860509509004e+01
-2.370076777911568566e+00 2.271992643837039694e+01 3.603452930741183025e+01
-2.376293490869037406e+00 2.625406156334498320e+01 2.225027876233955126e+01
1.412309507405967146e+01 -2.521058158821437800e+01 7.050285613389716488e+00
1.086402352069542587e+01 -2.450076092935807637e+01 2.159218019605593497e+01
1.040096756445107573e+01 -2.685995862588201888e+01 7.058931547339747148e+00
2.378990397363998088e+00 -1.801469847447122419e+01 4.589444092304869116e+01
6.931216712888801368e+00 -2.222649442051640278e+01 3.543916259158194038e+01
2.410050150148307146e+00 -2.871546881213266644e+01 7.064771910178721193e+00
6.929833455865523462e+00 -2.574653193754967617e+01 2.163693890206024051e+01
6.412705973152904804e+00 -2.810217804041393563e+01 7.098588661644131825e+00
8.738971665239246178e+00 -2.654468585246167578e+01 1.443125413620148478e+01
-1.427762746740720701e+01 -2.548354816409303325e+01 7.135046530112157726e+00
-1.104486528369457332e+01 -2.484051654642313878e+01 2.185444291320682808e+01
-1.050623667892516444e+01 -2.715962178148593154e+01 7.160079042135712335e+00
-2.374753115235648693e+00 -1.810645827519495654e+01 4.611100316466480820e+01
-6.966243700583161669e+00 -2.232789229858073909e+01 3.560695101543576158e+01
1.601856354773642868e-02 -2.052830819352913494e+01 4.150644243859527904e+01
-2.412974874866052666e+00 -2.858296372023923837e+01 7.059729152534276686e+00
-6.996725703489691917e+00 -2.594601451095284617e+01 2.178192490480376975e+01
-6.411177408833914626e+00 -2.819650182070822453e+01 7.148945605589761776e+00
6.209750923953377341e-03 -2.778143887723402017e+01 1.441133085639519784e+01
-8.884471142511848996e+00 -2.698891463990012340e+01 1.463523200349228581e+01
4.555953482820644496e+00 -2.445741270112402788e+01 2.989796505269537263e+01
-4.577953976992626295e+00 -2.449136328805882101e+01 2.993246370714949478e+01
2.372865976708271152e+00 -2.281194704982778276e+01 3.615766272677932136e+01
2.380416106920526964e+00 -2.627422708382354344e+01 2.227844592795010570e+01
-2.359363394922741719e+00 -2.280043066294173215e+01 3.615177493858941915e+01
-2.391075042682734075e+00 -2.624960437694486970e+01 2.225274514364902245e+01
-2.329229018951829624e-03 1.166975705901637461e+01 5.304355363889250441e+01
-8.963214365369429862e-05 4.003147616886462146e+00 5.745191466324858709e+01
1.578312616909212374e-02 -1.177806725158010970e+01 5.351091403135824720e+01
-6.396966864115014376e-03 -4.011401314885252312e+00 5.756574408277384691e+01
-1.790870004340772326e+01 -2.280596857354252549e+01 4.343737028412697043e+00
-2.193437617579947485e+01 -1.756466797265928292e+01 1.293436397613592526e+01
-1.663708930805248798e+01 -2.308460708192194488e+01 1.163196578348745192e+01
-2.499359550202548874e+01 -3.782562563053233351e+00 2.765819592720755793e+01
-2.433559702722319074e+01 -1.106776899850659568e+01 2.093685768563583594e+01
-1.332272598407135256e+01 -2.227938644286752279e+01 2.705919808397500148e+01
-2.057345010769708793e+01 -1.751045600505261746e+01 2.086988104885319117e+01
-1.504867766397400253e+01 -2.284479145309115111e+01 1.939537193191114994e+01
-1.873655876414040122e+01 -2.032953139720381941e+01 1.633750169419895215e+01
-1.824189290768283200e+01 2.318981991438660728e+01 4.405789874394927530e+00
-2.239809223120721526e+01 1.793245734334913166e+01 1.311826532783379307e+01
-1.688080552539080870e+01 2.347208777119422507e+01 1.176442062550981227e+01
-2.527974529274974103e+01 3.827379126557038269e+00 2.796649896263158652e+01
-2.464706003299791348e+01 1.120797869504214894e+01 2.115574254259546905e+01
-1.329093670587833564e+01 2.219014099320826361e+01 2.703234007141474748e+01
-2.080025049896769929e+01 1.771819183754584159e+01 2.107263592073431724e+01
-1.520525469533896512e+01 2.309165752858193343e+01 1.953182860277092558e+01
-1.913406096007101453e+01 2.073880006867202042e+01 1.653510746795961239e+01
-3.849595085750414647e+00 1.424205659850878725e+01 5.090875316196809308e+01
-1.127743470218378441e+01 1.102349296264074496e+01 4.969064870325669858e+01
-6.256438527005752093e+00 1.677390497846477402e+01 4.655652076266651562e+01
-3.840599290956027811e+00 1.043143491327155026e+01 5.391519144832236776e+01
-2.302401074352113142e+01 2.380022936848527060e+00 3.608098958369330234e+01
-1.775921152799084268e+01 6.955479762850178993e+00 4.446470211386123594e+01
-2.326199806896686084e+01 6.240296242177912234e+00 3.336906776379931472e+01
-1.088011436622642591e+01 2.075218653977887939e+01 3.510093757073703102e+01
-1.373529625557067746e+01 1.331113555014855976e+01 4.438919509797614893e+01
-8.661674050013246529e+00 1.894458975876978712e+01 4.110937352653444776e+01
-1.499228431259790462e+01 1.889940173984930283e+01 3.277234191626022408e+01
-1.012680882000863569e+01 1.510163400427716063e+01 4.587461260844299460e+01
-3.878900495991429054e+00 2.326777573767477847e+00 5.724564172975274090e+01
-1.134379684310528802e+01 6.982691944812003726e+00 5.225205206274700487e+01
-3.843525747730220044e+00 6.373831227208475170e+00 5.606589566551697601e+01
-7.708931911997190412e+00 8.822071187752188237e+00 5.370841845092086686e+01
-2.219654490738031427e+01 1.367087984903064246e+01 2.606724159029670673e+01
-1.757320510876112962e+01 1.084564918691086000e+01 4.133340864616703669e+01
-2.289500778567790817e+01 1.010146312846237571e+01 2.988693127045413789e+01
-1.900590256416781898e+01 1.657486941071461217e+01 2.981845702894307593e+01
-2.053541561142129979e+01 8.661864283646913520e+00 3.778654298162465608e+01
-1.653571866089947306e+01 1.505358970603304769e+01 3.783004083246925120e+01
-3.853200390434547540e+00 -1.415744754017349116e+01 5.056729479022430951e+01
-1.120244514616858922e+01 -1.093440384915188091e+01 4.934031927385176886e+01
-6.297445973499568694e+00 -1.688693099125337937e+01 4.685948539103350896e+01
-3.843279029128498614e+00 -1.046286089805558817e+01 5.401431842363273006e+01
-2.283248538878597955e+01 -2.351804561677683036e+00 3.585437768977436690e+01
-1.771464157794081729e+01 -6.923152376451298551e+00 4.432331156672318428e+01
-2.291028898788619728e+01 -6.151480999819372464e+00 3.285792940197016065e+01
-2.093901437541981991e+01 -7.152673282202481886e-04 4.141080869917775686e+01
-1.091897714793821628e+01 -2.082715935331336254e+01 3.527173373184822935e+01
-1.371836857317064151e+01 -1.330612915331692214e+01 4.443488906912544678e+01
-8.735626502484011624e+00 -1.907383896887536068e+01 4.139938560316782201e+01
-1.498730523071551879e+01 -1.891094855280857701e+01 3.280602041030235938e+01
-1.021117091217123196e+01 -1.522646408888806668e+01 4.626574891505376996e+01
-3.889649199667231994e+00 -2.334703702143928528e+00 5.741915926284525540e+01
-1.119134703113769902e+01 -6.897891756891659121e+00 5.176884192351676006e+01
-3.857245985201963379e+00 -6.407819033830483235e+00 5.622812290480875674e+01
-7.760245349046860142e+00 1.794620838614991928e-02 5.606281407948125661e+01
-7.710769271358500099e+00 -8.778223438389494149e+00 5.353969135646512711e+01
-2.196381205173246087e+01 -1.352153919358293166e+01 2.577912131228320192e+01
-1.747505787725874526e+01 -1.076802586956395835e+01 4.102759337028671638e+01
-2.263069702848131115e+01 -1.000238173316567014e+01 2.957183803659428634e+01
-1.886971474107611257e+01 -1.645103198964052282e+01 2.960829388826387998e+01
-2.032175357352532785e+01 -8.558655048821764311e+00 3.743490817682005911e+01
-1.642409669357090962e+01 -1.494464204157118203e+01 3.754504409555580224e+01
-1.513436518043313050e+01 4.547349760958265819e+00 4.920440602907284955e+01
-1.521059163916200063e+01 -4.580053500990048931e+00 4.934314340312178615e+01
-1.827955204802438871e+01 2.404306978759950475e+00 4.603880748393392963e+01
-1.160343054200038360e+01 2.374921999683301088e+00 5.311720221786051610e+01
-1.827769652309350334e+01 -2.379973637463218772e+00 4.597423957623458080e+01
-1.165346076096833272e+01 -2.384300960865429531e+00 5.332092627121677708e+01
-1.790060960234670517e+01 -2.276450327944704810e+01 -4.293252616926992005e+00
-2.200594830318305029e+01 -1.761252398177780520e+01 -1.292882219774969421e+01
-1.654455292789658571e+01 -2.298204499515935240e+01 -1.157060083878757695e+01
-2.055139200575466774e+01 -2.081595192026829366e+01 3.186631233148793122e-04
-2.512125849988501614e+01 -3.809937475074580249e+00 -2.780597590691127152e+01
-2.470087844006146938e+01 -1.122570512161569667e+01 -2.114347545462674560e+01
-1.322601096320182279e+01 -2.210275545994473134e+01 -2.689492086939816318e+01
-2.051349164894580923e+01 -1.745591444868864173e+01 -2.080850441963739783e+01
-1.495436767149802826e+01 -2.270477280741405579e+01 -1.929343004442468157e+01
-1.874209084911129963e+01 -2.032756742658402516e+01 -1.632410733375456857e+01
-2.455244576728591355e+01 -1.519597280380414261e+01 8.427352542297921190e+00
-2.462946733138566913e+01 -1.525536332790047922e+01 -8.458323893174828356e+00
-2.282721657953512917e+01 -1.811689774889809001e+01 4.351714888697182815e+00
-2.282342514672469491e+01 -1.815226759282913349e+01 -4.346282947583421041e+00
-1.817895492149600045e+01 2.317600558510324760e+01 -4.323498095760708537e+00
-2.230710457501175270e+01 1.784051683950747602e+01 -1.306951840423525724e+01
-1.674187207208086292e+01 2.322005272037843326e+01 -1.162201187063543451e+01
-2.071163663397883425e+01 2.096289962540820895e+01 1.450819655705421624e-02
-2.524597630717471830e+01 3.839382455587140530e+00 -2.794351929937436552e+01
-2.463045886395907758e+01 1.117624802725982924e+01 -2.111148937156144356e+01
-1.319981040074718059e+01 2.206624440810511700e+01 -2.687639607406032383e+01
-2.072013887651726449e+01 1.765880383502762285e+01 -2.102917814900969162e+01
-1.501103566644374077e+01 2.279123663509545850e+01 -1.934245825824588749e+01
-1.891722003375537042e+01 2.050948999921030236e+01 -1.643493645054077845e+01
-2.486692521277860024e+01 1.539802108356615662e+01 8.506607605570136954e+00
-2.476974527048805541e+01 1.535421978938767573e+01 -8.515220088477475358e+00
-2.299501455137697903e+01 1.829103259206570797e+01 4.434644159339610425e+00
-2.293769551717242194e+01 1.821553968546974289e+01 -4.371253740279903433e+00
-3.876601458312088244e+00 1.426433606016642841e+01 -5.098163489712478480e+01
-1.121752044076957056e+01 1.097012927298796292e+01 -4.945259456005938148e+01
-6.262915414651477164e+00 1.684277972014044167e+01 -4.674370531101917692e+01
-3.862455978795956479e+00 1.049061270858699046e+01 -5.421820183430009621e+01
-2.292221597758959817e+01 2.364517575607410826e+00 -3.593630203499959208e+01
-1.775157563841531072e+01 6.930712673144070912e+00 -4.442297616787273995e+01
-2.312877613657477838e+01 6.210632926636449724e+00 -3.319605450698341542e+01
-1.090483746534059861e+01 2.076291518172124384e+01 -3.516464531165741647e+01
-1.372223174919359501e+01 1.332710100507474316e+01 -4.442113268276160198e+01
-8.719499788532246498e+00 1.905052867717578380e+01 -4.137106903906573763e+01
-1.497096247934580049e+01 1.888082935981810806e+01 -3.273608613327604644e+01
-1.017888466106871270e+01 1.519733004897048723e+01 -4.620002659817988189e+01
-3.938866919725210192e+00 2.370955299172739394e+00 -5.801071396386070944e+01
-1.130506390797712690e+01 6.986808459480684519e+00 -5.224337396216126450e+01
-3.867951089044735724e+00 6.422446878496727685e+00 -5.644796465376084171e+01
-7.703708430104068583e+00 8.783665203113697473e+00 -5.349218228326856206e+01
-2.222668858458441576e+01 1.367959993274708630e+01 -2.608561217238564822e+01
-1.771826187553990195e+01 1.092801449029907523e+01 -4.159299156763812988e+01
-2.277086974383654194e+01 1.006454413582824614e+01 -2.975058909892011627e+01
-1.894956270606109072e+01 1.651569393417828380e+01 -2.975232263926993426e+01
-2.055406788464335577e+01 8.646080291579645305e+00 -3.784459637695798762e+01
-1.651232541122438846e+01 1.500564779103705249e+01 -3.771125907503606101e+01
-3.817468415266324744e+00 -1.414233853729708201e+01 -5.049608278760862845e+01
-1.110933468067487162e+01 -1.087061254564397039e+01 -4.902776970736076834e+01
-6.195878235460110517e+00 -1.660585234229898788e+01 -4.612484291074414244e+01
-3.862974458129381006e+00 -1.044236398946151567e+01 -5.400132735685956931e+01
-2.268349790276711886e+01 -2.332919160543516224e+00 -3.558406375615269468e+01
-1.756974115863674513e+01 -6.854115266093183223e+00 -4.396458993046301345e+01
-2.302738740605141388e+01 -6.186051903541035735e+00 -3.306577074058846932e+01
-2.065418587893538316e+01 3.270389234387380013e-03 -4.085720579898749349e+01
-1.077412532705789694e+01 -2.056141163033015928e+01 -3.479703259939215343e+01
-1.378238747711028900e+01 -1.338946279669541894e+01 -4.454452430299296850e+01
-8.544717629256853186e+00 -1.865683165151306611e+01 -4.052044308346811619e+01
-1.498077652038038643e+01 -1.892608276136653345e+01 -3.277881134715673284e+01
-1.008759827811672238e+01 -1.505329522262455910e+01 -4.575260702525150691e+01
-3.918572210961523528e+00 -2.363219328334009717e+00 -5.774965455366406530e+01
-1.128865990233005334e+01 -6.959130175398676066e+00 -5.206496622235206928e+01
-3.875672042300877695e+00 -6.434572509907400040e+00 -5.653759528364778930e+01
-7.881144412749516270e+00 5.114954560253074517e-03 -5.695934121873501965e+01
-7.688480127495690652e+00 -8.772009892310546064e+00 -5.347714033460997030e+01
-2.211679284365059672e+01 -1.360773792132513904e+01 -2.597660690386136295e+01
-1.752638561109788640e+01 -1.080686270557505857e+01 -4.118194278883174064e+01
-2.277972751285695097e+01 -1.005096385638711176e+01 -2.975073090598835890e+01
-1.880447736125393021e+01 -1.639873714903555069e+01 -2.951901494913907342e+01
-2.044921792695825147e+01 -8.646442302614524067e+00 -3.763601750449229399e+01
-1.647918665069453681e+01 -1.499200652024901004e+01 -3.769525401844742873e+01
-1.520151823702753902e+01 4.577320143765900795e+00 -4.932062415790571919e+01
-1.510668456051007169e+01 -4.547082233842928645e+00 -4.907830757573746894e+01
-1.802779218379584236e+01 2.353735093141200885e+00 -4.534256476331341901e+01
-1.175307069388301251e+01 2.420235491192495481e+00 -5.381047679309179443e+01
-1.797847141193228993e+01 -2.348832173836175041e+00 -4.523513754265108133e+01
-1.177639693331803095e+01 -2.428478397484044926e+00 -5.389269762898370431e+01
-2.673988809706542824e+01 -1.801566279918010577e-02 2.295916744948257460e+01
-2.904372466381358109e+01 -5.979848909340634323e-03 7.477298160107392455e+00
-2.677901336840480795e+01 -3.820104328944145866e+00 1.996737396961142608e+01
-2.697229142347405073e+01 3.828511648133826384e+00 2.012205266915983515e+01
-2.664569690386316125e+01 4.896819257755023226e-03 -2.287273550269578237e+01
-2.898753169940706087e+01 8.609746469198081148e-03 -7.464403727569925984e+00
-2.697317300963939601e+01 -3.823778808908508076e+00 -2.009867628879571200e+01
-2.715381233300674424e+01 3.863944982745800338e+00 -2.019354596500740939e+01
-2.607860987151365961e+01 -1.128061189950490828e+01 1.299740518498624375e+01
-2.903093109731958421e+01 -3.885198386032796325e+00 4.360013447658723784e+00
-2.653087886271607232e+01 -7.668485396607024995e+00 1.658100457206390388e+01
-2.699296221886203639e+01 -1.180896243110787580e+01 4.356774105943154396e+00
-2.810835035941749993e+01 -3.855322928649560499e+00 1.195935955366880954e+01
-2.622677445521277662e+01 1.137133562782092078e+01 1.313349473074775453e+01
-2.913584677372242382e+01 3.916174697821305450e+00 4.412368157737731167e+00
-2.672119443649416937e+01 7.693692926800665077e+00 1.672652552141579463e+01
-2.700329168262534552e+01 1.181697397435442021e+01 4.382899270787148360e+00
-2.830334332139397446e+01 3.881344964336051362e+00 1.204650714270301037e+01
-2.629802317426078773e+01 -1.138067406557079764e+01 -1.316853002984531429e+01
-2.916607874308308368e+01 -3.917980171017159563e+00 -4.441040570979621904e+00
-2.686224064229102737e+01 -7.744775988389335453e+00 -1.675305829625389364e+01
-2.705258753319166942e+01 -1.184049085779965438e+01 -4.437560861943238066e+00
-2.838442980556938977e+01 -3.900250710162591616e+00 -1.205808219262960179e+01
-2.847003538637934739e+01 -7.850418205523793880e+00 -2.404641441299423810e-02
-2.622073305902284446e+01 1.134088756206001847e+01 -1.311394465247643204e+01
-2.908996075444393625e+01 3.914475919238684209e+00 -4.418422721745854709e+00
-2.689887026261159519e+01 7.733898708800707844e+00 -1.676317818155123263e+01
-2.699510845730733521e+01 1.181738223432528834e+01 -4.399917826930094478e+00
-2.839329689759349407e+01 3.907717060910813611e+00 -1.212209826740178542e+01
-2.851915840185809614e+01 7.874963144516611280e+00 -1.139901788774892732e-02
1.813580837236787957e+01 -2.306802874852488117e+01 4.365864684158118791e+00
2.234066566315769720e+01 -1.787864109132751977e+01 1.308351296435154687e+01
1.672281138165039138e+01 -2.321121635792372473e+01 1.168850312718720197e+01
2.527175587457258032e+01 -3.842241592211583789e+00 2.797409440976665707e+01
2.463714834484650495e+01 -1.119906095775545829e+01 2.113672852493427001e+01
1.326059224673282166e+01 -2.216792418138596688e+01 2.695400436789512710e+01
2.076354748571301911e+01 -1.769010733695747462e+01 2.102560831632937521e+01
1.510773250801867995e+01 -2.295277432396672879e+01 1.943526740617502924e+01
1.897319335072765867e+01 -2.059555452667924413e+01 1.649101650920414031e+01
1.815517421922457331e+01 2.316940404062972547e+01 4.399899469682087449e+00
2.233828986389119464e+01 1.788272327933127670e+01 1.306281964446310617e+01
1.687405098931590786e+01 2.341052730178816077e+01 1.176064581078778737e+01
2.543923123705128120e+01 3.863261895648956834e+00 2.811188936869029575e+01
2.479247527933813444e+01 1.124762360170085174e+01 2.120925398785738381e+01
1.323617208600553496e+01 2.213724065974886557e+01 2.692693468672789336e+01
2.064658838899077153e+01 1.760433383547421826e+01 2.093535464835144211e+01
1.517452023660006866e+01 2.301217399237593142e+01 1.945891297925050623e+01
1.906681946718968845e+01 2.069135560877666435e+01 1.648475564536407845e+01
3.857091073340221055e+00 1.418988845123460862e+01 5.077925572901131090e+01
1.123725988151415578e+01 1.097808153833955558e+01 4.948396965288768001e+01
6.288289460867525271e+00 1.681807807660590370e+01 4.678273563692971493e+01
3.809230560832264967e+00 1.037218799861707730e+01 5.361138426925040079e+01
2.308891080199058621e+01 2.383080893983183568e+00 3.619134690551244660e+01
1.777184085604214303e+01 6.950748201565694728e+00 4.449144335007132156e+01
2.327818678940365871e+01 6.240744012679849462e+00 3.336748059384990484e+01
1.080683074536449872e+01 2.057762802028863547e+01 3.486149033810823994e+01
1.370480259928863731e+01 1.330492955479410533e+01 4.432834186699084711e+01
8.665214282480855346e+00 1.900043326747796968e+01 4.119948180138050731e+01
1.488532626453896590e+01 1.877120596741830383e+01 3.259185767188419192e+01
1.019126744109698990e+01 1.518141511298673407e+01 4.612651411059428597e+01
3.886106897195896526e+00 2.337315066178530909e+00 5.729962905436892839e+01
1.123067653842842972e+01 6.905219254971747489e+00 5.178899723471057115e+01
3.880340846002441335e+00 6.389727746125441143e+00 5.615513626058314145e+01
7.635704231046323898e+00 8.737570594171293337e+00 5.320539036597864424e+01
2.213837271223668779e+01 1.363151617381537761e+01 2.599944688488476530e+01
1.756798145872715011e+01 1.082469556624932139e+01 4.123286769559874188e+01
2.293357261301754590e+01 1.013473766082045735e+01 2.995553181786383945e+01
1.878523314672487743e+01 1.635185779447752452e+01 2.952487347188866096e+01
2.055581546049143427e+01 8.664633145029229766e+00 3.784791172864926523e+01
1.643819518522107614e+01 1.495339056365946107e+01 3.758864301360863891e+01
3.866863795854930341e+00 -1.426247579875728633e+01 5.102103271075332458e+01
1.126305119753577699e+01 -1.102634601207638276e+01 4.969160953782095191e+01
6.227114953165574285e+00 -1.671205623344361513e+01 4.641345168148470890e+01
3.832912941949349062e+00 -1.047274790627696461e+01 5.410040294183979626e+01
2.302177243478941548e+01 -2.358638093313254913e+00 3.607816019456804213e+01
1.778224089143997944e+01 -6.964942206019225424e+00 4.447501646999533875e+01
2.326806927878444498e+01 -6.232404283761747266e+00 3.338555357671387469e+01
2.094978549830734238e+01 -1.913245529061409489e-02 4.141242764994220948e+01
1.078407802522083081e+01 -2.059667057765111053e+01 3.488698358216241502e+01
1.372818799091784392e+01 -1.331701480181611785e+01 4.438216616532624670e+01
8.624373263436996950e+00 -1.885397592378031106e+01 4.091626478868179362e+01
1.498903301857866310e+01 -1.890351598045425519e+01 3.275694615699517698e+01
1.011491011013069041e+01 -1.509004736112759382e+01 4.587043308933913721e+01
3.919899576272977804e+00 -2.345638689998756909e+00 5.774486091614083705e+01
1.132297520252302725e+01 -6.978909185785686198e+00 5.221297507137644800e+01
3.880444120045733580e+00 -6.450226225635614874e+00 5.646594728252968309e+01
7.682557600883224147e+00 1.215252095686633746e-03 5.557568166627110173e+01
7.708689255654875616e+00 -8.799883602624754886e+00 5.363631556146365398e+01
2.217101404282173505e+01 -1.366012917207698329e+01 2.605303131656697957e+01
1.759954541223172342e+01 -1.081006658204066007e+01 4.132047742467811702e+01
2.288987300189382879e+01 -1.010128640081361873e+01 2.987547085374108136e+01
1.897819213177436737e+01 -1.654277519589195933e+01 2.980163446250777071e+01
2.052966116760919491e+01 -8.664327043781755222e+00 3.778864164609612430e+01
1.655579515263857715e+01 -1.505689458655073487e+01 3.780899963330701752e+01
1.508557148481204990e+01 4.532485869451869931e+00 4.901194529743046502e+01
1.515015877299593683e+01 -4.551816754336219795e+00 4.920882522985012741e+01
1.826442614124938046e+01 2.389139082666142944e+00 4.598549873628255824e+01
1.147388961525703621e+01 2.332669505005232846e+00 5.251631978216348529e+01
1.828808376647464229e+01 -2.400757096685224301e+00 4.604149390011239973e+01
1.153374460340602603e+01 -2.346016330904872937e+00 5.279918618518422591e+01
1.816769970525785283e+01 -2.315422045105938409e+01 -4.335468302522795803e+00
2.231538204227099342e+01 -1.785985811935768908e+01 -1.307879437102499232e+01
1.674088702737758538e+01 -2.323175068489706163e+01 -1.164031081894246000e+01
2.069155600465091993e+01 -2.093818561862462602e+01 -1.203078339092424238e-02
2.525881787914288523e+01 -3.831387919040807777e+00 -2.795489694054188945e+01
2.462960929554893497e+01 -1.118435913224135625e+01 -2.111102949798590700e+01
1.321783268644949239e+01 -2.206723982764636816e+01 -2.686552464722214140e+01
2.072233650287004281e+01 -1.765607981317382880e+01 -2.101728562358296770e+01
1.500497469877963042e+01 -2.278017609664598808e+01 -1.934837812635247545e+01
1.892653101747737310e+01 -2.050465372124672214e+01 -1.643479873456524842e+01
2.485778191784237379e+01 -1.539080534858944738e+01 8.502012542093122960e+00
2.477243494160665449e+01 -1.535161566224355667e+01 -8.501159990448744708e+00
2.299499822830344797e+01 -1.828950945665877015e+01 4.389111891662465403e+00
2.294092980930268411e+01 -1.822744010009860105e+01 -4.376430227699156461e+00
1.806875698150303222e+01 2.295919461078810997e+01 -4.292816567958197105e+00
2.205444038661062578e+01 1.765577420002406228e+01 -1.293110202911938167e+01
1.657879892602079863e+01 2.302607100580561905e+01 -1.155061179427172569e+01
2.073437195941725264e+01 2.098949001189290442e+01 6.306800090469158460e-02
2.534709200285809416e+01 3.844787405819941384e+00 -2.803906237639165155e+01
2.467874186274893233e+01 1.122379432586483716e+01 -2.117233743761906339e+01
1.316211699447499051e+01 2.195592056392947100e+01 -2.675659435993839352e+01
2.046666172055031296e+01 1.743140087455539344e+01 -2.076507474590608027e+01
1.489899470027519968e+01 2.265015933336293941e+01 -1.924978048615113124e+01
1.874107278129542209e+01 2.031361044481768729e+01 -1.626949228888040366e+01
2.461671398339360550e+01 1.525720101579177523e+01 8.517326051113805363e+00
2.460266552564756282e+01 1.524832877200449133e+01 -8.447005256487543079e+00
2.298214126042220329e+01 1.823946591027548436e+01 4.383956208774955954e+00
2.292907154632894162e+01 1.822286733692893534e+01 -4.342095029878978885e+00
3.845760529422090013e+00 1.419576751102978029e+01 -5.069853747954972789e+01
1.124531572310134386e+01 1.100832283778994380e+01 -4.954256696037500518e+01
6.226669145430508756e+00 1.671962621372735924e+01 -4.636446414045229858e+01
3.891494975212238749e+00 1.053647901587090807e+01 -5.453055685039337419e+01
2.298394526912122515e+01 2.360496840107259686e+00 -3.600725435027206345e+01
1.777621821273908509e+01 6.942882812558598182e+00 -4.450353506139980908e+01
2.318570548309285329e+01 6.222872717107052587e+00 -3.328490293646480325e+01
1.074976568667776533e+01 2.052218211648186852e+01 -3.470444488267726513e+01
1.363605086291765467e+01 1.324508783252850819e+01 -4.412355056218585503e+01
8.585307607775970240e+00 1.879569347060822082e+01 -4.080553478842889348e+01
1.489258432918793496e+01 1.880832749151376504e+01 -3.259461671660245941e+01
1.014633820805211073e+01 1.512509715461157711e+01 -4.594546533175100222e+01
3.923691591270062951e+00 2.369788854238772391e+00 -5.798016165156346347e+01
1.133749410495183341e+01 6.985941335344619141e+00 -5.227140645451853374e+01
3.906668672059418146e+00 6.497318050552211233e+00 -5.704629096403765232e+01
7.778648383658729237e+00 8.883508559231113821e+00 -5.409332954286372086e+01
2.205138526200460802e+01 1.358880925188296906e+01 -2.594356026384019032e+01
1.754686829862276554e+01 1.082070863231129998e+01 -4.125569873331839688e+01
2.296377415912032660e+01 1.013582364948323367e+01 -2.997588864067950709e+01
1.877668540413851872e+01 1.637423577104912553e+01 -2.944609542663283008e+01
2.055994148899413787e+01 8.653332867415143070e+00 -3.784413985274861858e+01
1.636513225278169870e+01 1.488638425584731628e+01 -3.744394069693285587e+01
3.832086839627836472e+00 -1.416569108942588961e+01 -5.064884152682926555e+01
1.118056210479207024e+01 -1.091156312978883847e+01 -4.919586349122729985e+01
6.277206361883845176e+00 -1.682976785300541422e+01 -4.674060660226015074e+01
3.825651365405811077e+00 -1.035694476281689091e+01 -5.358236315982738773e+01
2.289657440136000233e+01 -2.371315930230417646e+00 -3.588040820265327113e+01
1.763035253294533788e+01 -6.887123579231229087e+00 -4.410622106944851595e+01
2.312781922253604350e+01 -6.208458606813118230e+00 -3.319138695236104297e+01
2.080400557890094149e+01 -2.287622674199634928e-03 -4.114909490611178455e+01
1.089633048920146585e+01 -2.078275147957275237e+01 -3.516695140917062190e+01
1.372459944142991617e+01 -1.331896730170646848e+01 -4.440261435530061362e+01
8.702303896041573950e+00 -1.906739746274357827e+01 -4.135923521891444210e+01
1.496894344096245355e+01 -1.887512949374843885e+01 -3.274262599103786897e+01
1.019555349545401768e+01 -1.521547405204278114e+01 -4.616624432818716173e+01
3.886552906322660483e+00 -2.334163569675381744e+00 -5.731756535323037838e+01
1.122610064462785751e+01 -6.911750764954375015e+00 -5.183546311187084399e+01
3.819527655050016346e+00 -6.359377134080605565e+00 -5.586846365087178157e+01
7.771540248389833039e+00 -6.106075211969990042e-03 -5.611879747101303195e+01
7.631160726578112730e+00 -8.716070826513721670e+00 -5.300492552105821886e+01
2.221131860966526972e+01 -1.367578365329183043e+01 -2.607564308217916604e+01
1.770049846327579601e+01 -1.091536461363772581e+01 -4.155291991955070330e+01
2.276436508118246138e+01 -1.004676766877668292e+01 -2.975110066648443663e+01
1.894318192567176240e+01 -1.652024692541561635e+01 -2.973071763870480311e+01
2.054071377249606556e+01 -8.657558360110984452e+00 -3.784617178046364216e+01
1.649726423979220868e+01 -1.501473300832071267e+01 -3.773194822464076736e+01
1.516940880242546541e+01 4.558255982838791631e+00 -4.927937669829884015e+01
1.500775320881254515e+01 -4.528353509416596978e+00 -4.874609566104788883e+01
1.827480579773733638e+01 2.403637146946797642e+00 -4.599501095336807310e+01
1.158992293081334957e+01 2.376706900922249677e+00 -5.304961371187653185e+01
1.800597295387886732e+01 -2.366277375387337401e+00 -4.533920612296748942e+01
1.162936582729180834e+01 -2.379275454503440024e+00 -5.323206471670912521e+01
2.690970930264576921e+01 -8.046322503129298490e-03 2.308507713502491754e+01
2.913030850530786964e+01 -8.042700238431805398e-03 7.524773127572724540e+00
2.698136725917483147e+01 -3.844870298205961490e+00 2.012206297294861912e+01
2.724229664057185829e+01 3.864919669711749606e+00 2.027885646916043072e+01
2.688806102935480169e+01 6.698995721618383227e-03 -2.305406578792912597e+01
2.905208506128026613e+01 -1.115374731678053094e-02 -7.485298297944634527e+00
2.715855158266528946e+01 -3.869195581089980518e+00 -2.019690686802957202e+01
2.721792194308082458e+01 3.865054964508448432e+00 -2.024247961573666643e+01
2.621980016295607285e+01 -1.135233883186429438e+01 1.313496047234525577e+01
2.912738719173863089e+01 -3.914471588714079964e+00 4.403375978775350141e+00
2.673341195465648212e+01 -7.693205002127549541e+00 1.671527252853946166e+01
2.699634649897738825e+01 -1.180995395026871009e+01 4.415406499622452685e+00
2.830204197122901633e+01 -3.875197925968379753e+00 1.206342870002036349e+01
2.612968817987857406e+01 1.130975516930130276e+01 1.313558207380725840e+01
2.899000264190517839e+01 3.889008494876461608e+00 4.424774347811760933e+00
2.698725198960666205e+01 7.776273712932752602e+00 1.683369549857536995e+01
2.669450147118089589e+01 1.169028565904240935e+01 4.387641878512987148e+00
2.843065169935215408e+01 3.904114074306447080e+00 1.213698818020644765e+01
2.623226213303241749e+01 -1.134415118377892107e+01 -1.310860657575206467e+01
2.907314794446724449e+01 -3.914811193728174210e+00 -4.418038191928143732e+00
2.689768728381547902e+01 -7.762020701697908365e+00 -1.677590104866404275e+01
2.700129779860803581e+01 -1.182519996847495314e+01 -4.400395779613485381e+00
2.842260638254539984e+01 -3.903587013979989528e+00 -1.212384528204609602e+01
2.852613819160838915e+01 -7.873053511604759969e+00 -2.647747712400513875e-02
2.609921987434805501e+01 1.130760796611910379e+01 -1.312620366601189303e+01
2.893214328892348775e+01 3.889687987862791019e+00 -4.397969865690059876e+00
2.694084838634740109e+01 7.764717674446207418e+00 -1.678477606226581642e+01
2.673966710743996344e+01 1.170393083441451232e+01 -4.420641158943956484e+00
2.841206679923962852e+01 3.879493616962486957e+00 -1.212570123930644783e+01
2.819886540071651027e+01 7.763263279074872791e+00 1.607143434749780039e-02
