-2.591643988631975315e+00 2.761214091664495052e-01 -1.279538192093917282e+00
-8.592569633154527320e-02 -8.794839506477906133e-01 -8.795813257943165819e-01
5.981318831269840652e-01 7.442685553230382611e-01 2.183221363484875444e-01
2.379114639900351269e-01 7.402896786923087724e-01 -2.919398060380150817e+00
8.352958127744740668e-01 1.426366092585674150e-01 6.147734314820412216e-01
1.153975430519688761e+00 1.202481572979213764e+00 -1.756332252225270563e-01
-1.188785250969907059e+00 3.102152710976893157e-01 -1.732923695868465175e-01
-2.415680301195526791e+00 -7.036252495552816066e-01 1.720386145108691867e-01
-6.410736873839980622e-03 1.291192582646781162e+00 6.175845366792400704e-01
-1.222592421240670468e+00 9.137592489357881931e-01 -2.713516202522846532e-01
3.094584569831447252e-01 1.983383896590421580e-01 1.699360392406189246e-01
5.205125480290266893e-01 -8.767369365840227413e-01 5.361871222356664468e-01
-1.784804906132644087e+00 -2.040987358184238321e-01 8.771234197476197592e-01
5.778082029471065528e-01 2.046898381527659516e-01 1.021714064892432106e+00
-5.008955571494238396e-02 7.504994126455742931e-01 7.056132053525666636e-01
-5.860142639615979476e-01 -3.531191743443000131e-01 -2.285334861713878674e+00
5.423318298607070487e-01 -8.476605669663207498e-01 -4.502001074275151504e-01
1.554882408472543776e-01 4.457352454313128765e-01 -1.433361526419534737e+00
-6.103605648386791760e-01 8.476177715807388102e-01 8.399646937044572548e-01
2.669126014311041573e+00 -2.351170665010249294e+00 1.150462206949808941e+00
-1.106206970853341742e+00 6.901764164485825470e-02 -1.321194883733697090e+00
1.510772262418586809e-01 -1.175573662636638428e+00 8.059424193427028316e-01
3.197826825279670437e-01 1.115345972576646361e+00 9.807810082177659261e-01
-1.417080416648129448e+00 1.086082286831559163e+00 1.009919016840327366e+00
-1.449995924553993065e+00 1.953208519181356406e-01 -1.030538983610312376e-01
5.177018407686289070e-01 7.596580270745677543e-01 -3.358191065252313923e-01
1.089843384638937485e+00 -8.802576418886508547e-01 -1.909601013618849041e-01
-4.496133184784889547e-01 -1.248270138834776333e+00 1.092503615058519451e+00
9.709384318384448598e-01 -6.263830918611724696e-01 -2.942185381773360087e-01
-2.527071915330820207e-01 6.860172924591882992e-01 -2.622128676134063419e-01
7.677682321947456590e-01 -2.868795603376343983e-01 -1.492297798018742627e+00
-4.375581042441659685e-01 3.584805447691314928e-01 1.381527621394716299e+00
-5.421345871904055258e-01 -5.008068927136245518e-01 -5.722204123149640109e-01
5.483660450079335114e-01 -1.313692708316412272e+00 2.700650690439693191e-01
1.886211628921217187e+00 1.094096464382349199e+00 1.914249027827763738e+00
-3.034076332313937474e-01 -3.059350086736593033e-01 6.733933586352083278e-01
-3.899497955109135772e-01 1.845953967694489828e+00 4.932099423820292539e-01
1.584840193651996021e+00 1.079460280382210924e-01 -2.932879152480421525e-01
-1.124857717655995959e+00 1.245678063245021949e+00 4.830474562123444615e-01
-6.729315313741272009e-01 -1.897246333129815499e+00 1.930796300076187133e-01
-1.051652741077341524e+00 -2.304428027810391799e-01 -8.139630512818080144e-01
6.914578782413131064e-01 1.148118097222408984e+00 -1.550041127199938522e-02
