-9.359476643783809502e-01 -5.789021267763534428e-01 5.804698704357583727e-01
-5.430979816720967746e-01 3.767328358408925659e-01 -2.105042080070919364e-01
1.353945992318200231e+00 8.444167428081154059e-01 1.899870828510508980e-01
-6.473877843074068439e-01 5.387037080666772226e-01 5.066372217178014559e-01
-1.458024955571819992e-01 -4.269000755005216696e-01 5.436068553965695688e-02
3.585716509770057736e-01 1.234721032621865222e-01 -4.840462537868074899e-01
1.022836585692433076e+00 -8.555883714280642094e-01 -1.628926744469029408e+00
-2.281839602476620765e-01 5.794891623242031109e-01 6.621029817844614751e-02
-1.353523774170337438e-02 7.343014927296718231e-01 -6.438509069522021511e-01
-7.270141717452620611e-01 -1.886326651127722895e-02 1.582555418127217228e+00
1.283636022130399290e+00 -5.235533408628846308e-01 -8.148740914520805623e-01
2.723195125876195499e-01 -7.861485550318876303e-01 -3.283080724733772326e-01
-5.308557318102166134e-01 -1.614174118728883833e+00 -4.869055232942474110e-01
8.542268948373566984e-01 1.783029373272242646e+00 1.112110634194527936e+00
-2.508050339774444137e-01 6.894277202998068121e-01 1.471700950196429547e+00
6.076466837891448813e-01 -8.742394542254401379e-01 3.347586919700817343e-01
9.040855566670864818e-02 5.111699850418963825e-02 -2.949494991007655109e+00
-1.723168694274201274e+00 -1.254830715480455439e+00 -1.257845112953690725e+00
-1.136707397731494096e+00 -2.032758038719240656e-01 5.735280199541887836e-01
-2.579223862957192789e-02 -6.256165245654876639e-01 4.667505572177660933e-01
1.872038387058909459e+00 1.244115638120465217e+00 -4.531221447430689997e-01
7.057058731868491863e-01 8.858614287311574742e-01 -9.572258493830598791e-01
4.470515848921777780e-01 6.388134554149210720e-01 -6.548453504482731891e-01
1.433326448993372804e+00 1.329695748402234923e+00 7.605294591754517830e-01
4.945604395753389615e-01 6.794674722945639456e-01 3.138666139580698067e-01
5.407602335965178142e-01 -2.141393506654901913e+00 -4.421735248138227159e-01
2.061022110511249172e-01 7.331521744038215216e-01 1.673312095723611170e+00
5.788215168757120388e-01 -2.253606362927122131e+00 6.279144244501740427e-03
8.404957430730478629e-01 4.682187346145771922e-01 -9.034450412620400606e-01
-1.714245874419994653e+00 -1.039320120879441811e+00 2.532806648757074952e-01
-6.391440481251015049e-01 -1.605331539527636575e-01 -1.794310963525681812e-02
-6.135587824073359675e-01 -2.640031989380604155e-02 -2.107881182151449817e+00
-6.661594624859065172e-01 7.303433721012043967e-02 2.918729824606871581e-01
-1.516709791749224490e-01 -9.621372449562051177e-01 1.288753710711727729e+00
8.012907326419341780e-01 -3.093524048302911250e-02 8.132866752105862851e-01
-1.710762012834354140e+00 1.218113871283234451e+00 3.587880126417617443e-01
-4.750907855719049833e-01 6.083488682066903186e-01 2.476660665380653048e-01
-4.641633022866104713e-02 -1.852901821571128149e+00 -3.029937867589722611e-01
5.273728288650134099e-02 4.492736079670323623e-01 -3.848264096181204796e-01
1.348562604828914324e+00 -1.041105571207703306e+00 2.647543837501824537e+00
-1.176518045006520324e-01 6.255418560983099230e-01 5.761117519226819361e-01
8.024993811998613058e-01 -3.470395208803549458e-01 3.177552107010266802e+00
8.762330840221434214e-02 -2.386376814233633070e-01 1.218812735895909105e+00
7.359185791025797396e-01 -2.548859979239504470e-01 2.540341774516523266e-02
-1.814094464906900406e+00 7.058328535103625123e-01 -7.567906994950687194e-01
1.577607381531836550e+00 9.336271725238678987e-02 -2.099546190666951584e-01
-1.447641178603634504e+00 -3.925116031480999634e-01 -1.090355130696991637e-01
1.786195907829871699e+00 6.532921123448625078e-01 -2.828979852453958332e-01
3.528704450986154817e-01 -1.070413615045187505e+00 -3.379136848888548150e-01
-1.500811413071666323e+00 1.247865772897140291e+00 -9.484709272160192217e-01
-2.623468126174572479e+00 5.531598537957715944e-01 -4.434972537873177467e-01
-2.301174295067840714e-01 -5.960960599896094614e-01 9.922118055072122189e-01
-1.608539296396728768e-01 4.318199494271246497e-02 -7.047732281418837008e-01
-1.394450725599782226e+00 -2.373861055887161176e-01 4.336117820570286052e-01
2.198492742978958248e+00 1.368529549734353701e+00 -5.892300118382927110e-01
3.698495141894985738e-01 3.125593718625684359e-01 -6.878331071387557838e-01
2.960655736205481947e-01 -6.274495695120198280e-02 -6.908669800870060884e-01
6.322253318081788587e-01 8.843175312844951952e-01 -1.121980764093540417e+00
-6.215910637840061925e-01 1.149478075362079244e+00 -7.339520464225914864e-01
7.869383233557507296e-03 1.961265520137473128e+00 -6.445977505885013281e-01
-8.177528261144335620e-01 -1.589272355898858624e-01 -1.149882223462539432e+00
-8.568846501106663904e-01 4.258360577498353505e-01 -4.115709514987765383e-01
2.011547698515878224e+00 5.640451766319371646e-02 8.705464787264491355e-02
2.507273381353397612e-01 -1.875512391669642343e+00 1.480179658016009592e+00
3.416325956411295217e-01 -2.120125921703952185e-02 -1.613400962983861930e+00
-4.673734527471967715e-01 1.083785367708568481e+00 -2.594234841711002826e-01
1.011461761054427200e+00 1.707541160612596753e+00 -8.041785596716417572e-01
-7.208654545141506276e-01 -1.736772814317436575e+00 1.109707621430529922e+00
9.023522188530090915e-01 5.032810898334344474e-01 9.814082550338000255e-01
-1.561506995521468433e+00 1.807116194523152641e+00 8.816994366120754767e-02
2.117383607035580595e-01 1.729667071189953109e+00 1.710550974596575458e+00
1.042956640254337985e+00 2.730853159085895765e+00 -3.692141473091922199e-01
-5.808748213495513735e-01 1.345307958445890462e+00 -2.480209574256054539e-01
-1.896675193151436067e+00 -4.040021092755476939e-01 -2.174480259425016992e+00
1.311603728098579280e-01 -2.219037994287287319e-01 4.345727495950187924e-01
-5.026388793856481074e-01 -2.558751301075874729e-02 2.139860264888429509e+00
1.758849568268111341e+00 -3.395095349785031136e-01 -1.006845854186681377e+00
-4.274135702544591964e-01 -7.510382983067043217e-01 -1.116831842430405786e+00
-2.255621920690845383e-01 7.525487245329930408e-01 -8.368953786796451411e-02
-5.119914822317366276e-01 -4.577804199934331630e-01 -7.174340175468939540e-01
-3.009297428666797836e-01 -6.824212639997934149e-01 -6.744582266205606524e-01
1.651750202297582515e+00 -2.379989054327178888e+00 7.702183390705297228e-01
-1.619981569705544411e+00 -7.680439947746633966e-02 -5.484046235941856251e-01
6.899401533663304109e-01 4.936527967007980355e-01 4.277886910717872970e-01
2.442160716738249818e-02 -2.087711649581528717e-01 7.152181566955893022e-01
1.875067923186115593e-01 1.020888178418782655e+00 4.686503260782403646e-01
-1.073274691675984820e-02 -1.280635703959728811e-01 -2.849925656771949006e-02
3.162320772498230514e-01 6.875843728484680450e-02 -1.780278582147598598e+00
-1.557877759991154409e+00 7.050367715337321206e-01 -2.023533219842322151e+00
-6.372548887271453633e-02 9.669915976416604275e-01 -1.920122994251063364e+00
-1.305174190420390623e+00 -1.542713773564146629e-01 4.676986568706054670e-01
-1.431897059362727376e+00 -7.228694825527985923e-01 3.213552090683975959e-01
-1.199314550729652096e+00 4.625675394819988573e-01 6.435556227970397336e-02
-9.233695934307256659e-01 -9.314152149677584758e-01 -7.865266136821423837e-01
5.987679273954796821e-01 -6.942735843670382323e-01 -1.799040358228514158e+00
-7.287438233710095137e-01 -1.177099903922858681e+00 -3.523426545291793666e+00
-7.053714186771070649e-02 8.774487485874926662e-01 -6.127670282463615337e-01
9.403796383867304431e-01 4.794557085351662251e-01 -5.724462570948642970e-01
-2.006822763973780191e-02 -3.454296986776458911e-01 1.890016128076663637e+00
-8.119826789287218904e-01 -1.655571417567487380e+00 1.139253566929738781e+00
1.410307235806488313e+00 1.968295409910675586e-01 -3.397647797498801747e-01
-9.629182411701106559e-02 3.110941284965981213e-01 8.860286810028401572e-01
1.846752592407196136e+00 1.388714189002440813e+00 -1.392839773867588171e+00
-2.364752476961408945e-01 -7.607410398301985843e-01 5.013565671263116030e-01
-5.971740196315874494e-01 4.490574523481112856e-01 3.347417028220079360e-01
1.265650266301129978e+00 -4.139665014893841311e-01 1.444960560465381016e+00
-1.344465362425017130e+00 -2.134671897290588982e-01 -4.283991457557870808e-01
-1.846251193514719668e-02 1.607196440373412472e+00 -1.407504773464527403e+00
8.496894591799890317e-02 2.270086605335003005e-01 -4.759665967218468796e-01
-4.410905032053382135e-01 4.972945221217753842e-01 -3.683702327902867446e-01
-6.037713768226155020e-01 9.788761049366485612e-01 -7.116784281481280949e-01
-1.939322236155626600e+00 8.069934796343221084e-01 7.963140175579653812e-01
-5.434082699616451517e-01 3.537227043174673291e-02 1.125108480494130481e+00
5.464677852740592590e-01 -7.501825205065186797e-01 5.415983455628703425e-01
6.466382923042907072e-01 -6.345177565151979282e-01 -7.727237248238768563e-01
-1.057210790424076619e+00 -3.848845697528588961e-01 1.318389555916501532e+00
-6.999875779407774834e-01 1.605001712150224691e+00 -5.441360926479928972e-01
-9.684530557275264906e-01 4.892945775457420710e-01 -4.975104083926912280e-01
1.695238706195284495e+00 3.452626438857899632e-02 1.284239617888495166e+00
-1.094662568775217393e+00 6.967817295247950016e-01 -8.952622309862084959e-01
-2.166889466524143937e-01 -1.202394418001658388e-01 -7.107288950554012663e-01
2.467839177475064372e-01 2.549679918471308149e-01 -6.348369033417253782e-01
3.182372276354445972e-01 -1.100696279010487943e+00 -8.893964811448793473e-01
-2.865934702511720999e-01 -9.395811665403244195e-01 5.568290657241592445e-01
1.330415553676568052e+00 -4.553466929605776842e-02 -8.014040973608750340e-01
1.756552137484031162e+00 -1.825022164420710413e-01 -6.961596514752036446e-01
-9.796676652471247859e-01 6.586000292256940503e-01 9.260249606578322412e-01
-2.775621759823702628e-01 -6.879270546659883578e-01 -7.205292896386543688e-01
3.849002920843270226e-01 -5.050380987326175131e-01 -7.136390090234575601e-01
1.070948209206563639e+00 1.257289591928554939e+00 -1.846749872604352971e-01
9.596191956356180386e-01 5.457799320168493784e-01 1.738737300878434811e+00
8.902663968261561589e-01 -6.449731317571248956e-01 2.201507121103651876e-01
-1.457399987320721735e+00 4.171180346937028993e-01 7.217119243396089012e-02
-1.404897258229544921e-01 -1.286368018860857276e+00 -3.905772631066461997e-02
-1.542579795489394279e+00 1.210100469548687219e+00 -3.527089553177765735e-01
-1.444906442954985160e+00 -2.865971869813748740e-01 7.278558781912842779e-01
-8.534015732031223767e-01 2.116077983925551020e+00 -1.124903778761079609e+00
-2.113450089768790785e-01 -3.238832704600008161e-01 -2.926478244105307214e-01
1.596252054069916104e+00 8.207083927354833497e-01 -3.455586118229889703e-01
-1.231107446742292666e+00 2.150435120946195156e+00 -6.184705552018764374e-01
-8.378984332928540724e-01 7.287909164994865741e-02 1.682290371209260726e+00
1.308275389472806527e+00 9.036625458455413984e-01 -6.879880057923177805e-01
3.482205467947926958e-01 1.349826661066653610e+00 -8.516068241457266375e-01
-5.014915481972925804e-01 1.069130930730221307e-01 1.133393625662054260e+00
8.609124758033314118e-01 -4.892334785689058663e-01 1.762056342635855311e+00
1.489868696874896647e+00 -4.973252838658727137e-01 9.357265769469175209e-01
3.344649976550362891e-01 -1.610202096417670869e+00 3.162087389924719272e-01
1.463805687050469873e+00 8.050903978455316023e-01 -1.442395939307050456e+00
-4.713467509942610989e-01 -5.134340482548556128e-01 -1.350287075533817063e-02
-1.473159812987776318e+00 -6.545785021107004553e-01 8.469212728991387662e-01
-1.702326997981786771e+00 5.562899196211741337e-01 -2.794016607891908199e-01
3.746293400253904449e-01 2.333724339612099768e-02 -7.627320863615509872e-01
1.346168563316571198e+00 6.046208870559481863e-01 5.093665089542852575e-01
3.060724716723249306e-01 1.424139796822206705e+00 -8.077812107948597609e-01
6.012694534348649311e-01 8.017968378712415634e-01 1.661872177833022102e+00
5.903388940051335076e-01 -2.401780017148934299e+00 -1.004113373267059517e+00
7.362436190956065385e-01 -2.041611633886180943e+00 1.694982494439836174e-01
-1.299476239954778123e+00 4.358620536290055414e-01 2.944829104755258276e-01
-1.852033487907262854e+00 -2.064515235312895658e-01 6.990750831649647501e-02
2.078847297790799298e-01 -1.398910843882520627e+00 2.361001716965284991e-01
-1.379382253505708089e+00 -6.195083765759618055e-01 -4.909791103383505662e-01
-2.892888646488014359e-01 2.995822813658189504e-02 1.558164330266080810e-01
7.262664484519606445e-01 -2.525455364937164715e-01 6.292640731121801334e-01
-3.177379153773189358e-01 1.290960566550023225e+00 -1.116948278515480730e+00
6.919791129266116003e-02 -1.430379770667672412e+00 9.312151143958290467e-01
-1.383112434945549252e+00 -8.402754718175561299e-01 -2.447683917468310849e-02
-5.956607371960859210e-01 -7.197319119483192029e-01 -8.498891188802080165e-01
1.857144025471325177e+00 5.978968464277267802e-01 -8.466375671889893040e-01
2.233017625391160166e-01 -1.410373443930524051e-01 -1.857148850201054413e-01
1.484893877051623345e+00 8.347373468544597719e-01 2.471926335786410467e-01
4.638802396499975278e-01 4.928881497967594894e-01 -2.422607557160999292e+00
-4.251127815291123185e-02 -6.167482531171231130e-01 8.014460259784925711e-01
-2.842690624946597189e-01 1.101103256776760020e+00 -7.639325987004109975e-02
-4.820480880079129615e-02 -7.720602800452771586e-01 1.924702244633099246e+00
-1.191053545263490721e+00 -9.934589233124254681e-01 9.417015261427323924e-01
-5.597805843976501050e-01 1.223651645558683887e+00 5.294376036980701361e-01
6.443083701628965487e-01 -1.417947069848436215e+00 -7.007478577349591786e-01
-1.932334907976206884e+00 -5.154703241433624683e-01 -3.306433302032924515e-01
-4.285042433343966839e-01 3.078017270470774502e-02 7.882092444146164834e-01
1.393617687565761321e+00 1.643278485990111948e+00 1.448490356873252671e-01
-1.032731937501790188e-02 -4.854724918039421966e-01 -1.069293101991835471e+00
-2.928057301292288361e-01 -1.580459261576464547e-01 1.003058533997619017e+00
-3.433188135881720671e-01 4.144420901624579767e-01 -2.445878606886923989e-01
-4.009029471638596021e-01 5.576948821074090290e-01 2.683336075509926144e-01
2.360043482782899771e-01 7.277675743471978542e-01 -7.021519281409833724e-01
-2.002202509841393419e-01 -8.620386747981031439e-01 2.530918657791853210e+00
-1.433291005575443977e+00 8.771048127335135947e-01 -1.097315216269203475e+00
3.899399224750701443e-01 -8.347497112735696723e-01 -5.189810631122542262e-01
7.632388374933216091e-02 -6.903559725783660062e-01 -8.436884916762245057e-01
2.234079220904971130e+00 -2.020763767235211616e-01 1.994882615545141791e+00
-1.877503741197906528e+00 1.996777712253356707e-01 7.590988821224740057e-01
-7.625650580837672887e-02 7.814454541365216389e-02 -2.981670014033682481e+00
6.847125290282640719e-02 1.474735439715104901e+00 -5.098525916524137003e-01
2.918199657413861337e-01 -2.438797212032640382e-01 -7.966372450113508030e-01
1.277070498511846619e+00 -1.505869464705907435e+00 -3.851851925228643725e-01
2.795939533924014439e-02 1.245494729814518031e+00 -1.520064285256931547e-01
1.608438528419610991e+00 1.273474842542809515e+00 1.499185720568851354e-01
1.794446813795015361e+00 -1.097417550604262049e+00 1.828894903617679146e+00
2.280856450947975900e-01 -3.540031274085427837e-01 -9.035646765162563820e-01
-3.480878407314647038e-01 6.334271082245420681e-01 -2.375369765428229085e-01
-2.329280297248951803e-01 1.181121881613468094e+00 -6.810332131148613133e-01
6.823406489651689943e-01 6.204442048770697493e-01 6.686175277195636202e-01
-1.054795929444644731e+00 -3.254410764729311345e-01 -5.417059206883448885e-01
-1.659944143985839504e-01 -1.094134812552890468e+00 -8.018752496557680631e-01
1.404203155302426342e+00 -1.830257612950373647e-01 -1.085050809428905527e+00
1.842729387089743764e-01 1.114601421472420695e+00 -5.245914818462852347e-01
1.213664944993222861e+00 -4.760890832184087040e-01 -3.791544249116971521e-01
-4.440290740564822314e-01 -2.288346289986561977e-01 -1.305671025059928603e+00
-6.378211386067877964e-01 9.391110489070123579e-01 -1.140112809905078795e+00
2.200004623318843500e+00 1.382114351862280266e+00 -6.673868759860176469e-01
6.487483506386060306e-01 -7.632449312811752096e-01 -1.221675652465647501e-02
-2.634725123591155072e-01 3.628082099575116043e-02 2.223293842948002474e+00
-9.723363426046858216e-01 3.216915676509047861e-01 6.747899940544889452e-02
3.643662231126110207e-01 -5.719426941186899205e-01 3.566662733793322104e-01
1.425285542495347002e-01 -5.746746988650528465e-01 2.169872051041548122e+00
1.256180802740671343e+00 1.464101119556348918e+00 -3.565465798088715554e-01
-1.808215499424399020e-01 -1.653615509529399619e+00 1.641143211021666604e+00
4.452365484060551992e-01 8.859434183337723256e-01 -8.884569205032737393e-01
-1.179213373373551255e+00 -1.116397882616030790e+00 -5.444189153035469131e-01
3.256610960394192844e-01 -5.399238395891018394e-01 -6.696552582357699901e-01
4.132462855990434170e-01 2.146352667812720494e+00 5.981435345129564318e-01
-8.152039459205167038e-01 -1.533211032289192088e+00 2.434454662166032901e-01
5.762424960864676038e-01 -1.675566587292447174e-01 -1.069307051690404409e+00
7.826810324399934293e-01 6.220749080670455455e-02 -5.346070723282202453e-01
1.622627651408226290e+00 7.119024572859173894e-01 -2.177503681085697085e-01
4.327778728515758733e-01 -7.327408682559007069e-02 1.587966192660844378e+00
-4.710696126412607376e-01 -1.131724765859761117e+00 9.069367136150738307e-02
-1.080836858065011841e+00 -1.364190218979838831e-01 3.717574577583551698e-01
-1.649353434772774962e+00 1.240408710583100982e+00 1.299185815490981000e+00
-1.604082661637834306e+00 -8.815331425496333861e-02 -1.079578550230805067e+00
7.002976629225049487e-01 -3.033810812511004151e+00 -6.185654022140596453e-01
8.462434126207637464e-01 -4.190167468582136068e-01 9.435334522506187982e-01
-3.968794894359112813e-01 1.364781189724192156e+00 2.592505126273689786e-01
-1.417961326400162259e+00 6.719077961226520568e-01 -3.602120080252029233e-01
-1.106203560029757164e-02 2.647490796224473808e+00 3.326421555127036522e-01
7.721192409623434116e-01 -8.695152419752866235e-02 -7.856903626845255229e-01
1.322170836145900363e+00 -1.300794679486291461e+00 2.178737466241199572e-01
-9.580868029857551038e-01 1.339528557420629928e+00 -6.622972660876068687e-03
2.499120215740829654e+00 2.780103616054486193e-01 -5.932015310943911102e-01
6.254230605508747098e-01 2.530881613552116161e-01 5.976187557152524699e-01
3.912321162989893519e-01 8.055395477575806318e-01 7.149715489933288204e-01
-1.663000126088616248e-01 1.680942673731665726e+00 5.237727571937106363e-01
1.311856499752797056e-01 -4.262547041594668129e-01 2.879011693082658696e-01
-3.115994384126766215e-01 1.720105874181252936e+00 -5.472836481889350457e-01
5.654352295119646765e-01 7.313121753613868181e-01 -1.411420143925578019e+00
-1.310890727122561827e+00 1.611343853376805413e+00 1.802673980466287906e+00
-4.945812434815998748e-01 3.758196127936479503e-01 -1.554297154947767712e-01
5.282575568684261258e-01 -2.004091953253727687e-01 -1.544000649366659983e-02
1.387754409830171953e+00 -1.309302115404853861e+00 -4.957517933316168968e-01
5.050391947920594982e-01 -3.239341629741098738e-01 3.842854485215418947e-02
2.213800728696728171e-01 -4.896983715270565862e-01 -9.304862083039872056e-01
5.007113498916020422e-01 8.236422920856185659e-01 9.467440090111262085e-02
-9.027680169217465744e-01 -1.975170215214679503e+00 1.682716888605196859e+00
-1.763448500750566694e+00 9.252730581215473649e-02 -5.186026144264066495e-01
-1.602179599201247751e+00 1.402384393776101579e+00 1.138927242902347814e+00
8.214918056554371129e-01 -1.989914637747557669e-01 -1.406577080432448446e-01
-5.750370311893205910e-01 -6.157862147557701116e-01 1.318900620193793838e+00
1.036680739136612184e+00 -5.913501030720161866e-01 -1.435408583882641365e+00
-4.039171230772242716e-01 1.033068254835963096e+00 -2.638124676687637615e-01
-5.443748419279455936e-02 -1.972788801524005597e+00 -1.500798637271010261e+00
-9.341800240911115605e-01 4.018046071581125034e-01 8.951610430671557150e-01
9.773905457202197722e-01 4.074757340977665510e-01 9.337057708887325225e-01
-4.572966241632011042e-01 6.066917720752367238e-01 1.315174346066244171e+00
-1.982682894703339249e+00 2.102933895834909195e-01 1.382398616209457864e-01
1.267750117240503016e+00 -3.208675400365351149e-01 -2.055603551301733667e+00
4.694979917523256496e-01 9.825842996132078122e-01 -9.300662679690681056e-01
-1.365248977479062709e-01 2.043843023056587604e+00 1.781373540785674559e+00
-2.534306518459712998e-01 1.195532970531028916e+00 2.201305716834026094e-01
-3.930099493446334025e-01 1.681394393019310929e+00 1.141185966458603929e+00
-7.071017533016976664e-01 7.973091853510790861e-01 2.562452991317121231e-01
4.267893121265011747e-01 1.710717255179291296e+00 9.201782665016717822e-01
-7.029385165679823133e-03 -7.810245841318621540e-01 -4.335746909756261758e-01
3.762451617760311229e-01 -1.227656527818905552e-01 -1.948649454778479617e+00
-7.098548417473083960e-01 -1.951526127147847456e+00 -1.353408273403487350e+00
-2.677485473843690400e+00 1.194897661147134582e-02 1.816502261551126152e-01
-1.037076461202953936e+00 -1.531790496505640586e+00 -1.380231801674669349e-02
1.144491445582449751e+00 7.054693522076955770e-01 -8.677856563872952123e-01
9.228761756591068455e-01 -4.881384381052439325e-01 -2.810071107511080135e-01
1.508869164231938953e+00 -2.350199324686873172e-03 8.677304771657243787e-01
1.708690121702652887e-01 3.119889205741697147e-01 -9.183821527906982363e-01
-8.611926439239756537e-01 -3.099000124492919395e-01 -7.144025080881998280e-01
-5.877053049800085027e-01 -5.600603361544937986e-01 -1.934330405388325902e-01
3.223968271729123203e-02 1.060976195908157393e+00 8.997169283924792704e-02
-1.598198253826895510e+00 1.580022849810262642e+00 1.474638168627225021e-01
-8.419028813135938372e-02 1.581374909317177169e+00 1.469234931870063154e-01
6.852403287462107695e-01 1.281346680432245311e+00 -8.533312914689973605e-02
2.616654528046575834e-01 5.914859191846184583e-01 -1.170943184094076273e+00
1.456463126667318919e+00 -2.973994307082885591e-01 8.915092578332151074e-01
-7.703637956010531695e-01 -1.662286087277319524e+00 -5.807470805822571025e-01
-1.041151441986803317e+00 7.892732014747587677e-01 2.463757069940653466e+00
1.173388192831692933e+00 9.087269431999011049e-01 8.947913976074381992e-01
-6.457843964845597640e-01 -9.449586802871734470e-01 -8.090479266935334257e-01
-3.593416452984149467e-01 8.516121780928879170e-01 1.976020997961272396e+00
9.567134400985213838e-02 -5.604901091927435575e-01 1.949167473580024179e+00
2.199609208748995459e-01 -2.405187749956880783e-01 3.368924681815785860e-01
9.781757908897759091e-01 -1.106394458620943100e+00 -8.473911259343790414e-01
6.431150148483231188e-01 9.554167271424444108e-01 -7.166788559919387014e-01
-1.063032506765864138e+00 -2.517062806269478314e-01 -7.140417738435680395e-01
3.850117401006584728e-01 -4.947922442587972536e-01 -1.583963702930328565e-01
-5.556447223220551956e-01 -7.024863404617630591e-01 4.140545432561968386e-01
-8.918172083897826230e-01 -6.872437590924412865e-01 1.742116366880553047e+00
1.049768714061841690e+00 1.100826277928377284e-01 4.160862080569692478e-02
9.278829170913579505e-01 1.017505910483636811e+00 1.608780604035259021e+00
3.174331896319314006e-01 -5.937252763725709981e-01 6.228207836569124023e-01
6.693697071050526137e-01 7.959980271060904666e-01 -1.322782441550359289e+00
-1.280659437633844489e+00 9.256123537938985846e-02 -1.553814060510863682e+00
-1.929568990202700229e+00 -1.011633152299958038e-01 -6.433545580998337732e-01
-4.991867614414479543e-02 2.529626645893064962e-01 -1.281040080102767043e+00
5.345682672765542653e-01 1.120400939858886336e+00 3.404029830135952839e-01
-3.140099338935700701e-01 -1.405783289617055010e+00 2.635070460520353430e-01
-1.491702738888631030e+00 -3.608286206059708179e-01 -1.035854476944130242e+00
-2.106082572131712016e+00 -1.665638513289893208e-01 -6.317996093289311998e-01
-3.833235075274951664e-01 1.001718243738770386e+00 1.444628396822780436e+00
-1.230713989920027840e-01 -9.172458354809107650e-01 5.220220226026546229e-01
2.300159031110698693e-01 2.732764956799994538e-01 1.614686010645411507e+00
1.424465472388599219e+00 -1.400238813379016678e+00 1.276642401541213001e+00
-3.295907915164245638e-01 1.280407051163281240e+00 -1.770867617898738811e+00
6.373328567983328474e-01 -1.894784159707812166e-01 1.255171967829276924e-01
3.829455755621586355e-01 1.649479656284146278e-01 -8.334031362683456123e-01
1.093109677453561135e+00 5.512117415945542165e-01 -4.623706980692005031e-01
-1.758512594277053254e-01 -2.634646850844253943e-02 -1.286298471640981544e+00
1.004170987582176267e+00 -2.847089222817422272e+00 7.412137295579961371e-01
-2.202280247041231043e+00 -3.368643506157247836e-01 4.893078906031695374e-01
-4.425242395980134025e-01 -5.503555613758748244e-01 9.720495772200779538e-02
-5.944479709485014363e-01 7.254459519896845343e-01 -5.651411282873018971e-01
5.837754121509367566e-01 1.661307008395499496e+00 -1.366809027898993056e+00
-3.237705884453361826e-01 3.824378173185705165e-01 2.745712825176929162e-01
-1.448650013599611430e+00 -6.026874440901566210e-01 3.343571863884462481e-01
-3.741349670105716396e-01 5.717044521019137848e-01 -7.083337293224758469e-01
-4.413403605647524541e-01 5.470211858325244592e-01 7.668934999558457699e-01
5.938532298855264679e-01 -1.085394050012825629e+00 -1.380930655729744494e+00
3.909164503527276513e-01 8.471745910681760527e-01 2.596867729060785002e-01
-8.437236745727572096e-01 -8.499277284720104797e-01 9.190275268625622829e-01
1.399224167832583632e+00 -3.384397267741616200e-01 1.307982946004455360e-01
-3.736385743184720831e-01 -1.488831364901660681e+00 1.800631173279871877e+00
-2.369912730710225013e+00 1.564719889807193176e-01 2.067386140302120534e+00
-3.222444949531352854e-01 -2.094430155153830519e-01 1.079027515130133591e-01
4.069118508610156670e-01 -3.853465067100328434e-01 1.641671557556633854e+00
-1.983700400653410079e-01 -2.329425023860884070e-01 8.568812163037330398e-01
-7.531402967365835588e-01 -2.658885772427547756e-01 1.805603246968645825e+00
-2.929744420351235723e-01 -1.299542272811966548e-01 -3.851116157737072276e-01
9.095856568221891703e-01 -6.556428342699042178e-01 1.874563110239547276e-02
6.552569616946734010e-01 -3.564976034968969643e-01 1.438209044049892638e-01
1.575355463960394165e+00 1.699222584958530458e-01 1.886996837245491720e+00
-3.796695280543272433e-01 8.952082834113739285e-01 -3.850440217367744333e-01
-7.863066633703136299e-02 -2.057932515759438363e+00 1.588047527922479274e-01
-7.990406966195151561e-01 -2.013223707922577876e-01 1.435882231305184664e+00
1.174101581849353648e+00 -4.886626681941245998e-02 5.304639911426062976e-02
1.829894312770465048e-01 -3.492561638995682061e-01 3.209446089415699532e-01
-5.812375204059150313e-01 -1.392121565591391663e+00 3.392944632430333063e-01
1.742387373692487751e+00 -6.030235658752863825e-01 -7.893404439184708021e-01
3.536325378653080165e-01 4.922836031729911355e-01 1.067508346775224659e+00
-1.823915682949012740e-01 -9.513928309005507122e-01 -2.655359345103700530e-01
-1.839079479287404562e+00 2.078475087692616824e-02 -1.152418128927783281e+00
-1.971845069252988303e+00 2.413808093750116512e+00 -7.823590187439621868e-01
-1.472967847060716595e+00 6.543651465062430006e-01 1.760337135556357957e+00
-2.047609431063688590e-01 -1.148868798218835030e+00 6.445902154454384858e-01
4.314060487162115765e-01 5.466429166602738698e-01 -1.693242973371611226e+00
-9.141772588103307395e-01 6.495669115886218981e-01 8.502921188351576787e-02
-1.251978086399569978e+00 -1.196805754158498214e+00 -7.017261312317660260e-02
-1.472790910756864635e+00 4.574604641312486897e-01 -1.147863799011247243e+00
-1.569985141305231702e+00 5.064689833525115592e-01 1.189542462508640153e+00
1.460567122839374399e+00 -1.215449924426436956e+00 -4.201641243121105318e-01
-1.293000923665130530e+00 -7.263851347085883425e-01 -2.180581661261843385e-01
9.547496978233994958e-02 1.574324575188646547e+00 -1.663359171834889683e+00
1.633814991951338946e+00 -1.873997289447148773e-01 -4.446265329480872941e-01
-1.467953181442040567e+00 -9.258432995217305006e-01 -2.167295196163679660e-01
1.546861207589794174e-01 -9.562512370819655771e-01 -5.828158099240814405e-01
-2.119311036058656450e-01 1.535140691008973213e-01 -4.495441104731311421e-01
2.753684666950271809e-01 1.253091647087128724e+00 -5.761974888460903443e-01
6.695483840511297080e-01 6.279749315528839748e-01 -9.918346949394534207e-01
4.756484342239302165e-01 1.296074091364104452e+00 2.109338087461882338e+00
-1.438684528150339648e-01 -1.952012914016977962e+00 -6.723598906038933398e-01
9.572851068878188707e-01 1.356988578435817994e+00 -2.153888879876723339e-01
-4.421431626341978394e-01 -6.464011925551509385e-01 1.544339949651319377e-01
-5.211498648365513464e-01 -3.719128539422710267e-01 8.128642304418598474e-01
-2.022688102832469748e-01 -9.023473780846057446e-01 -1.645916279368217383e+00
-1.778250339065692742e+00 4.948872481297666992e-01 -2.444325684521974351e-01
2.177554409033480645e-02 7.509844125622368027e-01 1.667645950628604323e+00
2.154552318344226114e-01 1.469689511805280180e+00 7.542413036900709189e-01
2.164361108516834054e-01 4.999046783726486809e-01 6.757254334870812507e-01
-3.058600864750429804e-01 -2.190197446407462500e-01 -6.815452498986365737e-02
-3.236392674568822070e-01 -3.662080615216415369e-01 1.006703046366982823e+00
-1.101039845613119017e-01 -7.239413809157150270e-01 -2.519275976126247873e-01
1.524842251276722072e-01 5.037515450526579563e-01 -2.670111154490028560e-01
1.309092277190780473e+00 -7.042143270580186742e-01 7.333457875094518963e-01
1.816713807761778154e+00 -1.140101964868910356e+00 -4.683650552046768611e-01
-7.773729749679030299e-01 -2.116197125962233638e+00 1.109770312178454343e+00
-2.710266885817370630e-01 -8.272820062649756112e-01 -1.560897185989512215e+00
1.210116472220069683e+00 -1.507136341110913103e+00 1.940971313988115454e-01
2.257490902632851848e-01 -6.344024259601077631e-01 -2.860208368128762113e-01
9.137065331917020305e-01 1.204187478040151665e-01 -2.569552946895022338e-01
1.598961213154136696e-01 1.597257839690460646e+00 2.387355951880808513e-01
3.402114896320045379e-01 1.831421823994938469e+00 -9.172262781164577383e-01
-2.216989713295546005e-02 -4.879193344492483431e-01 3.787364605545303076e-01
2.120739213241473742e-01 1.047686907000576761e+00 -1.241857380174345549e+00
-6.324989554759024024e-01 1.502093379921492611e+00 -1.856611473231727094e-01
-2.025482795902467936e-01 5.717128307483015925e-01 -1.062558328961863863e+00
9.326172174665003922e-01 2.071953982561882124e-01 5.921896133848261190e-01
4.645861545263351156e-01 -7.207724923105238712e-01 1.968641249119056136e+00
-2.089464234119491781e+00 2.095130252622503034e-02 -3.114019175891517555e-01
7.418596909977067666e-01 -1.909210675292777049e-01 -1.890679419467599542e+00
1.148845703798339724e+00 -2.198617211512216674e+00 -1.941293454852956790e+00
5.296571597557310218e-01 -5.616385943940920278e-01 -9.888724888058800788e-01
2.735820333702216334e-01 -1.384807609863049072e+00 1.554596749649115456e-03
-5.763800648277010996e-01 -9.498434785691050042e-01 8.644610272305233156e-01
6.479862100678369652e-01 -4.763960706960986280e-01 -2.581481226573860699e-01
-2.312194089893329363e-01 -5.979916176349342471e-01 -4.791790060134037410e-01
2.357257276431952153e+00 3.676730542724071515e-01 -1.641284710347596265e+00
-1.186769947482642751e+00 1.553995771310200391e+00 1.712159190810312426e+00
-1.179012798192651479e+00 7.121335575972008725e-01 1.987265608568238529e+00
4.376444022204134532e-01 9.628130452369884074e-01 4.974291838360579421e-01
-1.297736545409589048e+00 2.272691795319252250e+00 5.673002925932202345e-01
7.412709765158312925e-01 8.886418456295432922e-01 3.296731173213762189e-01
-1.083366888786123861e+00 1.224898014434712801e+00 -1.573728605440912531e+00
1.893571122400887763e+00 -2.766536008434225535e-01 8.810004198086420768e-01
-8.155251495876169043e-01 -1.938518710083966812e-01 -5.329964935842620433e-01
2.987312212551725743e+00 -1.872615306816969527e+00 -4.984735540209749849e-01
8.663550100656298714e-01 2.168588502054100420e-01 -2.101791097869142977e+00
-2.058367850975955093e+00 -9.755175983627367708e-01 2.185247740321992094e+00
3.886675820172838525e-01 1.081514272710653257e+00 -6.488332698862463443e-01
6.152248687127559457e-01 -2.345042176001165046e+00 4.461108170091314107e-01
-6.516249744424291723e-01 3.034314512861038260e-01 -1.624688040215610974e+00
-8.349908332465718619e-01 -6.761211637289704646e-01 -7.118265647688193365e-02
1.868529152760781464e+00 1.008491815763637112e+00 2.142149822740957721e-01
-1.629636894674890701e+00 1.365450974890554781e+00 -1.424067372447841651e+00
2.507754420220321689e-01 -2.966202302696910320e-01 -5.792421603854139289e-02
1.205173237673582642e+00 8.392242735513602558e-02 -3.507555008641702887e-01
-2.391806581721892533e-01 7.953617254975448025e-01 -5.301208270398821698e-02
6.033942235481301597e-02 -6.412585869416128626e-01 1.514604769511736171e+00
7.617995379303292847e-01 8.568617850528998936e-01 -1.439262472482223831e+00
9.100147575953051460e-01 1.030911110563811794e+00 -2.261462978786332734e+00
-9.279660412980512696e-01 -9.348115617371017816e-01 3.849680965087647344e-01
5.256228706919787719e-01 -5.284993250731953029e-01 8.238085856403171148e-01
-1.550188199656378440e+00 -5.088914365749724888e-01 -1.998106271242269250e+00
-4.771519655145203265e-01 -5.686922675633349078e-01 -4.913874780757294669e-01
1.513632535447711147e+00 1.512111571059586490e+00 -7.025547621520816799e-01
1.097788036594713024e+00 1.158478570083999903e+00 9.895233237885793232e-01
6.494141462985800195e-02 1.281358631628406464e+00 1.269009104375993902e+00
-1.887173716131443912e+00 1.533774706591209513e+00 5.740252579385970444e-01
-4.308657426890348807e-01 -1.714923061530727044e-01 5.327554028860739255e-01
-4.666343858618888230e-01 -1.727812048870258632e+00 2.885464006639692491e-01
1.649081717603633424e+00 -7.887959975854206274e-01 8.347532010553881943e-01
8.237595360563325642e-01 -1.165248701762469752e+00 -1.405527116293779244e+00
-3.897513099014009996e-01 -1.335488618834287600e+00 -2.576197912780447408e-01
-1.038477812510683607e-01 4.535859264822144077e-01 -3.091372791861094482e-01
-3.296948587011886977e-01 -3.268999203172729545e-02 -9.075655042140181594e-01
1.952626574449819019e+00 -1.123375249884708493e+00 3.951716296581692656e-01
-9.361596070207552911e-01 -6.054292056422694301e-01 -1.457311205155719769e+00
-1.162707902106725921e+00 1.212930762173129381e-02 -9.354797125081758535e-01
-1.014022738638657106e+00 1.592164589780424411e+00 4.020489213689017877e-02
2.826458213866506197e-01 1.931219678659940875e-01 -1.143868445914845378e+00
2.381525894838524948e+00 -3.176068736224210709e-01 1.432512017201866605e+00
2.494376105529271803e-01 -2.214272567732921804e+00 1.332232401221108642e+00
-2.164286284274944183e+00 -2.774982274665869775e-01 5.432306831083626442e-01
-1.112342320469589474e+00 4.552508139597180592e-01 -1.204923875201668187e-02
8.020965523649595252e-02 -8.416641288474789942e-03 2.557122853589463007e-01
3.434502349848324587e-01 1.409866525277109428e+00 -1.608669676529640991e-01
4.352828577306679936e-01 1.828785802181996267e+00 -4.576707051674958060e-01
-3.870479486870810337e-01 7.661818946242296979e-01 -1.425306614570602814e+00
-2.095686232452037778e+00 -1.455343765932859856e+00 9.771994143160757096e-01
6.272105597861983295e-01 -1.180446258955332617e+00 1.677968156872537087e+00
-2.095853462979043513e+00 -1.822202157181476156e+00 1.131329233013100621e+00
6.928485912680657499e-01 2.132357943438400572e+00 -9.731757681162044316e-01
-1.106838203498886841e+00 -2.964757076131511737e-01 1.734081895955335906e+00
5.152893006628863626e-01 6.828833962025074866e-01 3.304917847773609085e-01
-6.645621036296952555e-01 -7.511080231375372174e-01 -4.906223638172473311e-01
1.170081175058912848e+00 -7.819140332551487438e-01 -6.382550155202572073e-01
-1.024577387287039842e+00 -2.676383654412293200e+00 -3.377171125909043115e-01
-1.078943762953787466e+00 -7.981347552702177175e-03 5.725913143548492235e-01
-2.826760840738251623e-01 5.435760086810564884e-01 -1.233567754107102399e+00
-2.612360561408957893e-01 1.612323024232213520e+00 7.393635827994422538e-01
3.589491918562340983e-02 2.448019733795231190e+00 -1.382577649008145428e-02
6.303909260685590654e-01 8.776816033141794371e-01 1.306207698398354600e+00
-2.470506506327032614e+00 -4.547854920214124963e-01 6.123420171043015836e-01
-3.916235080982676253e-01 -8.742457012526819726e-01 1.828444995589988853e+00
-2.448491785935409393e-01 -4.275496779473063613e-01 -1.623455646235608230e+00
8.027937956599900948e-01 1.568595168109032309e-02 8.617099139088159054e-01
-3.711911906731064220e-02 -8.082720716396019078e-01 -3.000751232021781623e-01
-1.200992470786819810e+00 6.887545601545047580e-01 -5.700896337511037748e-01
-8.512429612607499418e-01 6.849841049268610149e-01 -1.041811702578836069e-01
-9.817665016646058840e-01 1.483159987702480365e+00 5.249581435810637409e-01
4.102512750025050225e-02 -8.119029376998849745e-01 -1.907823149316040912e+00
2.079622221943615568e+00 6.899753730436528620e-01 -8.705400057702017413e-01
5.959735774804115760e-01 -1.562268827368900936e+00 4.127861750385267703e-01
-3.661663788835839983e-01 3.422363530556586930e-01 -5.272800366021955787e-01
1.262795809549491499e-01 3.638901586200727900e-01 7.898870970596839625e-01
8.220447056218357362e-01 5.617138552413243335e-01 -8.767156028440892257e-01
1.506935864530927621e-02 -1.315838747696502498e-01 2.758791686380874242e-01
-1.015529576171093851e+00 8.731110619529713901e-01 -5.145625898034131840e-01
-4.474035544899911121e-02 -1.140424173482650128e+00 -1.048847463815679865e-01
4.372210856614518470e-01 6.089512012967556176e-01 9.501302880930413419e-01
-1.829198350993338495e+00 1.979111229685242668e+00 -1.998545190892672574e+00
2.055030385817908201e+00 -1.941811514318986687e+00 7.425861623137460787e-01
-1.024100863833529829e+00 1.444970196581871202e-01 -7.966591206667728020e-01
6.907455761026070062e-01 -7.858332750079907170e-01 1.782093451419803354e-01
-1.373520889751303375e+00 7.829395097093642120e-01 -3.122130724108731492e-01
1.481126028694572556e-02 4.689914058576394318e-01 -5.813745194440931296e-01
-1.715332559686677083e+00 -1.344396668592549693e+00 5.089940380012706322e-01
1.950634540728172217e-01 2.495808523515062050e-01 -8.723301536579650683e-01
2.229773335687213962e-02 -2.670804962621600720e-01 3.547465427572372709e-01
1.131575720410710195e+00 -2.213777886036792264e+00 1.235417032353332445e+00
-2.873269382064068053e-02 8.864310570104683151e-01 -4.857564110386258238e-01
1.326571905413005403e+00 1.383988364495519763e-01 8.350526785061606061e-01
7.782124685006497344e-01 1.639786940562965922e+00 -5.568983547419998903e-01
1.447715871986415825e-01 2.247051548526231457e+00 2.584098982624255303e+00
1.655263552659446580e+00 1.068951579897993609e+00 2.018387984332770113e-01
-1.105750149111839747e-01 5.693490106693712693e-01 -6.079456123790233368e-01
-6.117276316815649650e-01 -4.840871784887962326e-01 -2.097729976911062444e-01
-5.078211767665103960e-01 -7.373049521235380821e-02 1.426496614301645094e+00
-9.107008179737885456e-01 1.630088057559129222e+00 -5.496454114266265956e-01
-9.455166452617830286e-01 6.589495840938051074e-01 8.363764575296012138e-01
-4.474832296544776766e-01 -1.804874790853010502e+00 6.451954976777332096e-01
-1.185676555951447941e+00 -9.986428372140252474e-01 8.309036448069361258e-01
-5.301937677718507880e-01 1.317630501060926829e+00 -3.030136067745960449e-01
2.623343392048726130e+00 2.856027734961118225e-02 -8.914757235699148630e-02
1.155435550984397652e+00 8.203981344063327255e-03 3.846355018527747305e-01
4.129660661795713783e-01 1.373283738241326324e+00 4.630628232557716939e-01
-1.057753485011640571e+00 -2.666801963450907476e+00 2.073644518840630724e+00
-5.725549426771222583e-01 8.177286769497155161e-02 -5.490813578412615525e-01
4.538133981925090432e-01 -1.051068102125859438e+00 -5.991870351634144276e-01
-1.411125260729973185e-01 -2.647627467568666182e-01 1.151882417974468220e+00
7.059047796894564186e-01 -4.993782172909131956e-01 1.282884147060337598e+00
-4.457041228369421626e-01 -2.160717068815736497e-01 6.045223815876197282e-01
4.207399286294590257e-01 3.279337690377366332e-01 2.370130738678774829e-01
-4.636787938995176050e-01 1.302150671836593609e+00 -2.118057368442562538e+00
-2.533442145502891596e-01 -1.573266734612746243e+00 -8.439276526625572039e-01
3.529287782273751173e-01 -8.411461481201709667e-01 5.267161434400957631e-01
8.251318517168310107e-01 6.838710988270444435e-01 1.422898743267225763e+00
1.349410235788619739e+00 -1.081239467633689832e+00 3.952125573149606885e-01
-4.330073815747941257e-01 -4.422545688009153486e-01 -9.274529670608785414e-01
1.702618497259221098e+00 -1.236810828939373386e-01 -2.009414561919666831e-01
-1.498202243847129189e+00 2.196111527170977684e+00 -9.312558324453843461e-01
-1.678609911105095387e+00 -1.654213624942009409e+00 5.892981493993712516e-02
-9.347196103268246015e-01 -3.376179171504986032e-01 3.190264123587593925e-01
-6.513460772740833349e-01 1.677738809487663518e+00 7.849553760685434867e-01
1.025738584262124498e+00 8.508001338272542791e-01 -5.311151529817756956e-01
7.697609582255932059e-01 -7.924199186446797549e-01 -9.913387826193312824e-01
-1.277190781858411173e+00 -1.067189932645417505e+00 1.069403456322192580e+00
-1.296360710712435582e-01 7.892029576435006799e-01 -8.097962255947396271e-01
-9.205642272118391700e-01 -1.175787660663788037e+00 -5.829023144052434269e-01
-4.795146857265071838e-01 1.711579687281302720e-01 -1.535593546987078506e+00
-1.336070323639070967e+00 3.074810930079480142e-02 -1.394475020584481584e+00
-5.254929413909795732e-01 4.578336603553617712e-01 -8.737899088029241756e-01
1.057280645046856593e+00 1.053414921411749861e+00 -4.951919124606748435e-01
2.241971946840694285e-01 7.459556828777037518e-01 -1.064831203917041003e-01
-5.761262202762316154e-01 -8.669429249910808322e-01 -1.125269410480142090e-01
1.083991311084246956e+00 2.014001809307834623e-02 1.658540887711117628e+00
-1.306418574152856948e-01 3.793868770659619138e-01 5.006550083644376592e-01
2.505358536810738460e-02 -1.193108494711504708e+00 -4.043027590381836345e-01
6.676143800516680660e-01 3.403575525222568010e-01 -4.689792157699650410e-01
4.582247339273218811e-01 3.494580714284415968e-01 1.480170994740182433e+00
2.565868434504102180e-01 2.137490188746808073e+00 -6.255389104096382713e-01
-1.537892445100122796e+00 -1.189308573201246055e+00 1.813332897017913448e+00
-5.641031384324370901e-01 5.321820014787929098e-01 -5.641035377453897937e-01
7.442652165693464106e-02 7.731805570496389501e-01 1.444424641653172525e-01
1.686799638305039206e+00 -1.384319568215946206e-01 1.435575151651675263e+00
-7.902679273272568139e-01 -7.926747473774996278e-02 -2.268674876986258138e+00
-1.228463207557215942e+00 6.430298482694040141e-01 -3.399548059066417327e-01
2.220299159588238203e-01 9.456237363465281459e-03 -2.463034410178391032e-01
-1.000195565256690511e+00 -1.929792180484417807e+00 4.860453787175352258e-01
5.972532300458809340e-01 -1.221561598289278017e+00 1.155377157808272992e+00
-1.291006123734252276e+00 3.864802939475358579e-01 -1.777039868484703022e-01
-3.779271952417820324e-01 -4.196237566666695673e-01 3.215020674898437791e-01
8.127869266830666239e-01 1.933221668744301569e-01 3.749249950966785511e-02
-1.026437377080522628e+00 2.723816225482445841e+00 7.618871041664938559e-01
1.148229234680788968e+00 6.276037178438463870e-01 5.091265800832491806e-01
-2.765168008391044818e+00 1.329162393006227960e+00 -3.683931087937318272e-01
1.477070337504857722e-01 9.442283834389793018e-01 3.310691063808287593e-01
-1.209829841748912393e+00 2.136068615317928687e-01 -7.312852952885526836e-01
9.690267642048717989e-02 2.395036657503800015e+00 2.554633163892066072e-01
-3.732637222201701244e-01 1.298060225103465859e+00 8.996119453286658407e-01
5.676244494872833002e-01 -1.243663036474479261e-01 -1.258968391955771038e+00
1.347652491772843408e+00 1.850167400370730242e+00 7.377749794283916529e-01
-5.215769897154734491e-03 1.939871293698002819e-01 -5.764249069106686107e-01
-4.076850526228411042e-01 -8.932753854252488690e-01 -2.305040038156959681e-01
7.977646684035749614e-01 -5.255030002905546338e-01 1.062361153983411910e+00
-4.846785392180512630e-01 -2.019207994711461840e+00 -9.881471552496222666e-01
-4.392188105756765770e-01 6.855843369488596739e-01 -1.411351718694400015e+00
7.074721690106801075e-01 1.212346808631657114e+00 -8.646379994892477994e-01
5.149350608668844531e-01 2.131952784792316535e+00 1.564078777802606846e+00
-8.723894741286253307e-01 -1.158600712176347747e+00 2.057536288693686821e-01
8.864568159960228844e-01 1.389694015116298698e-01 1.107318833917465328e+00
-1.667302501144009685e+00 -7.191585699253414399e-01 -7.484961660551627816e-01
2.328432684446651635e+00 1.513732805212182564e+00 -1.062769796081577622e+00
8.482086885210680105e-01 -3.084501412451400304e-01 -1.398343926319682184e+00
8.344501170647770083e-01 -4.299581872017250173e-01 -6.138396725545868238e-01
2.226819805092185245e+00 6.012569115332448977e-01 -9.091446270202453439e-01
-7.060672486551515525e-02 1.187756902809591564e+00 6.712966209149379138e-01
-7.473181723291322243e-01 -1.142173783269600396e+00 -9.958329670391908861e-01
-8.006023876907000236e-01 -5.500796656763878856e-01 6.162109099367470838e-02
-8.070284230484873200e-01 4.166376839726623205e-01 6.071356730969874604e-01
-9.514964516050690158e-01 1.361806942360572314e+00 7.603734587682056678e-02
-1.342174731806520693e+00 -1.214658729391353414e-01 9.553030757053566635e-01
-5.152481104532916634e-01 -6.121422358777287576e-01 -5.741004877214780366e-01
-1.594177167566961928e-01 1.119410749310219888e+00 9.377481707924194554e-01
1.041836752572473213e+00 7.329400600504129004e-01 6.745391000778862001e-01
4.715654609716721235e-02 4.553130254534071730e-04 9.289003419802713823e-01
4.274370842733198339e-01 -1.343552544875162846e+00 -6.357445283224997246e-01
7.714878942924563443e-01 -2.186475060217862865e-01 2.910432751690590347e-01
1.191142184320515440e+00 6.482737869008163845e-01 -3.098784204779072571e-01
5.775748116322027004e-01 1.240120644796206095e+00 1.680642841563460665e+00
4.450990256425633312e-02 -8.377737213314195852e-01 2.386443408832654711e-01
-2.932942671955765523e-01 9.109259704853282791e-02 -2.475701530157407237e+00
4.013096637465577432e-01 1.166225141379994446e+00 -1.391012909436506906e+00
7.404739215751476866e-01 -2.031409432115011127e-01 -4.086178278805515651e-01
-1.417841999859557611e-01 -3.792487349726925694e-01 9.312142255956562531e-01
5.056727860113345852e-01 2.581365427188187400e+00 7.482724824211159920e-01
1.577896281021512470e+00 -8.856987997385297462e-02 1.526635914343186518e-01
1.475607455607991780e-01 9.236948630377372904e-01 5.784403259319826907e-01
-1.104433605923078598e+00 3.469937253810638222e-01 -2.717555907063125553e-01
3.937417726566175974e-02 -5.447081329827899721e-01 -7.799127793113884710e-01
-1.194833551721668830e+00 -1.137567972995828791e+00 1.270135848932011369e+00
7.647803738360169357e-01 6.124922556183798328e-01 -1.330508022762997955e+00
-2.367866984500464067e-01 5.036802624115844784e-01 -1.545241495290365030e+00
-1.245098190459426046e+00 7.258822433490582648e-01 1.141642736284826043e+00
-2.143052129774891679e+00 -1.042623269061584868e+00 -2.236553803879808705e-02
-3.393945241850406802e-01 -1.470739664232277422e+00 -2.446877108246016397e-01
-2.947139200043247254e+00 -2.149574785806453558e+00 1.567250752843391215e+00
-9.046876071104125172e-01 -2.303222168004336989e+00 -6.928657755489890657e-02
3.610838753838878645e-01 -1.004129380114183956e+00 -2.464187077432907283e-02
1.147763919840246866e-01 -1.236704519228023214e-01 1.134630174862377716e+00
6.105858153143349787e-01 -5.600414610407014049e-01 5.728012842723143594e-01
-8.223726941542884236e-03 1.859520435963775975e-01 5.947380723265034419e-01
8.009567482091537460e-01 -1.019939658468452137e+00 -6.566916072728727904e-01
-1.446883689246880378e+00 9.587320667585295109e-01 2.625819261521357362e+00
-5.996444814048407235e-01 7.395276330069590065e-01 -1.619704222321178166e+00
9.374614013472064578e-01 3.381887330087601784e-02 -3.013084872520070956e-01
6.205828689073010773e-01 -9.824839686904597302e-01 9.004981960791602624e-01
4.483580077757012838e-01 -8.948512179792913468e-01 -3.385741832370197102e-01
-5.130666118075668525e-01 8.937591863568590256e-01 4.381704913318451022e-01
1.508173483939396098e+00 1.199480240051293167e+00 4.474173382267263022e-01
5.037109644699223621e-01 1.764287798858019118e-01 2.207263280645949788e+00
5.909942039753040000e-01 -2.881761222781477061e-01 2.493536210944099218e-01
9.735176510997302080e-01 -3.356624266895513187e-01 -1.532247489534609208e+00
-2.398898790514992496e-01 1.759031025783239499e-01 -2.314768046415428548e-01
-1.588979896642465972e+00 -1.255043489989593919e+00 -1.073800380548172173e+00
-6.957052310491667058e-01 -1.057536304004300431e+00 -3.670051395266429317e-01
1.344882852062242007e+00 -2.773661944719465478e+00 1.277796759679146188e+00
-6.736192191166210375e-01 -5.183635028537419975e-01 3.782265936099953318e-01
4.948194059318189453e-01 -1.271933139206276042e+00 -9.322754935081071226e-01
7.043121095475657345e-01 -2.104212011994375242e-01 9.113424394356697267e-01
