8.878148739304048132e-02 5.488805528415292151e-02 -4.731059509298948633e-03
9.133709726661858042e-02 1.105555722742989355e-01 -3.264192552420856069e-02
4.477468262734887738e-02 4.064598842435612758e-02 -5.601752333641604048e-02
9.414197520467089408e-02 1.437489715834522064e-01 -5.011514222302961702e-02
1.297981382536954054e-01 4.867408505100563609e-02 2.278618713674637059e-02
4.125733978646666661e-02 3.511833013012408689e-01 -8.920154079347134002e-02
5.928754485906061189e-02 1.403532337174392686e-01 2.133525353557595705e-01
4.033124389629158535e-02 1.210301115377686865e-01 1.374072240042403803e-01
4.141215097230793729e-02 4.101456967682315380e-01 1.049554750802446368e-01
6.577095645029217008e-02 2.724448457143763269e-01 4.245109873923716415e-01
4.559254626515304998e-02 1.121621137764930165e-01 -1.315735792778425506e-01
1.549145715905743126e-01 2.647022538571455752e-01 -9.772922726769109336e-02
2.669666748581087101e-02 2.688008049784265663e-01 -1.585451860277322378e-01
2.942257149791013479e-02 2.181257657698587593e-01 1.825671917219533202e-01
4.599600231786105109e-02 3.607873140399860401e-01 4.205976771351008781e-01
9.939836489298631284e-02 8.756210342736195362e-02 2.294939848075062128e-01
1.252395514845700830e-01 1.336185252049531536e-01 1.233463235214895259e-01
6.883460567648282125e-02 -1.628923943072515396e-02 -4.104864413773427478e-01
1.367995128571836416e-01 2.234729014968615535e-01 8.257837972291643541e-03
1.531126682864228095e-01 2.448898249297326857e-01 -1.152678085681127229e-01
1.759506955076994561e-01 1.894723158850712408e-01 -8.873850474102840113e-02
1.711494798666086670e-01 4.566956335287741635e-03 -3.241486251453202377e-02
1.136665784474134300e-01 4.054735447487470279e-01 -5.036354634865508953e-03
1.025965673701362824e-01 2.539312981677699921e-01 -2.066042364640185980e-02
4.824058936554070226e-02 4.059421860801587512e-01 3.139907897659825475e-01
3.877652682283339730e-02 3.389049904970131699e-01 2.168794316440924297e-01
2.890099441981635459e-02 1.244598755789689815e-01 -5.713615447534980268e-02
5.361186951146583446e-02 -8.388952344412237139e-02 -9.881556420477312364e-02
1.809089571173508881e-01 1.738883018842315997e-01 -7.472790764546892450e-02
1.669843379248566184e-01 2.618448066948624864e-01 -1.083003806409686548e-01
9.582170438729950557e-02 6.972255296843792027e-02 -5.708596902317394223e-02
9.523021162226522063e-02 2.586739270632061882e-01 -1.118264802776087752e-01
-2.250244840009113512e-01 7.155636716763633109e-02 9.793785074673505564e-02
-1.707597392619947529e-01 -1.477662758062593951e-01 5.433773547769831652e-02
-1.725058800165093498e-01 -1.335115799557949345e-01 9.619620073540320615e-02
1.417143886596985425e-01 3.097941066480780492e-01 1.251190558217785687e-01
4.918320898924535833e-02 1.193824297363251102e-01 -2.048773979895407993e-01
1.728695367667523464e-01 1.678452368476054946e-02 -8.892471867801261809e-02
1.791262454677564064e-01 1.731288282119090582e-01 -7.340478303062952792e-02
-1.457828932946228506e-01 -9.683827229332428455e-02 -1.858847585946021841e-02
-5.913207489054118221e-02 -2.072649389893516658e-01 -1.326277575313006274e-01
-1.433870623386473454e-02 -1.736735731201367039e-01 -1.603731847719067349e-01
-1.415030731528885977e-01 8.547824001650203285e-03 -2.681026463182014166e-02
-2.819450272572776584e-02 -1.363137628982381000e-01 9.854129348974224878e-02
-4.894882435257142533e-02 -1.636977726550020995e-01 2.763521499648496221e-02
-1.486534393042518998e-01 -1.058191507025628003e-01 1.973579812566315095e-01
-8.364747655374246693e-02 -7.592345578740418433e-02 1.154122569232186174e-01
-2.004843447023513248e-01 -6.713601028105214974e-02 2.448683905478253875e-01
-5.229065650490297840e-02 -9.377147041296290952e-02 1.421180481211787583e-01
-8.476216026300886774e-02 -9.980651407864976621e-02 2.578433058516307330e-01
6.995797891799548918e-02 4.091813528127969390e-01 2.443885054732918005e-01
6.073231257114755643e-02 2.068530704414402732e-01 -1.035167962557892972e-02
1.365759168845582239e-01 2.127293132190491154e-01 -3.825096269621230949e-02
1.033828615162025732e-01 1.090038167396663732e-01 -1.954092132498091161e-01
1.064074233024776828e-01 9.468825979015631222e-02 -7.185929790062362509e-03
1.455595923904506317e-01 1.247746381495595108e-01 2.255048713376655092e-02
1.380812825627099893e-01 8.546775875083323371e-02 9.933605411788812289e-02
8.456444331989759755e-02 8.409270003680976990e-02 5.463622573397216436e-02
5.568587265176223877e-02 1.434462261530707328e-01 6.434551225640186556e-02
-3.850248319159424448e-02 -1.746798561256176774e-01 -1.640312437068745244e-01
-1.765031965240011491e-01 -1.289348157373194914e-01 -9.051525704112974025e-02
-2.100281673012883155e-01 -1.438058232955035376e-01 1.476962364682687934e-01
-3.106564275257597471e-02 -3.045230807115520966e-01 1.470535564553358265e-01
-1.907880672634412189e-01 -2.161977527592136850e-01 3.410801393057434350e-01
1.501506340133091644e-01 2.009256224044018435e-01 3.394610246671251330e-01
6.646465184316829866e-02 6.327655479040480424e-01 7.401038119921306800e-03
1.431834330945661315e-01 2.341218838245641976e-01 -3.706521925162088033e-02
-1.063925168627456314e-01 -1.312933139739609900e-01 -1.879637343743228717e-01
3.537105101740600777e-02 -1.150205083239169007e-01 -1.151740241735899478e-01
-8.264115595766670375e-02 -1.781092726052133091e-01 -2.104569958662476648e-01
1.381500600955870850e-01 2.889408449593852124e-01 1.344360856249298963e-01
-5.544428588253953738e-02 -8.880499664787175340e-02 -2.150416993180310210e-01
1.457904496887533208e-01 1.662089647378738877e-01 -1.154870822165607186e-01
1.868088215544620387e-02 6.015474642601098022e-03 -8.250863128411171921e-02
-2.107242292294645141e-03 -7.774357594659833670e-02 -6.514403025604702246e-02
-5.104820167239890183e-02 -7.266406316821075184e-02 8.914239725197839470e-02
-2.299677608433196296e-01 -1.906112154870524128e-02 8.453186335333563728e-02
-1.196474207249492855e-01 -3.058975113886213681e-01 4.824730770078153319e-02
-1.547998092757982558e-01 -7.765816773842225407e-02 1.663853346741803740e-01
-2.365267185699278588e-02 2.059046811469102678e-01 1.484300783096648979e-01
-3.495187387142340701e-02 -3.102470713975281069e-01 1.742880332291018020e-01
-1.101586360987206609e-01 -2.955831561011183495e-01 1.152027246371465780e-01
1.282463358324481828e-01 2.828915484243432754e-01 8.894116632484587448e-02
1.082263456637780064e-01 1.086932750769148276e-01 8.939908411167406255e-02
-1.159513851456249883e-01 -1.862716354465624446e-01 -1.534993483032588701e-01
-2.072176915113617679e-01 -1.689920621354806529e-01 -8.720250013839031533e-02
-2.398706737368364594e-01 -2.073724977846879980e-01 -7.140637713347366966e-02
1.214074702236726672e-01 3.220169878776497907e-02 -8.986305381906815881e-02
-1.951930378862445914e-01 -1.800383932293337097e-01 -3.405160309967332488e-02
5.239998650622424564e-02 2.233913186018524066e-01 6.492110467399626883e-02
1.636108747647838091e-01 1.759625348366337660e-01 -9.593469710920254911e-02
6.171416565375383717e-02 1.718070502301727587e-01 1.239315242217089302e-01
-1.872165015641917285e-01 -1.854117546779350534e-01 3.223992979485615362e-02
-1.514735069112393799e-02 8.992758457406041517e-02 5.215504826351680112e-01
1.215446547462034760e-01 -4.436580256672327249e-01 2.220729354164164560e-01
-1.404536978047293654e-02 -3.642457774459134101e-01 2.462872243822973317e-01
4.604470975052052384e-02 -5.576189529634549835e-01 2.725048227155829061e-01
1.293194510384906015e-01 2.789756685684122717e-01 7.487121274308036756e-02
8.851422572584181914e-02 -2.464372036589277878e-02 -7.126235567670373416e-02
-2.022208387836852972e-01 -1.310952064410458029e-01 -5.727963204891910881e-02
-2.978864023773223138e-02 -9.251180311775604459e-02 -4.831135745565352108e-02
-3.848759647877874474e-02 -1.032447490795283390e-01 -2.634223858529121526e-02
-7.320819442516465769e-02 -9.990846782215202782e-02 1.842479648369033107e-02
-1.984187974384219733e-01 -2.038320244098177358e-01 2.591090868382508461e-01
-1.371574057378168177e-01 -3.934728108778265954e-01 1.516725326745069213e-01
-1.836938969673381772e-01 -4.059066759222415555e-01 3.775183754592525975e-01
1.661872157594836141e-02 -5.609667942600838897e-01 1.508942368538105649e-01
4.681822453325391875e-02 4.001011235634415186e-01 1.801023503357787603e-01
1.524723912855411312e-01 -4.474717781142507206e-02 6.554351134253116884e-02
-2.546304075210087739e-02 4.606828425170433894e-02 2.260992472250732827e-02
1.502353801560891711e-01 8.389250494006612879e-02 7.310079498565655309e-02
5.596490555386589121e-03 -1.339000438821547900e-01 -1.313834309924852839e-01
-7.941586741167025454e-02 -1.242012708434170193e-01 -1.757583546193614010e-01
7.812462740004473549e-02 1.731674344619358596e-01 -6.339731902002460062e-02
1.588069406695360453e-01 1.972020219747616931e-01 -9.184231263721547023e-02
-2.662931439121579147e-01 -1.888111520117014552e-01 6.821974721245295525e-02
1.140431757088986864e-01 1.928505160899862958e-01 -3.830368298652964566e-03
-1.985282698667561185e-01 -2.869928356730734945e-02 -8.808634640853602038e-02
-7.217001872125405545e-03 -7.020162418648941138e-02 -5.649711283195620742e-02
-4.094861995693466032e-03 7.178698552397819177e-02 6.143831131908617654e-02
-1.814685091436994344e-02 -1.116550097134833969e-01 3.097194872657970666e-01
-8.151535406811329099e-02 -1.049429766691450661e-01 6.741777758738021209e-02
-1.946563937108886783e-02 2.325213415303858597e-02 1.759860923825533677e-02
-1.077358099011155729e-01 -9.471314156068487422e-02 3.999110814286802734e-02
3.245977110542336286e-02 -3.090535563517195217e-02 5.948270425667630951e-02
-1.041470003906952019e-01 -2.620861030096299782e-01 9.358990651787002513e-02
-8.412095140318809339e-02 -1.338847448789729222e-01 1.162379591363978115e-01
-5.386978970989047405e-02 -9.815892495644597260e-02 1.143837411603242408e-04
-1.189297852323892291e-02 -4.752174846203738312e-01 4.917303488132590550e-01
2.793938399465215050e-02 -3.507016819364775495e-01 -5.319712108987212362e-03
-1.125353927260799997e-01 -1.577283082694830307e-01 5.738098980442921798e-02
5.333946249545613860e-02 3.021875504040898996e-01 2.448402687716329795e-01
1.345901002017483306e-01 4.190557718768668782e-01 7.508550413433807968e-02
-2.546304075210087739e-02 4.606828425170433894e-02 2.260992472250739765e-02
1.840705823195881163e-01 -3.087508270485471093e-02 6.017097125301235777e-02
-2.053786794194198406e-01 -2.491293847847314558e-01 8.097334619009805001e-02
1.331771866507117097e-01 -5.812584121293982303e-02 -4.774512927134944018e-02
6.160216124696155093e-02 -7.119490936849397211e-02 -9.584395692185850024e-02
-1.602553653466190220e-01 -6.314540030992307762e-02 -7.268696476289671082e-02
-9.284122970136013397e-02 -1.566614783326343296e-01 -7.724989803679014645e-03
1.115258865346527815e-02 -1.452074617943749715e-02 -4.618760872095541842e-02
-4.317415300451250132e-02 -9.171656713330986199e-02 -1.203911377836454910e-01
-2.518082631408750105e-01 -2.085905088064371471e-01 8.845644075422529062e-02
-2.326158020702664142e-01 -1.785116450954424283e-01 1.126948450615076341e-01
-9.744745191017580022e-02 -1.594727798330726476e-01 -6.503296006984813325e-03
-1.003138690546915429e-01 -3.683659010519038102e-01 -2.318774624031369469e-01
-9.028257986999789486e-02 -1.634048140182471076e-01 -7.726450234234878700e-02
-8.410642667952215878e-02 -1.935372019677206734e-01 6.272220967850258844e-02
1.071231987902754174e-01 -3.810323284843266101e-01 2.139497670901502613e-01
-3.105830140666113702e-03 -1.155198869013094182e-01 2.413541153166936237e-01
-1.598883099946481895e-02 -1.611189194916357870e-01 2.881538535283346691e-01
1.130636248765395369e-01 3.978170290417761268e-01 2.891878018129001027e-01
5.811462477178126751e-03 -2.035699647956191183e-01 -1.364061490678168120e-01
5.431484462983827283e-02 -5.586895376412366609e-02 -1.221969539221114676e-01
6.950825948433396462e-02 -1.043132225590988754e-01 -1.583313621406982896e-01
4.468982267506979925e-03 -1.323712430434464959e-01 -1.656072265679649769e-01
8.622402447091551125e-02 4.120538560995200272e-02 5.924950647619162819e-02
9.908291942152241960e-02 1.117536756985400281e-01 -3.208228883370986551e-02
5.281255558976205577e-02 -1.824900155262392659e-02 -8.332435142649997906e-02
1.249307869940288473e-01 2.703675772548989054e-01 7.219960222975804753e-02
4.254066893155000750e-02 5.050012696937369872e-02 3.000453704736954358e-02
5.601059952935889819e-02 -8.175527817363606453e-02 -3.591709943846865122e-02
6.003369850810540836e-02 2.515832990779440226e-01 1.736879298941793881e-01
7.823544468878314284e-02 1.054520335821383381e-01 -3.731735500953844986e-02
-2.819022634097743119e-01 1.048667148531203658e-02 1.104710704909427910e-01
-6.203832452565833516e-02 -4.707070454953447836e-02 -1.631609695933208537e-01
4.369282677344089177e-04 -1.199941564443220005e-01 -6.836230204437124258e-02
-2.616296546527007161e-01 -7.630583166125180783e-02 -7.272322182326571016e-02
-1.174226984675134228e-01 -1.100410049471163831e-01 -1.625908250878798644e-01
-9.668870855514208329e-02 -1.784083826779503112e-01 2.181533942357510303e-01
-4.270335763897443321e-02 -4.101644124647326750e-01 2.902663599838757602e-02
-7.865913609034214105e-02 -1.728257618237356019e-01 2.220475078307218852e-01
-6.516906281238639409e-03 -2.950805785476290355e-01 1.974713416982029623e-01
3.851537254872067911e-02 -1.408213947155983192e-01 -4.001409344873470969e-03
7.073769956342414178e-02 1.002100091835384926e-01 4.426417046629202434e-02
1.294637787857827460e-01 1.615308812493985724e-01 -2.814332927279217939e-02
-1.068482496237930929e-01 -1.705149179838683915e-01 -1.108205507314105999e-03
5.662644566494821896e-02 7.267789256851679702e-02 -1.798480806411352217e-01
-2.298512880397477198e-01 -1.279869783439092079e-01 -4.061382825464215918e-02
-3.685813122360880878e-01 -1.820956738985977652e-01 -4.738872956664810787e-02
-3.358308916778162678e-01 -7.878844188547749761e-02 -2.204878863603645101e-01
7.188601957650667118e-02 -7.058432119477799083e-02 -5.486934601473651002e-02
5.928799690825344026e-02 3.233967414111317551e-02 9.002520270470885239e-03
-2.512705019082409064e-01 -2.062452012090727205e-01 -6.657650393051666067e-03
-2.069875763378321160e-02 -9.235392973896838428e-03 6.834077426432604019e-02
-4.972021684507598599e-02 -1.037791581735244759e-03 -3.790275228847865552e-02
2.465178870913437362e-02 -9.713292062835254814e-02 2.829377813384301426e-03
-1.895021709552892619e-01 -1.216598833747957742e-01 -2.405099736134054533e-02
-8.662631781931086350e-02 -1.490696540740036324e-01 -7.590755686903678801e-02
-1.041302025358517291e-01 -2.499072673321851290e-01 -4.070786467039263501e-01
2.888478918665164305e-02 -3.439203995934434627e-02 3.144532490373709577e-02
-1.928097376167324795e-01 -2.652710641726835905e-01 1.308342065529801146e-01
-1.284114814703197771e-01 -3.918232361755433213e-01 2.526895295088555926e-01
1.167122716656927711e-01 -5.402369286065830112e-01 2.034388766602373277e-01
-5.699316918841738216e-02 4.786538899096033917e-01 3.129017704792638743e-01
9.614860321999592341e-02 2.163272909955368528e-01 1.451106987317253849e-01
9.399014780826507598e-02 2.896201724577326386e-01 2.971206692290777607e-01
-3.589124597704463904e-01 -2.268281616727336469e-01 -2.772822710554554912e-02
-1.375951031414123227e-01 -7.777059884012177404e-02 -6.056900292347287482e-03
1.075653173778282762e-01 3.317919151164113178e-01 -3.350816757687891979e-03
-1.869476414298291544e-03 -1.096418493694553548e-01 -2.645972205071061081e-02
-4.140500305041904666e-02 -8.280129156844324989e-02 -3.386648562380169258e-02
1.240495525956104017e-01 -1.051383641793350449e-01 5.479943267599653861e-02
-1.697888129730955320e-01 -1.545111694600755647e-01 4.300850424230204250e-02
-8.017465495473960480e-02 -1.111238125762498696e-01 1.134130716905748341e-02
-1.197948554509673802e-01 8.895578423820560410e-02 9.747545573766426552e-02
-4.914560936291647447e-02 1.322642231676258821e-02 7.820755185079737715e-02
-1.138948165019560907e-02 -1.581425031281902538e-01 2.196743810410258790e-01
6.474074003823271362e-02 -1.567774823228211545e-01 6.097381473112732653e-02
1.020919403417867438e-01 -2.301151107016827513e-01 1.623645552814963755e-01
-3.055864030717233767e-02 -3.782589751017237933e-01 1.731842672715001863e-01
4.107265329104359958e-02 3.748152804158762508e-01 9.433804347806448720e-02
8.317192120502822639e-02 3.321098049979574474e-01 1.769022312665748942e-01
1.453948875207994040e-01 2.229690927935403799e-01 1.146234168610620191e-01
7.195261709062795996e-02 3.043384886148281510e-01 1.828252933555058191e-01
1.401664835669288178e-01 1.636839827607159403e-01 -5.636164973245674954e-03
9.834005131657833076e-02 7.046448946584341587e-03 1.674745880070402093e-01
-5.079625078002308891e-02 -1.480202962958249990e-01 -1.122304173178890752e-01
-2.789173478244907911e-01 -1.772752501584533291e-01 2.048617996224212645e-02
1.301234936312982704e-01 2.255267446462382031e-01 2.512460227666188720e-02
1.713844135590180118e-01 1.826131025896579885e-01 -4.598749222609640336e-02
3.683903506967919905e-02 7.425685606746748602e-02 -1.059886922021042489e-02
-1.756251652898786486e-01 -1.675925122918705545e-01 -1.040360050914661827e-01
8.260994608696643760e-02 -2.863210605896424413e-02 6.807152928221139876e-02
2.991790591330142565e-02 8.901709929556413103e-02 -2.480858895327787625e-02
6.257539340704801507e-03 6.056954533140988632e-03 -9.173328803836748591e-03
-2.066643224532672407e-01 -1.059121613495756647e-01 -2.912747621855103428e-02
-9.842432757411409550e-02 3.868670356708653335e-02 8.665223592179502332e-02
-8.300965532196596941e-02 -8.089576101301899913e-02 3.893256977335503993e-02
2.515277678616342077e-02 -3.120581213442546464e-01 -1.453796344906820581e-01
-7.024924805967124042e-02 -2.885147960161820735e-01 2.819071780448611508e-01
-4.407428487586130539e-02 -3.706459170301974471e-01 2.734380682807481810e-01
-3.513224572978164428e-02 -4.921279478655780637e-01 9.204108940798692851e-02
1.327395313141756517e-01 -2.848858375392894771e-01 2.575232776719042493e-01
4.059370243282735963e-02 -5.066606974625992299e-01 1.603848860335031490e-01
1.629444243924894065e-01 3.929121854031945582e-01 1.457666477759665680e-01
1.279311316951852739e-01 3.582574430128453447e-01 3.329973167707040438e-01
1.332142344866975026e-01 1.365580027802593410e-01 3.055452955569774587e-01
9.755697148201591951e-02 2.926219374299168438e-02 2.484834978881839407e-01
6.661093450708191477e-02 -7.387876456684772108e-02 -1.410540045921788443e-01
-1.812623953842744731e-02 -8.023807667954833966e-02 -2.208934082530359666e-01
8.334769372025674361e-02 -1.471288767409627447e-02 4.736395938080287943e-03
1.456872990941017465e-01 1.825087985335572260e-01 -7.946554602042633919e-02
-3.693041821840403749e-01 -8.181904392635662437e-02 -2.330354598965596880e-01
7.159520872352741205e-02 2.257335380160172544e-01 2.024479024661577850e-02
-3.188851476916631372e-02 -3.081415154315778060e-01 2.966095885510038888e-01
-2.584487826923201892e-01 -7.492673300135367642e-02 -8.219719119803253760e-02
-4.185069838390508001e-02 -1.584978722605733803e-01 -2.418227662844377457e-01
7.361828350150052824e-02 3.602103391185929038e-02 5.105601802423969521e-02
-9.176165967321339711e-02 -2.347629371062330272e-01 1.397129095730674231e-01
1.073865175390437132e-01 -3.673510460305637326e-01 -6.978998629846952517e-02
-6.979506713129653150e-02 -1.878041838031058453e-01 5.504866131237377835e-02
2.296949725967423889e-02 4.338862185216582068e-01 -4.199273736682940239e-01
3.066177343920264281e-02 -2.664510743608056176e-01 -4.732236189376196056e-02
4.151082461369938470e-02 5.541245394477659625e-01 6.424369449970852575e-01
7.699148323482013501e-02 9.202348680091120003e-02 1.278664730366137481e-01
4.661915127085328875e-02 -1.310478841212375789e-01 -1.197847502284099114e-01
-1.768158676917375993e-01 -2.129444077540853519e-01 -8.868253896635015787e-02
-3.347204756098065559e-01 -1.784500230484396543e-01 -1.026632417830225935e-01
-2.546304075210083576e-02 4.606828425170427649e-02 2.260992472250729010e-02
-6.525592345589802112e-02 -2.354856227334462537e-01 -3.422468457381022122e-01
3.950386833727779351e-02 -2.822457379735081665e-02 2.397570480154374573e-01
-1.128524803996535653e-01 2.062540964889388734e-02 -8.810455579279276306e-02
-1.738481812495712431e-01 -2.956573212904857195e-01 7.597238005603355882e-02
6.272505993282916081e-02 2.676216359170073902e-02 1.402230695471879882e-02
-1.436395209719235344e-01 -1.444023411176258431e-01 2.460598749508587091e-02
-1.478044832018107491e-01 -2.412449615697282723e-01 -1.775976154984842403e-01
-3.147657778508226867e-02 -2.371282723136037274e-01 6.660847846984067205e-03
-4.963055001575752620e-03 -2.237753694827306072e-01 2.021253569962031763e-03
9.115517559336917125e-03 -3.154998239015340822e-01 -8.342221489897326536e-02
1.971985282163986886e-01 -5.470436446580064782e-01 7.391056467605301716e-02
1.399687615266690111e-01 2.988224061702192125e-01 1.153183931850623317e-01
1.091037243927804774e-02 6.428858188746184865e-01 -1.427407444774201339e-01
9.396950066321478612e-02 2.747801068342500819e-01 1.461485073422294778e-01
1.345260565607809544e-01 5.080562744245059603e-02 1.337600052920697169e-01
1.495689185439732227e-01 3.271647727845143350e-01 5.103778621067712323e-02
1.142460622098742939e-01 1.688878324206380399e-01 8.986658619017337535e-02
-2.570436549982075061e-02 7.248952513013129720e-03 -1.640460860348370853e-01
8.528545356662639576e-02 2.768363267563882513e-01 -8.462922541874182136e-02
9.552928768991456043e-02 3.494937217352119679e-02 9.366260150582229882e-02
-1.792705387906964598e-01 2.433110344102583020e-02 6.253260083401750158e-02
-2.709629366919975579e-01 -1.726818241197169701e-01 -3.834048847684801836e-02
2.369964415325557378e-03 1.331029904797476904e-01 -4.718494357708230558e-02
8.744864094969778678e-02 1.026852068286995406e-01 -1.068944180823268725e-01
5.849110559013060567e-02 -1.208146133452730892e-01 -1.035314268572403995e-01
-8.406207885994875298e-03 -1.736536406518157660e-01 -1.295450713170024359e-01
-6.434722382099954119e-02 -3.600691807443973796e-02 8.074509104993117525e-02
-1.951586481394206596e-01 -2.236258629439948631e-01 -7.187432964599319019e-02
7.131185355235922230e-02 7.996772428067792926e-02 5.851592856702918927e-02
-1.186867602708131936e-01 -2.803693874499167404e-01 6.597057063423360235e-02
1.986357557140860236e-02 1.123505644830792918e-02 9.091449098380349758e-02
2.232333121139266907e-02 -3.058505322403335391e-01 2.110394118155839993e-01
1.231857653263409291e-01 -2.201656890174834014e-01 1.031871453515586928e-01
8.013302812667048858e-02 -3.492252260439432932e-01 -4.183564198822862373e-02
1.526686233932867676e-01 -4.197348527379946015e-01 6.871311378895965383e-02
1.373111121855258993e-02 3.026034430766506023e-01 2.301676701950386428e-01
-2.570263671794920102e-02 6.323854096190958396e-01 1.543668830263555392e-01
1.273902969099972304e-01 4.019108684190126901e-01 1.346195160019550696e-01
1.981641236266242223e-01 1.801802110860770412e-01 2.646562971446913756e-02
7.288360547698617686e-02 2.333711922795582150e-01 6.357595125180177942e-02
-2.546304075210083576e-02 4.606828425170418628e-02 2.260992472250728663e-02
8.723518489845068224e-02 7.598316141194139117e-02 1.621869853615829915e-01
6.268963593397473832e-02 -1.962611559080761903e-01 -2.974440729376375686e-02
1.335148006387454900e-01 -1.633557740478701684e-02 -9.173727775704732662e-03
1.143097478323265304e-01 1.752768173276138541e-01 3.198181965237533730e-01
-2.304613590779224785e-01 -1.793600944065196767e-01 -7.531016960026352958e-02
-2.493265061941028482e-01 -1.563944884046533090e-01 -1.546850331490783326e-01
9.151285552572543947e-02 3.336866701283781600e-01 -9.810760519629015131e-03
1.208092805729399453e-03 -4.196217753712934151e-01 -1.875389602571340963e-01
2.940067523637574301e-02 9.021399804310471782e-02 1.215157810132559274e-01
-1.494829068851813714e-01 7.649668607925802499e-02 -5.025911260195763119e-02
4.478372310888466962e-02 6.723808492638638779e-02 4.817656802068032151e-02
-1.896989813625472865e-01 -1.690360863679429282e-01 -3.805425521316484205e-02
-7.705923278353302153e-02 -2.386138993659535634e-01 1.111268353114136173e-02
-1.049515999605489663e-01 1.399259150872916579e-01 8.977025203859742564e-02
-1.147419854852271964e-01 1.992085959655206379e-02 7.662733946656134776e-02
-7.903692921546979708e-03 -5.269491202737962565e-01 -3.069514313527679228e-01
1.326962219598332993e-01 -3.416724177747454405e-01 -1.309178727643015294e-01
2.302079820824734155e-02 1.194351674869833291e+00 -3.178379866011567523e-01
1.593465049296468317e-01 6.755508702119568561e-03 2.430244302138039741e-02
1.104548908047784175e-02 -3.772602898070207683e-02 1.376070751715083480e-03
-2.171201788852151482e-01 -1.073466188329114668e-01 -6.575440478088660778e-02
-1.218298451481279882e-01 -6.648834611927637028e-02 -1.043266831502591419e-02
5.179835176404860159e-02 2.473968126078089913e-01 -2.879320440644115697e-03
-2.200071249114545768e-01 -1.947900837941839991e-01 2.027258181601654108e-01
-2.772024725094846334e-02 -2.347667738075952248e-01 -1.661094180931186881e-01
-1.490872760948049047e-01 -1.992605915257091020e-01 -2.162861459014430443e-01
-1.646898975438104984e-01 -1.645693317942557021e-01 -4.008619834291579642e-02
-2.339126223488103562e-01 -2.971843912408356769e-01 5.368210538317574887e-02
7.895055489787011771e-02 1.608448744811113995e-01 5.553163101042919020e-02
-1.967623672746412755e-01 -3.036229835334194327e-01 -3.721907151851049523e-03
-2.036212579097107511e-01 -2.531041682411070970e-01 9.139619441435622993e-02
9.341158187913715938e-02 1.960644509759092158e-01 -2.953907081759726827e-02
-2.406619279803214918e-03 1.004871859946812607e-01 1.181125976244733200e-01
-9.144593220405826395e-02 -1.451514489453245571e-01 -7.431273694508958028e-02
1.594690076569479920e-02 -2.479964343398359250e-01 -2.607594346462979717e-02
3.010837449880842884e-02 -2.839319175271268203e-01 -3.054894334109472392e-02
-2.546304075210088086e-02 4.606828425170440139e-02 2.260992472250728663e-02
-5.510898488134294976e-02 -2.667659893868968846e-01 2.272497530033003033e-01
1.330089725869212092e-01 -2.755295708001459509e-01 -2.481579069089040121e-02
-3.425882418908270111e-02 -4.427890905536059907e-01 2.360836131142364791e-01
4.490587428838552914e-02 6.578157533679337421e-01 -3.201634266258316514e-02
1.789531202414965452e-02 1.447532038118893305e-01 -9.796398595984914803e-02
1.467066460055495847e-01 1.860219049721692497e-01 -1.018909435154934234e-01
3.463629642198704645e-02 1.047413378824297997e-01 1.213060880334535657e-01
-1.346711400120883806e-01 -1.125445504005315872e-02 7.372964905776493993e-02
-7.563894497978589093e-02 -9.587885514211821891e-02 -9.709487221154376735e-02
-2.451451138966840582e-01 -6.832755721939348659e-02 -1.489720533720615379e-02
-4.540859209854405248e-02 -4.419847033940227932e-01 -6.985580928568008163e-02
3.436927675630677137e-02 -9.603120361780326242e-02 -1.167839224821146521e-01
1.788469896110255267e-02 1.536386622276972869e-01 5.185318965505640587e-02
-6.550147568169369106e-02 8.333879379590054814e-02 -2.780065806717577429e-02
-9.594864182453861912e-02 -3.566289185533705330e-01 -1.330000212762870171e-01
3.297612460196727713e-02 -1.362114943412835039e-03 2.788419890024065317e-01
-1.701941701566909992e-01 -6.113232209858800170e-02 7.137816617212947023e-02
3.671557145906467062e-02 6.030812387011884601e-01 1.135386858712312541e-01
-2.546304075210086698e-02 4.606828425170433894e-02 2.260992472250729010e-02
1.728583468669717405e-01 3.916609787266937537e-01 1.303928408312442222e-01
-2.546304075210083576e-02 4.606828425170418628e-02 2.260992472250729010e-02
7.337499837973626704e-02 -1.078394885235660905e-01 2.114633001573200388e-01
-9.920229449456625936e-02 -1.004493627454187792e-02 8.317352657394327942e-02
7.014106362715975818e-02 -1.798479765493889992e-01 6.314507311951299447e-03
-2.522651843191503485e-01 -9.685675176868119296e-02 -8.231086358656709845e-02
-2.189467890921617532e-01 -1.331637310207838265e-01 1.246033958633797623e-01
-2.095158460655587862e-01 -1.565788756992359532e-01 5.348988994475502995e-02
6.776837272974949901e-03 1.729929337225443453e-01 1.418629223565885389e-01
-6.927184800839980561e-02 -2.267783569823171863e-01 -2.249100506490915585e-01
5.486117877456097441e-02 1.342069328465872735e-01 5.970675534912785881e-03
-2.270210896445733484e-01 -2.336534584458153929e-01 1.500493595319395135e-01
-1.476518521371919523e-01 -3.666021030632720112e-01 -6.812766080539278679e-02
2.239047190607529880e-01 -1.570197984935002219e-02 2.806202370236514365e-02
-8.630184566707325977e-02 -2.204965323275291100e-01 4.430241284838349475e-02
1.750124730097411541e-01 -4.602041097373647527e-01 -1.045112554617329270e-01
4.937061688944761190e-02 5.484859811386484374e-01 2.152445810586252062e-01
6.370335784970741766e-02 4.305559366457871739e-01 3.506995450012120319e-01
8.520438412543959728e-02 4.785976318208601255e-01 -3.428370805756300599e-02
1.525897344944113498e-01 3.725975094956669453e-01 1.875472721003271503e-01
-5.999516021225744997e-03 4.452673051177773456e-01 -2.060513825713625735e-01
8.792087005808488231e-02 2.790339019346811666e-02 1.487818549548411071e-02
8.530037565135879796e-02 3.372525613815865325e-02 6.539963942835781696e-02
7.850389519321826493e-02 8.527148506767301406e-02 -7.862437457521713469e-02
4.280685936806687131e-03 1.028051617270550611e-02 -2.659839969253833744e-02
4.205577094582476499e-02 -1.603143533759229522e-01 5.434272962485701963e-02
-2.073030431763279724e-01 4.830139737593007292e-03 4.580858314294671690e-02
8.170579378026769646e-02 5.361439990075408391e-01 2.622655063760640504e-01
1.002079609157442985e-01 3.957559377953203672e-01 1.443378588008170649e-01
1.547974016856020762e-01 3.021996939481963462e-01 1.958303398992159404e-03
1.490112345761905877e-01 2.119098085227897610e-01 -2.884097456993922615e-02
-1.303207674944006633e-01 -3.292858413677709484e-01 8.506368430069458086e-02
1.381557654068842622e-01 1.466673754171072819e-01 -1.186725265549026381e-01
-1.591465584317570958e-01 -1.152416218616039850e-01 -5.444234608430658512e-02
-2.546304075210087739e-02 4.606828425170426261e-02 2.260992472250742194e-02
8.183021508514977047e-03 2.870642989756786445e-01 1.379703976239852747e-01
7.573033015349717179e-02 9.554654843803024600e-02 8.271831180259539562e-02
1.899485807582869737e-02 2.039741396138444740e-01 9.528704259271146559e-02
-9.592466355032086556e-02 -7.047226008410360787e-02 -3.080953756845465907e-01
-1.912716240054163630e-01 -2.068074976337010429e-01 -2.933516831787913448e-02
-1.444275027510033560e-01 -1.782648766509422888e-01 -2.320105630480432529e-02
-3.307198818746730912e-02 -1.692542606245357739e-01 1.130779537093267936e-02
1.100336905583076397e-01 -5.222620263429263998e-01 1.611601601626161395e-01
-4.586817597665603097e-02 1.704598590984217343e-01 -7.502539087372099569e-02
-1.060051840411653096e-01 1.346764799245585564e-01 2.019457477641493914e-01
-1.225553904808721582e-02 4.097336436782245683e-01 2.197592760074854878e-01
-2.761662706966171998e-01 -1.874986380978729134e-02 2.605278904683301297e-02
-1.850707955873389099e-01 3.725752185969197217e-03 2.289458545382738741e-02
-1.921063330083891407e-01 -1.082105064929601290e-01 4.411714236252888520e-03
-2.339207840735536836e-01 -1.456304567855543908e-01 1.373831429793562209e-01
-2.484105043012678482e-02 1.736326533190833965e-01 -1.294947957037526770e-03
-8.995406594076792162e-02 -2.859019006818363517e-01 -1.393691158795602458e-01
-1.012435373631434127e-01 -2.002583106559640835e-01 -1.498827249710963372e-01
-3.738449936726007117e-02 -2.921187042145689805e-01 -7.689466571413945684e-02
-2.264624276464929920e-01 -4.937823420584974005e-02 -2.234753239565527572e-01
-8.097577422889204457e-02 -3.957122138401796829e-01 9.068890599853784984e-02
-1.671463168448824588e-01 -3.529348859059577292e-01 -1.264326959450330079e-01
-1.537084073429500737e-04 -1.599741692816779304e-01 1.837859969097096341e-02
-8.159703840573942837e-03 -3.743145225048839508e-01 5.996161912423490087e-02
1.801221624082395556e-01 -1.414057841098747270e-01 1.665661343772700531e-01
-1.564796908423369062e-02 -4.500405064367487551e-01 -5.481371147706761565e-02
1.078609442262837281e-01 -4.389678134352031913e-01 1.562471911949209480e-01
1.682080345769214058e-01 4.213082396279541619e-01 -1.847298561870507616e-01
8.990389819253928605e-02 3.277338190353615843e-01 6.947510549005874239e-03
1.218660909822837785e-01 2.727842254682434353e-01 2.010716453851116650e-02
1.412598845301476502e-01 3.353385503825968145e-02 1.387833178825047531e-01
1.832473435251249366e-02 -1.834952207787532985e-01 1.488299678119525959e-01
-2.426466967071951031e-01 1.748561295952743774e-02 1.524718571609283146e-01
-2.959325842294371900e-01 -9.177290167517872244e-03 -2.125756012103137416e-02
6.586780678449896675e-02 7.775412873749661113e-02 -3.212641344817965816e-01
-1.961506321477247405e-01 -1.022597214464239235e-01 1.695429867762663356e-01
6.191877033716202544e-02 2.714909408699776039e-01 9.213338080411204167e-02
1.175123768057850654e-01 3.371762832652507313e-01 -3.253649838643652564e-02
5.771735525235793113e-02 1.002547016507956273e-02 -1.629836424427112684e-02
3.902672341393566280e-02 -4.015443020716626815e-02 -1.351056384710369769e-02
-1.685676814821611691e-01 -2.337151709185366910e-01 -1.498482896803440267e-01
3.742644772280733639e-02 3.642436224783706100e-01 1.358159913788917483e-01
1.242549575937629096e-02 -9.855666366176972504e-02 1.230832619049207141e-02
7.384427451107095086e-02 4.098915662592116926e-01 -3.155611399157118302e-02
-7.262033849915455752e-02 -1.650160619302228626e-01 6.725409460848924548e-02
3.728453251797871765e-02 2.441448764452479048e-01 -5.079773616009818082e-02
2.369664629483730217e-02 2.290105361391810701e-01 -1.133589499293345682e-01
-2.546304075210087739e-02 4.606828425170426261e-02 2.260992472250732827e-02
1.298143113884372979e-01 2.315903607293583466e-01 7.499339435050084331e-03
-1.260297851738323982e-01 -3.079163404064071408e-01 -1.710895247910201034e-01
-3.231060138107792138e-03 -3.092597015083592971e-01 -5.999068772566686601e-03
1.001144975345217847e-01 -4.985418818614160141e-01 4.041292929488856517e-02
-2.118766605637635581e-02 -3.397058278503287121e-01 2.680731827781008825e-01
2.317555460276988499e-01 2.987047571504183319e-01 1.577439925023966516e-01
2.408926899219356044e-01 2.033345322658419718e-01 1.364698037507188766e-01
1.403329429164100195e-01 1.542197110624030643e-01 1.170436720608072356e-01
8.103173414900574634e-02 1.022290474778782265e-01 -9.188519199223840750e-02
1.353101212004476639e-01 1.803823092617752588e-01 -1.851296202513492417e-01
7.840969536314175425e-02 9.596697749861612947e-02 6.432863250136405808e-02
6.963979032927922197e-02 8.803267450667487393e-02 1.562757327180114633e-02
4.260193511450782733e-02 -3.354018036734757735e-01 -7.518060769246413810e-02
6.748039483663161031e-02 3.124182297108064055e-01 1.133450955978767410e-01
9.462429248180123653e-02 1.159028653801249115e-01 -1.678780786295005351e-02
-1.902129511193058620e-01 -1.675136063836683009e-01 9.673299135907528767e-02
6.220568458640227810e-02 2.881582859015506259e-01 -2.949629660810040507e-02
-1.855978396753132920e-01 -2.382856188999286362e-01 -1.943294926202970008e-01
-1.202579024892813653e-02 1.086390398071560848e-01 1.291324216157302418e-01
-2.096141636955665966e-01 -2.195557353821321611e-01 -1.737432272296965396e-02
-1.298554013860637180e-01 -3.929189203350462734e-01 -6.526100979056861928e-02
-1.287222106223209483e-01 -1.282250903851245849e-01 2.063111657801211876e-02
-1.401355070098336993e-02 -2.404385131266964515e-01 -1.047785965160970278e-01
1.088854852943253737e-02 1.469871462706346665e-01 -1.653191612374891040e-01
-2.546304075210087739e-02 4.606828425170424873e-02 2.260992472250731786e-02
1.630542805764942926e-01 -3.782842693098140835e-02 -2.789550611853352374e-02
7.179563714784281681e-02 -3.944938813929274590e-01 4.590388261831859773e-02
1.523608924352659599e-02 6.257380757424880757e-01 9.415905791231329869e-02
1.060646916583324884e-01 5.425183884233681919e-01 2.095220106074939179e-02
2.025782524064895229e-01 3.815882705839052091e-01 1.284020716246160321e-01
9.548636457219653040e-02 3.997707241758697849e-01 8.063835588223565443e-02
1.825687518332635706e-01 1.341338428500199187e-01 1.167911056008559267e-01
1.245056031341059688e-01 8.706154724787865118e-02 6.883790321005026254e-03
7.331685021246342471e-02 1.483679182507558481e-01 -1.543962827984285691e-01
1.007830388031408925e-02 -2.476804107219652065e-02 -4.777571245636794833e-02
4.426360086792945070e-02 1.038384714916107121e-01 2.151768407278389916e-01
7.137393535747585394e-02 3.219259940356232197e-01 7.497041830932237028e-02
-5.527701090491256991e-02 -6.250017860883699816e-01 1.518634453494641101e-01
-3.393892412037614187e-02 -2.064914508639058566e-01 -6.494496639850422248e-02
-1.557407145327842635e-01 -3.530369951753159485e-01 -1.903756319206927339e-01
-1.035480922732181369e-01 -3.718814850481273471e-01 -3.698207534006374420e-02
-1.607333734459498453e-01 -3.106054234629841426e-01 3.401050385530843961e-02
3.576158806657782352e-02 2.318536630861715298e-01 -1.254290625832189532e-01
1.259627141099328718e-01 2.044313147278290499e-01 -3.047048211857957337e-02
5.043495437536056614e-02 1.044636510196016721e-01 3.821164700067943010e-02
7.274959652584525593e-02 -4.757562415018357083e-01 7.671714132209313253e-02
9.540055533942068053e-03 -5.337446418719564711e-01 2.027479016102269327e-01
8.790678770025207867e-02 -5.651214665860891939e-01 6.029644164253970123e-02
5.667963776221736361e-02 5.402625414459421016e-01 -2.406873861257339750e-02
1.164885651410831752e-01 5.349961509765396306e-01 6.581204918876540355e-02
1.901122553578326324e-01 3.626565407890027792e-01 1.177802405932763113e-01
1.271556559033249489e-01 2.594057890554054002e-01 -2.237379272794270263e-02
1.509289049325772125e-01 1.060381416450539155e-01 -4.019459818508670790e-02
5.955017783336274961e-02 -9.865542067080902700e-02 1.549053064556266401e-01
-1.134953014460160642e-01 3.479102084131868722e-02 1.936325345522109942e-01
-2.474778954703809597e-01 -3.199035651333365787e-02 2.526264398149132284e-01
1.108953944025979771e-01 2.065213686345985511e-01 -3.024101480742139719e-02
5.279296576039876898e-02 3.538184680060317833e-01 -7.821432263635599846e-02
6.367899851791708477e-02 3.771745909683574816e-01 -1.015766807960670898e-01
-1.835300146840725399e-01 -1.579767458835491800e-01 1.868434947643867958e-02
-1.083639817945688533e-01 -2.306038023127003622e-01 -6.932742633430859225e-02
7.016587517799496854e-02 1.953537186415126303e-01 -8.575524064880460373e-02
-1.673195026261635743e-01 -2.154436209920882472e-01 -1.232787939074473232e-01
-1.501684988738833174e-02 -3.824058180970029558e-02 -9.850933798598950075e-02
-5.749359189709900460e-03 2.603411212534105790e-01 -1.767977458062554574e-01
-2.199513466399014294e-01 -2.818420961962491145e-01 -8.216158826855829780e-03
7.761562052350640117e-02 -2.742801068988027779e-01 -6.915472241044841838e-03
1.930488888255131597e-01 -2.110154985689710952e-02 -1.731337242018795852e-01
2.604599867810729052e-01 3.532913611746015762e-03 -4.079197898880692653e-03
-7.182621467432979967e-02 -2.711179555014520681e-01 -5.982318584480487283e-02
9.858885711717324529e-02 5.514745632677879872e-01 -1.165453395902096151e-01
1.727637420849699179e-01 1.431350285188625060e-01 -1.067815560220893994e-01
1.093631489885313751e-01 2.466219146921191097e-01 8.686092648976487252e-02
1.483457343141680318e-01 1.038788076880902550e-01 1.109007957401978751e-02
7.497036805459141029e-02 9.116909760118437067e-02 -3.450551834790861749e-02
9.558955735243775120e-02 5.143372219744168916e-02 4.636678360050413075e-03
-2.276738883867274466e-01 -4.624669745380942387e-02 1.591528553666250179e-01
6.605306985873510284e-02 3.412046056490521395e-01 1.148715745128529586e-01
4.510272011048584856e-02 1.792696518063412459e-01 2.049648173056665273e-02
2.018612049034527664e-02 1.983775981053187698e-01 -3.607757465378640116e-02
1.533906510583542271e-02 4.248031603105060783e-01 -2.890089533934510346e-02
-1.349750907340283579e-01 -1.636114590954087789e-01 -1.554127138826576215e-01
-2.012736265401304011e-03 2.656526005264391865e-01 -1.594129255893569561e-02
2.390384826286704595e-03 4.552765136706112686e-02 1.359290332888081765e-01
-4.732227016326733676e-02 -1.940819329696560902e-01 -1.433028095450472883e-01
-3.843595525002047042e-02 -1.262895139953787993e-01 -1.315874006105898116e-02
-2.087408843697769190e-01 -2.876086383920455902e-01 -1.123092047763692702e-01
-1.703832541480633164e-02 1.535776976097134316e-01 -8.970999935293134508e-04
2.040513115774804983e-03 7.629337823791483564e-02 1.602352692792227001e-02
-1.381141974771998571e-01 -2.636792589015520827e-01 -1.723589927118415743e-02
-7.507175120929533707e-02 -8.127883034981460419e-02 -1.514736058769021176e-01
-2.528553832975107829e-01 -2.487619055922438704e-01 7.988194899768184809e-02
-1.048589645479892918e-02 -9.894066218354199971e-02 2.161523376057353507e-01
-2.427976436941876870e-02 -3.618501394860381692e-01 -1.022549805561033948e-01
1.388134027312027952e-01 -2.823329998489895187e-01 1.462247150754730600e-02
1.209181914004527070e-01 -4.806058173606462813e-01 1.647656046091925675e-01
1.113779102298325871e-02 -5.710075656242294961e-01 1.895327618379746837e-01
4.421262729377964384e-02 7.135944129546560877e-01 -7.968838722917893913e-02
2.787597038305208302e-02 3.743693283114163384e-01 2.590857353856749201e-01
2.375094244133078014e-01 5.202460227515031121e-01 1.262526718605461729e-01
1.334706789227474988e-01 3.780574755315365687e-01 7.049134877375776154e-02
1.907724552982589250e-01 1.059466771724220935e-01 -2.854430397774943701e-02
-1.210819310100337554e-01 2.860594146349323963e-02 7.276038664255389532e-02
1.906499008776958021e-02 1.926069316434669554e-01 4.944772803354769569e-02
-1.587938643931342819e-01 -2.633581229290045678e-01 7.343520643871512266e-02
-7.061133740808647752e-02 -2.690625705903409298e-02 3.096665693952568299e-01
-2.357684892736285898e-01 -2.466472309685053543e-01 -3.494978501884880157e-02
-2.408651445634937549e-01 -2.784718688894094463e-01 -8.920730924496483860e-02
-2.546304075210087739e-02 4.606828425170427649e-02 2.260992472250732827e-02
-1.550707134606546800e-01 -2.992960852992901377e-01 4.317802401977077764e-02
1.011098666699567494e-01 3.257758704745940537e-01 -4.842349703289186569e-02
1.485502316321201388e-01 4.503474724909373866e-02 -2.982059351316014226e-02
1.867993372459514053e-03 -5.061102892779122397e-01 -4.347582881788534387e-02
-6.259879147585485637e-02 -1.712984099403521698e-01 2.213041886895655841e-02
6.234400384158433200e-02 -6.068410364353089559e-01 6.250336484743367060e-02
-5.477913773315886553e-02 2.040056517386588386e-01 -3.687699639977178034e-02
9.702413858829302129e-02 5.735201004192146401e-01 -3.537601278901169547e-03
8.948574280838048067e-02 3.038616441036146587e-01 -2.051969022268196677e-03
7.153250039391688408e-02 1.631057595520021553e-01 -2.767513439828666461e-02
-2.546304075210083576e-02 4.606828425170424873e-02 2.260992472250731786e-02
1.752985055583104745e-02 -5.533686052027927960e-02 1.625094851605800861e-01
-2.440221610999904200e-01 1.366456298250200672e-02 1.111719994995330474e-01
4.222851660523779804e-02 2.355570761094996635e-01 1.160966587159822649e-01
-2.672332085467046259e-01 2.771622263516191481e-02 3.204526731395055394e-01
5.452623087871468627e-02 -1.408112897050137506e-03 3.894832107348146499e-02
-2.462954316444245506e-01 -4.209458329017366773e-02 7.493780617121531540e-02
1.072360561457508660e-01 1.484041626018643978e-01 2.630897136052837149e-02
4.262768981621743031e-02 1.232888834340678946e-01 1.284612570794108899e-01
2.395683041201567692e-02 2.289988747088031185e-01 -8.571653039165283428e-02
-2.029471286365174681e-02 -1.694968767855413172e-01 -6.420391966186628219e-02
1.390286385941087374e-02 1.240215631503727572e-01 -1.123533090000506107e-01
-1.459609927315043687e-01 -4.485653841455431445e-01 -1.338187656051808838e-01
-1.414981079242194073e-01 -4.553290066463304142e-01 2.349492541041240182e-02
-3.092487232045464385e-01 -3.367899977493239438e-01 -1.371136986470550545e-01
-1.601080023622585002e-02 7.074707024659035448e-02 1.444358079284261964e-01
-7.066435602684945083e-02 -8.836055000676681925e-02 -4.619892412302378792e-02
-6.795826123049747425e-02 -2.314773326757498806e-01 1.458936784378188634e-01
2.048520552228164093e-01 -9.696334797339550837e-02 7.748017314862071236e-02
-8.452527280623169104e-02 4.987179182296543334e-01 3.036820696605871950e-01
6.647099714677269511e-02 3.822082999119609803e-01 -6.820109063686426165e-02
6.431705067411834509e-02 5.064701683989841774e-01 2.426389495983142294e-03
1.229886943889110240e-01 5.479343034917996125e-01 2.915303890571143211e-02
1.242141005877572535e-01 6.163461120016617834e-01 -3.086548502198997040e-02
8.803301882996891758e-02 1.625637741914528200e-01 1.395891765237499901e-02
-2.546304075210083576e-02 4.606828425170433894e-02 2.260992472250732827e-02
3.724574125414958914e-02 6.654956008739309689e-03 -2.620706040650327626e-02
-2.124210810130097715e-01 -4.322696040921038263e-02 1.875537112822439900e-01
1.281106826950614494e-02 2.301580588543571948e-01 2.165971221188343898e-02
-2.005430596023114465e-01 -8.655426824972027589e-02 7.698025440776361250e-02
9.779145871496824904e-02 2.595077805254527026e-01 -3.014496112253677376e-02
-3.351118077354031666e-02 -1.451856863280413246e-01 -5.815523546613588120e-03
-2.114419355070615569e-01 -1.767931905002962656e-01 -4.895384593305625309e-02
-5.162563073158667887e-02 2.199833133634023774e-01 4.825016864534328181e-02
6.969667934963182099e-02 -7.143939509861284287e-02 -1.523556133438940530e-01
-2.797610645665312146e-01 -4.145249970321591704e-01 7.455730577204368326e-02
4.079804305494554029e-02 1.729820326507590031e-02 1.072491564017272192e-02
1.458100490940687603e-02 -1.830020023898123183e-01 9.167219297392368432e-03
9.532344132774299428e-02 -1.126397861608536832e-01 1.064834632971856376e-01
7.436152225652567505e-02 3.358922677754793140e-01 -2.922108236654915800e-02
-1.151006468180329131e-02 -6.416943175717824965e-02 -5.279500111125529083e-02
-4.619265483203222056e-02 -2.675731993689900445e-01 -2.457035528954516421e-02
-1.117197153558324024e-02 -3.632974899259100998e-01 1.983700673282446647e-01
-5.443043562033806487e-03 -2.941545126351737260e-01 1.394965870029285238e-01
1.420322147021219894e-01 -3.277149568824817560e-01 9.080964245726010900e-04
-3.904871846426925808e-02 2.281303669594506867e-01 -1.710001587861657846e-01
5.590628133985684617e-02 7.015497063210800466e-01 -1.209851833081739964e-01
1.442166013550590792e-02 5.719914325356911800e-01 -1.860447200925428313e-01
2.277702318268661277e-02 5.597790573953109750e-01 5.441868840181503242e-02
1.932249559741421388e-02 2.143842204005809160e-01 -3.963001880455300358e-02
2.073091584713379620e-02 8.069704240267616679e-02 -7.034894158563716193e-02
1.767427144752558021e-01 3.905661683785383725e-02 1.050619478569239477e-02
-2.546304075210083576e-02 4.606828425170418628e-02 2.260992472250732480e-02
8.613916188192811269e-03 1.126722142005107258e-01 6.043036279163180313e-02
5.183353481112840805e-02 2.413439932687113654e-01 -3.703288251462106238e-03
4.460926103517071778e-02 3.015296217707302828e-01 1.099804289557116815e-01
2.214819826183556453e-02 5.248684848693279531e-02 7.385272909868574598e-02
-1.559881552999726195e-01 -1.435221134928736653e-01 -8.623847979422061272e-02
-1.902352331185754031e-01 -1.673148681638976787e-01 -7.889467152400193861e-03
-1.169443252472428668e-01 -4.057466072933017531e-01 -6.184561825111635491e-02
-2.546304075210088780e-02 4.606828425170424873e-02 2.260992472250732827e-02
1.271609674911641959e-02 -7.683514125104841386e-02 -8.376616143718085272e-02
-2.282557206821064777e-01 -3.291753236380980940e-01 -8.622953179029974047e-03
4.252127149152649943e-02 3.017781106054093568e-02 9.205271691995689509e-02
-6.967749688302996708e-03 -1.037185569216584891e-01 1.450871651597137636e-02
-2.018334004345557695e-02 -3.169915564247835493e-01 -9.319980932935083284e-02
-7.980278272443354359e-02 -2.024657414435583613e-01 -1.348396730597748172e-01
-1.072702613655222847e-01 -4.090604857496166202e-01 -8.391739538479570104e-02
-1.453171940634243042e-01 -3.269946336810513055e-01 -1.725718566158676234e-02
4.934477504151115607e-02 -1.518456000121566618e-01 -6.120773135057941752e-03
5.665924539774139235e-02 2.681188608674364704e-01 -1.273930173001455446e-01
1.342424712129388908e-01 1.176925739410015492e-01 1.444395920986510651e-01
3.345559339336072469e-02 3.078803555521198443e-01 1.451446360561364952e-02
8.255845105021485109e-02 -7.807659015558149167e-03 -7.239836795741513842e-02
2.076872467744993178e-01 -2.406071315974481206e-01 -9.443132174975487139e-03
2.266397961827668339e-01 1.035022121927203602e-02 -1.403532711552309686e-01
1.032443611793393140e-01 2.056195579472331614e-01 1.424944575443614497e-02
1.532664082573964859e-01 2.158648493814007974e-01 -2.876832781246749932e-02
1.325237377912384662e-01 3.937057294134586605e-01 -1.633517550024927156e-01
1.424310586972554471e-01 3.177724074084765649e-01 -4.879200882967514585e-02
3.243451019768824051e-02 2.193333739725554787e-01 4.439955411509779321e-02
4.627868875249874919e-02 2.767330860408194759e-01 1.541900039957466891e-02
-8.373141970485903363e-02 -8.131555410000684825e-02 -3.301173082341819082e-02
-1.818426365553205415e-01 -2.433890473824421030e-01 2.603528418655875684e-02
2.079504301224519014e-02 -1.090506591675888433e-02 -6.553268259904969362e-02
-4.750228151264149906e-02 -2.397602323821386439e-01 -8.874094683510434789e-02
-6.774010470337893386e-02 -1.978176214960509494e-01 3.993010077180373374e-01
4.544714464300780854e-02 -7.262519831911379287e-02 -8.013979239440002789e-02
-1.299995971789457382e-02 6.811118554632991651e-02 1.587328341326743608e-02
5.772592790543626395e-02 -5.673443207480741712e-01 4.120927920302020486e-01
1.201439161514264720e-01 2.191482470328827425e-01 3.611826683032558216e-02
8.678032131180220266e-02 4.488197899979650130e-01 2.390109458475650744e-03
2.191993016353932251e-03 1.730421075339627357e-01 4.954249384688001745e-02
8.316497349232250536e-02 2.558018194224589981e-02 1.788683294055469775e-01
3.537188441701351327e-02 9.707751878050037420e-02 -4.235778566887894031e-02
2.366978502008888763e-02 2.209338419594922276e-02 1.737409493597481536e-01
-1.646414649482740578e-01 2.283252340235702657e-02 2.623003209566364125e-01
-2.629059391687604830e-01 -7.346765094819050768e-02 1.573414275862281830e-01
6.034547307821348100e-02 7.645098790657431365e-02 3.334113797016935443e-02
-1.817965342693228514e-01 -7.529749732518770111e-02 1.911580613468889522e-01
6.939873261683485173e-02 2.740761766991650084e-01 2.382677531573370450e-02
2.278790032994284370e-02 3.826538015344612687e-01 9.534600821553335104e-02
-1.455994000742172612e-01 -2.007100364584561702e-01 1.704626780652935825e-01
-8.783751014367946475e-02 -1.950631764538730550e-01 2.311840891077453775e-01
-1.660281255007331203e-01 -3.653728047781177324e-01 7.661048550094484710e-02
-5.864228421461447488e-02 -3.130851117360985980e-03 -2.730771535376542297e-02
-4.969689617302420342e-02 -4.674393953924803613e-01 -1.947389287356298126e-01
2.825396927404877356e-02 -2.192442379409166031e-01 -1.821568926540874725e-02
7.554587495600453839e-02 -1.802259866949321443e-01 2.002781489090995140e-02
2.204248367341487547e-01 -2.544397281707740932e-01 1.484513680891610399e-01
1.480278518073489639e-02 -2.234400272765167395e-01 -1.050717168940262097e-02
1.209738671428511880e-01 -4.264129739719162981e-01 9.127150862398011877e-02
-7.859736579420229657e-03 -4.681902220902918743e-01 1.169636813032775835e-01
7.907079805883611423e-02 -4.894684410006830966e-01 5.007783008154634286e-02
4.481302225397406497e-02 5.956692658226528936e-01 -2.245160813595452332e-01
5.249257016087141396e-03 3.909743271426002753e-01 3.242940936395106305e-02
3.272742585143879196e-02 2.077300931736201228e-01 -3.293338474644086911e-01
1.461873419487516312e-01 9.202930822152427526e-02 -1.654676762322906391e-01
-8.079772928009909191e-03 2.273584285809532868e-01 6.606843266847875484e-02
1.155601382294068058e-01 1.540929296881616006e-01 1.850660244917843589e-01
-1.092960474333572463e-01 -5.884782106760779764e-03 6.974887854494479789e-02
1.180588398902200076e-01 2.651184672859276392e-01 -3.167088844136583398e-02
3.380908790749145854e-02 2.982932336696944575e-01 5.873895966342645297e-02
-2.565516999603354234e-02 -6.900660175750601699e-02 4.022843602909859095e-02
-2.331760152186336810e-01 -9.386432169002274783e-02 1.086148498072156410e-02
5.390268176344675810e-02 9.835053777765202787e-02 -8.705565819819998524e-03
-1.564950783687636682e-01 -2.513712542566844954e-01 -2.603198484513329775e-02
-3.458825406192139740e-02 3.073674355488168475e-01 2.955852903140676960e-02
-1.842841863634504251e-01 -1.285610327752921556e-01 1.189619629692154068e-01
-1.599577109449664414e-01 -3.018866008914218857e-01 -3.770131432411927275e-02
5.292393148754229865e-02 2.562021592789497371e-01 6.049472838986420520e-01
-7.932722073470499513e-02 -2.496000483728710029e-01 -9.226042743141388280e-02
-3.663910476832416691e-02 -2.556305718170468477e-01 -3.438222678353251849e-02
4.917411205794687719e-03 -2.133196013376595646e-01 1.004380080246309453e-01
9.899449235572193098e-03 2.107469258250841138e-01 5.664692823245575520e-02
-5.893564178501497879e-03 1.064838362111441422e-01 -4.044433175055426460e-02
-3.632210384148967797e-02 -3.861339205712098765e-01 -1.761802138777248117e-01
-3.573826037270222411e-02 3.972620696785298944e-01 6.857906479800231214e-02
9.495814039834196696e-02 1.288397514871489624e-01 -8.862433651516472832e-02
6.122664209005860420e-02 -1.364305096399542894e-01 -2.915244155623716860e-02
-3.854849287334218694e-02 -1.957181435704400951e-01 1.103573095095239792e-01
-3.612991414082502434e-02 -2.056252226500214775e-01 5.071598006042142559e-02
7.666463243447432796e-02 -5.075274721920028931e-01 -7.118840627882998262e-02
-2.546304075210083576e-02 4.606828425170438751e-02 2.260992472250732133e-02
2.343818691828510048e-01 2.371190902987619364e-01 -1.309134656807771635e-01
1.829608427247776947e-01 2.270397388189302756e-01 -5.119452129512849087e-02
2.363376175104032473e-01 4.342575015167984831e-01 -1.225248118149440402e-01
3.345860389869541318e-02 2.101414940933866715e-01 6.269762310291791818e-02
1.251144200948586527e-01 9.320485864084768202e-02 1.330979722853281866e-01
-1.161472280174044927e-02 2.658601191503983663e-01 -2.322399573933523614e-02
-1.533108286197507331e-01 -1.929336521850750219e-01 1.150807846210355340e-01
2.288377203482434841e-02 1.576212429309252760e-01 4.608416901489550965e-02
-2.075472636454452902e-01 -2.839380997040655830e-01 3.445621767699248716e-02
3.122430953652140587e-02 1.016608425702023866e-01 1.121896758501170731e-02
1.021978921753559193e-02 1.051255940850220616e-01 2.610442206648052807e-02
-1.043703091863854571e-01 -4.287413195935045329e-01 4.326168337881079046e-03
1.342236222785802256e-02 2.497305620230269307e-01 -2.284500534997202514e-01
-4.608348006128529240e-02 -2.309730454897818835e-02 2.645837000100954156e-02
2.337453350216716057e-03 -3.049364048679688577e-01 -1.551621248038993484e-01
-8.218209710913243395e-04 1.963841385092608138e-01 -1.177359175353830806e-01
-1.233129223964694599e-01 -2.638182743872924951e-01 -1.713315624116127089e-01
-1.686246209227169543e-02 -3.550113366017109695e-01 2.222903555460644526e-03
-3.656981407192617939e-02 -4.848311077771580990e-01 -3.645415972652059355e-02
1.420292115863127161e-02 3.053929517696413187e-01 -1.108499979730445256e-01
2.960020328755537389e-03 1.339426422756408771e-03 -1.018449060479676704e-01
-3.224993518671429027e-02 3.223272169742482651e-01 -1.304258058424210276e-01
7.557946905844267066e-03 -2.675489070319002072e-01 4.300540805901761215e-02
1.239790507538449660e-01 -2.762832028032263798e-01 1.888665972464320317e-02
1.270229494834259898e-01 5.348035722569903783e-01 6.443187358354875161e-02
3.846519491061718699e-02 5.513032465892234724e-01 -4.897362926577304709e-02
1.173192674388312956e-01 3.246586160555994804e-01 -1.216323219927087779e-01
1.777906683954349198e-01 4.809295567058462506e-01 -2.578431093944768410e-02
5.630464773425555153e-02 5.315775161477521299e-02 1.880472379418262341e-01
9.822530640672520741e-02 1.595692772157757400e-01 7.047774474974841108e-02
-2.120800171804117507e-01 -1.380346224025602586e-01 1.149143921734860491e-01
-8.382260382109105179e-02 3.396841104330587668e-02 -2.342073941634261088e-03
4.302511412972483129e-02 3.545378724928938130e-01 -1.814969076652150626e-01
-2.741957637181867691e-01 -1.942731345864691095e-01 1.150046902874944377e-01
-2.546304075210087739e-02 4.606828425170427649e-02 2.260992472250732827e-02
-2.371273825086148840e-02 -6.872093074833827975e-02 -8.243144916435989067e-02
-1.447901722176601035e-02 2.511622360298653156e-01 -2.441347797129829120e-02
1.217104444618039884e-02 -9.210154584704595415e-02 -1.016881494861609919e-01
-1.590061526905362788e-01 -1.324499630766960701e-01 -2.471063145400693717e-01
-1.296754080079124197e-02 -4.412590061588832907e-02 -1.403956935500693115e-01
-1.071423633862179925e-01 -4.800418965854982289e-01 -9.160746355500072602e-02
-4.070366636171393604e-02 -4.856262032720291832e-02 8.100383918220113721e-02
1.142949577211111942e-02 -1.217666653050824971e-01 1.009562168876193024e-02
2.347102975047453757e-02 -4.628619345678224029e-02 -1.148651721167692069e-01
1.640306284136215376e-01 -4.315281778820339587e-01 4.585361992567069805e-02
1.160499431347593452e-01 -5.508899749652218514e-01 1.582394859873960946e-01
1.194251651617568993e-01 1.602390388858011827e-01 5.020790484013685356e-02
1.620046120749676632e-01 -1.568038354468520856e-01 -7.435145079514828004e-02
1.255389561119251429e-01 4.698410223965328036e-01 -7.806299498066482379e-02
9.411633899233606826e-03 -1.020648267830971956e-01 1.294058815242591642e-01
5.852912736695166374e-02 1.562807096568106513e-01 -5.383999468835001107e-02
-2.769970733702241672e-01 -4.585203257781562264e-02 2.120930333466641837e-01
-1.778093091296276962e-01 -3.837832927070276845e-02 1.564899876069971718e-01
-2.268676757460210969e-01 -1.153006034451051348e-01 1.561224328742612799e-01
6.365755979819581745e-02 1.623542823281178271e-01 -7.773072686239529405e-02
-4.767737722010170071e-02 2.834658818014895165e-01 -1.071338891517064768e-01
-2.449107737832915688e-01 -1.774738549453624414e-01 -2.844519455115956941e-02
-3.267462704472095299e-03 2.503151928655423797e-01 3.241446860668332347e-02
-1.927258551596130465e-01 -5.104861346545328527e-01 -1.770969026215878650e-01
5.799428530213660005e-02 -3.261621165692519808e-01 -7.437814104756794442e-02
-1.062587114126074539e-01 1.014187890226104227e-01 3.026639989325745350e-02
-4.772070155438266209e-02 2.034106480682544571e-01 1.618596363166752983e-01
-6.093746429101479234e-02 1.258575482419439784e-01 -2.712664176867592425e-01
-6.776595470000548738e-02 -3.763612868964782421e-01 5.667986530147674229e-02
9.237745120580859171e-02 8.493011126822301859e-01 -3.392233843879132738e-01
9.087672325774205639e-02 4.952850101093668744e-01 -1.691101862606344264e-01
-1.000284915669827823e-04 3.154579024471025894e-01 -2.331896556291114253e-01
1.087543937095330898e-01 4.136505821814713268e-01 4.575872446075928551e-02
1.432698122040632627e-01 1.871671437172524322e-01 -1.085345399625417262e-01
-1.838180430521758335e-01 -9.892192160088045250e-02 5.106020225856609113e-02
-1.587769359846985182e-02 3.777884297685556447e-01 7.034050649881612959e-03
4.383200985863307253e-02 1.755485224792724952e-01 4.098968408062606678e-02
-1.760806093563442865e-01 -1.378857038500553300e-01 1.195699189195880557e-01
4.894969333596179209e-03 1.336305899676851761e-01 6.890338235311507450e-03
-1.901657741867032736e-02 1.977024690432388487e-01 5.705853834475248243e-02
-1.185504995371770426e-01 -1.661562128483843603e-01 2.376086521944812957e-01
5.626547786242331456e-02 1.929016377005872696e-01 3.903495856760930832e-02
2.636614732017948312e-02 2.184657293794046162e-01 -1.776791868776677122e-02
-9.155831360357231941e-02 7.552154982238962200e-02 -1.434383828485377710e-01
-2.585988894079731537e-01 -2.050267138098548492e-01 1.107263461853342096e-01
-2.153119698962159545e-02 1.910061962033132998e-01 7.923076147964101812e-02
-7.439391750761307348e-03 1.455648342466845657e-01 -1.218736708759480675e-01
-7.703087955697653089e-02 3.297199686557176351e-02 -7.099542106902900079e-03
-4.075561745575452532e-02 -3.494718574675824141e-01 3.357127875496074276e-02
1.815667972205746161e-01 -2.232698371328501741e-01 1.041189385439307835e-01
2.835688132164616501e-02 4.156544661453527856e-01 -1.266623505583729103e-01
1.201663980244165736e-01 2.197554922326358517e-01 -1.192200808747259921e-01
1.531378573216460870e-01 5.581418683841155026e-02 3.253255395446746912e-01
1.493899815728121638e-01 -6.388296838173800063e-02 6.609567396414026130e-02
8.025418916778984113e-02 -1.503246363732314850e-02 1.421038187716247847e-01
-4.358470596172215467e-02 3.257633775937232579e-02 2.801573677683081437e-03
2.031897310795376804e-02 2.410449172331796119e-01 -3.943282273330153687e-02
-6.563150850373562772e-02 -3.897437899624754676e-02 1.208513506287528863e-02
-5.923635406675559212e-02 3.026060725734016632e-01 -7.699858308303740573e-02
-3.378515953111301158e-03 3.388709976715677530e-01 4.817847695134960979e-03
-1.026612070248022861e-02 3.263549606661788477e-02 -9.015683864581368334e-02
3.024476997369895948e-02 2.619614876373082546e-01 9.386603985209056311e-02
-1.892720891247114678e-01 -1.388800681478847276e-01 -2.169366118022937606e-01
-2.636909933747067988e-02 -1.706831115950321193e-02 -4.720881583451357749e-02
-1.265713699559462002e-01 -2.594575041987778330e-01 -1.947648467986898557e-01
-6.518475809505258622e-02 1.337582294919264503e-01 2.584049345509391027e-01
-4.000695150722033237e-03 -8.891919769224294889e-02 6.175204259456029687e-02
1.379963286815659163e-01 -5.680219352454222159e-01 2.128580390396033473e-01
1.068095689444944207e-01 4.723898253917318546e-01 -1.738200492137482733e-01
1.265953867416075851e-01 9.458730995454320278e-02 -1.565274767738615569e-01
8.433051688654170930e-02 9.645523454731402824e-02 1.963705512730323441e-02
1.768421804872980230e-01 1.103492335057548041e-01 7.549260359514442520e-02
1.146785867362719452e-01 1.591744660892208951e-01 -6.925349829696875181e-02
-8.342847191002931984e-02 1.031363415928335109e-01 2.186213672106577521e-01
-1.977846305513995817e-01 -6.293213225986306336e-02 1.757425211630560258e-01
1.029019945732669306e-01 1.372893894840817863e-01 -1.289394225406825800e-01
-2.753347928610354045e-01 -2.433967843664900932e-01 7.005930609523240704e-02
3.783331423384214427e-03 1.536878618438860256e-01 1.259559703645653783e-01
-1.221744150176689962e-02 9.269464519738898622e-02 1.375418725109842921e-01
-2.643011062458269222e-01 -4.607204340584792474e-02 4.885121103699143624e-02
-1.441865983286096942e-01 -2.052227647244007080e-01 4.917006128788274644e-02
-1.733633043148908592e-01 -7.368924443193321239e-02 2.501473160028738416e-02
1.491243074519960944e-02 3.210431048223150730e-01 -7.360294239429357455e-02
-1.606738940968156504e-01 -3.226633774605460192e-01 -1.428150905722265773e-01
-6.068557512926574943e-02 -2.205382105854485908e-01 -1.757352388462338488e-01
-8.044107555904424917e-03 2.702355816327673410e-01 -1.484764867418917611e-01
-3.457990212165844290e-02 -1.378555733560394292e-01 -1.874343964228951109e-01
-1.935860327558851929e-02 -1.440911773132999285e-01 -2.139092193618448157e-01
-1.006698291320538008e-01 1.907642893918137794e-01 1.435919855957888958e-01
-1.847355391629642851e-01 -5.163359738406071431e-01 -2.117898001127342944e-01
-5.710183662405474841e-03 -2.055063973384368692e-01 -1.746615783733226346e-01
5.077407299493014864e-02 4.726962122257842569e-02 2.925461209870047069e-02
-5.660092239728386349e-02 5.683769440521735383e-03 -2.868598994632766755e-02
-2.546304075210087739e-02 4.606828425170424873e-02 2.260992472250731786e-02
-3.028364799151654976e-02 -1.938513808729422638e-01 -7.629539323619059787e-02
1.976938649588596761e-02 -1.432289528792975442e-01 -6.999236930146576774e-02
-2.091986234682555526e-02 -2.059896610848072629e-01 -2.330132490147868163e-02
-3.085722354802801493e-02 1.306319375079255038e-02 2.445863555054931249e-01
-8.125414071436673491e-02 -3.796994680544346079e-01 -1.531711168093707713e-02
-1.922496450555940747e-02 -5.566691292268918234e-01 1.118503247004813128e-01
7.996505535247395990e-02 6.660777134047420889e-01 -2.731426840347622176e-01
8.521561297529364754e-02 6.213180230885611000e-01 -6.375019960931053997e-02
4.640316387140057397e-02 5.200135878564018377e-01 -2.381023530661124932e-01
1.681244752278627033e-02 4.745851369195235314e-01 -2.597900356471392058e-01
1.429735949185897692e-01 4.125131935427307495e-01 -1.233892208792102957e-01
1.836321559718042673e-01 2.400210784461709879e-01 -1.502200509563260955e-01
1.774966327381760633e-01 4.179490490655039803e-02 -4.219566840460992757e-02
1.624642824039233269e-01 6.755506596033179767e-02 1.306163383547873647e-01
1.578297980729962691e-01 5.010529589480471058e-02 -9.355186748337794567e-02
5.583976955785512064e-02 1.836471968139281596e-01 1.402793720989744218e-02
-1.508813756193370381e-01 -1.152272910858660043e-01 -1.107203652556164736e-01
-1.835650333410031032e-01 -2.111393155443209158e-01 1.463660085724748650e-01
-3.965553519789604547e-02 2.452105874101832561e-01 -1.700434713573086010e-01
-2.029253002561730579e-01 -2.168015528577087528e-02 1.422129484140622624e-01
-5.559189925180984398e-02 2.277150956157782125e-01 -5.288137946738842576e-02
-3.189233186958963517e-01 -3.263398728306602381e-01 -3.314744495590163931e-01
-2.546304075210087739e-02 4.606828425170427649e-02 2.260992472250734214e-02
-2.186392684186611313e-01 -2.763448565324028161e-01 -1.503378278280445568e-01
-1.526538901306727890e-02 2.175127275302798924e-01 -7.013526606259974649e-02
-3.107427678755754208e-01 -5.103977074233247979e-01 -3.242255667936718155e-01
-1.729935192339205619e-01 -3.625379996782764902e-01 -4.277550033072716751e-01
-9.495562364274873213e-02 -7.091229087167662259e-02 -1.744651528657415740e-01
6.976165369411643780e-02 -1.491616039391213400e-01 -8.594982609177283239e-02
-2.546304075210083576e-02 4.606828425170440139e-02 2.260992472250725888e-02
1.519956370654192319e-02 3.042615962290886600e-01 -1.653746747550705887e-01
-8.191342375400569031e-02 -4.287728446199862709e-01 -9.491375019563838555e-02
1.869258677915093259e-01 1.931867072837434030e-01 -9.534072060413935346e-02
-1.388384441607903030e-01 6.797148122877519349e-02 2.222619155021418880e-01
-1.140312142051771588e-01 -7.013700584830515061e-02 -2.169443768159199509e-02
5.506412135363177723e-03 2.260437162177019454e-01 -3.940276184985842811e-02
-5.392459089037538594e-02 3.633961897612076886e-01 4.897788244323963329e-04
-8.162918893533082504e-03 2.345413290416247520e-01 1.885585054465908211e-02
-1.694962393180304006e-01 -6.895187736871548345e-02 -5.456121675165928782e-03
-3.016489328963678496e-01 -3.334794862071718269e-01 -2.734298242915860211e-01
1.155008698652528198e-01 4.061166962371738631e-02 1.402532453212546916e-02
-1.193803948114937757e-01 -1.806449200593158652e-02 1.037144815530235825e-01
-6.781402190651261881e-03 1.885244675521947910e-01 -5.455445672059457823e-02
1.091564441289673233e-04 -1.589764929738659086e-02 -7.462430266933497806e-03
-1.023688684180187325e-01 -1.751109473734055177e-01 1.107305515304081271e-02
2.899924693345409636e-03 4.644033054264745664e-02 1.556112268190416315e-01
-2.672877803736902272e-02 3.569312503688917837e-01 1.518030775658281151e-01
1.686613644781182197e-01 2.037889509116729558e-01 3.518332806074947472e-01
1.867157281985805106e-01 7.832702999963508939e-02 -1.479485334706917392e-02
1.397045399765193541e-01 8.979198258992357462e-02 1.736299560899864274e-03
2.233990391463633596e-01 8.681919231110879487e-02 -4.782083093345751608e-03
1.543866520908602213e-01 -2.821933956506678456e-02 -2.947903621726525314e-01
-3.045237523531277909e-03 -1.084401029257078403e-01 -1.570889293665033160e-01
9.991783820988287945e-04 1.138308521560990744e-01 -6.392756034042455793e-02
-9.046918408098672537e-02 -1.058982839341299637e-01 -1.770471220077085017e-01
-1.809115332816431387e-02 7.937688073340710970e-02 -1.060436742898961393e-01
-5.531419413686850667e-02 -1.757037388624444196e-01 -1.731701304081407211e-01
-7.134716556408733645e-02 1.751612221215517184e-01 4.993891967708029983e-02
-3.827853316057171912e-02 -2.054784632120477267e-02 -5.932859402130298554e-02
2.462405754497082842e-03 -1.243269440951384475e-01 -1.207611779943041780e-01
1.681213483424591482e-02 -2.516101383601613839e-01 -9.729477189619822886e-02
-2.361699027630686371e-02 -1.470191393774985811e-01 6.924840026153354644e-02
7.159608240928892753e-02 -1.054964394207019290e-01 1.393649289683876469e-02
8.208388871885037574e-02 4.610995540955591387e-01 7.220948981840670522e-02
2.371296153398506357e-01 -6.125959482418640301e-01 2.104256696318545020e-02
1.706902268008664639e-02 -7.021040406409151391e-01 1.053276375399891246e-01
-4.186268170827096846e-02 -6.795583085542685753e-01 -1.377053632646750569e-02
1.415717614097445898e-01 3.280276390981183843e-01 -1.283542459229373156e-01
1.666554660423144874e-01 2.296540349659074443e-01 -6.891698233336082668e-02
1.345945188510238588e-01 1.495999604040487430e-01 -3.049937591006987581e-01
1.770211477859905125e-01 -2.037599580200562949e-02 -1.566943078431894953e-01
-5.059442194807425158e-02 -9.638974931775015631e-02 -6.461862811861697475e-02
-3.068350121674241482e-01 1.371102026767786163e-02 2.358338072616131542e-01
1.850643418571100429e-01 1.135229224424559175e-01 1.017083617947677973e-02
-2.003996728264867966e-01 -9.468976844393414694e-02 1.883363188376361436e-02
-1.878776852654876622e-02 2.591244440243842262e-01 -8.981648508410861043e-02
2.314910158552653877e-02 -1.281364538174711021e-01 -7.120894082308887318e-02
-2.585585816537347981e-01 -2.560751622979726139e-01 -3.967264754908283453e-01
-1.580835668190730126e-01 -1.405168621088408176e-01 -1.657117953389223020e-01
-8.013341273971082146e-02 3.002452638027123394e-02 3.011201613187013404e-01
-3.396781926673426710e-01 -4.431008909649225003e-01 -4.122332031599825197e-01
-4.046038571027285591e-01 -3.136689453164689390e-01 -4.227396822300909518e-01
-1.450998361071120513e-01 -3.127728693282619266e-02 -9.743905540038856616e-02
-1.153100300320625826e-01 -9.159007559905926743e-02 1.598172632658415582e-01
-9.933210752356340378e-02 4.918012665453732474e-02 -5.779875444542989515e-02
-2.112934299026857921e-01 -2.635058892580464107e-01 -4.196727741482140783e-01
3.171801948770994195e-02 -1.200886402164062783e-01 -6.212542091568269698e-02
1.683598364338795284e-02 -4.558444483926789303e-02 3.129319762774639829e-02
2.911017008823042784e-04 -3.876206696964352647e-03 1.422608448062926412e-01
-1.103096804754084143e-01 -3.286174785409068377e-01 1.377588534465542906e-02
-1.335647125919839084e-01 -4.005570538055520102e-01 2.809675708872020478e-02
-6.624049520748556685e-02 -3.835042493144927289e-01 -9.361743721563162146e-02
1.076434854537694913e-01 4.266655841429395357e-01 -1.712061380284568834e-01
5.189878601411924974e-02 1.639944063775418126e-01 3.200929581111498778e-02
1.226331778094843783e-01 -2.764411260997983594e-02 -2.425981156060740829e-01
1.130268366894228022e-01 2.100755757291307771e-02 -6.923089909836739608e-02
8.333455009011848935e-02 -3.966729968620764241e-02 -5.370666944547767413e-02
1.455776434190578228e-01 5.182344016870668590e-02 -9.162045184300449119e-02
6.389059610129547984e-02 -5.289988514491127808e-02 -2.672527200338915658e-03
-1.263390054756476956e-02 -1.486669738474035163e-01 2.126914671797390174e-02
1.239020539114541325e-01 8.011709812531413177e-02 1.012369225872855188e-01
3.178659386769210754e-02 -4.121473143969695691e-02 8.360874020968977333e-03
-2.256561123677005287e-01 -2.830595396442753264e-02 1.675583927323731903e-01
-1.428890760527280201e-01 -1.533235751751646503e-01 3.539539414915234689e-02
-1.793478671063049659e-02 1.717302930766834712e-01 1.158015060639971394e-01
2.552853593298295976e-02 -9.248645020380218129e-03 -1.405854187440214176e-01
1.792847380714011896e-02 -5.389157166109814767e-02 -1.826297772001114206e-01
-1.561479907686752211e-01 -4.445080600682373151e-02 4.604232700309167370e-02
-2.979016923718552298e-02 1.345214644409315763e-01 -5.952881513116838746e-02
3.553164760232749297e-02 -1.815341360197558207e-01 -8.363938190210935819e-02
-2.668360147790387882e-01 -2.885827591774360878e-01 -3.557270830960771457e-01
2.658098279891999566e-02 1.623040962414483146e-01 2.139992289473304776e-01
3.679162139289302025e-02 1.340151726384328397e-02 -1.427958139680972349e-01
-1.910957705663748202e-02 -1.002530609571759684e-01 7.174699554780063562e-03
-8.309177091691034855e-02 2.507575064337413395e-01 1.219755664978846577e-01
-8.216185637850042731e-03 1.854089471164865055e-01 -1.523000925650425628e-02
5.072807609694953562e-02 1.603584686350128519e-01 -3.870816250217204435e-02
-5.372070969444260602e-02 -7.102360637932840781e-01 -1.078071576699183992e-01
-1.571187353240274462e-02 2.581312270932993314e-01 -4.954901637324720665e-01
1.315977797304875851e-01 4.529887766551422557e-01 -1.958476543176469742e-01
1.631727449531274465e-01 2.351100607908694351e-01 -1.169166440462229978e-01
1.172878602730733494e-01 1.453735517875810179e-01 1.355736042981138256e-01
1.808816086378248478e-01 1.497362410408578370e-01 -5.532215144141901936e-02
1.358474407096123271e-01 -7.935924787977875761e-02 -3.597637690898244228e-02
1.320563961060501335e-01 4.761243229220470802e-02 1.199544530145048478e-02
2.555384041926789945e-02 1.622302981648140463e-01 -1.054142585711524138e-01
6.165334361719558565e-03 -2.384773906336109250e-01 -1.053289042455134994e-01
3.320924500298230719e-02 1.289632504418649628e-01 3.866275410730957152e-02
-4.175772413681073936e-02 5.226442249995806588e-02 3.168173753473587095e-01
-3.719486173649009381e-02 1.066048178775030712e-02 8.239403958485728985e-02
-1.197903813066187456e-02 -6.750710832819305229e-02 2.035664142844782754e-02
1.188128088239052971e-02 1.775631338879514031e-03 8.056223002846393810e-02
-1.618899921475985132e-02 -5.154608995306048796e-02 -4.133983230526694017e-03
4.204712443837143460e-03 -1.086346295689155916e-01 1.183471461774223028e-02
-1.096959187262051411e-01 -6.053287110907076135e-02 -8.219196928640026822e-02
4.733619133509343879e-02 -2.837912521545961075e-01 5.047017799337268074e-02
2.512377266246824115e-01 -4.921920274037356879e-01 -5.759747542277832144e-02
2.710983843640311919e-02 4.964534531032964715e-01 -4.932103583954645237e-02
2.923171346281341898e-01 -5.566155322195217581e-01 3.521686431471521966e-02
1.536612597041106254e-01 -6.301899342723599196e-01 3.412581483651560416e-02
1.222907280446001860e-01 -6.541449321943582085e-01 3.393429459515736463e-02
1.128561553269011031e-01 -1.131701332251251330e-01 -3.500948614570147943e-01
1.957675371888153160e-01 1.776454474822514451e-01 1.128360983674121659e-01
2.002870839615481235e-01 -2.530287117629601013e-02 -1.550476339698715102e-02
4.573632088057803108e-02 1.875989084062331391e-01 -1.252335173442258032e-01
9.958882009324929174e-02 7.111991063189182505e-02 -1.536206323982972355e-01
1.208368702282092005e-01 -1.452259694343344294e-02 6.878535881417023601e-02
7.789164936863367250e-02 2.870630815597069105e-02 -4.865371496652216854e-02
7.114299254621503366e-02 1.389040284428884608e-01 -1.937378026698113875e-02
-1.771755625877541596e-01 -9.040625228072475539e-02 7.259669805741135462e-02
-2.505725914624392092e-01 5.030438969899368729e-02 2.596504143035213708e-01
4.022037187667145547e-02 1.515551898283089283e-02 8.868044519752199539e-02
6.278552940232383361e-02 -2.054852468895567996e-01 -3.570997994462411090e-02
-2.189210750911210063e-02 2.089892130956901573e-01 -1.001494779796768403e-01
9.514984003776785076e-03 2.444007749345415981e-01 3.382370622519091392e-03
2.068834711362679130e-02 3.577250231039340311e-02 -1.851042141405475489e-02
-4.401228261393994035e-02 -3.550056978710759009e-02 2.219559389711624753e-01
-2.362164159375100547e-02 1.628130824482985906e-01 3.214137037269208103e-02
-7.582533760680006119e-02 1.160837643346828846e-01 7.898491126636829340e-02
4.581938574713685652e-02 1.679556019188377936e-01 -9.226301343726185655e-02
-1.511698119114294938e-03 -3.210869528700484310e-02 -1.125580388148734040e-01
-4.260804068905657549e-02 8.785605408227819754e-03 -1.999002486994443661e-01
-8.056520789841623009e-02 -1.607500588206993153e-01 1.238292777242124137e-01
-3.010197732439277851e-02 2.562322339113621283e-01 2.497454881839545893e-01
-1.221704964309834260e-02 9.934279256255854063e-03 -6.886397782870730400e-02
4.801867501641733649e-02 -1.922667135227325019e-01 1.706692122763388969e-02
1.136630785665091459e-01 -4.108266698933735750e-01 8.023800038532534484e-02
2.092813992977028137e-01 -3.652894553031512670e-01 -9.108457992999077421e-03
-2.546304075210087739e-02 4.606828425170438751e-02 2.260992472250728663e-02
-8.815985866049257103e-02 -4.977611944994457804e-01 -6.588272624909331798e-02
1.290858932632230616e-01 -3.615569525711060939e-01 3.525814321761985837e-02
9.590136307718460928e-03 -6.086004170341369202e-01 -9.009009413985850923e-02
-2.546304075210087739e-02 4.606828425170433894e-02 2.260992472250729010e-02
-2.546304075210086004e-02 4.606828425170423486e-02 2.260992472250729010e-02
9.273200451416122037e-02 4.987224044761083552e-02 1.337266933463313739e-03
1.221881009733511853e-01 -1.847289639219221874e-02 -1.229089105995838371e-02
-2.634804508762153552e-01 -3.858000577170572071e-02 7.217039130785946055e-02
-1.625585614042425464e-01 -6.764438831686293840e-02 1.621062316815567173e-01
5.687943967376783705e-02 -1.185920874975363859e-01 -8.967291586732553665e-02
-4.046303070388767437e-02 -2.273840302507390901e-02 -2.046304135738892804e-01
1.567707956005386094e-02 1.272115388402829395e-01 3.250618225132274053e-01
-1.652316339940609544e-02 -1.263619656252590318e-01 7.530390735427458515e-02
4.806410728581172326e-02 6.017298542560760299e-02 -3.191092857977235325e-02
-1.333143062546118529e-01 -6.908549356661479457e-02 -7.077063925424674495e-02
1.006087431449822489e-01 -3.958912971023986205e-01 -2.262637730087190824e-01
3.817320442533510966e-02 2.080945421559315112e-01 2.894717282308251205e-02
6.914029844062388741e-02 -5.064836485666093235e-01 -2.901545489212924989e-01
7.226327029188758799e-02 -2.372943825323972356e-01 -6.533045558932808194e-02
-6.882570863749522261e-02 -3.574031925824912026e-01 -1.970623366060868520e-01
1.337061128456020626e-02 -2.624646400893758114e-01 -7.802355606154309786e-02
1.168539055131937870e-01 -1.291150865675507083e-02 -2.591594619635489427e-01
1.671015378296954457e-01 2.732133347939880164e-01 1.539868913775696568e-01
1.608841658868786773e-01 1.650021991662150300e-01 -6.455186363489799628e-02
1.366273912188314260e-02 1.998322086931155761e-01 5.521004398909295716e-03
3.944762861118819575e-02 9.797060913105809510e-02 -2.804270391888985872e-02
-3.074546485683236560e-02 1.960872606864240072e-02 1.130128270135500636e-02
1.163176625514981827e-01 2.261603202816757710e-02 -5.951788410969988813e-02
1.349277581100495615e-01 2.820288904968117419e-02 -1.068120205083502444e-01
-4.349533370741429095e-02 1.643618868099548103e-01 2.265323534378480344e-02
1.917762960292350091e-02 -1.388796998703010488e-01 -7.881162075147915558e-02
8.609925920780873987e-02 -4.902297728680176520e-02 -4.138361978453233836e-02
-1.995876210252256130e-02 5.152669234038206696e-03 -1.473003136768984492e-02
1.745049295502856378e-03 -5.444189043146289986e-02 7.941141141076804577e-02
-9.098519081241387974e-02 3.589967921810819848e-03 -3.028404852318282783e-02
1.970987259206814779e-02 6.543211476652792402e-02 6.306257942688224365e-03
1.460669704182652462e-01 -3.483076165363754306e-01 5.006118531452215248e-02
8.206362877082201690e-02 -3.100698005287726433e-01 2.655414476577468066e-04
1.042458531341951961e-01 -3.346267811572517514e-01 -2.345404926066263496e-01
4.779688931155599840e-02 3.150763485655434515e-01 -3.979882983813926578e-01
7.918985298102400316e-02 3.936022076008522386e-01 -1.331562606252421344e-01
9.228221280395601522e-02 3.462466447350999177e-01 -1.393375963093239911e-01
1.332444414105305452e-01 9.031056158771033626e-02 -2.884468072841883668e-01
3.609249825097303466e-02 -9.607516890857746572e-02 -2.039268548796234204e-01
9.510258692579263984e-02 1.893010660298151682e-01 -1.883306666542486352e-01
1.093725221880671172e-01 5.225240248804546850e-02 -1.799784157154735720e-01
-2.546304075210083576e-02 4.606828425170427649e-02 2.260992472250728663e-02
5.801597314874722784e-04 1.313618888121652860e-02 3.159416773260394218e-02
-7.060581628973298940e-02 -1.842817470312890782e-01 -3.128665672255922028e-03
-1.589818601596584002e-01 -8.027531762740791610e-02 1.965868056232343911e-02
-1.647811531962874720e-01 -3.518495622655578442e-02 8.415210112385007601e-02
3.491070553399251708e-02 -2.834542429949182263e-01 -1.108876108193741356e-01
-3.031857146946541348e-02 -1.802554865010862206e-01 -5.141082980815729619e-02
-5.470418350991906181e-02 -1.062568029495757349e-01 2.068856611678723811e-02
-3.618228253480371831e-02 2.558659744522188140e-01 -2.121357296834401607e-02
-4.497282293350664262e-02 1.445626632154451696e-01 -2.105189826513161749e-02
-1.305683028016334018e-03 6.357182175340114760e-02 4.848380277304451674e-02
7.291528015101925164e-03 -5.439381853703297021e-02 1.919061085705702982e-02
-7.974937728046469984e-03 -4.355973390141067852e-02 -1.608304440124010970e-01
-1.785661312150054261e-02 -3.466409774039738018e-02 2.527104968779477628e-02
-4.776843559433505831e-02 3.218015056766746623e-02 -1.067819402295233991e-02
-6.724112164196711927e-02 3.914103782690644268e-02 2.097160774470487599e-01
-9.890597654636207325e-03 4.299077015107253402e-02 -1.105368812944693274e-01
-8.078313969993150545e-02 -1.914819847361635616e-03 1.044378679197494331e-01
3.539229298507551996e-02 -3.437456325956916164e-02 1.164128183202554623e-01
-1.296434099335320306e-02 -9.312351464385021371e-02 -9.056129546048995171e-02
-8.749772568912423526e-03 -1.389702632404161455e-02 1.861803916973927553e-01
-1.645549608387888441e-01 -1.965838537639554018e-01 -1.944860303276285396e-01
1.698845712870457880e-01 -2.329541916341736907e-01 -2.994253102495180729e-01
-1.267478706980939285e-01 -2.460129561768273077e-01 -1.731683763739354509e-01
1.081694637389196967e-01 -3.923529337491675206e-01 -1.424500848885898452e-01
1.643093173171902011e-01 -3.414868812593310210e-01 1.858011385044334718e-01
7.025166928125885224e-02 -3.437893855878747518e-01 1.339628163657408666e-01
4.201287611180466036e-02 4.840986803489678580e-01 -4.657205977213853543e-01
1.089623857563930681e-01 2.526493660928992857e-01 1.932735625419281233e-01
7.946009099123597930e-02 6.915088258187994386e-02 2.840240961423859400e-02
8.852487099100941892e-02 1.218869914215594819e-01 7.716352397934880814e-02
9.606776400973335295e-02 9.616336465177148518e-02 4.326663846852817769e-02
1.733598697851706782e-01 1.382477173980105611e-01 -1.798841813300769976e-01
1.109151495607096222e-01 1.534671396797791521e-01 -9.320558726414190573e-03
5.654359595546656209e-02 1.338178752684005685e-02 -3.796146686593249858e-02
-1.257419155972434345e-02 5.983113458028809645e-02 1.337062606545593724e-01
-3.648530954063485422e-03 3.138572429369259481e-02 -3.531539654281190543e-02
-6.590495531663605189e-02 -8.708517103804240544e-02 -5.014335752563139209e-02
6.221585378585895582e-02 -4.537042322209133144e-02 5.690591753900010180e-02
2.365299712243503286e-02 1.218308307411331837e-01 -2.591712944858316423e-02
2.904528121058187751e-02 -1.563956691699240342e-01 1.945413320606291796e-01
-1.410672923700356102e-02 -7.684086989664418166e-02 -1.193049551216241039e-01
-1.507518554839679635e-02 -2.353354142431556828e-01 -3.272636166446408756e-01
1.174734509610477345e-01 -3.539981716943912948e-01 -1.347110043897078169e-01
1.682147160278388842e-01 -1.671365562225561874e-01 1.251933491696819167e-01
6.596785172368262173e-02 -2.046100430236714174e-01 -1.018655389214701418e-01
-6.085234798205602438e-03 -3.885756090888492498e-01 -2.843403476988371273e-02
1.197113155511421861e-01 4.625414408693826473e-01 -1.576797466236341538e-01
1.147181902936592196e-01 1.624456080266643843e-01 6.569242311564531256e-02
7.331580193952492996e-02 2.808193628431126729e-02 -1.912616744488340181e-01
-9.492783908071220078e-03 4.810826883712845947e-02 1.416190930447158366e-02
-1.242991566087438271e-02 -1.502505102481669907e-01 -1.179658186374389350e-01
2.566673776103613018e-03 -1.765245169515762894e-02 1.102790650484047619e-01
2.837872274600268269e-03 6.877706638751651669e-02 1.381545744027686262e-01
1.770373859091251695e-02 1.815171057799531279e-02 1.607896308061087520e-01
6.047083076945072681e-03 -1.743310134593835381e-01 -4.696252813520801483e-02
1.457550637562123920e-02 -3.909688706572235772e-01 -1.596228080060599908e-01
1.222401200792005149e-01 -9.521547961163184803e-02 3.426113337470528680e-02
1.385182649226327119e-02 -4.036192075503457488e-01 3.266630486790930883e-03
8.230086943625321283e-02 2.375909673781224640e-01 -3.800123603442280285e-01
1.216222565621354751e-01 2.735604657270847007e-01 -1.210522703022272328e-01
1.445972059560605635e-02 6.693801231178803102e-02 -2.199947209742011689e-01
8.840366913414708649e-02 1.958285454097642986e-01 4.282562053814435721e-02
-1.150721015603044933e-02 1.311417960075924871e-01 -1.222019618544370467e-01
1.290841561155101624e-01 1.279359071126268677e-01 -6.964309924881242897e-02
9.642360484758445704e-02 2.984645419459805785e-02 -2.065902311612385217e-02
-4.281172820412053326e-02 1.525354907620943001e-01 -1.663810399304365140e-01
1.323591674222853701e-04 9.021185371005387144e-02 1.837854829894168193e-02
9.556789850436300587e-04 -9.018590791631816983e-02 -1.260481211933334178e-01
-2.711987663765547465e-02 5.209778533908164186e-03 -8.043214438218763973e-02
2.207182763122088331e-03 1.406123108212967154e-01 -9.081643945633424697e-02
1.206276423041398619e-03 1.168889551143751648e-01 -8.818643589322829046e-02
7.994255280317577594e-02 -6.493016392324383809e-03 1.682452407202444378e-01
4.381130832321154106e-02 -7.878124485636435470e-02 2.992980148310628863e-01
3.267737655937753144e-02 -1.663038913839908761e-01 -6.677349101849118507e-02
2.882599011704925843e-02 -2.388172632803869377e-01 -8.384984016335580992e-02
-8.514598750598952742e-03 -1.122586598036929145e-01 -1.428243354262060394e-01
-6.165436667426117678e-02 1.348421557689759125e-02 -7.114363189486662409e-02
3.924741145447909613e-02 2.552392551994654979e-01 -4.464104876307194991e-01
2.148734793163011372e-02 2.511163524571358163e-01 -3.749496989497042576e-01
3.808383250013198940e-02 4.377735884693154111e-02 -2.197480027534257085e-01
1.339841605283301762e-01 3.048573782754932654e-02 -1.263890815754344921e-01
1.244996142035838943e-01 6.918111443757045398e-02 -8.962892635333620517e-02
1.033919897912795316e-01 7.438679399640428513e-02 -1.403420749314417959e-01
1.727385748437638979e-01 4.499647318572372878e-01 1.822010423785439259e-01
2.707923835115818093e-02 -4.448750177617061263e-02 -1.263530886603791425e-01
8.786190574192150049e-02 4.088172786497158706e-02 -9.945654175617653359e-02
1.263878121528110854e-01 5.407750554249529662e-02 3.823923277403020273e-04
8.378774115104552223e-02 6.046452565095206122e-02 1.531407284335810914e-01
-5.980415749804934150e-02 1.271858555987997741e-01 2.115083693375979790e-02
-9.154136861344504272e-02 1.408720567391847506e-02 -4.542832948355667033e-02
-7.657815753060161212e-02 -1.769679056013980512e-01 1.104433085396224340e-01
-5.051820071685921704e-02 -2.956614842763075623e-01 -1.912307560161245756e-02
-1.614528478838730269e-02 -2.728092086597514454e-01 -1.879042095852118677e-01
5.544513424678130381e-02 1.063918715501519924e-01 -9.574435967013365800e-02
1.666340375057651646e-01 3.965180168915043435e-01 5.453712303998532046e-02
-1.615705081366116541e-02 2.084997958253651251e-01 -2.199677047476013281e-02
8.884211495953799054e-02 2.131438966078984809e-01 -7.488060370572659219e-02
7.670408319987380430e-02 1.021367857300629484e-01 3.325804042992550752e-02
1.170747156967026359e-01 1.674979884077809900e-01 7.858473747956981614e-02
-5.935306403264076908e-02 2.012686011728148372e-01 -5.153676051647842343e-02
1.876903256477097104e-02 2.362968159128323586e-01 -1.122658039048167744e-01
8.326908516527481430e-02 1.096166233264466022e-01 -1.374375274505808785e-02
9.950680726878229077e-02 -2.521565596542070242e-01 -6.296183757702351891e-02
6.652959165908740868e-02 2.785890202642825053e-01 -2.273056104722429860e-01
8.648861216497474858e-02 2.971223998880884176e-01 -2.100354710773922468e-02
4.915442622656712029e-02 9.632997267906007188e-02 -7.998362267735248388e-02
9.755651163315358365e-02 1.215934884860607190e-01 4.844904828418163112e-02
-1.997252072060883010e-02 8.203480722338193920e-02 -7.042892721799184907e-03
1.525855394491402832e-02 -5.678690016937876228e-02 7.501603665599095028e-02
9.023279004929035674e-02 2.092587192480878100e-01 -1.556980486208064951e-01
2.559201483773987026e-02 3.073813975546617616e-01 9.021455763613739354e-02
-6.433947251544637307e-03 2.281349228073038526e-01 -1.903746412669263255e-02
8.332647707055054753e-02 1.523828031780803671e-01 -2.337877305800312167e-02
-3.308571206578015539e-02 1.065338982286468394e-01 -5.718822794192395670e-02
6.781086099315691840e-02 3.540562010466586362e-01 -2.366792322400545767e-01
1.012443295954053718e-01 2.524021516330222092e-01 -2.461409292420418393e-01
1.376583509037732356e-01 3.170231356303000458e-01 -6.728211033053138612e-02
1.463043748130067878e-01 2.457981744799512813e-01 4.520006491387535547e-02
-2.546304075210083576e-02 4.606828425170424873e-02 2.260992472250732827e-02
6.304704099108054960e-02 1.172845073925649767e-01 -1.130659458585959037e-01
9.905948911245662791e-02 6.233843480368971707e-02 8.709181525004766958e-03
2.397265076902766606e-02 9.944136385079495322e-02 6.489694771606886736e-03
-1.162670705553131741e-02 1.371593331459420861e-01 -5.190515387465973298e-04
-5.305247194848514147e-02 1.610233882707985328e-02 -3.791385071836034237e-02
-8.104070155263015662e-02 -2.079664994101940723e-01 -3.785242589798684110e-01
1.266548886036044097e-01 3.706379177678020831e-01 4.853600107777247818e-02
1.286058671271434473e-01 2.221931700612942984e-01 1.290502479730985252e-01
1.845625271001135881e-01 2.248755220814060429e-01 4.687427345783949650e-02
6.461193450721436360e-02 7.638284031075791292e-02 -2.224191224697523450e-02
-1.459211599408674620e-02 6.487987193994515511e-02 2.754657836676055460e-02
9.323112586342217900e-02 -9.778026863106795141e-02 -9.685279182546907562e-02
7.341376902687869743e-02 -2.156756271492255295e-01 -1.333414154608605628e-01
5.568212240036037042e-02 2.191695054603675086e-01 1.205654960613786880e-02
4.902473886600229938e-03 1.438538449094528271e-01 -4.260234844582093394e-02
2.006680426554485579e-03 2.289736517157263673e-01 -7.581930168167785866e-02
-1.844807012548205574e-02 -9.822144834764033605e-02 -9.391000173843314092e-02
6.697577461716495983e-02 1.646134380700613187e-01 7.429412902090445914e-02
