-4.646002755673791285e+00 3.972245669203450902e+00 2.364204932535459047e+00
4.143354439803236922e+00 3.911119339353444246e+00 1.583639938000109160e+00
-5.015426012627225205e+00 -3.692548984951387503e+00 1.045952118184634072e+00
3.123581119839239140e+00 -5.436643178378748331e+00 8.992471777236217267e-01
-1.659645762556030579e+00 -2.001674876001398928e+00 6.888459010561369666e+00
6.540634601638259937e-01 2.733048975104557243e+00 5.173976840307568104e+00
2.385170990143492542e-01 -2.935048201831598647e+00 -7.847420691865020892e+00
1.432056495855485778e+00 3.124915602194639153e+00 -7.457740936693585176e+00
4.619638850145189934e+00 -2.391047867945167160e-01 -5.566690947496173436e+00
3.939534739383429240e+00 1.733991987092577292e+00 5.386479874739301899e+00
-5.963419436101243143e+00 -1.425048734888328950e+00 -3.736218571296061608e+00
-4.253566998913124841e+00 1.781232760780667723e-01 4.993749030098091346e+00
-3.481757261326642872e-01 4.795733292179647833e+00 5.989096502271386985e-02
-4.814779524002145428e-02 -5.283277423872838163e+00 1.561125964371175234e+00
-2.469944820418982889e+00 -3.693568642534701851e+00 4.067865213636976840e+00
1.377964280396257957e+00 -4.694725055654537904e+00 4.128742624120965488e+00
-2.614969758422855506e+00 3.441661457691148840e+00 4.068541277009217971e+00
3.171060932002489618e+00 2.582579128456217177e+00 4.836073471605069507e+00
-9.526335186473708916e-01 -2.643925029400924775e-01 6.452504712146007293e+00
-1.320347276363635247e+00 -4.454254151293402408e+00 -4.363712279917933756e+00
1.654658226241067176e+00 -4.332554099561133576e+00 -4.915782723084636707e+00
-1.179526380774821748e+00 4.558967982726473522e+00 -3.543009293059214748e+00
2.207440234213481567e+00 3.887926677995425795e+00 -4.943228253316246601e+00
2.438018584204011685e-01 -2.180031460914320374e-01 -8.194699182402494841e+00
4.466980320190245379e+00 2.782371271892002618e+00 -1.906603260231457320e+00
5.001906394569222591e+00 -2.856146532881885136e+00 -2.354378143334117546e+00
3.131578663227682302e+00 -1.252154538169990561e+00 -7.325850903525883417e+00
3.262334568328152162e+00 1.756404246942672609e+00 -6.789604363759915273e+00
3.988901979438697065e+00 3.121100733931952753e+00 3.824698845562608973e+00
4.491648911874839278e+00 -2.965752861596234080e+00 2.927100311198879368e+00
2.530488636338995789e+00 -1.493108929774066063e+00 5.818160350953250237e+00
3.017033516611427491e+00 3.192054232641929001e+00 5.033749464303419074e+00
5.490404052477471097e+00 -2.189139366243415263e-01 -3.609118069524799854e-01
-4.946129563930648843e+00 2.134907378900606556e+00 -1.565101094541887949e+00
-5.801899810734629348e+00 -2.333426229911379046e+00 -1.252682526861351064e+00
-3.398460280190797267e+00 -2.795463121395322936e+00 -6.613024051715031604e+00
-2.873989448745473574e+00 1.426155593961924151e+00 -7.025886379736470566e+00
-3.848000289598163537e+00 3.257403580971492296e+00 3.392103050287908150e+00
-4.916743671106133640e+00 -2.892703007168631935e+00 2.015030960770152202e+00
-1.985584709062273578e+00 -1.477729109140488939e+00 6.759530320771563794e+00
-2.801133693761449273e+00 1.579197939503023562e+00 6.620548808762677595e+00
-5.676674431646533847e+00 -7.293554340321359852e-01 -3.265324436845552791e-02
-2.389617957787671276e+00 4.737972382857228659e+00 9.841032770679651875e-01
1.721924234234953000e+00 4.321519024264532938e+00 5.694664685548994632e-01
-2.325539416752724353e+00 -4.928201098114907808e+00 4.352598517553116220e-01
1.902905879457736704e+00 -5.489544643866719476e+00 7.181282966123424538e-01
-3.441869998916912810e+00 -4.225930521450758981e+00 1.999964940880263109e+00
-1.128348674336129731e+00 -3.264699715524547408e+00 5.657469046141169855e+00
-2.012106149489754081e+00 -4.612889311815323801e+00 2.687141586454468101e+00
2.801798567518807737e+00 -5.275909893698090158e+00 2.207909787616587849e+00
2.210397390978551257e-01 -3.324337975829156466e+00 5.930166345344404455e+00
1.427889456253648381e+00 -4.957981684539026546e+00 2.715015560936218542e+00
-5.741240436560142157e-01 -4.365588908001512891e+00 4.339903655315286102e+00
-3.625474570503570249e+00 4.108107298824215547e+00 2.047246576716484689e+00
-9.552348186596936186e-01 2.898306036237030980e+00 5.418721559646397345e+00
-1.594976193763082861e+00 4.111921143151229252e+00 2.240336622511018394e+00
3.432186291403940714e+00 3.499818093478129999e+00 2.661817327289164758e+00
3.593734911551095035e+00 2.726197902287976760e+00 5.438053787298455788e+00
1.528374143670744312e+00 3.726110789962377545e+00 3.083701356202260158e+00
2.367126498798336615e-02 3.531761868724486053e+00 4.517383960394863784e+00
-1.350870882215011726e+00 -1.246630332918705841e+00 6.792930484313049355e+00
3.368133271604243587e-03 8.962016455926661296e-01 6.269959147644523334e+00
-3.058211551428427377e+00 -4.223510441347171351e+00 -2.266195351551198112e+00
-8.140814082505555271e-01 -3.797845268314494760e+00 -6.550845328353714692e+00
-1.131305960148771828e+00 -5.042774052218407910e+00 -1.463324679281810425e+00
2.582882240624095882e+00 -4.967277229002278638e+00 -2.011828018733456069e+00
7.019643534321280409e-01 -3.923751263380230725e+00 -6.406801311893803863e+00
9.595033468155619305e-01 -5.345588841009691450e+00 -1.845121333379101891e+00
4.184206351271267388e-01 -5.006921048686832521e+00 -4.109148962997712040e+00
-2.627180968388568516e+00 4.883690199391297782e+00 -7.328387093831825183e-01
-4.240059675594491928e-01 3.670856315127331460e+00 -6.051898258786273743e+00
-1.838137446902238681e+00 4.941408964101693613e+00 -1.555448881482924817e+00
3.273408923047548935e+00 4.002501611660150616e+00 -1.884835149093767592e+00
1.030169192989766058e+00 3.658079514972127022e+00 -6.755201958832965481e+00
1.747108464393977378e+00 4.364802803831070221e+00 -1.933614589140367102e+00
4.125021284787934728e-01 4.459112827805705948e+00 -3.757647149510895179e+00
4.056419799199598858e-02 -1.402033251941710912e+00 -8.273486866704637066e+00
9.763654140517153968e-01 1.913905194057319292e+00 -7.868742937868920428e+00
3.728169771967444035e+00 3.916573345299970477e+00 -9.133766014094960584e-01
5.117123192649608576e+00 1.372866731233468585e+00 -3.524284436911341967e+00
3.434688359837764438e+00 3.200747217809215783e+00 -3.897543910830124858e+00
3.866731344117840141e+00 -4.533906882631026924e+00 -1.116900634592031594e+00
5.018606834268269701e+00 -1.594610796858777046e+00 -4.216830632297233983e+00
3.455406563587138713e+00 -3.572994518856039026e+00 -3.905305644816444488e+00
1.421124414049906415e+00 -2.452173889268756568e+00 -7.922858244556885587e+00
4.425702324838224122e+00 -2.351110720049360558e-01 -6.719322700518196356e+00
2.402087139598321208e+00 -3.177615128908125364e+00 -6.468961191113641540e+00
1.604894267179467704e+00 -1.147895000106968988e+00 -8.173963259105510915e+00
4.229409139320346789e+00 -2.288981123970282638e+00 -5.380098348218652404e+00
2.523575494170866573e+00 2.557549600975834725e+00 -7.323667506891523793e+00
4.420862690616194079e+00 5.887774102229837991e-01 -6.190634034024018462e+00
2.617483739606306425e+00 3.278934938461298021e+00 -6.098041707927815303e+00
1.825433390538522715e+00 1.074858204751793167e+00 -7.958988871747364691e+00
4.198316655111607787e+00 1.793105623172591478e+00 -4.974216904867515332e+00
2.902582294692928500e+00 -1.097517812958348840e-02 -7.343228713297039079e+00
3.742539177385854732e+00 3.677495551640701077e+00 2.572049817625146506e+00
3.783817177855411718e+00 2.539438516647318789e+00 5.435972978842014136e+00
3.058412702449765153e+00 2.774081681587798887e+00 4.743959727058082443e+00
4.401268391601361962e+00 2.962047249094302614e+00 8.457493321816271781e-01
3.714398100457521057e+00 -4.407453646668689551e+00 1.914703622308011832e+00
4.532894215224006373e+00 -7.369261793370497360e-01 4.004085606400472841e+00
3.393602953554256008e+00 -4.118851105626728071e+00 3.209782334042004415e+00
4.247388641410317689e+00 -3.778605359254537444e+00 4.184468862292188285e-01
7.675646296094047472e-01 -1.972425236153725558e+00 6.285090315398549343e+00
3.389374421173527274e+00 -1.017531684866988112e-01 5.761670943189127314e+00
2.268721825579306461e+00 -3.447876565548018135e+00 5.054830989441547295e+00
1.115625633840621633e+00 -6.170399896660447858e-01 6.333612812618031107e+00
3.820898711921798530e+00 -1.623568827301860473e+00 5.093968973434569669e+00
2.240668604583706980e+00 2.599398787051780957e+00 5.434282820069394226e+00
4.080287576587775966e+00 2.199901428692349281e+00 5.007208339476799885e+00
8.569283768705302506e-01 3.590531532920501867e+00 6.291943775953680706e+00
1.656179873546471226e+00 9.859563430012511231e-01 5.861882280808146106e+00
5.134844483398146586e+00 -1.247269584270531834e-01 5.559505711304105091e+00
2.985981515197662528e+00 1.222510934411198846e+00 5.666293187802507347e+00
5.131035647744058181e+00 -2.311777965866086415e-01 -3.396965447502764412e+00
4.958646303950780876e+00 5.244864547793857135e-01 2.757152354611047240e+00
5.156543532033198929e+00 1.062817861222430160e+00 -5.948716842413133143e-01
5.252653213446932590e+00 -1.438236553053571010e+00 -1.264265530510319868e+00
4.699804008396557542e+00 2.124094527732151683e+00 2.118024704656925383e+00
5.026412680925926857e+00 -1.688369853695415479e+00 1.551683490462348436e+00
-3.774025552094883551e+00 3.920366287800825855e+00 -3.474874653014886072e-01
-5.397170057677983301e+00 3.930157482415465586e-01 -3.433565388202214574e+00
-3.201472596993911068e+00 3.396920348032619774e+00 -3.134082674704087967e+00
-4.659290411440629498e+00 -3.698762440464812062e+00 -5.234818171594022296e-01
-5.884697489236478951e+00 -1.796486237589961732e+00 -3.874153042673903702e+00
-4.174870890333230555e+00 -3.261319807449242436e+00 -3.207364060989255972e+00
-1.478892005551293742e+00 -2.887442055380434081e+00 -7.502101576749081069e+00
-4.175862911804351540e+00 -1.370084717211962122e+00 -6.203698593633507841e+00
-2.903188732639695235e+00 -3.544668915437101830e+00 -5.482425767687367113e+00
-1.991398764269045607e+00 -1.750694877853462339e+00 -7.610871658087121183e+00
-4.861396635371914243e+00 -2.275879483803412207e+00 -4.369304454732790610e+00
-6.083152582461521796e-01 2.301193054380142655e+00 -7.443379941423415858e+00
-4.441198009768565491e+00 -1.348539065998393405e-01 -6.032109233627370948e+00
-2.193054775098890019e+00 2.890601805123287349e+00 -5.825853188488676615e+00
-1.355511810715723797e+00 5.544313711121543475e-01 -7.936113395795680425e+00
-4.364472179055829848e+00 1.727995596235326836e+00 -4.693981786584791038e+00
-2.918350535876102825e+00 -4.617056711198152530e-01 -7.347195304920743020e+00
-2.858884654607537712e+00 5.425454341527037982e+00 1.273411621397320337e+00
-4.163348613714391355e+00 1.614121281744380410e+00 4.524113033647923388e+00
-3.463883388430225363e+00 3.283081909817366473e+00 3.721410205159148887e+00
-4.130542427390841098e+00 3.087021667712232187e+00 1.152273201530211733e+00
-4.319008524773928492e+00 -4.281109443594904640e+00 1.176108304143255845e+00
-4.484571421273778391e+00 -1.205440032082101043e+00 3.741073700772826971e+00
-3.686987802816766191e+00 -3.277986936802074869e+00 3.486738285081060873e+00
-4.148438494518177144e+00 -5.098888865823563599e+00 1.027208080650875210e+00
-1.669892778632766417e+00 -1.379177486473642356e+00 7.164394535624216687e+00
-3.336850068173395911e+00 -5.804695276997673403e-01 6.339757080291025915e+00
-2.187357804705754472e+00 -2.696863598633907788e+00 5.886220460316818226e+00
-1.149184390888643437e+00 -1.488846840949008765e+00 7.017604127083665766e+00
-3.674593636750964620e+00 -1.854719657842948122e+00 4.810478452430330343e+00
-1.067612524856516698e+00 1.711015637979602877e+00 6.145088997546031884e+00
-3.131386945266552591e+00 4.944768618823274786e-01 6.376381016624662834e+00
-2.539496906370227958e+00 2.285091195945228915e+00 5.779859104501896994e+00
-2.013404112258709411e+00 4.008790396033413694e-01 6.515408232699501312e+00
-3.732809030602092903e+00 1.244622217376329720e+00 5.854130878287910456e+00
-2.405713119460401117e+00 -1.316044530137258362e-01 6.539579322990093146e+00
-6.000730209805495541e+00 -9.057105630276488517e-01 -2.398384991536488542e+00
-4.939417477641352860e+00 -9.048348929593881262e-01 2.362971682410783369e+00
-5.476849505178506661e+00 4.415676763507772606e-01 -9.454001097233207807e-01
-5.783470864652665355e+00 -1.999243583500781574e+00 -1.408493758983616395e+00
-4.997792540369806247e+00 1.125891933946450152e+00 2.118872961546068190e+00
-5.216152506323923355e+00 -2.360423027310647015e+00 4.607726879947465770e-01
-4.278067016320697746e+00 4.318604151686625592e+00 9.953243608182129609e-01
-1.128901515478313078e+00 4.544429275723041783e+00 5.277124511803352735e-01
2.936439867324855513e+00 4.060360307138311420e+00 8.724403063880866727e-01
4.639300924164340700e-01 4.538779748029310390e+00 3.654064768893116044e-01
-3.938839488827206914e+00 -4.201499187439731386e+00 3.336665852952402228e-02
-8.160095702802907525e-01 -4.958911736829201722e+00 5.569550604718489506e-01
2.619711673310213484e+00 -5.523974041064199092e+00 6.857713693175129244e-01
1.079939823627758200e+00 -5.491660287769035698e+00 6.906500678720909336e-01
-4.291582977628289441e+00 -4.050577433902663671e+00 1.275087031654236647e+00
-2.735717856795524483e+00 -4.315798198042339884e+00 2.628536081286865222e+00
-3.177741888972283490e+00 -4.341266095266626657e+00 1.111092605414683687e+00
-1.470792423222814893e+00 -2.347516140275728080e+00 6.603865710962677049e+00
-1.303983100533260275e+00 -3.815058982304068369e+00 4.797931190993968364e+00
-1.388491523239917758e+00 -4.821568375609309953e+00 1.852443497618994295e+00
-2.300079568914811912e+00 -4.274922547060945988e+00 3.393446352147357459e+00
-2.181198715609256489e+00 -4.818305321251956208e+00 1.120376373650879831e+00
-2.587539059675036501e+00 -4.549404003514778694e+00 1.948528523640651766e+00
2.737886700718603183e+00 -5.662418581826384134e+00 1.405068336329498679e+00
2.455166083232010799e+00 -4.711827801910111191e+00 3.105268832947183810e+00
2.914089490925346304e+00 -5.236219541623007956e+00 1.583721061436492272e+00
-4.295830775894616260e-01 -2.520891939818660887e+00 6.313999374677488952e+00
8.297171157872216263e-01 -3.967876804161992066e+00 5.134119931505230383e+00
-5.954135801551945217e-01 -2.993351672313183442e+00 5.956697455514541772e+00
1.000717570327234851e+00 -5.238751113849969165e+00 1.792538446684199371e+00
2.198954705998303005e+00 -4.766457078492967625e+00 2.901025832183553366e+00
1.923477787103085701e+00 -5.471389065102247429e+00 1.435848594542255663e+00
-1.896018141830890236e-01 -5.179973844781791570e+00 2.323197361107979919e+00
2.081529196258602887e+00 -5.453741391075510592e+00 2.124177697543000676e+00
-1.289134208698293982e+00 -4.143854903911661225e+00 4.239782220036434346e+00
4.009334336979692992e-01 -4.371673652158484025e+00 4.290822128868445162e+00
-5.498326990204185361e-01 -3.725667618028544403e+00 5.298191027178637214e+00
-5.749103164592649362e-01 -4.802488411136215163e+00 3.331596531467425848e+00
3.004187421223271093e-01 -3.932843344271174324e+00 5.021939561003308405e+00
5.718441838255092780e-01 -4.886803517832221999e+00 3.347990635856147534e+00
-4.424558754698106000e+00 4.161071271351265644e+00 1.804087282783689572e+00
-2.473192451774067990e+00 4.121615284824025949e+00 2.847406207196506056e+00
-3.565204404591981291e+00 4.389039994947190770e+00 1.028108857887821248e+00
6.720796128228295405e-03 3.062070755421373747e+00 5.473424671106981165e+00
-1.600001062104727145e+00 3.217293437822263513e+00 4.858240590131676306e+00
-6.152866940669371454e-01 4.356564846910190525e+00 1.247195303108606268e+00
-1.964164138295824591e+00 3.858414972767012951e+00 3.320291721527941498e+00
-2.097232743458329107e+00 4.438044228675797953e+00 1.505366947464692684e+00
-2.604559549687918363e+00 4.057659644513991637e+00 2.233484373828312108e+00
3.883987854920277982e+00 3.772767024243995237e+00 1.952818448566112197e+00
2.883532723474861115e+00 3.472214958532533924e+00 3.242908787525506487e+00
2.476963827624093728e+00 3.768802549634698185e+00 1.934328001685358789e+00
1.927055169484564123e+00 2.903394319761124720e+00 5.328641272901966097e+00
2.606113857677017975e+00 2.986808406237081215e+00 5.030599978021193408e+00
1.428461443128052455e+00 2.976386254481302895e+00 5.180972566583369243e+00
7.197633883816929590e-01 4.373077625339523600e+00 1.555890077269257210e+00
2.593893173239962380e+00 3.205034822069948053e+00 4.080267450100693694e+00
1.540384880572203796e+00 4.107952328986473667e+00 1.256821612693765688e+00
-1.093929143965421957e-01 4.247683871370368180e+00 2.587791891487137175e+00
2.375864186140091761e+00 3.884276417616419508e+00 2.683188218517964074e+00
-1.231069303176867580e+00 3.811992754463373601e+00 4.282816540653155535e+00
1.646300066273483909e+00 3.623392707782315814e+00 4.270785837043653110e+00
-7.411010075190560542e-02 3.156877794918078628e+00 5.213711016015931676e+00
-5.275294064851673292e-01 3.865560151890076401e+00 3.417113162890373701e+00
1.584350515081616839e+00 3.176585520435470045e+00 4.964708499722783941e+00
8.353181876203076284e-01 3.629951090218401344e+00 3.459654584648168107e+00
-1.666274416861563301e+00 -1.580011257421892079e+00 6.964448355487240505e+00
-1.064966926585448448e+00 -8.585396564604520497e-01 6.677336613528001230e+00
5.383671339820453872e-01 1.946748778168898353e+00 5.907391524160329865e+00
-8.101123230074824821e-01 3.359955342532608413e-01 6.431020992114761192e+00
-3.923930882035356227e+00 -4.172711980607205717e+00 -2.695500149284600355e-01
-2.268866871648149708e+00 -4.264514855818008598e+00 -3.655849230594451438e+00
-2.713875629566219860e+00 -4.473125703326468638e+00 -8.149380463380270223e-01
-4.198692162643352307e-03 -3.535809549096980753e+00 -7.361344436947783620e+00
-1.140605486516760525e+00 -4.357919775452783639e+00 -5.703310188375438017e+00
-3.301518839135533234e-01 -5.288801906878239478e+00 -7.310734120706555705e-01
-1.302345439325285792e+00 -4.766854767104984347e+00 -2.915007032521606867e+00
-1.603993091235618174e+00 -4.900081526731741910e+00 -1.647323421917530339e-01
-2.281310921147609250e+00 -4.604818020722642125e+00 -1.696009304313077504e+00
2.888345480493702322e+00 -5.281479875506676969e+00 -8.689769393777876383e-01
2.460421032508746997e+00 -4.756317199088806014e+00 -3.320636427082691355e+00
2.432728346622735405e+00 -5.519913705329133613e+00 -3.315515280807122545e-01
6.843364973527461537e-01 -3.131479665847617611e+00 -7.348089042683334071e+00
1.087721034296584843e+00 -4.088592666180796087e+00 -6.057182896574927256e+00
1.054798263886477100e-02 -4.073066908200333458e+00 -6.712966920878899124e+00
3.753747701878307197e-01 -5.474026169541316378e+00 -1.314222052376674832e-01
1.759610845353421604e+00 -4.966527340904330678e+00 -3.039256686003000585e+00
1.348296788523079881e+00 -5.474117124280361679e+00 -5.863127452525191963e-01
4.658889138538568897e-01 -4.950691190694879396e+00 -2.171085624221488874e+00
2.013221415598588138e+00 -5.415848495571674803e+00 -1.574646756584253238e+00
-6.967460088299666232e-01 -4.874232293672290162e+00 -4.349917839608435699e+00
1.455219348281079794e+00 -4.342738231448933561e+00 -5.194171993635482210e+00
-5.463287685465944010e-01 -4.714105545914476281e+00 -5.213591561090176185e+00
-1.326278816096928270e-01 -4.940569416489112520e+00 -3.080083227188451289e+00
5.595857124674051553e-02 -4.802339310093290514e+00 -5.358788353201630272e+00
1.251214667652958523e+00 -4.791995342693355475e+00 -3.492803281599298426e+00
-3.117144962564886157e+00 4.675597200791802521e+00 1.483867863959278666e-01
-2.639773721631658354e+00 4.442975051549270304e+00 -1.988574820641481278e+00
-2.691728788315226328e+00 4.710601151537107789e+00 1.030885525462252650e+00
2.493661921075589483e-01 3.353084356841457225e+00 -7.113913395246187932e+00
-1.109587147034838850e+00 4.067936196185892861e+00 -4.579041572862942111e+00
-5.608044299014588452e-01 4.626345688252336608e+00 -9.946231715791521433e-01
-2.192609170891633319e+00 4.800933961867229094e+00 -2.107181559817250083e+00
-1.441509520335236827e+00 4.820716365180928165e+00 2.823780808225337391e-01
-2.298236355590769886e+00 5.168333469501158461e+00 -2.754975679908180930e-01
3.511784824503810576e+00 4.180082582573061423e+00 1.982034980448881267e-01
2.439095524230924461e+00 4.192616110286124353e+00 -3.404210045974862098e+00
2.821393895753237846e+00 4.169023945880048210e+00 -4.683643771693578040e-01
1.817474574491416250e+00 3.352378686203291824e+00 -7.416482372176925075e+00
1.295415840970638888e+00 3.932151381382093192e+00 -5.779494426878079238e+00
7.134413583947851745e-01 3.358988019188572594e+00 -6.632268579453584501e+00
7.091545242513731528e-01 4.535149587422545814e+00 -1.283289383893992497e+00
1.786045166554667274e+00 4.180345382999042236e+00 -3.503218647452728707e+00
2.003728810591924869e+00 4.415820076383728754e+00 -7.418514550908605898e-01
-2.623113124917694217e-01 4.442406780297496027e+00 -2.062520661316041171e+00
2.695835563015990477e+00 4.377843094390144074e+00 -1.904927375929210687e+00
-6.974955360232404367e-01 4.565834596523613342e+00 -4.047405846481471059e+00
1.341540953219275911e+00 4.349969270572228375e+00 -4.664982253575556292e+00
-2.776999464869745471e-01 4.156838997825258453e+00 -5.214189359187612283e+00
-9.687592940250905338e-01 4.706211069885879006e+00 -2.749559207613977208e+00
5.983949053272746843e-01 4.099408321931026222e+00 -5.150423806371380309e+00
7.152966430938167974e-01 4.550046269820537503e+00 -2.943296925786038187e+00
2.391885213927701093e-01 -2.231795106532380668e+00 -8.333977375484737493e+00
1.428392890389661336e-02 -8.476546573056076284e-01 -8.262381916091980472e+00
1.528463197997848244e+00 2.764089967019020211e+00 -7.534090564804414747e+00
5.497402700137078435e-01 6.552792758921041072e-01 -8.026854396529845559e+00
3.937314504567126061e+00 3.807096662292271727e+00 8.862001755061585939e-01
4.101826231979023518e+00 3.406941553259542843e+00 -1.651180334322978283e+00
3.305211636565287936e+00 3.879787950945304154e+00 -9.403802317064008376e-01
4.796020657088441830e+00 4.938153295982728452e-01 -4.622460244177856836e+00
4.861209433220788689e+00 2.296623078808051055e+00 -2.423507637187705566e+00
2.472507604494371236e+00 3.770166887438012981e+00 -4.990833227432067254e+00
4.045913229146716361e+00 3.067141651073017616e+00 -2.923039684734958676e+00
2.751760529651448905e+00 3.918803276694809767e+00 -3.473996184695057998e+00
3.149756975064610831e+00 3.724244479324739121e+00 -2.525363140136704043e+00
3.071358331661453889e+00 -5.284103076921711661e+00 -3.093045417368907035e-01
4.431878031556466979e+00 -3.436259114220400868e+00 -1.918187498220293108e+00
3.601616889318805637e+00 -4.534017022206565883e+00 -1.918587514443414355e+00
4.752055352278084399e+00 -5.764766732106245684e-01 -5.128254667453574278e+00
4.905032293552091360e+00 -2.053859478276221839e+00 -3.479889128700907275e+00
2.550578509242577230e+00 -4.124692466943535862e+00 -4.247861760903726136e+00
4.329151716656490123e+00 -2.954147854078238655e+00 -3.500450036285969624e+00
3.207620045056476688e+00 -4.304026431568519051e+00 -3.419144848614434018e+00
3.874612233218322377e+00 -3.777569159608207272e+00 -2.648657060241256467e+00
9.272099160238147508e-01 -2.706754347933605587e+00 -7.922362704455919946e+00
2.323240437236056888e+00 -1.909212921974292376e+00 -7.809188268238249186e+00
1.346778680859439081e+00 -3.236986008611518972e+00 -7.178753157959549824e+00
6.274926723376160753e-01 -1.962815688298162442e+00 -8.398569326770541466e+00
4.594203019862235671e+00 2.028234391249075230e-01 -6.236902364547834310e+00
3.841658919640940972e+00 -9.090746610968780672e-01 -6.721062926496349732e+00
4.635386301363622508e+00 -7.667064840497128664e-01 -5.523732296537211539e+00
1.822997050675136510e+00 -3.772987056496196256e+00 -5.576424148140948667e+00
3.021585892561282183e+00 -2.160725623046929389e+00 -6.876034737424683740e+00
1.663388669578019119e+00 -3.450426649877796681e+00 -6.687202271668064135e+00
2.789129478674834850e+00 -3.560296686981489156e+00 -5.292909696262137587e+00
2.327458292078724789e+00 -2.511321295569969525e+00 -7.319225208674131622e+00
8.562485573389772009e-01 -4.070091471244808301e-01 -8.279443094792114266e+00
2.420212667377268811e+00 -1.074808454412830017e+00 -7.658937065984730452e+00
7.412403595655746580e-01 -1.651317418147719707e+00 -8.081765604758754051e+00
1.632913604478284597e+00 -1.949960505872024408e+00 -8.073880557178634731e+00
4.323276414897531339e+00 -2.782327791772071901e+00 -4.098836618636848783e+00
3.588048937864378729e+00 -1.879177315232956058e+00 -6.473734643011479939e+00
4.742658295303620264e+00 -1.659084444269313563e+00 -4.779013637242161217e+00
3.629231942461089933e+00 -2.975865860148587672e+00 -5.013575524438270037e+00
4.465760351476899537e+00 -1.300377805763763384e+00 -6.000555131879705684e+00
3.216936101852231111e+00 -2.704140912842182942e+00 -6.013935203129579854e+00
2.039822978616974591e+00 2.711610526325486159e+00 -7.412415182651599821e+00
2.964553826287269267e+00 2.422572343175853238e+00 -7.006097283048378088e+00
1.866564417166246770e+00 3.472572200697863654e+00 -7.033386159803839632e+00
2.105225569520776219e+00 2.218577336695563673e+00 -7.517877778533420319e+00
4.470789383244028414e+00 -2.361386504222995619e-01 -6.015702051518872828e+00
3.772256077629229765e+00 9.258484659830134023e-01 -6.679517307189734687e+00
4.609313591866843751e+00 9.891141129662475162e-01 -4.856867705323316464e+00
4.299077471163687214e+00 8.287674501032349372e-02 -6.620653606658290613e+00
1.730016911518846401e+00 3.532561330742311156e+00 -6.126008129322865869e+00
3.154273750841594559e+00 2.530250557540982825e+00 -6.411196990892162439e+00
1.274409970708855866e+00 3.749828550496263180e+00 -6.781643579415348455e+00
2.913737998016109554e+00 3.297669648545834775e+00 -4.939729386872421024e+00
2.528346786804276825e+00 3.456883931551840039e+00 -6.494179338418974545e+00
1.319958420880602556e+00 2.834879316225862311e-01 -8.313181608086946284e+00
2.440057879172318867e+00 1.598215100333788996e+00 -7.364852706123573789e+00
1.099121345946124650e+00 1.403902004513883917e+00 -7.920269277074546643e+00
1.783131432362485613e+00 -8.350453083514075558e-02 -7.918467607107656292e+00
1.883175439317683608e+00 1.889069458685358027e+00 -7.685261659247657917e+00
4.269353056028895921e+00 2.582849323630391325e+00 -3.742551736070301782e+00
3.793656857274206207e+00 1.987647885973959472e+00 -5.948153296504090193e+00
4.623328622321419168e+00 1.394994882476694231e+00 -4.135650699604950020e+00
3.640405715249954710e+00 2.649269162977713865e+00 -4.426669665810610610e+00
4.094781991021165801e+00 1.113620260927112193e+00 -5.813005398157476300e+00
3.436440324484950626e+00 2.827856815990882566e+00 -5.393349429588359278e+00
3.524019037341711957e+00 -8.131398400689087147e-01 -7.075581597644108101e+00
3.232842651061018646e+00 8.225410960279736505e-01 -7.136423855097940638e+00
3.779246415838257267e+00 1.142480248958230998e-01 -6.874645015793508840e+00
2.477577083343649011e+00 -6.067316873613533001e-01 -7.574403479018902097e+00
3.530652116495155202e+00 5.508395853508381013e-01 -6.962199215312773859e+00
2.398227577494755014e+00 7.882245808723656877e-01 -7.684524473171359560e+00
3.770271781429971547e+00 3.756649444306347618e+00 2.508711137031149896e+00
4.031278006338163244e+00 3.244474975359878499e+00 2.760029258280353393e+00
3.974460204705821731e+00 3.836623302430457461e+00 1.940185955703765508e+00
4.104556483110705756e+00 3.742804440971027713e+00 8.148060543784843013e-01
3.516168667133387604e+00 2.785718987071291952e+00 6.070856861780701053e+00
3.794504987779273808e+00 2.595719156525020388e+00 4.474798440034404301e+00
3.252437860795059699e+00 3.267295172519135260e+00 3.747100292578731562e+00
3.693847740856905926e+00 2.998093206576667669e+00 3.663067937237520777e+00
3.857760528991979410e+00 3.009538029918232827e+00 2.824564786393720439e+00
3.605002460118700292e+00 3.240555269213244660e+00 3.487509932266080970e+00
4.486181660585652153e+00 3.002807239161005004e+00 -6.681529371791472549e-01
4.127744086680825042e+00 3.099779958284200276e+00 2.408805629909563706e+00
3.990162883758575862e+00 3.393566632849570830e+00 -5.195950867883413204e-01
4.225273099287185197e+00 3.333213172991156714e+00 1.398152178828810932e+00
3.486621920243839767e+00 -5.070559830970152504e+00 1.099257076287610380e+00
4.349474620330971320e+00 -3.415483860184093778e+00 1.907242448005351809e+00
2.932421819029833898e+00 -5.332318497068246010e+00 1.499352934725056041e+00
3.639304538018930391e+00 -5.166428519145160436e+00 2.883100093063717395e-01
4.293903972999213892e+00 2.236046560396698080e-01 4.684976306237880195e+00
4.587248227673044632e+00 -1.945239325009035625e+00 3.290369608592795370e+00
2.242487083708264883e+00 -4.215607831111905845e+00 3.848918046468213561e+00
4.091499995703724579e+00 -3.494970985780633921e+00 3.091875258799390291e+00
3.584174831422522800e+00 -4.572044224138182678e+00 2.649687685226833178e+00
3.683372755412108290e+00 -4.326896650351547358e+00 2.424657535473639935e+00
4.628063216222644272e+00 -3.326891077193263602e+00 -8.873288403216887943e-01
4.468305492558622305e+00 -3.295971156607748753e+00 1.267795092956566450e+00
4.093886801031660916e+00 -4.356346726993101548e+00 -3.807265395084509785e-01
4.076237550026822198e+00 -4.497315619680870569e+00 8.688336471324163979e-01
-2.792638245217895498e-01 -1.857957574552038693e+00 6.725972405362540485e+00
2.004644235640163252e+00 -1.823888169044360907e+00 6.090951421043485858e+00
5.393318763788516046e-01 -2.511434056304324258e+00 6.354400800352158818e+00
-5.464427196557201105e-01 -1.451302936485389994e+00 6.877736170328003773e+00
4.066150452376030344e+00 6.904551694388383343e-01 5.332462316087523746e+00
2.589521517895105873e+00 -5.634097103011939112e-01 5.998380878258730675e+00
4.145113486854595131e+00 -8.216133573919514807e-03 5.315335176763224645e+00
1.530654425025194110e+00 -4.098173950025314483e+00 4.733697256516203211e+00
2.824575124310098495e+00 -2.613972551585221460e+00 5.575735519650762306e+00
1.187016010465515636e+00 -3.343779689785440823e+00 5.572359533132241083e+00
2.825525199262935772e+00 -3.521738200310574829e+00 4.496196774951199515e+00
1.683570864607538908e+00 -2.655657868062148541e+00 5.927630997383675826e+00
8.586861405655676904e-02 -3.999311705606862777e-01 6.423182101027709479e+00
1.837091445334990469e+00 -8.664951398735933896e-01 6.209130058340732283e+00
2.630189324567592801e-01 -8.253702020182884791e-01 6.402087746826847336e+00
9.018149272275090000e-01 -1.172932253142556780e+00 6.309116682598938652e+00
4.127433841499292377e+00 -2.282113307093021959e+00 4.039774014456479101e+00
3.330528208031598769e+00 -1.431892462759948081e+00 5.506469364036519210e+00
4.094301210701762450e+00 -1.103512228968231534e+00 4.566479579367856978e+00
3.712246911744136568e+00 -2.940963157351959900e+00 4.045148069837558147e+00
3.688763321652221094e+00 -6.245172930626117225e-01 5.391575743549643640e+00
3.207573197892450878e+00 -2.598836158846799194e+00 4.807405340456581300e+00
1.503245245054862567e+00 2.753277560760993836e+00 5.446859136173459071e+00
2.442212797157687021e+00 2.802615736622546372e+00 5.344525491061361322e+00
2.385836620221144955e+00 2.846844588409284782e+00 5.362906709013671502e+00
1.174100460446533933e+00 2.020252933029718090e+00 5.792411453514746178e+00
3.967502173444357183e+00 2.623022336060156334e+00 5.369162172927370413e+00
3.265777928169564248e+00 2.085517094184022202e+00 5.177025721126181423e+00
4.066984551255868219e+00 1.666169885279018104e+00 5.688796121593523658e+00
3.762904696996720144e+00 8.708624550474706183e-01 5.453386580640104064e+00
1.492863747305933408e+00 2.513094226442730506e+00 6.882857933863072653e+00
1.825015896963956719e+00 3.753397236706848883e+00 5.227118154459513555e+00
2.106362993916056414e+00 2.769336510004041685e+00 5.840088366332408576e+00
1.525944633492868130e+00 3.000852962242881006e+00 6.276621538422889834e+00
1.755673209371992227e+00 3.476941389322965037e+00 5.520593080065413716e+00
2.301577048743825848e-01 3.795221258053282920e-01 6.409885078615030984e+00
2.448541967685713860e+00 2.155193280719345683e+00 5.642066660293799885e+00
6.454088010647875961e-01 9.341313801242421277e-01 6.121071483878722574e+00
1.070820657766836881e+00 5.393496896021988674e-01 6.312417418356777610e+00
1.830062867854196362e+00 1.875626087809896925e+00 5.717114504914772688e+00
3.594998920061609038e+00 2.043218465890283664e+00 5.264742854729365540e+00
3.802721172233389346e+00 2.300283999294819193e+00 5.064741535385759441e+00
4.106737232051592912e+00 1.764476078770507383e+00 5.580810284025021772e+00
3.267584676673700006e+00 2.633296788614131856e+00 5.045218364997664295e+00
4.057974782409587533e+00 1.585694827410532914e+00 5.513755447104992768e+00
3.883448436177575847e+00 2.116476720225885622e+00 4.631358366715755182e+00
2.104668822222246050e+00 3.311016583056591855e-02 6.019961680965883133e+00
2.904462319139917259e+00 1.723052865731759642e+00 5.592318607617959181e+00
3.001390712046935860e+00 4.040511799520472569e-01 5.797352698512073133e+00
1.727872909974006665e+00 4.107566560228599339e-01 6.257607864364361561e+00
3.643956225357499523e+00 1.287321199825162132e+00 5.191291341269829829e+00
2.164361101387805686e+00 1.086247398267491837e+00 6.038055039526075696e+00
4.762766497092823847e+00 -4.576061378937369972e-01 -4.564249986419573801e+00
5.298207474619133883e+00 1.833496221999254827e-01 -2.507816054478482659e+00
4.916677443122138058e+00 4.012016346602225725e-01 -3.477254056255972170e+00
5.259888290276627743e+00 -1.001377794337632299e+00 -4.032765731501697815e+00
4.452750705203288639e+00 7.902499010011605485e-01 4.270341584346656560e+00
5.314195141151644819e+00 2.425773842206353503e-01 1.149190817003601373e+00
4.081812859009190220e+00 1.371480289140936337e+00 4.603392321471563520e+00
4.791051764326109463e+00 -1.629156828512388078e-01 3.435956002541270315e+00
4.758244070944378734e+00 2.113179914093764822e+00 -1.009067964550167007e+00
5.340042803871263288e+00 2.850405578272199314e-01 -7.367883218410128388e-01
4.799674567846144768e+00 1.546337422542146678e+00 -2.130051656401181770e+00
4.859892960256305905e+00 2.361747470252057557e+00 2.810313292210138147e-01
5.095670833013294043e+00 7.761363398214490283e-01 -2.307325247603979612e+00
5.115268143181041616e+00 -1.969631492932923056e+00 -1.948105912787711835e+00
5.479350211735954268e+00 -1.840363501420423376e-01 -1.339552187237230019e+00
5.231220693363652252e+00 -1.563948483660549948e+00 -3.017531444111857475e+00
5.097348371927692412e+00 -2.506186466953388425e+00 -5.414957406398313022e-01
5.401925689836255096e+00 -8.293654640632138753e-01 -2.624134277805921123e+00
4.283352530658690149e+00 2.424846426699930557e+00 3.105615464692624617e+00
5.259331786746257897e+00 8.476774880817301572e-01 1.053307222711117985e+00
4.334981891363065110e+00 1.914428309144815765e+00 3.858028532339413896e+00
4.560864221636960814e+00 2.479189833725612413e+00 1.596562450332230210e+00
4.805660497467887815e+00 1.202436366173712745e+00 2.788927794866857823e+00
5.015687999246350337e+00 1.404759595468100253e+00 6.988374105393685420e-01
4.864784240898165635e+00 -2.318909589363785440e+00 1.943423422026079095e+00
5.288909324855480598e+00 -8.474229983339401917e-01 8.429592602846067706e-01
4.629799915531878085e+00 -1.371587892376809670e+00 3.077769960094995039e+00
4.876112713744834792e+00 -2.433734460582583914e+00 5.413807104882361054e-01
4.762244654265639809e+00 -7.978521981635463556e-01 2.387357351792360749e+00
5.293617024433036278e+00 -1.253808817322598523e+00 -7.426499610638818971e-02
-3.525646607742867644e+00 4.548643041194782910e+00 7.123444732966747184e-01
-4.287852483169219298e+00 2.732303965491075459e+00 -1.411418192891529699e+00
-3.360454030472253883e+00 4.049277460386915273e+00 -7.591732279360088320e-01
-5.502163609185631188e+00 -5.064084363163432467e-01 -3.907429800750405136e+00
-5.284229784045749057e+00 1.140463525807701162e+00 -2.897067833623645505e+00
-2.308317257561122382e+00 4.131068912318641928e+00 -3.473989516509343733e+00
-4.219222470513496859e+00 2.648362114151315172e+00 -2.942912247581015439e+00
-3.299602071389077906e+00 4.072568791526385290e+00 -2.010110781791094592e+00
-3.891044922875588341e+00 3.215912352745279534e+00 -1.770332146176878396e+00
-5.050501622350092923e+00 -3.715185075316544072e+00 7.733560562869203903e-01
-5.247660235331117029e+00 -3.068022962630069017e+00 -1.235987849827912877e+00
-4.219322152565823103e+00 -4.023585071657393541e+00 -1.203250553637112974e+00
-6.275261414940756843e+00 -1.650493426625867066e+00 -3.786566361216990639e+00
-5.887654201157929812e+00 -2.095203023034109435e+00 -2.775282959158981821e+00
-3.009820061539502323e+00 -3.819325320829245474e+00 -4.150542066211370340e+00
-5.276461800154241821e+00 -2.826533580943479951e+00 -2.329473594867086383e+00
-3.539624574947197289e+00 -3.769295783661581467e+00 -3.134954905112711465e+00
-4.385399724444511094e+00 -3.743540067285778150e+00 -1.816287145631681366e+00
-4.153412582041794976e-01 -2.628380855891844448e+00 -7.916444729302882344e+00
-2.430050857597545022e+00 -2.670640383386635897e+00 -7.076373700486656482e+00
-7.499469466638468695e-01 -3.229399742069960499e+00 -7.514382600013463254e+00
-5.355757223301572667e-01 -1.904680267409901706e+00 -8.071741991253677639e+00
-4.960335663033978548e+00 -9.241514711640110846e-01 -5.465729958622521423e+00
-3.562854130181802859e+00 -1.836410381218796628e+00 -6.638249665613114026e+00
-5.397120942694074053e+00 -1.178236117809602135e+00 -4.919968772755959563e+00
-2.075182370827007183e+00 -4.011656987460812118e+00 -5.188954834129805960e+00
-3.325578415572706170e+00 -3.093547183924881594e+00 -5.973824163300874623e+00
-1.651493186021473658e+00 -3.489339681771349788e+00 -6.496016508972399350e+00
-3.655477621914084985e+00 -3.441027379301932587e+00 -4.520191994220283505e+00
-2.320445691065312399e+00 -3.172246220681116835e+00 -6.635858738326820827e+00
-1.080837446244651945e+00 -7.187486188472119730e-01 -8.119313094039261713e+00
-2.889858443571801772e+00 -2.306967593930829175e+00 -7.395872882973423934e+00
-5.960242495070243729e-01 -1.303303734823115123e+00 -8.287714945232451669e+00
-1.763833941247312964e+00 -2.228127106487947540e+00 -7.884268684669729410e+00
-5.588424283269547210e+00 -2.208250937670758418e+00 -2.822246705061037364e+00
-4.387090964390650605e+00 -2.381748445383975010e+00 -5.681320717986169555e+00
-5.287054998449439935e+00 -1.978382467136318157e+00 -4.310053120984204789e+00
-4.796616066683757396e+00 -2.777576734687424498e+00 -3.841058721078410620e+00
-4.741566346115248187e+00 -1.652926963516477388e+00 -5.760092365821026128e+00
-4.173360776349220203e+00 -2.890179502905162234e+00 -5.005841291998812004e+00
3.246415915893276494e-01 2.782323591197563672e+00 -7.421439210094999517e+00
-1.604363088617984712e+00 1.646400419842324769e+00 -7.367331117559133169e+00
-6.480983947581210325e-01 3.127289149147040259e+00 -6.910027684841730355e+00
2.384380276160582290e-01 1.944673722582719311e+00 -7.646629177574741476e+00
-5.205069681760164713e+00 -1.035734883341043355e+00 -5.074841628121769865e+00
-3.779395750240415186e+00 7.876719314519755599e-01 -6.360474427898039629e+00
-5.165035657024872329e+00 3.584641881271499742e-02 -4.990058858434220035e+00
-4.373874403793094778e+00 -3.925080714170895435e-01 -6.194695345255741614e+00
-1.716534350972385381e+00 3.927877336078207549e+00 -4.757325678819531056e+00
-2.524170182763715964e+00 2.335256987340796453e+00 -6.498237077266055373e+00
-1.239603836994024100e+00 3.457329357622608512e+00 -5.716355354526104549e+00
-2.601215933878882502e+00 3.429209982158674119e+00 -4.529704388157733241e+00
-1.564386219649676057e+00 2.557319808697878560e+00 -6.630723313602510771e+00
-6.102983383106247439e-01 -2.386649428452013860e-02 -8.222448501613905947e+00
-1.961219916895639237e+00 9.632520365722099243e-01 -7.624918853599405466e+00
-2.625798778511159171e-01 1.042610488029211080e+00 -8.102426724464226737e+00
-1.720746061633820156e+00 -5.588808689162019228e-01 -8.153822713303318537e+00
-6.873730736077487968e-01 1.374114863468715031e+00 -7.843505065857454106e+00
-4.643401000965382330e+00 2.037751535844321005e+00 -3.310408764598654408e+00
-3.687401692468084136e+00 1.927469463245952586e+00 -5.802764795028533484e+00
-4.793023803558602580e+00 8.814357465338132913e-01 -4.198528479679491276e+00
-3.476741332827721465e+00 2.682420111534340457e+00 -4.538238592732736443e+00
-4.423651252583695737e+00 7.473181392892530583e-01 -5.469120525109657294e+00
-3.069305446966451800e+00 2.589442165292162645e+00 -5.485891080339547088e+00
-3.077935272536723499e+00 -1.266483482992037501e+00 -7.363368571677598950e+00
-3.044965518352885425e+00 5.373758234232295372e-01 -7.447334789910397213e+00
-3.594063334564559842e+00 -9.681388571501841067e-01 -7.068635800253954216e+00
-2.328015358083945330e+00 -9.678360941393526762e-01 -7.695361048005417537e+00
-3.709094861907770824e+00 1.933757270034110742e-01 -6.952777240349500509e+00
-2.101910307396283262e+00 4.422607560338476240e-02 -7.754533505376018709e+00
-3.870766127238511434e+00 4.988703807768465559e+00 2.044444602024556801e+00
-3.904004333257993675e+00 4.026068159469190277e+00 1.983124467512515920e+00
-4.060678870077993885e+00 4.446877403727607536e+00 1.235681506685812669e+00
-3.553084943173405730e+00 4.681010639061345735e+00 1.318795678732841425e+00
-4.256347391201597219e+00 6.548053620646341333e-01 4.738906518916055965e+00
-3.887646999616224175e+00 2.653105770600550084e+00 3.745566304701913207e+00
-3.102239857362247832e+00 3.829829922038127332e+00 3.274359090853923071e+00
-3.596130813405590487e+00 3.996571251249165346e+00 2.731050196563448829e+00
-3.553286490495647598e+00 3.792949772335860281e+00 2.605942030628939143e+00
-3.718451566012163312e+00 4.272154742027471919e+00 1.839994903951497562e+00
-4.497003724827933091e+00 2.885382335946678367e+00 -1.533347081122546918e-01
-4.374449641454286386e+00 2.804388536101940499e+00 2.338443591813406552e+00
-3.950819790089059147e+00 4.031825747126504211e+00 3.568961946399162866e-01
-3.777382512050290853e+00 4.089949429229744915e+00 1.494998179744331246e+00
-5.002047376940219614e+00 -3.917837943006124313e+00 3.964589467495966968e-01
-4.563561946028616312e+00 -3.451338258821158522e+00 1.605991756840223994e+00
-4.231849875702077490e+00 -3.901992101959334214e+00 1.267706388104953730e+00
-4.488380695628661599e+00 -4.604151022009417282e+00 1.261469953637577968e+00
-4.200450060083659842e+00 -3.739500827698147845e-01 4.410853406025368351e+00
-4.474519548746076936e+00 -2.307504587140977836e+00 2.622538385149659312e+00
-2.822201140785956408e+00 -3.974569076743908358e+00 3.261668963814670974e+00
-4.266565050883007082e+00 -2.947821861939802002e+00 2.724329048154686461e+00
-3.790745138339663090e+00 -3.845390053153596721e+00 2.388901193797062561e+00
-4.244573742196718236e+00 -3.396270538604013733e+00 2.252691564681008174e+00
-4.935320990090229287e+00 -3.777200711061543537e+00 1.302196973449065709e-01
-4.869630033428758331e+00 -3.527775980443106363e+00 8.208271209034844196e-01
-4.259254506289822828e+00 -4.644455107430677465e+00 2.661481319208665042e-01
-4.245662204077681245e+00 -4.484252308815683818e+00 1.341634566371801895e+00
-1.661392175389677872e+00 -1.379458785431996404e+00 7.352645032766042199e+00
-1.546204856748505385e+00 -1.691762719406957993e+00 6.905024230325029322e+00
-1.512074904352060267e+00 -2.315251628941333184e+00 6.621375727428212343e+00
-1.120802109734565066e+00 -1.805218198086439907e+00 7.099895154836685762e+00
-3.908209802064636751e+00 -6.513558843206079807e-02 5.680920807972299258e+00
-2.770316375863949521e+00 -1.421288800623289550e+00 6.273167607838849413e+00
-3.818772747053067462e+00 -7.628665274550305853e-01 5.029405094994493730e+00
-2.233290208696470103e+00 -3.334644445609693530e+00 5.042087715136657877e+00
-2.512449870461873402e+00 -1.881304897355654981e+00 6.482175317997466379e+00
-1.737592204999877765e+00 -3.075097333224722451e+00 5.627548510705421947e+00
-2.720160297094126989e+00 -3.505413311401875287e+00 4.395938157034703586e+00
-1.853924235924916175e+00 -1.879531814240342769e+00 6.867973001837138547e+00
-1.003810174105890907e+00 -1.310607607298026167e+00 6.775565610102686875e+00
-1.100903903886156110e+00 -1.744772690926095882e+00 6.902384869115044452e+00
-9.054012854944175626e-01 -7.361135586060862934e-01 6.898622800866460736e+00
-9.609258827798838887e-01 -1.371942178258305889e+00 7.244598634087488165e+00
-4.421107545905905489e+00 -2.112672350632195162e+00 3.789121785433305245e+00
-2.971339960754872056e+00 -1.875845360271032547e+00 5.644736889841889038e+00
-4.178173009069380051e+00 -1.523874661583062506e+00 4.567996265246645038e+00
-3.684862609884377083e+00 -2.675243788055116312e+00 4.154750115983052439e+00
-3.362274205995370302e+00 -1.411599677227011407e+00 5.590599597129400244e+00
-3.083722093747735205e+00 -2.592657010242694682e+00 4.984100525506661050e+00
-2.023029999462287731e-02 2.213086834352165244e+00 5.747464105065033024e+00
-2.210010906984130052e+00 1.780716001120388636e+00 6.299060121586915528e+00
-1.042805285317198072e+00 2.164207844270988446e+00 6.057936330881444675e+00
-6.983242652862330369e-01 1.594154347678274020e+00 6.041213954279168519e+00
-3.806799799840796084e+00 3.164762018263141963e-01 5.705327273532286192e+00
-3.167060984361464993e+00 9.326980205028149173e-01 6.309601392528783492e+00
-3.842483730963136779e+00 9.560164342202795984e-01 5.730130857554735613e+00
-3.398036584223503187e+00 1.392702414627136898e-01 6.247971901094447666e+00
-1.952179071468141514e+00 2.915888405286209739e+00 5.252943431890579440e+00
-3.289709347589170108e+00 2.063051226042246000e+00 5.852470575898244043e+00
-1.623295631574197095e+00 2.236333119680328441e+00 5.971090320838451149e+00
-2.810438908021600568e+00 3.082019302862763155e+00 4.812357939988064714e+00
-1.930794795773664640e+00 1.747499819951501943e+00 6.184381614414445671e+00
-1.603638981174665856e+00 -1.035445046170007100e-01 6.364203315632564362e+00
-2.193074412748860169e+00 1.203738564860153959e+00 6.239833366552176130e+00
-1.092964288653084814e+00 8.244325885592177494e-01 6.307456414564656555e+00
-1.661227827737552065e+00 -4.915276684688345554e-01 6.611669483519536428e+00
-1.636978931442854446e+00 1.282150096541082807e+00 6.249186831187070190e+00
-3.703791138700306629e+00 2.540831718045077459e+00 4.658408095884008837e+00
-3.591826609146276716e+00 1.039959630899637943e+00 6.188330820245943720e+00
-4.180441544311058522e+00 1.702539555384447789e+00 4.628112710198934110e+00
-3.644881836275560172e+00 2.336107242977631060e+00 4.709672240028231371e+00
-3.900529190166661664e+00 8.913888755957215526e-01 5.840182164482484062e+00
-3.333542722772764311e+00 2.332939649237446567e+00 5.382916020144296709e+00
-2.257641307880247084e+00 -1.049308730237354936e+00 6.617564007000009241e+00
-2.622257433204830068e+00 6.853387984731659222e-01 6.323465207985624836e+00
-2.857899575631557720e+00 -5.090313780994590864e-01 6.425693661705119908e+00
-1.817128393048872192e+00 -1.038100557403315749e+00 6.569555303173373773e+00
-3.060576299496675645e+00 9.096560140571850750e-02 6.414479353864655842e+00
-2.168217495826142205e+00 2.184230663525065647e-02 6.662882622248275766e+00
-6.119194499620283167e+00 -1.121735265629693279e+00 -3.477289258710032804e+00
-5.829736315920464484e+00 -7.626210360414696909e-01 -1.479972948508903263e+00
-5.763534990730378560e+00 -2.744395273642131206e-01 -3.167461132593536011e+00
-6.131430017895428186e+00 -1.200158856978269739e+00 -3.339287568690136876e+00
-4.653663387148955444e+00 -4.528464101734060443e-01 3.953552171725503328e+00
-5.398633940381371232e+00 -1.728624386227415322e-01 1.364152506752124516e+00
-4.751411248302733981e+00 3.274881325643157481e-01 3.645563394431674542e+00
-4.677657453883889538e+00 -1.076549985373246532e+00 3.331068046731762600e+00
-5.155437376675759964e+00 1.266037444897251563e+00 -1.481291446138411239e+00
-5.741989174622051273e+00 -4.374874521816565776e-01 -4.470733247723024384e-01
-5.305127890935677826e+00 4.581056650802147190e-01 -2.354298529538846108e+00
-4.888991450045460319e+00 1.835981616309220854e+00 -1.454991528092950126e-01
-5.730016654572279933e+00 -2.882487719800173043e-01 -1.889324311317794214e+00
-6.033083348158086778e+00 -1.354429177553722496e+00 -2.808466614440000342e+00
-5.941268978324904637e+00 -1.514224377366791163e+00 -6.986425132445023278e-01
-5.959333260663822962e+00 -1.354591833134063394e+00 -2.595907748098376544e+00
-5.211344524091636288e+00 -3.301144486003728229e+00 -1.313426836754957749e+00
-5.903309903309854612e+00 -1.454899732193028372e+00 -1.790290931787852813e+00
-4.562625561539857877e+00 1.820969495304431751e+00 2.879492291316713359e+00
-5.316678026115305045e+00 2.333832594907665758e-01 1.080820484159112027e+00
-4.547466803524670809e+00 1.162078329172405278e+00 3.539755094976357430e+00
-4.622521563477262951e+00 1.934410442305276812e+00 1.176959807127554658e+00
-5.070563675471853493e+00 2.798136694509580358e-01 2.384969798264504615e+00
-5.125495584357960155e+00 9.235789068675526181e-01 3.298703572501791026e-01
-5.109857032615150452e+00 -2.653846210510864445e+00 1.080612679649191499e+00
-5.457554468419925975e+00 -1.200470526838353980e+00 8.061554089221435460e-01
-4.662424304719581691e+00 -2.091565113661780551e+00 2.200072868678355942e+00
-4.877154984700716511e+00 -3.265034181823661452e+00 -6.149464392702304050e-01
-5.014280552721986695e+00 -1.879480198410358627e+00 1.927752092926720451e+00
-5.429482449731759530e+00 -1.840933662101470913e+00 -1.668968101725804287e-01
