1.465520463021024398e+02 -2.376428482039351309e+02 8.459592270702209760e-01
-1.462031452029545449e+02 -2.375315910341866754e+02 9.977252757334622579e-01
1.463898413539775731e+02 2.372903299499911896e+02 8.316178021967418621e-02
-1.475299999447930759e+02 2.384877612652127823e+02 6.281170113715549563e-01
-1.909106550596238461e-01 1.461903972026480290e+02 -2.542881558392105745e+01
1.944767687777429477e-01 -1.465306695244391051e+02 -2.608219840799674216e+01
3.663953112382156707e-01 1.470954605412566991e+02 2.585701313855336281e+01
-3.043649865402070845e-02 -1.480860187150206002e+02 2.573676783858991968e+01
-2.381369746644376733e+02 1.251791964956552039e-01 1.718231921315823385e+01
-2.381698377794403143e+02 -1.456664545909775732e-01 -1.718006239762384624e+01
2.386242483592093038e+02 1.245315057419294158e+00 1.589933908814604990e+01
2.369700266550868832e+02 -5.395974216179059146e-01 -1.632999567065988700e+01
-1.376945795745774907e-02 -2.789960195383057453e+02 2.593931370024529226e-01
-1.457214964122743428e+00 2.790777507167315434e+02 4.151840180606645309e-02
8.647603757846113126e+01 2.257691517525782103e+02 -1.489805229732235325e+01
-8.671720753224396105e+01 2.266041044116613250e+02 -1.455076226586982635e+01
8.631846322255942994e+01 -2.251979766213296443e+02 -1.533194540594023003e+01
-8.618893633916552233e+01 -2.258124309395900298e+02 -1.422813832918945920e+01
-1.353895092278826207e+00 -6.661554993149363391e-01 -3.036548616154942692e+01
8.664062096915588995e+01 2.264149551449358171e+02 1.447364777066997021e+01
-8.581641196103713298e+01 2.257698662790339483e+02 1.601720256274599308e+01
8.665009503037867944e+01 -2.264198169787064785e+02 1.640966081390916287e+01
-8.558161111230953111e+01 -2.249946413298359857e+02 1.599678046255811559e+01
-2.143571635089599192e-01 1.126551109006186935e-01 2.902065325965845588e+01
-2.256589871904448614e+02 -1.381033296439245817e+02 9.514879156189440579e+00
-2.259845332281957440e+02 1.406875702616414969e+02 1.048580440102896461e+01
-1.398025529047684472e+02 8.626958672504541425e+01 2.517681233740264446e+01
-1.395504058702876478e+02 -8.724812036645185742e+01 2.515572442954970001e+01
-2.251063233251352926e+02 -1.393400123669178754e+02 -8.211392753009954859e+00
-2.259084798994392429e+02 1.409565709034599763e+02 -9.475600926106073629e+00
-1.400720259641908001e+02 8.688409944107526428e+01 -2.617955484238580866e+01
-1.396211435410368153e+02 -8.564877732073482264e+01 -2.643709872305768727e+01
-2.800811252657624095e+02 7.493009163591009270e-02 3.424986596123505422e-01
2.260335867648835233e+02 -1.389583024150682604e+02 8.530479422349433349e+00
2.245903854278988661e+02 1.385055926058733178e+02 1.096197095389138276e+01
1.395678167918470081e+02 8.476332002055366388e+01 2.511703604400280199e+01
1.397015925800303364e+02 -8.668013737567132182e+01 2.420457700580526961e+01
2.265337271239057202e+02 -1.404969406773823835e+02 -9.580001692035132521e+00
2.249010473073297476e+02 1.395265225648512626e+02 -9.760754656600477475e+00
1.399258947106391133e+02 8.672303279511299934e+01 -2.363221843933902377e+01
1.401400895523943575e+02 -8.585147375561950867e+01 -2.478403744406573495e+01
2.787237998162361237e+02 -3.981950768305608790e-01 1.417604825454900352e-01
7.606009022583954504e+01 -2.677946050924207384e+02 -6.632488070612175823e-01
-7.623572464787422120e+01 -2.676626696705570794e+02 4.685659060605834592e-01
7.619657463655394736e+01 2.691517796987329803e+02 3.360376170919608385e-01
-7.703360258510761582e+01 2.693640316028146913e+02 1.273272088589397111e+00
1.203110089696866538e+02 2.404611976491335668e+02 -8.596248640409836383e+00
4.616988742131606926e+01 1.931715337979768776e+02 -1.997113795022463023e+01
4.549239614663464693e+01 2.647912085274954848e+02 -8.336333012814007404e+00
-1.205641759366841512e+02 2.417794885352301151e+02 -7.094744890635943158e+00
-4.564409127924584908e+01 1.946727659103062251e+02 -2.083265895853232408e+01
-4.568738420277929890e+01 2.653975935957599859e+02 -8.379367462767836727e+00
3.969103699947688635e-01 2.388829159998262526e+02 -1.506015736270011907e+01
1.211699709022479965e+02 -2.425476944439212161e+02 -7.845559885464962413e+00
4.514056698968356329e+01 -1.944481209137113353e+02 -2.198100234517803742e+01
4.278425384409234056e+01 -2.651397172510254450e+02 -8.405566904217318225e+00
-1.205795601958835164e+02 -2.400268105350646977e+02 -6.118973293787041356e+00
-4.404856140449540192e+01 -1.940111025081473599e+02 -2.071879251534723210e+01
-4.426382124057548140e+01 -2.650428842650490537e+02 -8.060258293919195793e+00
1.034730138038848085e-01 -2.373054171617033603e+02 -1.576430818892114338e+01
2.259187753453585634e-01 7.670842988795023132e+01 -2.925963088595954886e+01
-5.168915980625166107e-01 -7.644815043480734573e+01 -2.927817252018391869e+01
1.217949090752570669e+02 2.409198799333051113e+02 8.259288921132190708e+00
4.477751151316327594e+01 1.935153408989113473e+02 2.048589118598187753e+01
4.429124338146277751e+01 2.658616573425252341e+02 8.040372597639409591e+00
-1.216079998223215455e+02 2.407040467924063307e+02 7.314629231611038840e+00
-4.531429562891513996e+01 1.944986491441918020e+02 2.043028842308531878e+01
-4.422820692885671434e+01 2.660995624458817019e+02 7.019295966267850240e+00
-4.911098135560823530e-02 2.376970775117234496e+02 1.603396558130822314e+01
1.219024443460549350e+02 -2.405800626422784489e+02 7.318962397945117715e+00
4.387935893850533375e+01 -1.943721107941942137e+02 2.164293311330269987e+01
4.615969539695606727e+01 -2.646589578609398359e+02 7.629458652221673631e+00
-1.214414823254397930e+02 -2.402597352196648330e+02 7.125029611767028648e+00
-4.487943080376216187e+01 -1.940332558209155991e+02 2.105703089810421602e+01
-4.584871849459513271e+01 -2.657835779429788090e+02 7.375493844609417593e+00
1.519147412651923601e-01 -2.382286933345944533e+02 1.666346002370327994e+01
8.029770800138369413e-01 7.557831841040267307e+01 2.831916485871673572e+01
-8.500311364671807590e-01 -7.598952135228881843e+01 2.858607512976458409e+01
-1.946715631081676463e+02 -1.958401900518730088e+02 5.036044906650904096e+00
-2.413016122996197623e+02 -7.248577393754720788e+01 1.434470889824955009e+01
-1.631669400583242009e+02 -1.900593135728921368e+02 1.167179799041421262e+01
-1.941283578712349822e+02 1.959176035666997393e+02 5.042515582117266248e+00
-2.406066047545425874e+02 7.293582807221059738e+01 1.324960394031901423e+01
-1.642210426419301541e+02 1.912375352007345839e+02 1.341311743494905073e+01
-7.140736686975120051e+01 1.210121326737463079e+02 2.742930389633821164e+01
-1.976914861419412262e+02 4.470045052744684000e+01 2.118829715999441987e+01
-1.206451890945114656e+02 1.634738918733062860e+02 2.065813125555296281e+01
-7.623436383695138829e+01 4.262312476513878323e+01 2.866369076201858945e+01
-1.906888283678671883e+02 1.197002649154781437e+02 1.661849313710932563e+01
-7.256656108352935064e+01 -1.213032886408965538e+02 2.639494159197681000e+01
-1.959409492593629807e+02 -4.481984462312480133e+01 2.118923329034082315e+01
-1.217190327006589001e+02 -1.650647099032839549e+02 2.038635664800084513e+01
-7.412447833510053385e+01 -4.118135072945688080e+01 2.864986210462968685e+01
-1.907536487080294023e+02 -1.203967285293070404e+02 1.726529483755932404e+01
-1.432988112292675851e+02 -5.228199816719901749e-01 2.631683071943337993e+01
-1.927232476171650148e+02 -1.964269605615685634e+02 -5.569578423481805984e+00
-2.404528459190732690e+02 -7.324339772771445212e+01 -1.307738436404724247e+01
-1.630066280196910782e+02 -1.910905687747826960e+02 -1.304643130554846486e+01
-2.382713410257409521e+02 -1.461993039929589315e+02 4.687372738060554545e-01
-1.940663525663349844e+02 1.975463007088042104e+02 -5.470555656874295458e+00
-2.408219800437989591e+02 7.363133884716341981e+01 -1.218140530029848634e+01
-1.627844297022152489e+02 1.903247015904082673e+02 -1.266684298648421247e+01
-2.384573795016582949e+02 1.477498607577583130e+02 -3.602512883650262343e-01
-7.363825314895642293e+01 1.214733351996164004e+02 -2.563052719485130027e+01
-1.953271892002605625e+02 4.542446262379539235e+01 -2.048407533646099665e+01
-1.199945262777458055e+02 1.649719209580815402e+02 -2.150812318274176249e+01
-7.552793682042364765e+01 4.282018771235644294e+01 -2.864205868522676468e+01
-1.900546373947114205e+02 1.198807081044074891e+02 -1.845000424286802954e+01
-7.275120401452365115e+01 -1.213990249019956309e+02 -2.569691293927521514e+01
-1.951611200739822038e+02 -4.477918284619266842e+01 -2.060384548346877409e+01
-1.199416944012414490e+02 -1.654411029130536974e+02 -2.072023811704087848e+01
-7.460176965738797605e+01 -4.255480013855959953e+01 -2.733730233971004253e+01
-1.919136497068874121e+02 -1.205314632042846625e+02 -1.711564924250686559e+01
-1.424370771987236139e+02 -6.065336325557046937e-01 -2.652293621110586841e+01
-2.682922468238926399e+02 5.033395892125187565e-01 8.403175918525388255e+00
-2.687686074502115616e+02 -1.136743086996348628e+00 -8.407551203220059222e+00
-2.674949138471725405e+02 -7.337051602436764597e+01 5.194537286443266844e+00
-2.656379134694701065e+02 7.296734976590917654e+01 4.373578857662125507e+00
-2.663221970869799975e+02 -7.280340734281776349e+01 -4.242946250262582986e+00
-2.662991797579408626e+02 7.421667133297664520e+01 -5.116743507724368811e+00
1.927897954724902263e+02 -1.956709832715863513e+02 4.946141995975456673e+00
2.409013730949363605e+02 -7.272104226998234822e+01 1.380114293986033935e+01
1.627201616277644973e+02 -1.900959304486385690e+02 1.316458936662011325e+01
1.950484651089662123e+02 1.963431412849888886e+02 5.562717719682380491e+00
2.411026339970429717e+02 7.395546394492166087e+01 1.366009406345385813e+01
1.632592939623911548e+02 1.912342564756737033e+02 1.116430271299467769e+01
7.145647640303334924e+01 1.216363863168507606e+02 2.629846662779679889e+01
1.970294665562498437e+02 4.452047172536419595e+01 1.956708503415975642e+01
1.225029586009303273e+02 1.654920006222378959e+02 2.023945831719641220e+01
7.496939117964043930e+01 4.253977354365320451e+01 2.937955133658530471e+01
1.910158384681947439e+02 1.196445581723420446e+02 1.690515762192145388e+01
7.266504799526707359e+01 -1.220439793988768002e+02 2.609052085651567410e+01
1.957801824945170779e+02 -4.478165068928224457e+01 1.996199265581969584e+01
1.202190261109501108e+02 -1.639893670453247978e+02 2.019327009029607822e+01
7.615232295647435024e+01 -4.071843097131438327e+01 2.869507230399366549e+01
1.919242012998378755e+02 -1.199053160036511088e+02 1.698708193153174406e+01
1.442820123435242863e+02 1.834601633391556019e+00 2.582653207119605199e+01
1.948294059265119529e+02 -1.959954213130506275e+02 -5.606242547125545705e+00
2.406471695499603243e+02 -7.166450428417020646e+01 -1.299061566136206736e+01
1.639130301491700834e+02 -1.915553620890044613e+02 -1.217688790055821890e+01
2.373222663454066037e+02 -1.470204646318421737e+02 7.378952841005418373e-01
1.936942889379759265e+02 1.945557564691497987e+02 -4.040633774505897335e+00
2.407363413205731035e+02 7.315684760458188407e+01 -1.237902465828424425e+01
1.631291035471785733e+02 1.919173262959229191e+02 -1.324973894074411263e+01
2.377499960707585274e+02 1.462369748555069577e+02 -3.160343119683199364e-01
7.281624919398780094e+01 1.213082656575488443e+02 -2.634432262520866175e+01
1.960897113559640559e+02 4.549761374987164686e+01 -2.111117800822820811e+01
1.201532214079782506e+02 1.639546052761687918e+02 -2.106991752487062897e+01
7.363366675940814332e+01 4.161989121876505493e+01 -2.842353243094097692e+01
1.912456635819474400e+02 1.202655751316701611e+02 -1.791162370237145041e+01
7.143559805023929243e+01 -1.214607279123413690e+02 -2.704917395554403470e+01
1.962370878412479556e+02 -4.420574674255878023e+01 -2.114534188618118904e+01
1.204701920271627387e+02 -1.636989741540289742e+02 -2.029617549198576043e+01
7.580168929437915892e+01 -4.171305218291264083e+01 -2.770356453240605177e+01
1.909191469270100754e+02 -1.200559845059367774e+02 -1.755981843220761718e+01
1.431257643713894936e+02 -3.319717026634548263e-01 -2.576471093429246650e+01
2.684472704511069878e+02 1.209597700657433633e-01 8.874935844762292803e+00
2.683855585781790865e+02 3.526315875057720595e-01 -7.680161416727399271e+00
2.658987663348243018e+02 -7.367104979251156749e+01 4.225467815869706101e+00
2.649454530297695669e+02 7.354189112841807230e+01 6.005296667296423863e+00
2.647106480077447941e+02 -7.306318467273554518e+01 -4.572364383778225516e+00
2.669192123562801839e+02 7.396640208184508936e+01 -5.072587874699278743e+00
1.135914105643055905e+02 -2.553998290917725171e+02 1.877448849208934456e-01
3.726161425491460477e+01 -2.768059393553605787e+02 3.985029760137128729e-01
-1.130860143391697363e+02 -2.559518430127633053e+02 6.680223241865546058e-01
-3.729835828206043402e+01 -2.774728675860970384e+02 -2.445167098812040807e-01
1.130248930199715716e+02 2.559762335400196491e+02 9.766219231353439056e-01
3.944032765714006672e+01 2.769533156502629367e+02 1.210637290609483552e+00
-1.132557308273954249e+02 2.573352737308429141e+02 8.316147222746050893e-02
-3.983874028098591680e+01 2.765371003592519514e+02 -4.135369141297507434e-01
1.342264641757936943e+02 2.405233619831907959e+02 -4.644760026017633159e+00
1.043497678031753964e+02 2.352492003748953380e+02 -1.216395913329475675e+01
1.000890596197585580e+02 2.589420810395430408e+02 -4.440967409075184946e+00
2.305414351764167336e+01 1.724641525675750700e+02 -2.258307950889674842e+01
6.559238606903063840e+01 2.127276636762957764e+02 -1.909979080850050082e+01
2.298212534701788812e+01 2.755756120302438035e+02 -4.468647729449966022e+00
6.753558800623719094e+01 2.470651052253122941e+02 -1.164440576175966235e+01
6.044932467031915024e+01 2.696631833385395680e+02 -5.197334616569396104e+00
8.450319012308506217e+01 2.560050901647990145e+02 -6.948580684565795806e+00
-1.358150324756100531e+02 2.407902175541976248e+02 -5.259182873828584626e+00
-1.040835657956023539e+02 2.370098486184866715e+02 -1.140110493050518770e+01
-9.981458482203395022e+01 2.578491791494103040e+02 -3.336808989494544075e+00
-2.216524402781726621e+01 1.737995933431723756e+02 -2.469174896266121166e+01
-6.508140965746493123e+01 2.108060237328404867e+02 -1.756522383400417198e+01
-4.323302666739953781e-01 1.964534832989028814e+02 -2.249565602729023439e+01
-2.329197105815621782e+01 2.759473501731854981e+02 -3.150271174697514276e+00
-6.523165316942714753e+01 2.478264685270221150e+02 -1.180573541361063583e+01
-6.189992626660735908e+01 2.689106851176694022e+02 -3.177004562451763103e+00
-6.355778520199394377e-01 2.683737128146331656e+02 -9.393306709839141178e+00
-8.398623351148393112e+01 2.556425922396060173e+02 -8.941806434355644484e+00
4.373535917955454266e+01 2.339772988611678386e+02 -1.554387839592885712e+01
-4.301075858427948617e+01 2.359411655358885582e+02 -1.558440061375185870e+01
2.294886120135847207e+01 2.184968498069061695e+02 -1.866310963279870450e+01
2.313991801758851352e+01 2.547723687047088958e+02 -1.255820049802510496e+01
-2.145553947084619750e+01 2.174753152774918590e+02 -1.983739309175648202e+01
-2.312681762730680290e+01 2.554252293378313254e+02 -1.309522721943560519e+01
1.349731816022732005e+02 -2.409643124674869625e+02 -3.658353833822092671e+00
1.056268020017377296e+02 -2.352758530736165596e+02 -1.085652114151703884e+01
9.935759527537743452e+01 -2.572336520730973461e+02 -4.783886576969588411e+00
2.194700852250925038e+01 -1.736254225068487926e+02 -2.537401065739364370e+01
6.650036157432533912e+01 -2.119029257152436401e+02 -1.856611691914473994e+01
2.231095432879072504e+01 -2.751496151453859511e+02 -3.590874886503129026e+00
6.530857205842133340e+01 -2.486208869826344880e+02 -1.142676204657030326e+01
6.203219555170325350e+01 -2.702502570411548959e+02 -4.425652017594051024e+00
8.451113703062382854e+01 -2.567990975330296237e+02 -7.987105671606598456e+00
-1.355135218448998842e+02 -2.423014884536997897e+02 -3.700902980960271371e+00
-1.036830260134451436e+02 -2.353674030655488991e+02 -1.197718225729395769e+01
-1.006345850385739169e+02 -2.579838042375808413e+02 -3.316176424221874086e+00
-2.222948137902286092e+01 -1.737103631150598346e+02 -2.337220820409122268e+01
-6.633945315838850831e+01 -2.118140746229102831e+02 -1.718922371277976424e+01
3.299430775098430857e-01 -1.971553995532509305e+02 -2.139637762049513725e+01
-2.366688523601768424e+01 -2.749770732074993020e+02 -3.387517576165002264e+00
-6.669184540505806069e+01 -2.495594751167700167e+02 -1.133663906529930898e+01
-6.141675518442062298e+01 -2.696389961715843242e+02 -4.006895078012652434e+00
2.647318070607537210e-01 -2.676393781040597446e+02 -8.882261690388547848e+00
-8.405893138627861561e+01 -2.554182944567924096e+02 -7.112507423729525158e+00
4.268784205773933138e+01 -2.358484072142443324e+02 -1.643435641037248018e+01
-4.311458155428754679e+01 -2.351888268105975328e+02 -1.670514641384184884e+01
2.146954740807675321e+01 -2.184664549959517501e+02 -1.795543808202604907e+01
2.177158934417041891e+01 -2.549326682995423425e+02 -1.281371883114169385e+01
-2.232295753766643998e+01 -2.176066477637623109e+02 -1.906911473253966349e+01
-2.312351382374269093e+01 -2.547953575723968527e+02 -1.205006327777842579e+01
-1.648850405657415197e-01 1.128462458729546398e+02 -2.736257612714208420e+01
-4.097812058100992472e-01 3.778508963052944125e+01 -2.940310832392147233e+01
-1.452712529352157889e+00 -1.136431204931144947e+02 -2.748185117474337602e+01
1.017824833118912732e-02 -3.782971299200399784e+01 -2.974237746362990720e+01
1.357312043435493933e+02 2.423034739639537349e+02 3.742122767471718348e+00
1.044879263880957865e+02 2.350449704807838884e+02 1.203624086737025145e+01
9.938158898839101596e+01 2.585827112257521776e+02 4.596985446011874643e+00
2.359978104625157513e+01 1.718304200343449679e+02 2.340775679817662791e+01
6.616673631720742321e+01 2.111441378978827856e+02 1.772996761886367878e+01
2.260580001122651339e+01 2.751909730543000023e+02 4.321891838740461012e+00
6.544809637679739467e+01 2.481856375639196131e+02 1.195811277834880570e+01
6.204448379208227493e+01 2.700499168194923527e+02 3.807422456762908691e+00
8.484367563684996583e+01 2.554534904356463869e+02 8.064248596444052453e+00
-1.344250514765573712e+02 2.409924728461824088e+02 3.622253998007244125e+00
-1.042896324944246516e+02 2.349519213940401414e+02 1.172555895820708116e+01
-1.012164681196608171e+02 2.574287619092149271e+02 3.894375910446276734e+00
-2.340916492085487732e+01 1.725541894671924297e+02 2.459650427505060222e+01
-6.645473649672935323e+01 2.121265346858284886e+02 1.867587907194419827e+01
1.859728339064333102e+00 1.960211512962017366e+02 2.210619843052220901e+01
-2.317264661544086835e+01 2.761155283862998431e+02 4.309248535491423837e+00
-6.673387249067090465e+01 2.495233844869310929e+02 1.218932347257098492e+01
-6.138688913101286460e+01 2.696214670766127597e+02 3.173768159909763131e+00
5.477213743359778952e-01 2.683317859781787433e+02 7.842977195842471438e+00
-8.313098492300098030e+01 2.561175778843285116e+02 7.620710660000231229e+00
4.430858942098122100e+01 2.361662473926292876e+02 1.603787988433698075e+01
-4.368440028492429406e+01 2.347459461199073303e+02 1.471909007811427017e+01
2.123970115354929078e+01 2.166438211540769601e+02 1.955987784922641737e+01
2.295418033756626031e+01 2.552100886741010015e+02 1.340836952764814249e+01
-2.319821304620314706e+01 2.175640167713028461e+02 1.878100354115157700e+01
-2.263987771627897061e+01 2.543197287313095956e+02 1.086505030473677280e+01
1.356719616026253732e+02 -2.429170952051976826e+02 4.320147833009317928e+00
1.052090441624884818e+02 -2.366406268613637280e+02 1.207143457704339795e+01
9.922612337936509164e+01 -2.582739252705728745e+02 3.958773525840004748e+00
2.327244059358377015e+01 -1.719833607564559657e+02 2.546100838679016221e+01
6.673838522379399762e+01 -2.119778968516662587e+02 1.955218912791569963e+01
2.235435217792078078e+01 -2.755293057345696752e+02 4.940535494181163223e+00
6.646654510543079653e+01 -2.480870613244950960e+02 1.211223531041726531e+01
6.167069573739658495e+01 -2.686047440601138874e+02 4.281372228142531711e+00
8.484719518016851225e+01 -2.557702805760604576e+02 7.344868118162809267e+00
-1.363108631936310928e+02 -2.420514331683871774e+02 3.206492579529176101e+00
-1.035680011782797294e+02 -2.357476667683055211e+02 1.066233357135124038e+01
-9.977425433953210643e+01 -2.577670648927787056e+02 3.746996773818132898e+00
-2.225992758849333697e+01 -1.718576680908407184e+02 2.271027565003250004e+01
-6.548741813338018858e+01 -2.119665506377729969e+02 1.870687732543066062e+01
-1.067677320737986657e-01 -1.977634196541263520e+02 2.116631674866506430e+01
-2.314542900364132905e+01 -2.748859073093234997e+02 5.167801315539089835e+00
-6.552892643986157850e+01 -2.479031709881974734e+02 1.092533469919586153e+01
-6.021128046669561229e+01 -2.697357674167446362e+02 4.079312696972499097e+00
2.569960274744225170e-01 -2.673643014093123043e+02 7.105293564078053237e+00
-8.398538076341323233e+01 -2.568528422674991702e+02 7.798734929151246220e+00
4.447230844829328333e+01 -2.348563860953120468e+02 1.581139311011358473e+01
-4.455907060885765958e+01 -2.353212456920192892e+02 1.540004705588343903e+01
2.355435385778471513e+01 -2.176417508730204133e+02 2.030373135823938213e+01
2.223803721744135231e+01 -2.536798388056893145e+02 1.218897460257511689e+01
-2.413979667458680467e+01 -2.177031028063182134e+02 1.790064125523865712e+01
-2.281207265135589068e+01 -2.529480958866177218e+02 1.248135113650864270e+01
-1.248690892242114714e+00 1.121926331582749725e+02 2.834862592658843639e+01
1.259400727914525175e+00 3.824586039036677221e+01 2.983082284778058479e+01
-1.329834093080644285e-02 -1.113684462148675038e+02 2.744108340698869242e+01
-4.763035576235268298e-01 -3.818195803711937231e+01 3.012552151113729693e+01
-1.717483406350990833e+02 -2.190341763531564823e+02 2.185214249192473535e+00
-2.117710729455675107e+02 -1.688115697071210661e+02 6.383674717587473957e+00
-1.597043023998778040e+02 -2.214385096426975110e+02 7.097163971670992666e+00
-2.415702293748347813e+02 -3.583733373186461790e+01 1.389687685211378998e+01
-2.352453928467222681e+02 -1.074536866104286901e+02 1.198399746975551672e+01
-1.261520514648950098e+02 -2.104378525792538426e+02 1.494684610235852773e+01
-1.973697131671810041e+02 -1.684613533619660188e+02 1.132776497057942322e+01
-1.443377756400927296e+02 -2.188313661866065161e+02 1.112802996055908089e+01
-1.804043354172752913e+02 -1.964475249900969800e+02 8.729381086956962577e+00
-1.720313385148084819e+02 2.197719587791980302e+02 2.670770777713650901e+00
-2.118708375013506782e+02 1.682675135847877641e+02 8.206329175633921835e+00
-1.586369700085065801e+02 2.209510210917943596e+02 6.272181998016935545e+00
-2.412117235028759126e+02 3.532246457000126583e+01 1.329990686107105269e+01
-2.354123947122310199e+02 1.083005391406840516e+02 1.094759542782477801e+01
-1.262605800649424879e+02 2.089929089349665503e+02 1.436880293919809226e+01
-1.965875924067649123e+02 1.670789973087866542e+02 1.173687172581550797e+01
-1.432254803104598579e+02 2.200684062304206350e+02 9.640223905190319797e+00
-1.822319186137607119e+02 1.965968547509593805e+02 9.593667981664822264e+00
-3.696397537908159592e+01 1.356701034630614515e+02 2.666557508265943355e+01
-1.070890588371707821e+02 1.046666648405837776e+02 2.537239410677959839e+01
-6.003091908943670774e+01 1.608637625803470428e+02 2.362224197543389792e+01
-3.610157696464018073e+01 9.917298474612150017e+01 2.829225115812981173e+01
-2.195836502902973280e+02 2.249316706082024098e+01 1.782926449678884495e+01
-1.694777688055255283e+02 6.716040789588417681e+01 2.207019284533499714e+01
-2.221528995569108247e+02 5.864543209950287661e+01 1.692277603124547980e+01
-1.053851930504444141e+02 1.989000845770530077e+02 1.847007475751362549e+01
-1.344374851023882229e+02 1.278864150052857269e+02 2.370846605852594280e+01
-8.250785975119843840e+01 1.799909059440981025e+02 2.071021432513336080e+01
-1.439347928948517108e+02 1.789238485950412212e+02 1.659290526428868517e+01
-9.625820859727571133e+01 1.453182263086819717e+02 2.343177323762068909e+01
-3.898570250588457498e+01 2.012813209577740992e+01 2.936470642048714197e+01
-1.089766592686406455e+02 6.556737263939953664e+01 2.685374723664737218e+01
-3.751882608277514208e+01 6.119758966713668968e+01 2.797532771692922893e+01
-7.329413141533522946e+01 8.237461461636468130e+01 2.714791714325039251e+01
-2.115004562259271950e+02 1.309888066413134027e+02 1.398042027055823411e+01
-1.662165718967752923e+02 1.043615316987179824e+02 2.035323776578675847e+01
-2.175360779493745724e+02 9.652502189100326291e+01 1.565453251258383638e+01
-1.792887723657924255e+02 1.575226008428296325e+02 1.455823360878189199e+01
-1.963065602241512124e+02 8.306479402341462048e+01 1.912166207257416772e+01
-1.570918352473331083e+02 1.432360937320322307e+02 1.889791401573559426e+01
-3.708747397832436832e+01 -1.361689179650914525e+02 2.705158710221012797e+01
-1.080762953818849752e+02 -1.056100227680450416e+02 2.570394730569664077e+01
-5.929942554887568917e+01 -1.601571943289288242e+02 2.519422566704853494e+01
-3.729936652832835620e+01 -9.818259585703418679e+01 2.699748366712218228e+01
-2.198624034729013204e+02 -2.131288458399860986e+01 1.844874811322007346e+01
-1.701277427872360306e+02 -6.634588407724970693e+01 2.390420768861726941e+01
-2.203543344285329226e+02 -5.969764200196463833e+01 1.788222809620327070e+01
-1.986799901677619573e+02 7.922141680259540131e-01 2.171591277706450640e+01
-1.064392351551126978e+02 -1.997575000593844834e+02 1.807707192126026996e+01
-1.328647777560607892e+02 -1.268562836652773171e+02 2.216052800533224243e+01
-8.219393165157499936e+01 -1.803046643231815835e+02 2.111232505810574622e+01
-1.420449282929042738e+02 -1.786356359959322617e+02 1.807415518154560630e+01
-9.742499585030996911e+01 -1.442914189105252660e+02 2.378290291709494753e+01
-3.905580994033958575e+01 -2.061276822885137605e+01 3.053715171994851829e+01
-1.083550102776085566e+02 -6.332682051676680857e+01 2.793933554039152156e+01
-3.695130484129922621e+01 -6.186530574181437458e+01 2.830927604101916017e+01
-7.582597545615175250e+01 -1.779750055698866296e-01 2.991805320943796076e+01
-7.286928549786053111e+01 -8.382752396276788431e+01 2.766645467306243589e+01
-2.110940571863980040e+02 -1.304889641182247715e+02 1.149692335329301507e+01
-1.667714261305408172e+02 -1.052437770825370791e+02 2.069011351772336837e+01
-2.177480357925341252e+02 -9.517101232202035987e+01 1.564005006608586079e+01
-1.795204070588151808e+02 -1.570610274846800678e+02 1.507776773405748294e+01
-1.971352325135836452e+02 -8.335395758570005853e+01 1.977628031915432416e+01
-1.574086082055694078e+02 -1.427798345799623121e+02 1.877920395969777445e+01
-1.432876709631381971e+02 4.289746020734473575e+01 2.490757050541114737e+01
-1.412353518372530914e+02 -4.252011753800420024e+01 2.544576589818531431e+01
-1.735531488948934964e+02 2.216337236966223045e+01 2.429833799568971031e+01
-1.104080886062667020e+02 2.205556081559294768e+01 2.707397732030794657e+01
-1.729733371625571579e+02 -2.270051757629230949e+01 2.387006352182847380e+01
-1.097682867578066492e+02 -2.152054312034218952e+01 2.765011112917102665e+01
-1.724273811439059898e+02 -2.201322034346544854e+02 -2.080038317242643764e+00
-2.126244717774637252e+02 -1.687852396290426213e+02 -6.384732646529389655e+00
-1.597999051864269120e+02 -2.211494123583498776e+02 -6.591181319478156553e+00
-1.968406477573298901e+02 -1.987363388189122304e+02 -7.394608021441334555e-02
-2.425261130999326724e+02 -3.661693578177128217e+01 -1.460506829276244822e+01
-2.359022860809416784e+02 -1.066150577770127654e+02 -1.084735691922292311e+01
-1.273973221074421787e+02 -2.100290797546098247e+02 -1.450788211488844937e+01
-1.960918281806953303e+02 -1.662979324807276100e+02 -1.139028972506608461e+01
-1.436315369425665267e+02 -2.176469043584131100e+02 -1.148860418636369651e+01
-1.800470596279012909e+02 -1.971238100017232568e+02 -7.990088813838743143e+00
-2.350590963893038747e+02 -1.450083196919137265e+02 4.341579433724009895e+00
-2.352739966946779475e+02 -1.448158446406256985e+02 -4.816654134713550306e+00
-2.177984559984496400e+02 -1.731299867604747362e+02 2.814081196056297252e+00
-2.184650562187277956e+02 -1.733052345701627246e+02 -2.645218704988716141e+00
-1.720842855329922259e+02 2.192133011528131306e+02 -3.112108760232963345e+00
-2.114545595107233567e+02 1.701577038134523150e+02 -7.354860868962755482e+00
-1.597890877313733711e+02 2.213716452273759216e+02 -6.455452810767825511e+00
-1.962213875869335595e+02 1.988800390214715890e+02 -1.104867221384948084e-01
-2.412016742437674566e+02 3.695328737741240843e+01 -1.445350547388248508e+01
-2.354234163416285810e+02 1.073564653282856796e+02 -1.080333165627267711e+01
-1.269501419410255920e+02 2.097770828348095051e+02 -1.425826805228726357e+01
-1.962811132959857900e+02 1.664509703629805131e+02 -1.133592390873927513e+01
-1.445675093582781869e+02 2.180240794987936965e+02 -1.029532683602102061e+01
-1.795862227295584148e+02 1.956782704084766067e+02 -9.552009601757422530e+00
-2.348634384327134796e+02 1.450234621778277813e+02 5.176849449105350942e+00
-2.344450118807904175e+02 1.440267079358697799e+02 -3.638325808324401223e+00
-2.191170413151295691e+02 1.735809682029203600e+02 2.137611002238604119e+00
-2.181902709292131988e+02 1.737304773600619683e+02 -2.258406357455005953e+00
-3.645535921083097719e+01 1.362192601404333914e+02 -2.627609647388889158e+01
-1.079761187634051396e+02 1.052880095396960485e+02 -2.644361520266553001e+01
-5.951156284712785549e+01 1.597600369633814807e+02 -2.355943637106552302e+01
-3.729082878410984137e+01 9.911139912019204701e+01 -2.807028232673616230e+01
-2.201899929875940529e+02 2.366097790467630446e+01 -1.820915679930407194e+01
-1.706195577979073050e+02 6.645918983889357889e+01 -2.346848353257541930e+01
-2.216449658771229565e+02 5.909718542385474649e+01 -1.709364762683258832e+01
-1.053283774577969183e+02 1.971664497692889029e+02 -1.747577486206284547e+01
-1.332854728610771531e+02 1.269029139371625234e+02 -2.323012896490726931e+01
-8.247634922748495967e+01 1.805428675208076186e+02 -2.128905847942144192e+01
-1.436748158279017673e+02 1.803238309389434448e+02 -1.781225629467608584e+01
-9.656605095576523468e+01 1.449011627889267118e+02 -2.466446389488802993e+01
-3.891765719928631739e+01 1.996401560734541647e+01 -2.949176214147509256e+01
-1.088723819674139150e+02 6.345737059629068710e+01 -2.714192265820255301e+01
-3.679577198131489979e+01 6.026706109533822087e+01 -2.978610503569748147e+01
-7.206069797629049845e+01 8.355188756738527900e+01 -2.742501796038595430e+01
-2.102489686416095367e+02 1.305793492155893887e+02 -1.356438679012126869e+01
-1.673540107479414871e+02 1.041355540276443605e+02 -2.242849347927686665e+01
-2.185466474142201321e+02 9.678701399525009208e+01 -1.554193570270650682e+01
-1.790652013788016745e+02 1.574117694076525140e+02 -1.611661103831284692e+01
-1.965327868755242093e+02 8.284608848011509963e+01 -1.947408902642502682e+01
-1.566439642494502777e+02 1.421513163938186608e+02 -1.973445543805799218e+01
-3.619300219507373839e+01 -1.356998534573069719e+02 -2.634482195879242283e+01
-1.077913999299889127e+02 -1.029960252677072248e+02 -2.554435264933716709e+01
-5.973321308006470787e+01 -1.599126961732008851e+02 -2.243538455377845153e+01
-3.624826768947229994e+01 -9.900023188195450530e+01 -2.842318886925299637e+01
-2.192185336438599847e+02 -2.284141522417379377e+01 -1.919323395813147570e+01
-1.696354918809935839e+02 -6.535003024856405318e+01 -2.392551650347283143e+01
-2.209411055491614775e+02 -5.940042930286700340e+01 -1.648825391508491833e+01
-1.979692607491170406e+02 -6.625350513851320233e-01 -2.071441499251496410e+01
-1.047163250571014146e+02 -1.973018294414099216e+02 -1.734254326120240819e+01
-1.328197969949329433e+02 -1.268774665055600508e+02 -2.324288622277442329e+01
-8.190419076233762041e+01 -1.798805854778658500e+02 -2.164611994226273950e+01
-1.434113292182708221e+02 -1.800978203760165854e+02 -1.655454123376944864e+01
-9.753683525763739226e+01 -1.452716569311897672e+02 -2.223742069963016021e+01
-3.985027620876601162e+01 -1.930087655192912166e+01 -3.062174066028443420e+01
-1.090861071790442196e+02 -6.391433865584525620e+01 -2.790081732888681287e+01
-3.740027785255703208e+01 -6.164058902000274287e+01 -2.939338592367007763e+01
-7.484717970270186527e+01 -1.691819229689990878e-01 -2.785968209995645850e+01
-7.293517405105289697e+01 -8.339447639786014577e+01 -2.779183378980044594e+01
-2.114107260680598301e+02 -1.322779435335012579e+02 -1.491455417350100277e+01
-1.653214047483666320e+02 -1.070495188391645769e+02 -2.177651749366181377e+01
-2.180382758816208764e+02 -9.660078026254373640e+01 -1.497257227266394786e+01
-1.788885060843762460e+02 -1.582533721589498157e+02 -1.627513278291460352e+01
-1.965118382114250153e+02 -8.318711916045010923e+01 -2.043997926944744847e+01
-1.575730766432783980e+02 -1.428004092484876821e+02 -1.990214436845073465e+01
-1.435777687536040901e+02 4.336695840099567079e+01 -2.516115682796924702e+01
-1.440184526708498254e+02 -4.417154031414170134e+01 -2.680129186658055218e+01
-1.742476421704431857e+02 2.309961275017121451e+01 -2.393114801618093779e+01
-1.102513987669228328e+02 2.143582887133450754e+01 -2.780589186197847695e+01
-1.732741679518493925e+02 -2.216345813108557294e+01 -2.414053614043043794e+01
-1.092407653771935685e+02 -2.078757613090727219e+01 -2.779282757620707045e+01
-2.562853031402943316e+02 1.622021100102301272e+00 1.059738591160459009e+01
-2.753667248214422330e+02 4.672621202118230066e-01 4.057969660366897990e+00
-2.572658551520099195e+02 -3.648127996178366317e+01 1.103056303490398093e+01
-2.586048684533907362e+02 3.645078467605743811e+01 1.082802207809796258e+01
-2.555364122189261025e+02 -8.629925510996764304e-01 -1.383178062430093469e+01
-2.772557830421538370e+02 -3.093737210493147649e-01 -4.722845178622202766e+00
-2.581736597438292620e+02 -3.646345018824811035e+01 -1.078166345383284153e+01
-2.576812494593346514e+02 3.750434739286708208e+01 -1.043533928239847697e+01
-2.497329962237912184e+02 -1.081462080176499825e+02 5.431822254405960670e+00
-2.760754744994904399e+02 -3.823651782084505157e+01 2.351701999333709381e+00
-2.560297428343571937e+02 -7.419513631054660152e+01 9.776985434228159022e+00
-2.544024159883502136e+02 -1.116352121568688176e+02 3.535101503695643910e+00
-2.702908992805904518e+02 -3.694476185999131701e+01 6.761255719001733056e+00
-2.498067022614790176e+02 1.085314528183319993e+02 7.946676533854410529e+00
-2.756666487107442549e+02 3.742090513333402413e+01 1.522130636024371375e+00
-2.560428506041059791e+02 7.410389949295000633e+01 9.570947753993467089e+00
-2.555480042840337376e+02 1.114139928268658224e+02 2.037539768184344791e+00
-2.697347196079802529e+02 3.704883570338891730e+01 6.102471771687842939e+00
-2.491897689561685070e+02 -1.078854454686034927e+02 -8.510783053513709007e+00
-2.763723225746380194e+02 -3.699031237807394490e+01 -3.099077277118182927e+00
-2.563853206832164346e+02 -7.269777434183764342e+01 -9.051325516377962899e+00
-2.558950145291755973e+02 -1.102625608365973306e+02 -3.465336491555864207e+00
-2.698179664454511339e+02 -3.734826785538137983e+01 -5.936218564929220953e+00
-2.704744581319218355e+02 -7.409297822471567940e+01 1.912489281785152012e-02
-2.502592889974877721e+02 1.087240365285365300e+02 -6.727824394745996806e+00
-2.756455582875383357e+02 3.747589002680241776e+01 -2.423744299137660541e+00
-2.567283204245301818e+02 7.211400362463024294e+01 -9.192611325766314678e+00
-2.544599945121157702e+02 1.107507849678781326e+02 -2.256772044283594791e+00
-2.698789431521429378e+02 3.764904827818303801e+01 -7.326096416315358795e+00
-2.703447885556074084e+02 7.486860211896950545e+01 -1.030277216569861709e+00
1.721477705393565714e+02 -2.190675889162273791e+02 3.320912277057439077e+00
2.118383664696148969e+02 -1.703678625856176438e+02 7.230246002192175503e+00
1.600593632736371035e+02 -2.215093078874031391e+02 7.701639188475299491e+00
2.427522597744183486e+02 -3.782081226392583773e+01 1.399775193414866337e+01
2.363192092437375322e+02 -1.074727600568771777e+02 9.885898182283968438e+00
1.260732316133458966e+02 -2.099300680896390361e+02 1.443339581335662736e+01
1.968701040993089464e+02 -1.683886491399293845e+02 1.081697465613594566e+01
1.450652317143062930e+02 -2.204662173086213102e+02 1.131291359220312742e+01
1.803705632961470826e+02 -1.964532113060448921e+02 9.154685887739470118e+00
1.728756419972895060e+02 2.190523430794627586e+02 2.543688145967676117e+00
2.109587028768883101e+02 1.689984095418444099e+02 8.064362916469834275e+00
1.589626236923518832e+02 2.203300178867366128e+02 5.817738757229110824e+00
2.399594986723265322e+02 3.806115282388660859e+01 1.419394282690750408e+01
2.348322841920234509e+02 1.066587619456881697e+02 9.944805024098213764e+00
1.262766292102576386e+02 2.097091341398646023e+02 1.520712264467536556e+01
1.972024107162026212e+02 1.674121016892923706e+02 1.119874110337096340e+01
1.435446123442899875e+02 2.181315801198709039e+02 1.086030928865858236e+01
1.810803544125315057e+02 1.958003282998952557e+02 1.022015777549469995e+01
3.561626261658871329e+01 1.350712328048827260e+02 2.555649493492137125e+01
1.076613525208392019e+02 1.047766864771032687e+02 2.659307921481589432e+01
6.118313006199582560e+01 1.597609664621660386e+02 2.367787851948301281e+01
3.740948575922815422e+01 9.938302261307531182e+01 2.885665959175984696e+01
2.187497793250626330e+02 2.268474516899357241e+01 1.816526565128610926e+01
1.697853331023953274e+02 6.545346690175209403e+01 2.332605560357967533e+01
2.214612106424235662e+02 6.019698031511966008e+01 1.832483882841124512e+01
1.043830809447693753e+02 1.981851523137225115e+02 1.762537827581016359e+01
1.334885174127432492e+02 1.269008713833785578e+02 2.264956783821117980e+01
8.265527793634826992e+01 1.804536713851142053e+02 2.160254224775418663e+01
1.422631804682870040e+02 1.794256785126592888e+02 1.633325686823325640e+01
9.685061562853063322e+01 1.444878021491423681e+02 2.480022014165712108e+01
3.860246673575045406e+01 2.024833634427506013e+01 2.974854707338998594e+01
1.088848917487115813e+02 6.288816784017726746e+01 2.704914838612988248e+01
3.687399339087563277e+01 6.042936820718232838e+01 2.905397365062776771e+01
7.334548076764473024e+01 8.438603282129807326e+01 2.762726872684292445e+01
2.109351216069514408e+02 1.304644454135026024e+02 1.423061393203677127e+01
1.663066358262509539e+02 1.044136613454913487e+02 2.164749619023396221e+01
2.179520937399554157e+02 9.798375779622011805e+01 1.586486908046665789e+01
1.790477214399359127e+02 1.573555600491914674e+02 1.641673171862597513e+01
1.963456040639305797e+02 8.245831325686962998e+01 1.957076627605981045e+01
1.566164374173230271e+02 1.443134594715108676e+02 1.981702619810586441e+01
3.639582918834051384e+01 -1.355732155279792153e+02 2.661761221837729252e+01
1.075487777372238298e+02 -1.048741250310091999e+02 2.743781704033701629e+01
5.909668482053731964e+01 -1.598648051485951385e+02 2.352505872861288694e+01
3.706246462405214004e+01 -9.824613734091292372e+01 2.816555010564460204e+01
2.190498381894809938e+02 -2.069902113162755697e+01 1.901488701071163945e+01
1.696452441258635417e+02 -6.769737211060022730e+01 2.402746018115491466e+01
2.219886348121875983e+02 -5.915522678307009130e+01 1.697340954805051538e+01
1.977649077721351603e+02 -2.449178246496254430e-01 2.152443696751313951e+01
1.041208105622310853e+02 -1.977104590776241650e+02 1.730350030890112834e+01
1.341710001203807678e+02 -1.271191122452611353e+02 2.190620019062188106e+01
8.196382759647549676e+01 -1.806070502566923892e+02 2.110841036094602430e+01
1.434406279703640337e+02 -1.806603879827728178e+02 1.593551252291284293e+01
9.659766805583097948e+01 -1.452560671750206325e+02 2.407939621092043225e+01
3.832435088535734735e+01 -1.892846287505959069e+01 2.985558827706082496e+01
1.089984724810708769e+02 -6.469775363033731708e+01 2.802979083632809321e+01
3.582454405187163360e+01 -6.136350846563431816e+01 2.923419059514968765e+01
7.442011844328150971e+01 -1.955392352672092812e-02 2.916646793708353158e+01
7.279873131479148185e+01 -8.413942254426514467e+01 2.792177980458610875e+01
2.121766442969411912e+02 -1.302001364492815867e+02 1.277593069586773922e+01
1.664354246861503555e+02 -1.057822032283894771e+02 2.173385009596844242e+01
2.185392889293017333e+02 -9.558907174015620001e+01 1.577655033287879682e+01
1.793581350280680908e+02 -1.566372870032722631e+02 1.556391871156253615e+01
1.967797432417994798e+02 -8.220350718023023262e+01 1.943020365793810100e+01
1.579919876661700471e+02 -1.430643313688802323e+02 1.920670944866532892e+01
1.428182352665492090e+02 4.327399327806833895e+01 2.502778009578517882e+01
1.431097161504461610e+02 -4.426173211148731923e+01 2.485975039647398788e+01
1.734801314219435824e+02 2.233593219791496409e+01 2.405258166001572562e+01
1.092507260451593822e+02 2.148529742945969190e+01 2.791498312013701266e+01
1.737616588784595706e+02 -2.263116731722998409e+01 2.248898828390736426e+01
1.111665109590876597e+02 -2.203156268828804798e+01 2.717486908761220477e+01
1.729902249179789635e+02 -2.193831905690151984e+02 -3.000141992163432025e+00
2.111987552521654266e+02 -1.688162036502736214e+02 -7.321896259248466876e+00
1.601755857236282736e+02 -2.199898358107584784e+02 -5.583728566928340520e+00
1.961241046373680206e+02 -1.987918548200803173e+02 3.545309790913936387e-01
2.417516878845657686e+02 -3.634902012865553189e+01 -1.531313896635204763e+01
2.355906521664616662e+02 -1.061100238931501423e+02 -1.110154979085466742e+01
1.247833778652433381e+02 -2.106723884704648810e+02 -1.492039873766952063e+01
1.960620514349222674e+02 -1.671164386005396807e+02 -1.105986807337506761e+01
1.443862313711067031e+02 -2.175239946512159577e+02 -9.946129850955719220e+00
1.797038025380316242e+02 -1.968348618487625288e+02 -9.255186170218298258e+00
2.350256753085530192e+02 -1.463443532715590152e+02 5.640063153293913167e+00
2.358384280785663520e+02 -1.446740332052071096e+02 -5.157249935707985955e+00
2.174627064280576292e+02 -1.726962760066769533e+02 2.162120831431423085e+00
2.185515900529083524e+02 -1.726452219546186200e+02 -3.084819548775187048e+00
1.723471361637325003e+02 2.187428223620358096e+02 -2.326835881339634149e+00
2.116046177501811769e+02 1.688283829773022546e+02 -6.377578492887749029e+00
1.591846960338544363e+02 2.224851116417195840e+02 -5.839124729566147032e+00
1.962890102632289882e+02 2.004054091223972023e+02 -5.252824555412480834e-01
2.414245829234041878e+02 3.772779313845017413e+01 -1.556109882600848415e+01
2.360906288931423092e+02 1.078308949788936815e+02 -1.057407331869498712e+01
1.262413192933266259e+02 2.102780328227461837e+02 -1.465956805742855984e+01
1.966039469697253992e+02 1.676471545568143995e+02 -9.765954264618489589e+00
1.441051493863578514e+02 2.184503572994374565e+02 -1.193744905843569626e+01
1.812312679715544164e+02 1.966944758099793091e+02 -8.558467081476182514e+00
2.345114545051738446e+02 1.445307350809421791e+02 5.996462087636275307e+00
2.350601917609775739e+02 1.455610701701351104e+02 -5.138287480337269564e+00
2.180978621184179360e+02 1.729808295393975754e+02 2.433352490981396610e+00
2.178637000327610451e+02 1.724728914673677025e+02 -2.171057170718044826e+00
3.559901316623759726e+01 1.354383330984888119e+02 -2.543899603917943253e+01
1.076373696983624342e+02 1.051978910898098007e+02 -2.704249172455974559e+01
6.075292567370384234e+01 1.602716598263728258e+02 -2.379316381883990417e+01
3.693213189551397591e+01 9.906340163379987018e+01 -2.888161100566539474e+01
2.192773935239342507e+02 2.221588539860105982e+01 -1.863038845345989003e+01
1.699770680964152803e+02 6.619553688146233128e+01 -2.331677340266780618e+01
2.215365194293419222e+02 5.917119763099885432e+01 -1.787338516310560266e+01
1.051843086384670301e+02 1.987835728124507000e+02 -1.814500121695803969e+01
1.344989260119236860e+02 1.262826486408289242e+02 -2.251119387156598961e+01
8.330050202868669373e+01 1.795736514192218465e+02 -2.090545318607414060e+01
1.426041542173738890e+02 1.797795960766992209e+02 -1.677681339726736809e+01
9.671390685822598243e+01 1.439304280798828302e+02 -2.379771149029899391e+01
3.911970749238549416e+01 2.072420845902405517e+01 -2.981855088806999277e+01
1.072926658777895881e+02 6.352651880256201622e+01 -2.730853530855021916e+01
3.725381642204801125e+01 6.115962995954149051e+01 -2.948806087209873894e+01
7.320095278435483976e+01 8.398900170135998167e+01 -2.848644528375303153e+01
2.116619075316780254e+02 1.303942081998025628e+02 -1.328387680130454918e+01
1.679130161079073673e+02 1.052286823943087199e+02 -2.061655508654396485e+01
2.187366380699640160e+02 9.641478716502216173e+01 -1.488488518070037081e+01
1.794205421638078519e+02 1.564824897981261813e+02 -1.599141562738236466e+01
1.964334631238117765e+02 8.318641358405341180e+01 -1.975796716140276388e+01
1.570154569915037541e+02 1.433077913901638851e+02 -2.029315823840661892e+01
3.522588529615762099e+01 -1.357991207301925272e+02 -2.661792034071690694e+01
1.066165200340180945e+02 -1.051142985579628260e+02 -2.587499050741000417e+01
6.047182286786851790e+01 -1.595866119117702340e+02 -2.366749837832250947e+01
3.797181515627584503e+01 -9.833443840279419135e+01 -2.845394925039333600e+01
2.184361579899134824e+02 -2.158934429655367637e+01 -1.896781805358868667e+01
1.704741649791722011e+02 -6.705031006438170493e+01 -2.304866657548823028e+01
2.204183087942000725e+02 -5.969674392196792923e+01 -1.716752522321662155e+01
1.988303377587032514e+02 6.524876696370981444e-01 -2.022877942707431131e+01
1.049100585706083848e+02 -1.974606063169949550e+02 -1.802508302279320063e+01
1.332351206850954384e+02 -1.272828678335167467e+02 -2.381504428712360166e+01
8.119536745276447220e+01 -1.808291262596683850e+02 -2.175318107332840967e+01
1.428475904427929493e+02 -1.800329553317421016e+02 -1.785888113252531895e+01
9.814466154451949365e+01 -1.449154788208278148e+02 -2.332829395471054568e+01
3.863062827864163751e+01 -2.027377466931085692e+01 -3.023571951493234167e+01
1.095618876423256154e+02 -6.293572838775500600e+01 -2.626007069394407978e+01
3.715111203192276434e+01 -6.217298949579078737e+01 -2.933235547280829536e+01
7.401186102520460963e+01 5.038000111160822331e-02 -2.808639841767080014e+01
7.235329901668167452e+01 -8.365504173292276846e+01 -2.682015156288485969e+01
2.098871776689731519e+02 -1.308868419993445684e+02 -1.304942797449538183e+01
1.665794749241256056e+02 -1.052247307676051804e+02 -2.253318739046264341e+01
2.179727239066957907e+02 -9.751449419969495125e+01 -1.536985339855535493e+01
1.793909406255114050e+02 -1.571151407043211918e+02 -1.573572839406701718e+01
1.968977161695180769e+02 -8.282720129690390820e+01 -2.043907713314020569e+01
1.576382991695169551e+02 -1.429192684443535484e+02 -2.008856266398725410e+01
1.413091724301597765e+02 4.336714247789075216e+01 -2.544022837076285981e+01
1.404576041593212778e+02 -4.400640928037068988e+01 -2.559452922579549394e+01
1.731247440971264666e+02 2.246122337769109834e+01 -2.409160095850846162e+01
1.103932397194661377e+02 2.057330798944514783e+01 -2.726438327170577125e+01
1.722312376674068730e+02 -2.332212891547627365e+01 -2.334536773200844806e+01
1.097828761045422965e+02 -2.184391923238485944e+01 -2.815531788080771847e+01
2.548678500651897139e+02 5.287041918776410124e-03 1.214250271635978429e+01
2.775378094205643720e+02 1.258437514751220343e+00 2.898845246693517730e+00
2.570427961887645552e+02 -3.702871795674400346e+01 1.110432970118498197e+01
2.582387109704407635e+02 3.595400975197749460e+01 1.044843916457297617e+01
2.564989578851939314e+02 -1.679258769380034266e-01 -1.278365657223887553e+01
2.768071278663639987e+02 4.687985388746441218e-01 -4.346137948559684716e+00
2.583268596519359903e+02 -3.612703275291901406e+01 -1.100105161363586603e+01
2.573181922708858451e+02 3.667938258291066234e+01 -1.019825681416745411e+01
2.490368389408141923e+02 -1.068199198611049638e+02 6.481712355812788040e+00
2.760548411803105751e+02 -3.734197898331320431e+01 9.361518599769754756e-01
2.555980451637016699e+02 -7.435029128006340216e+01 9.487217789655662870e+00
2.546917994183538951e+02 -1.109274504499330050e+02 1.872237421909635158e+00
2.694914408167688293e+02 -3.598383281883307205e+01 6.976370499680767168e+00
2.488680783600211441e+02 1.074790433365552360e+02 7.112965069769431992e+00
2.764515172527068216e+02 3.809359411453987576e+01 2.246841436486727517e+00
2.545445902525036104e+02 7.348394652600342170e+01 8.844638265434223712e+00
2.566342911162900009e+02 1.115059143325830178e+02 4.094140545688726540e+00
2.686785368012099298e+02 3.751749200009499674e+01 7.369911605167070334e+00
2.486701048091308621e+02 -1.082004040830431251e+02 -7.435376648012121947e+00
2.756555709420124458e+02 -3.620120712415200614e+01 -2.133008182951308562e+00
2.551402036894633056e+02 -7.453514027001597242e+01 -9.682685088383925276e+00
2.553557049495313152e+02 -1.118203266770904065e+02 -2.723642191955853331e+00
2.713104318967059498e+02 -3.728706830836220831e+01 -7.076073406565207335e+00
2.679235805161947610e+02 -7.530247087055965949e+01 1.615733738463791314e+00
2.485851308984391324e+02 1.086848253535533502e+02 -6.817569452942791486e+00
2.763163642840993361e+02 3.669723385563598583e+01 -2.790169539624581585e+00
2.558402171618719478e+02 7.386608981896473836e+01 -9.154160736097406215e+00
2.550670666150369925e+02 1.090775064628476372e+02 -2.204818604208179433e+00
2.701817471816933107e+02 3.724601957211476844e+01 -6.319680834654693768e+00
2.685683907034583626e+02 7.456935526495506394e+01 9.228293785479055877e-01
