-9.453758509583030101e-01 6.031939040651486117e-01 -1.646264486787577974e+00
-1.681772595440998164e-01 -1.741155952288237829e+00 -8.571162359626985916e-01
5.735400959668720544e-01 5.305596409237501865e-01 -3.664697392777073737e-01
3.669754985978659900e-01 3.061958097774811538e+00 1.421217960741035791e+00
-4.046877609646958723e-02 -2.205898264743354709e+00 9.578359393984341441e-01
3.594059606925122802e-02 -4.839740719185366968e-01 -2.441223307711094304e+00
4.633885429686399604e-01 1.193116778633923347e-01 1.684952116952186663e-01
4.797086601121843263e-01 7.787150096906610974e-01 2.597297892487102633e-01
1.040774807528789703e+00 3.998127149983191631e-01 8.445901636054051753e-01
-7.553637442388603240e-01 7.161585046483832651e-01 1.342983899395300496e+00
1.214911447376643361e+00 -8.458845487809031338e-01 -1.280807062907526550e+00
4.234382990228396926e-01 -1.195818962697442034e+00 5.506620698122031143e-01
1.037744805727458752e+00 1.368442705968756501e+00 5.877532460650984787e-03
-2.485742069188665304e-01 -4.620966687795172723e-01 1.028783143103991909e-01
7.424356423953343276e-01 1.472730277760029072e+00 -6.778771043902840354e-01
5.551389618019575423e-02 -2.639252197303776359e-01 1.681540242233401927e-01
2.801875612481155020e+00 -5.171079260933100219e-01 -1.420354928080740819e+00
-9.787224749889358311e-01 -1.671741110150116727e+00 2.044900017339328357e+00
-9.482983052194647877e-01 -4.957281950970730544e-01 -3.331634733280809391e-01
-4.877863616873513442e-01 -9.120281926895871250e-01 -2.506273738956166675e+00
3.019880031159773437e-01 2.493578611479559115e-01 2.469442699434913902e+00
-4.297402892184223333e-01 -6.264758895925326421e-01 -4.878653429050178736e-01
-1.377722779154270993e+00 -1.378027654694398141e+00 -6.630237751671075319e-01
8.406059773182350536e-01 2.311713092621971721e-01 7.065034022118475976e-01
8.257303381116789520e-01 -4.078426238991164077e-01 -2.423503984087730379e-01
1.137749158815755779e+00 -3.334820554401174419e-01 8.500395256517978559e-01
-1.705944512951571568e+00 5.419370705154494816e-01 -4.436350389044628195e-01
6.488619949428225953e-02 1.192393749570810790e+00 1.250638673779408183e+00
1.892823809549091463e+00 -1.085831471477893606e+00 -1.589951091519820947e+00
-4.265134801936782960e-01 -2.967011964021931680e-01 -1.603938289334637890e+00
2.594636502506182829e+00 -1.561745536074034213e+00 -1.859055096198051205e-01
1.190953266973782787e+00 3.464672594016219853e-01 2.922659264471616503e-01
6.571840079759269093e-01 6.667344835400883518e-01 2.448085694959506731e-01
-1.137185638921472064e+00 -1.356518791092427012e+00 2.016677000146100684e-01
-1.440546873502091652e+00 -9.136400179810700850e-01 1.022760351377434596e+00
-6.531018741991619914e-01 -1.543545958510249116e+00 9.758769792591671932e-02
-1.711231684617384063e+00 2.454623218706737386e-01 8.320907679492427489e-01
3.085429407397102808e-01 -2.716123280559383235e-01 -1.368906244761930013e+00
-1.897282980509778394e+00 9.016988321647216864e-01 -6.418126365865240990e-01
-3.673326268715298437e-01 2.691231314772217775e-01 2.507427437708225071e-01
-2.479781108352954386e-02 -8.701216624766289209e-02 9.111443655224509275e-01
-7.831704255087295063e-01 5.709818317468180471e-01 2.236703378121554231e-01
