1.139907577001740258e+01 -1.816275731380651592e+01 1.326135486136206798e-01
-1.153087559146076302e+01 -1.824890178428205090e+01 -1.822719585568863265e-01
1.112782933474458780e+01 1.762700383998539522e+01 -1.981049260213263996e-01
-1.086409936406583832e+01 1.723488755210008350e+01 -1.505324818754356746e-02
6.532848212700158308e-02 1.236923058871475867e+01 -1.907842698333838882e+02
-7.976432593049340158e-02 -1.246466898223750874e+01 -1.904721839422313110e+02
-4.317415443548488357e-02 1.308092519887939709e+01 1.972749984997152239e+02
1.221640732057848733e-01 -1.244466241953774066e+01 1.900324132159946942e+02
-1.938310986719886486e+01 -7.086785109695833973e-02 1.213589619239079553e+02
-1.978150810778702251e+01 6.053847089757753708e-02 -1.252910998003093113e+02
1.848258709604421313e+01 3.540265963817127576e-03 1.177499313797351732e+02
1.878889475807905640e+01 1.248579530028709056e-01 -1.186351916098808488e+02
4.548544632823241923e-02 -2.163294292236087912e+01 3.645247227331563367e-02
-4.315932198422436916e-02 2.081208961915553601e+01 3.553239487514896905e-02
6.856256745751277748e+00 1.736816570810063354e+01 -1.152056097446262584e+02
-6.465122712085595857e+00 1.652774930620441296e+01 -1.099072660648932640e+02
6.412067534659279922e+00 -1.638428766120230762e+01 -1.088135268088394412e+02
-6.669790350116363342e+00 -1.678525779238359306e+01 -1.115507444181835126e+02
4.511945003027122147e-02 1.347035207554531447e-02 -2.220138504181389010e+02
6.287768884959880289e+00 1.703363901087566390e+01 1.114958562287627757e+02
-6.482024643484640691e+00 1.689164252961559853e+01 1.109482518260770121e+02
6.620628702855620773e+00 -1.722876567185308971e+01 1.144275923182836721e+02
-6.102817650278272943e+00 -1.628881711449118441e+01 1.077592311594798105e+02
1.704269489126395559e-02 -1.397760180624018321e-02 2.299398014041622673e+02
-1.838835038616548800e+01 -1.149241078295940888e+01 7.432701179945809145e+01
-1.634506707055773234e+01 1.015610704373623463e+01 6.784578110604640244e+01
-1.068619012532510482e+01 6.929149041915856344e+00 1.702138984647859843e+02
-1.169924003114342170e+01 -7.187428393457722997e+00 1.808388624310730393e+02
-1.766294735635182533e+01 -1.127938994517428029e+01 -7.239502007072876211e+01
-1.656661342884651589e+01 1.035981524752781802e+01 -6.798583319029808081e+01
-1.101183199917304556e+01 6.819716808302719535e+00 -1.732501248019002560e+02
-1.166760090055348797e+01 -7.013878194630000174e+00 -1.809202622771829283e+02
-1.812854712171896665e+01 -2.108705356040387058e-02 -3.941182052534880631e-02
1.657364559689501959e+01 -1.034651399416266848e+01 6.879231237552382083e+01
1.639217998949579780e+01 1.000110003088742339e+01 6.728485013155905392e+01
1.113104357166075076e+01 7.139288068687550393e+00 1.753815598414285830e+02
1.078619292407633168e+01 -7.010519102142760417e+00 1.720440376473607955e+02
1.657100456263338373e+01 -1.036705668765999455e+01 -6.800884293830073091e+01
1.759103512636866284e+01 1.109662520328159729e+01 -7.069145562506662372e+01
1.078381131472122156e+01 6.988194284399231293e+00 -1.720907958475652322e+02
1.156297615756256114e+01 -7.093114038106222097e+00 -1.797418026444252064e+02
1.859945897561305728e+01 5.663380091546691558e-02 -2.319212428239219789e-02
5.899598760874392944e+00 -2.132111843719260236e+01 9.643204868438488842e-02
-5.568090684363055765e+00 -2.018609601760982386e+01 3.233179432934161351e-02
5.457731537389971521e+00 1.970937891608387815e+01 -1.476141716203546034e-02
-5.512372785838045353e+00 1.994305936476573393e+01 2.204748471787001257e-02
9.081484582484536716e+00 1.927805716772647671e+01 -6.188319125151733857e+01
3.795509414484727451e+00 1.551078035356990981e+01 -1.565828902946242351e+02
1.195223178819500243e+00 2.136220680524691673e+01 -6.479388429591774923e+01
-8.669630979976940210e+00 1.845578066794996630e+01 -5.972593335908979384e+01
-3.399886580830216776e+00 1.471202846410097820e+01 -1.485265241689766071e+02
-1.148583640635723935e+00 2.138119987479897333e+01 -6.443157786024994493e+01
3.783498948944194473e-02 1.814233110363813140e+01 -1.174450484526602452e+02
8.663092232644753921e+00 -1.837613285754884629e+01 -5.970338721464691645e+01
3.418653072549235450e+00 -1.475010280099828464e+01 -1.485591123477778126e+02
1.049500740056160675e+00 -2.001584507185147288e+01 -6.178787579926684259e+01
-8.940312490341936424e+00 -1.858774974865310625e+01 -6.074184677735983229e+01
-3.742463942307913793e+00 -1.557437984715614476e+01 -1.564188500866463016e+02
-8.083818162229693405e-01 -1.931844942611483873e+01 -5.944535851092280154e+01
1.241161971498166636e-02 -1.799987501329324147e+01 -1.164207218929158643e+02
2.216151321658611784e-02 6.068732527665690490e+00 -2.041242206507712353e+02
3.046838757938609941e-03 -7.065146583307477357e+00 -2.307337291753114528e+02
8.323050324235349962e+00 1.771231188030511561e+01 5.855547298051617844e+01
3.440661997816299777e+00 1.498745654071858091e+01 1.501980234804855172e+02
1.129776853323497088e+00 2.113672468201484023e+01 6.405731412755835663e+01
-8.401780864394902792e+00 1.790917534317425819e+01 5.888993763669978421e+01
-3.374436892997668025e+00 1.504558791809538043e+01 1.507557553758683184e+02
-1.211218625847115593e+00 2.147070815507546016e+01 6.543986096339811809e+01
8.237026487831705310e-03 1.938532420189586247e+01 1.253569728863185304e+02
9.184348025373177293e+00 -1.947558801146351115e+01 6.405343052488183275e+01
3.347307433705198232e+00 -1.483284286306934519e+01 1.488903238704609464e+02
1.443922118430887691e+00 -2.215088206949846494e+01 6.646800791298660727e+01
-8.509990368899687851e+00 -1.798039697318818142e+01 5.752829471955922713e+01
-3.320047208017104623e+00 -1.462030183634778879e+01 1.474339397247790373e+02
-1.055922115258707716e+00 -2.124035539607729817e+01 6.476792935319213029e+01
-2.045545883659946607e-02 -1.899102443043553734e+01 1.233342955660961167e+02
7.337225519993076372e-02 6.856249962985567770e+00 2.252266699621638679e+02
1.025529039144485463e-03 -6.443012371541494865e+00 2.136788796936055803e+02
-1.583049441202423147e+01 -1.496266896603360763e+01 4.029040831271271372e+01
-2.028130032249632819e+01 -6.665513415559860988e+00 1.068629823322600458e+02
-1.306848028895262814e+01 -1.342836661788187946e+01 9.514913606635563781e+01
-1.414978556582266478e+01 1.327281716709061143e+01 3.619933607277548049e+01
-1.810469987377426193e+01 5.825161774315261276e+00 9.523508665342102120e+01
-1.269740698771332710e+01 1.320822661899319073e+01 9.285587504673685544e+01
-5.855188606638541238e+00 9.618932330831475142e+00 1.815269128813782800e+02
-1.482135554082570295e+01 3.625708704535631544e+00 1.465577972863173954e+02
-1.033886032513690978e+01 1.154901121645271544e+01 1.486208048279405034e+02
-6.501537636833954359e+00 3.507870917784893905e+00 2.149605924754055195e+02
-1.288867207204364540e+01 1.088108138184542995e+01 1.279055578306445824e+02
-6.157537285825875450e+00 -1.010995914436185572e+01 1.923723799723992727e+02
-1.585274314734152412e+01 -3.923714766474580617e+00 1.553109422722262423e+02
-1.030316015437320409e+01 -1.140645101809624684e+01 1.472510083670015604e+02
-6.487217747939386214e+00 -3.627497887201856841e+00 2.149720096717975935e+02
-1.405109521885337998e+01 -1.160958101482693117e+01 1.371280179647176567e+02
-1.164013281950931677e+01 -9.903615523287757905e-02 1.846844595312828972e+02
-1.606839135991706513e+01 -1.541214760176715615e+01 -4.044572004442900948e+01
-1.885142130842021402e+01 -6.149199743783207772e+00 -9.860045091249675409e+01
-1.350667836044726222e+01 -1.411342078484909734e+01 -9.845402855415204613e+01
-1.834664312822932786e+01 -7.339181849478652708e+00 1.331012791472953039e-01
-1.456237648388736616e+01 1.370425868054892504e+01 -3.709878440301251601e+01
-1.803914304571825156e+01 5.936625441499162825e+00 -9.563087213816842791e+01
-1.300191309593038902e+01 1.369564115912292301e+01 -9.565185775788710032e+01
-1.778577502500552043e+01 6.815132427599001730e+00 -6.343562684550410613e-02
-5.732616167970443044e+00 9.658155149208521806e+00 -1.822311908351884142e+02
-1.532687943778572048e+01 3.877371261245879275e+00 -1.510430591322816554e+02
-1.019844988428594945e+01 1.137592876719304513e+01 -1.468958589138014474e+02
-6.106393562420801224e+00 3.306363416726298077e+00 -2.043167186913516105e+02
-1.260099513051373421e+01 1.083584677693295539e+01 -1.250662256744386696e+02
-6.127993322678275234e+00 -1.017843773905294036e+01 -1.924362432321211713e+02
-1.642362162744973375e+01 -3.965505876496528082e+00 -1.613600800952237080e+02
-1.081099497273020127e+01 -1.184100896352102161e+01 -1.520834419568869293e+02
-6.315808473831214798e+00 -3.440481343443595463e+00 -2.085451803858780124e+02
-1.332030586192250965e+01 -1.130857491197404308e+01 -1.315864476684427586e+02
-1.162662455884097490e+01 -8.130683534206872842e-02 -1.853930981943258587e+02
-2.061148112917942044e+01 -1.869959018116105348e-02 6.242615105127587327e+01
-1.994992042877801808e+01 3.683128782596011008e-02 -6.280020272821140281e+01
-1.886012823674227334e+01 -6.804770388280055649e+00 3.785025087108587627e+01
-1.799896056909176423e+01 6.530427297506055773e+00 3.641606322991640354e+01
-1.804409903778564939e+01 -6.559621772768808867e+00 -3.623990105007815998e+01
-1.794449422459266685e+01 6.494051314883673598e+00 -3.646780716706160774e+01
1.469915761704175239e+01 -1.398453324664837183e+01 3.721966446089822256e+01
1.808222660003898596e+01 -5.856210114661171140e+00 9.524098637739855633e+01
1.281330084236677891e+01 -1.340520486240801290e+01 9.369022853065472134e+01
1.398322484870181803e+01 1.305578563199907727e+01 3.558612251112018043e+01
1.741222892603341421e+01 5.707743502460714602e+00 9.249775376832354823e+01
1.301948400440027065e+01 1.357643745513914979e+01 9.513186088372802374e+01
5.955646984024109081e+00 1.000739900921441894e+01 1.878368922344238854e+02
1.497591877742414646e+01 3.713107172215980079e+00 1.476382513329217829e+02
1.059366817153938989e+01 1.190657278165296873e+01 1.527714996311157734e+02
6.799558168852774642e+00 3.664106959580621048e+00 2.266739075838832207e+02
1.293589807749621379e+01 1.126172995521065623e+01 1.291624274241660828e+02
5.790495129226413518e+00 -9.705616226848439609e+00 1.821472494624664478e+02
1.483258145544164641e+01 -3.690188730223446179e+00 1.465644325094827707e+02
1.049060956365009289e+01 -1.178504771204648094e+01 1.509916648204545879e+02
6.112883626925618152e+00 -3.296613707172852958e+00 2.101934228642553251e+02
1.289123092202855148e+01 -1.091935802358653795e+01 1.279190046570346055e+02
1.231189781637356795e+01 -8.498189778507873882e-02 1.933845751639028094e+02
1.456533021733889122e+01 -1.369242961094005473e+01 -3.706913798486854716e+01
1.798917843014364948e+01 -5.937952697132212521e+00 -9.566923603893020811e+01
1.302204995321579872e+01 -1.369888224071257099e+01 -9.568183342088477161e+01
1.779415889229624526e+01 -6.825457354367267193e+00 -5.724144314296137487e-02
1.547528481756338614e+01 1.476598665668752375e+01 -3.924254782827773624e+01
1.814775816114486062e+01 6.032668119016277863e+00 -9.601674467181454986e+01
1.402242159494479168e+01 1.470545546812917515e+01 -1.018367847029789885e+02
1.834186101069171571e+01 7.167248363540903888e+00 -2.611485782178130186e-03
5.771572828360640450e+00 9.618792439680165174e+00 -1.828883331305501372e+02
1.473844888013523935e+01 3.703475383054191994e+00 -1.459575243907625861e+02
1.070200838121898101e+01 1.210494392754321780e+01 -1.537017922739531457e+02
5.971433280381314823e+00 3.269098715913571152e+00 -2.044337378569152293e+02
1.315027448307973579e+01 1.117961513639314042e+01 -1.303646564751479389e+02
6.085854931627161513e+00 -1.026643711853033558e+01 -1.917760978460769365e+02
1.593228147437219633e+01 -3.903359533634028100e+00 -1.567148906984403141e+02
1.022930645900494007e+01 -1.142638114036442154e+01 -1.469712672121271737e+02
6.626173781014294661e+00 -3.636435257999786064e+00 -2.207824344218854549e+02
1.263334620090594207e+01 -1.087542890316928457e+01 -1.251064738239366250e+02
1.166983116636465567e+01 -1.159978981806621262e-01 -1.856189009171760063e+02
1.956149236936820301e+01 -5.020106264911824989e-02 6.072211130815913549e+01
1.943596037381578157e+01 2.251975771034165491e-02 -6.090523696722670621e+01
1.797822238641216686e+01 -6.529703937254150325e+00 3.641670820539422238e+01
1.837596811709860845e+01 6.620454858358844064e+00 3.696810081851746332e+01
1.792610823502171158e+01 -6.465601816811079594e+00 -3.647237265038999254e+01
1.879750371425486932e+01 6.714477212048038268e+00 -3.777970649313667906e+01
8.795647749201485510e+00 -2.014602838417748387e+01 9.142817687249223113e-02
2.929368418326823598e+00 -2.181628661083733434e+01 5.644374081014830874e-02
-8.468635498689197405e+00 -1.929827074289621436e+01 -5.042802466494645391e-02
-2.801485455646989031e+00 -2.114637293393655426e+01 9.206749480692405507e-02
8.353429455748710097e+00 1.892352514550023557e+01 -4.090079295828539380e-02
2.664616185171809537e+00 2.029742139121311340e+01 2.713108910686102757e-02
-8.206521912782010375e+00 1.872452155576937827e+01 -2.465350237337891881e-02
-2.789216442625692238e+00 2.071990026657844197e+01 2.430437628371897793e-02
1.007928480108757263e+01 1.867820696961189597e+01 -3.119238800679157464e+01
7.210584258130093183e+00 1.871086678122851055e+01 -8.635353496671815776e+01
6.831644708380403053e+00 2.042324506927068484e+01 -3.252986404556316558e+01
2.081931926294692037e+00 1.403360025623993224e+01 -1.742154878934235285e+02
5.860403721936440213e+00 1.649629648392014047e+01 -1.371616941264376521e+02
2.766430921246175179e-01 2.160506202162726908e+01 -3.310455834292920940e+01
2.286821408784184495e+00 2.014721003686892686e+01 -9.068486694193366304e+01
4.381934112657867253e+00 2.113708034863476470e+01 -3.275649571781303138e+01
5.478883118201995472e+00 2.015195520179657507e+01 -6.164784018805801935e+01
-9.559314809132278157e+00 1.764021543220441757e+01 -2.987497719309485333e+01
-7.068683514831815451e+00 1.857440213919913674e+01 -8.802360064157946340e+01
-6.460380966232845523e+00 1.941703146804157853e+01 -3.079403619305748308e+01
-1.820757787789337279e+00 1.296496379295735935e+01 -1.614782765389113024e+02
-5.473745126134736516e+00 1.554011239457060967e+01 -1.292665872068829174e+02
-1.181923577178411039e-01 1.510593436936278522e+01 -1.512205310501437339e+02
-1.964412144117334558e-01 2.159293507338164986e+01 -3.380036672766406269e+01
-2.393754193298927468e+00 2.019530123746429950e+01 -9.160669145296131433e+01
-4.171382395344506833e+00 2.060749417317757448e+01 -3.199737446420089526e+01
-3.168143710763146603e-02 2.157380237702990300e+01 -6.780951733337529674e+01
-5.353526584622732010e+00 2.000010802106361751e+01 -6.238608869273383561e+01
3.082843229046490219e+00 1.806663942400366452e+01 -1.169851281234719238e+02
-3.181883884975150512e+00 1.777703844242689613e+01 -1.164401756473442617e+02
1.489842404317350599e+00 1.656154840718376420e+01 -1.323961440724770853e+02
5.557019690505621279e-01 2.042300894297500946e+01 -9.817426958608412235e+01
-1.505582406081705349e+00 1.661424388956743314e+01 -1.335398045065697374e+02
-5.665227620107156081e-01 2.040384042936211273e+01 -9.700531076433365740e+01
9.555849842598478361e+00 -1.764149568736680962e+01 -2.982275528779484830e+01
7.089732882578553941e+00 -1.848988090087954816e+01 -8.801336721358596549e+01
6.442813978775888906e+00 -1.934325920136382493e+01 -3.075484750349158958e+01
1.777719775053552942e+00 -1.303768620089734398e+01 -1.615999643026302408e+02
5.500053063495261796e+00 -1.554366228626643043e+01 -1.292883230506615746e+02
-2.226214045122722890e-02 -2.041147477598174476e+01 -3.198079848465730279e+01
2.487461825242706759e+00 -1.970163011735584746e+01 -9.150374885463024555e+01
4.063043210206114253e+00 -2.020046396965731006e+01 -3.189788679698371965e+01
5.265720599774942556e+00 -1.953432695348448078e+01 -6.232534690604747141e+01
-1.009233122660632986e+01 -1.837842213250227630e+01 -3.148742925044303220e+01
-7.098928419541120860e+00 -1.814508281355758612e+01 -8.689591157603405236e+01
-6.312895671167090939e+00 -1.883733547913108808e+01 -2.925509233151443311e+01
-2.011868539412964285e+00 -1.405904306487219024e+01 -1.739432741952020933e+02
-5.774850542835873846e+00 -1.655156461043726424e+01 -1.373586527267999600e+02
1.393345825033988350e-01 -1.511432796110281807e+01 -1.512251861063254808e+02
1.969980121552449281e-01 -2.001560134352352804e+01 -3.115383953949019613e+01
-2.210024080150807979e+00 -1.883211741245927229e+01 -8.518924059392423942e+01
-3.950443347965828522e+00 -1.927504294646003302e+01 -3.018636579764357464e+01
1.208031743470921460e-01 -1.937257225502448321e+01 -5.975828073254862005e+01
-5.014783489038695308e+00 -1.871070062379134669e+01 -5.791216626849274007e+01
3.249085489937614923e+00 -1.762036032751415959e+01 -1.156285047768518126e+02
-3.115338690110878161e+00 -1.785119001430512142e+01 -1.167237831119903433e+02
1.517090229271252699e+00 -1.662258262786528107e+01 -1.335568665106267190e+02
6.819501699472161338e-01 -1.928477318819603425e+01 -9.148700702270316754e+01
-1.474052613175561133e+00 -1.657846100996599858e+01 -1.323735115801630400e+02
-4.732729629985597541e-01 -1.902402142094102544e+01 -9.062858288536128271e+01
1.883660089700661400e-01 8.666795126382758951e+00 -1.887370265270509435e+02
-2.706685404592675676e-02 3.147605493837213775e+00 -2.157455934503632875e+02
-1.958448752914873914e-01 -1.014292181506913515e+01 -2.148135121649357586e+02
1.024056370216780698e-01 -3.638863128859322948e+00 -2.450456770207829607e+02
9.487344514168739806e+00 1.744708603450741080e+01 3.021086866167769358e+01
6.749376454054057284e+00 1.805717156451795091e+01 8.513495190450102257e+01
6.332494267109099795e+00 1.898845813979713881e+01 3.044966452308994675e+01
1.952310859530705711e+00 1.357825075114276636e+01 1.671985099218592268e+02
5.597118612354804235e+00 1.597105584463787054e+01 1.307914726876223313e+02
1.174129990862613215e-01 2.123823985111798862e+01 3.295103763322379820e+01
2.574321622435597146e+00 2.065151037383705557e+01 9.485849911061552575e+01
4.056832627970472949e+00 1.998083971231769240e+01 3.049116075519293290e+01
5.242853537010276455e+00 1.944549918636297292e+01 6.090957404612378667e+01
-9.497208197775471206e+00 1.750274325088458127e+01 3.003997018113368966e+01
-6.809894717657740237e+00 1.818464189790297425e+01 8.693565119809700548e+01
-6.463392099910303834e+00 1.940947100133579539e+01 3.073224093308992266e+01
-1.937805675469907785e+00 1.340084844561724431e+01 1.650541842354908511e+02
-5.412884355788942337e+00 1.566818449668925517e+01 1.287948219112565766e+02
-5.502512010035803119e-03 1.615802049900869264e+01 1.616187764029045582e+02
-2.834982320642503439e-01 2.158189477531977118e+01 3.456660400986336867e+01
-2.513264539091248473e+00 2.035626030894337646e+01 9.269935533421433149e+01
-4.216613889361182643e+00 2.070838924489395083e+01 3.200416173610376092e+01
-1.062470802052717378e-01 2.160860118092049476e+01 6.804712756874572221e+01
-5.308941192268907372e+00 1.987577373494385213e+01 6.229417528948992810e+01
3.362209397652832887e+00 1.866976227965819390e+01 1.215997210127209911e+02
-3.479240292013995539e+00 1.879959353816230916e+01 1.232541017527230451e+02
1.628219769937548023e+00 1.750001024396546256e+01 1.401812453896399688e+02
7.478138751549716634e-01 2.122505262401250192e+01 1.020694200096333617e+02
-1.603082042905761062e+00 1.759210419859213559e+01 1.413355264197440420e+02
-6.531485593247595700e-01 2.096193015790871428e+01 9.887808913889261930e+01
1.064567834836083193e+01 -1.971322386588872888e+01 3.379477330073417818e+01
7.204599374325624694e+00 -1.904482700253910821e+01 9.179493514162575707e+01
7.412096369405579033e+00 -2.162022658626962723e+01 3.416731305529560814e+01
1.877991277899195399e+00 -1.317169188281751602e+01 1.632430278333992817e+02
5.487254763054801643e+00 -1.572933448467058071e+01 1.294660626099208969e+02
3.734307656952236543e-01 -2.269934854217792619e+01 3.468461360177921904e+01
2.612405447283037585e+00 -2.089511799991659302e+01 9.469561134857929119e+01
4.590872261903530038e+00 -2.236245658146053472e+01 3.380091047895798084e+01
5.775908825386037115e+00 -2.126019822004855442e+01 6.670783271034467532e+01
-9.767928581411640110e+00 -1.794683693717079720e+01 2.945613513283750962e+01
-6.654886742809273059e+00 -1.756209104295036028e+01 8.122831326844610089e+01
-6.473640897099250502e+00 -1.956140922820383565e+01 3.070684112540889643e+01
-1.736024471106648592e+00 -1.326250828727306796e+01 1.641496141324290079e+02
-5.292164247283161593e+00 -1.523525893046372026e+01 1.257561039151295432e+02
3.479749452072002786e-02 -1.563525615627046150e+01 1.569415858033438553e+02
-2.303972988951412115e-01 -2.248189186168633569e+01 3.514986813587799475e+01
-2.315790030948677192e+00 -2.011555921459722285e+01 9.173325041571389704e+01
-4.294911679066268917e+00 -2.103885263241097903e+01 3.219287068778264427e+01
2.011120630035817536e-01 -2.186151524030912086e+01 6.802257170933840769e+01
-5.198171818953276180e+00 -1.920838893273742798e+01 5.894673174517060232e+01
3.363935484025488698e+00 -1.846678784090160619e+01 1.200016388352838561e+02
-3.231888730849497016e+00 -1.818743498926836466e+01 1.191756370042349715e+02
1.589413138024662553e+00 -1.727288527415691988e+01 1.392257954530151665e+02
7.552674244738027953e-01 -2.103998736477775111e+01 9.878012739332847048e+01
-1.482725239584019361e+00 -1.694148619792673571e+01 1.361298430037581966e+02
-6.769453654430699352e-01 -2.101815433233302599e+01 1.018675019906234525e+02
-9.260076408810886950e-03 9.998501259636748628e+00 2.124880152030505371e+02
2.328935481843680960e-02 3.272704705443620465e+00 2.269448063233732285e+02
-1.216003965447134683e-01 -9.472517397822663554e+00 2.026354611554735357e+02
-1.024869858954654406e-02 -3.270009982387532599e+00 2.243648931993033955e+02
-1.365838104044106416e+01 -1.636909150429884008e+01 2.022175703494437116e+01
-1.758182447879347876e+01 -1.355588890789339729e+01 5.946173801027934758e+01
-1.270360579489119424e+01 -1.710269608278693099e+01 5.185388922864459005e+01
-2.032247400923679592e+01 -3.412423561090029978e+00 1.160198636678813955e+02
-1.962762436027514923e+01 -9.337389941918432967e+00 9.255421682147894558e+01
-9.801379311468611633e+00 -1.434499926884321397e+01 9.905086870455447468e+01
-1.604691551147536899e+01 -1.280405766144922453e+01 8.616093411142311709e+01
-1.132358561766668181e+01 -1.679394814468617980e+01 8.069540233803923002e+01
-1.477568892458161720e+01 -1.631716266799930537e+01 7.519735463124692387e+01
-1.270291978736071670e+01 1.526427325095321486e+01 1.842866077531084557e+01
-1.524861164955579618e+01 1.170286081920783694e+01 5.259116105207392877e+01
-1.148894731253411550e+01 1.564005319983330189e+01 4.751509425726936087e+01
-1.828358638205229880e+01 3.068709516935062886e+00 1.026752730425184978e+02
-1.750864302726320432e+01 8.311348892239287522e+00 8.435172784263377821e+01
-1.001334488583066751e+01 1.511445053281470052e+01 1.047113971837091242e+02
-1.474639239413323466e+01 1.162413109750349172e+01 8.079575213625332708e+01
-1.048224832235943182e+01 1.592411421731310206e+01 7.620004053601724081e+01
-1.277824472060805050e+01 1.426928130833492503e+01 6.541862969793687910e+01
-3.023644513812468571e+00 1.069211995176715924e+01 1.823753293984483150e+02
-8.128818234499458839e+00 8.090653662630638010e+00 1.737245730932506547e+02
-4.981848503643976578e+00 1.242279575534035629e+01 1.694523954348662755e+02
-3.250728526499709226e+00 8.635053022884516594e+00 2.087705155980699772e+02
-1.668430830005688037e+01 1.862576359721141328e+00 1.305026401588593217e+02
-1.288488337639780923e+01 5.515970831379894079e+00 1.601929740537289035e+02
-1.633610329232687164e+01 5.527192119767426526e+00 1.217075407068757897e+02
-9.363951326113152618e+00 1.341510436710275300e+01 1.281425474832985287e+02
-1.106729611433822669e+01 9.216058291627282628e+00 1.650486272272052020e+02
-6.634512415353015946e+00 1.355222621271047423e+01 1.495733918668273645e+02
-1.087641056630624625e+01 1.287407580201283253e+01 1.222857531511999269e+02
-7.679677113087492124e+00 1.172356380159864919e+01 1.726533000271948595e+02
-3.320869462074873990e+00 1.984107945418204677e+00 2.363490684159780812e+02
-8.913000855347794626e+00 4.485444968712946512e+00 1.898152267771807544e+02
-3.352749835735914896e+00 5.694642297860896818e+00 2.309329545152120886e+02
-6.001342006837681708e+00 6.752932726301660082e+00 1.961821702155706362e+02
-1.437746154968837686e+01 1.185166456018756698e+01 1.015889782832416444e+02
-1.222314831144186620e+01 9.475575978445526459e+00 1.556699307502299803e+02
-1.621564476942909039e+01 8.518196428662491826e+00 1.167474154899332319e+02
-1.221471294219676018e+01 1.203721362297057595e+01 1.070184234065076652e+02
-1.454867928369558960e+01 6.980468339213206086e+00 1.401133434250411085e+02
-1.104599452874227161e+01 1.102713342962336718e+01 1.360584739583936198e+02
-3.046740201786142244e+00 -1.155304059844776354e+01 1.937941654998210481e+02
-9.216383007841884023e+00 -9.047935687868410071e+00 1.926893226182221781e+02
-4.900368170524387779e+00 -1.222174720895659128e+01 1.665952701536878067e+02
-3.235859590998849900e+00 -8.532779748714771628e+00 2.073043981914691756e+02
-1.753454894865432223e+01 -2.112439722785420582e+00 1.379395513802655273e+02
-1.408152814142759368e+01 -5.844490458756186335e+00 1.737228799076360701e+02
-1.821264497759942103e+01 -5.887561809611028707e+00 1.355515262054817640e+02
-1.527869505109009829e+01 -1.310573493835649472e-01 1.495337612708553934e+02
-9.350566436839212514e+00 -1.349172094493204277e+01 1.292440721176578791e+02
-1.091991095753459007e+01 -9.253664046483351058e+00 1.629176847514278563e+02
-6.651639449245181801e+00 -1.337007489680313732e+01 1.486922934846359112e+02
-1.102201970152448673e+01 -1.278904776844434465e+01 1.213975931183274213e+02
-7.358904190947988866e+00 -1.119140614335236883e+01 1.654456467639632820e+02
-3.190256992522785495e+00 -2.002884926312314740e+00 2.281990058891240949e+02
-1.004348798216066818e+01 -5.134552261108401794e+00 2.071843091944211892e+02
-3.222998992318636624e+00 -5.402233126908560834e+00 2.200938327149087286e+02
-6.076382719630343487e+00 1.852689463809591847e-02 2.125081480326757060e+02
-6.355105659403466056e+00 -7.184249088468805056e+00 2.074699689243192609e+02
-1.574982562738683534e+01 -1.266076501301063750e+01 1.101992251721497524e+02
-1.306231825649680900e+01 -1.001456348708446065e+01 1.637000029559769700e+02
-1.749193457136814089e+01 -9.079514525622441212e+00 1.228951812130523251e+02
-1.287673835601398764e+01 -1.262847476344871289e+01 1.115448660318622274e+02
-1.638146828809946598e+01 -7.709429516391145931e+00 1.568589680019810544e+02
-1.158589817836525349e+01 -1.145572629339280901e+01 1.405634724285219761e+02
-1.181654010478232308e+01 3.937407574562556967e+00 1.868806575879308127e+02
-1.128289776619645401e+01 -3.660511533464918532e+00 1.795247247771991397e+02
-1.344153996227541015e+01 1.459109407210559262e+00 1.646695318229236022e+02
-9.304426545624759015e+00 1.597286831078181368e+00 2.024251585318028219e+02
-1.359589322506116105e+01 -1.693009263962914179e+00 1.661662623540313746e+02
-8.570850730031738252e+00 -1.534538729491311093e+00 1.943623893578795503e+02
-1.396773435685036624e+01 -1.677037097005523947e+01 -2.061651535560750759e+01
-1.752550190326902069e+01 -1.369364090867913397e+01 -6.044115998053378291e+01
-1.320938176220107252e+01 -1.783632247761909539e+01 -5.472454905823231286e+01
-1.576095989891433291e+01 -1.369421247561494681e+01 -2.997653198080744985e-02
-1.949401631396615997e+01 -3.287942825473600283e+00 -1.109000883899758207e+02
-1.798223139044694818e+01 -8.744425352760314851e+00 -8.550810152765843952e+01
-1.051351957227239531e+01 -1.526728089316456760e+01 -1.067343549727742698e+02
-1.604098009854440576e+01 -1.278543100698916746e+01 -8.755555223699329304e+01
-1.184121272411550052e+01 -1.757594969387962536e+01 -8.545307486151111220e+01
-1.487763783259749140e+01 -1.658442049910711091e+01 -7.463019444845451744e+01
-1.896059617452127455e+01 -8.981464961554502580e+00 3.792898213879720970e+01
-1.858976924089423832e+01 -8.745987332755188248e+00 -3.689071289597877268e+01
-1.704101398530034217e+01 -1.169007587908101264e+01 1.967144333616233709e+01
-1.711193410443627627e+01 -1.182497224608515829e+01 -2.015001059397681260e+01
-1.277214381201478055e+01 1.529057278012694709e+01 -1.887440517083500779e+01
-1.571626603920875631e+01 1.210218457919141244e+01 -5.375197360537845981e+01
-1.210119820180171146e+01 1.647641502451533668e+01 -5.063404524647277327e+01
-1.506480280905140212e+01 1.286669186699757894e+01 -3.559311060740572713e-02
-1.858815100964632805e+01 3.102615519826921631e+00 -1.038994595398992828e+02
-1.732120299767589700e+01 8.376636558678063338e+00 -8.371906740708749339e+01
-1.020616831766270494e+01 1.514944934421223977e+01 -1.059698010944899806e+02
-1.515317090686085422e+01 1.205216523479526991e+01 -8.316260393079333824e+01
-1.131879439354475458e+01 1.701549195046894525e+01 -8.262798313703018493e+01
-1.364731749375052949e+01 1.529437857915795362e+01 -6.958418864418129601e+01
-1.745098046287576565e+01 7.804305983475027908e+00 3.473046147915787429e+01
-1.764327729840116277e+01 8.009074783462960312e+00 -3.482414037250652683e+01
-1.592929660479676812e+01 1.092742567378431140e+01 1.884805523021698903e+01
-1.624057666533817468e+01 1.116871184926434779e+01 -1.927410799787332252e+01
-2.839206978552215155e+00 1.046362835293575877e+01 -1.790623217319228218e+02
-8.544174711674026312e+00 8.266215038348841304e+00 -1.789279979546076902e+02
-4.744300979861280965e+00 1.199602565632872064e+01 -1.641243577310068247e+02
-3.107404364669391406e+00 8.264611852624662802e+00 -2.011205834259708638e+02
-1.724544757328753519e+01 2.023615828637511438e+00 -1.337158926417022542e+02
-1.292082438205559747e+01 5.352128177580065760e+00 -1.608133845286939163e+02
-1.696427786916894220e+01 5.726366561260706867e+00 -1.271551046068541808e+02
-9.487628865666453137e+00 1.344047006500370678e+01 -1.295523385585777589e+02
-1.079804587906698998e+01 9.249209639723247278e+00 -1.630478636197276785e+02
-6.633958259665222457e+00 1.349301200255861133e+01 -1.495954940073962405e+02
-1.076759901305586453e+01 1.279473359189082871e+01 -1.210650382048136748e+02
-7.156654279721638368e+00 1.093918485013024089e+01 -1.624511408668248862e+02
-2.809590830644405735e+00 1.929803023826290431e+00 -2.126202348673730000e+02
-9.415234543864009709e+00 4.496331831132320822e+00 -1.962833239273154788e+02
-3.256401278106896502e+00 5.373113407094361804e+00 -2.165678525401338277e+02
-6.414197539526506731e+00 7.173075721233395541e+00 -2.054719178238613324e+02
-1.412582053837286011e+01 1.178405328667261109e+01 -9.865941959905794079e+01
-1.174985770765596094e+01 9.270273932807327810e+00 -1.506102897944394385e+02
-1.610736496698913811e+01 8.543179108557877655e+00 -1.156153238339799287e+02
-1.220280255463983998e+01 1.221991775498339727e+01 -1.090364207192863120e+02
-1.478039391849782547e+01 7.115153542087155003e+00 -1.423567220468613357e+02
-1.118557194546457545e+01 1.107283264546163615e+01 -1.375726957107071087e+02
-3.198445124869720324e+00 -1.143501831966930560e+01 -1.930018886968933316e+02
-9.074403024559359210e+00 -8.869467438500114653e+00 -1.908931038069021895e+02
-5.501261027264932046e+00 -1.349572839451528772e+01 -1.822797923691466906e+02
-3.347865596549437051e+00 -8.395108789658143778e+00 -2.080924172728587962e+02
-1.818874339526828976e+01 -2.144987092647817395e+00 -1.435887163750452657e+02
-1.412900200360794933e+01 -5.806812381744116180e+00 -1.739173980569036644e+02
-1.751399050845100547e+01 -5.873837472386894909e+00 -1.296889090507727929e+02
-1.651424838447503518e+01 -1.930167668517512175e-02 -1.611502022341704219e+02
-1.013289267708924868e+01 -1.456110535585899335e+01 -1.391487146804144572e+02
-1.086352913179480062e+01 -9.213254545895605219e+00 -1.625049263847218128e+02
-7.399332678419114906e+00 -1.526780390424831069e+01 -1.671253063728925952e+02
-1.119326928885692674e+01 -1.293833236610918824e+01 -1.218680796009809626e+02
-7.722757799628970687e+00 -1.218675927569566397e+01 -1.769205836211806684e+02
-3.113358952845095562e+00 -1.885516409364182522e+00 -2.238791156103047797e+02
-9.626215698017423605e+00 -4.628136695925261890e+00 -2.003231866595870372e+02
-3.248806524640222904e+00 -5.210979444702569019e+00 -2.181706189859737606e+02
-5.191361593711659062e+00 9.330037744975976099e-02 -1.939117447179653766e+02
-6.391808667018660017e+00 -7.119187215434510385e+00 -2.064976887741871394e+02
-1.477699574797121684e+01 -1.223528836064665626e+01 -1.021633181104766663e+02
-1.247558730195655130e+01 -9.713692813983113794e+00 -1.577308201026536381e+02
-1.684463788016050501e+01 -8.816754464451083351e+00 -1.196897640339541340e+02
-1.265658034316269465e+01 -1.275371628045877337e+01 -1.128895265488137909e+02
-1.504835199418217329e+01 -7.324418857724536380e+00 -1.432884324095900013e+02
-1.145886859664942570e+01 -1.118447169189537682e+01 -1.384679828034484501e+02
-1.101541469685621166e+01 3.389892071113978389e+00 -1.767433595437141491e+02
-1.211615754924691402e+01 -3.741719249295540450e+00 -1.921626975402462563e+02
-1.422247537584336818e+01 1.633362436362600034e+00 -1.741334735099675868e+02
-8.268020232441882555e+00 1.292853561961000208e+00 -1.875871939211984056e+02
-1.533566586983772062e+01 -1.720947448188810291e+00 -1.868960739634101742e+02
-8.122490999878227314e+00 -1.377748705870472490e+00 -1.856157456864751509e+02
-1.993185330506317143e+01 -5.516724714918215533e-02 8.956739432655211886e+01
-1.935142595523182862e+01 -3.896858981446172515e-02 3.139034418644330771e+01
-2.107732772890067352e+01 -3.403184581950807530e+00 8.692832607487099494e+01
-1.979990670194159463e+01 3.084749657801408418e+00 8.225170522706717691e+01
-1.975977330191892278e+01 -6.270007216217952928e-02 -9.179148352500307340e+01
-1.937462573437833413e+01 4.746809401892353175e-02 -3.200788076317677167e+01
-1.990436288170056756e+01 -3.127059041259077965e+00 -8.278839140878652358e+01
-1.912623848315126551e+01 3.047452719957898903e+00 -7.789253752482812843e+01
-1.888708152780487737e+01 -9.400458383474713742e+00 5.605961009302338027e+01
-1.820868366657452952e+01 -3.754066169175856782e+00 1.877451912722831295e+01
-2.126396489340942253e+01 -5.980433172340830161e+00 7.681703433240647882e+01
-1.773270522245826442e+01 -6.761584872538600521e+00 1.829758273653563805e+01
-2.068760376290261860e+01 -3.280066455485995736e+00 5.362197853718976148e+01
-1.725082102601946232e+01 8.617581816725406796e+00 5.232417734545208532e+01
-1.800896361074087793e+01 3.718252612871178364e+00 1.876045888729515099e+01
-1.928839082618839385e+01 5.311045410652436516e+00 6.905031254632342552e+01
-1.726771597455105578e+01 6.520232679721323699e+00 1.827389019905491807e+01
-1.995974436163102794e+01 3.152954797688883204e+00 5.212342496411187653e+01
-1.781903963390213264e+01 -8.963409532264002166e+00 -5.287318516982433181e+01
-1.812666372187131358e+01 -3.729245822585647741e+00 -1.871699513084923439e+01
-1.932244839091695709e+01 -5.418087769689158506e+00 -6.889383873194333319e+01
-1.746538928281902514e+01 -6.672989248298380360e+00 -1.782384314401337733e+01
-1.952805686435016952e+01 -3.106793779809531308e+00 -5.075870315720645465e+01
-1.749713375131529958e+01 -5.282462672681872640e+00 1.370355740527326727e-01
-1.742368710634929840e+01 8.738715074744130007e+00 -5.334628560811478337e+01
-1.827288940415512286e+01 3.755394790269067418e+00 -1.893123590671101297e+01
-1.891518575522604095e+01 5.288823317742190611e+00 -6.868091628395488613e+01
-1.722632227443343211e+01 6.499633717969254931e+00 -1.809287730590965637e+01
-1.928115618046285817e+01 3.139263293843116642e+00 -4.935969335236563893e+01
-1.732012401709488003e+01 5.153262533496739017e+00 3.652260118450646742e-02
1.341638537952095156e+01 -1.631734075273417162e+01 1.925276292204304340e+01
1.559483060691111156e+01 -1.206308933918786330e+01 5.336971865259859982e+01
1.233015559562501018e+01 -1.701718868604667989e+01 5.009167048241153708e+01
1.803223364217346969e+01 -3.090962370987685670e+00 1.025088235135728496e+02
1.755494319902037859e+01 -8.386041434761905222e+00 8.437472501077178322e+01
1.008816922457789111e+01 -1.534918821905711894e+01 1.051745821618618209e+02
1.496584166219922096e+01 -1.184106023679160202e+01 8.168200114212079654e+01
1.096503349945913186e+01 -1.671801663095813950e+01 7.853288691416916834e+01
1.329469083545237140e+01 -1.494519175716477299e+01 6.759942069907155826e+01
1.252154475674297629e+01 1.506594309575791790e+01 1.820725010272447619e+01
1.525964623570594725e+01 1.156340366467710012e+01 5.173549267271310725e+01
1.139305867381687065e+01 1.556537022256978808e+01 4.720078149161444259e+01
1.796336103885969493e+01 2.999846804026768066e+00 1.025232714894966364e+02
1.680484594468083159e+01 8.014754167837320864e+00 8.012469418709230240e+01
1.003510604483021673e+01 1.518409085842573703e+01 1.034725367280251902e+02
1.524214601950913561e+01 1.208713728770621287e+01 8.536456484628514829e+01
1.040239665682278059e+01 1.584312175146973090e+01 7.505085876556285029e+01
1.279211388787462944e+01 1.439583927724159196e+01 6.585708268966935464e+01
2.932599526065073459e+00 1.098798200734422181e+01 1.856266952157178594e+02
8.780489292345230012e+00 8.728067622534732450e+00 1.850653511722966016e+02
4.945351148480606085e+00 1.234519852105376359e+01 1.680434366053929978e+02
3.441489974053257406e+00 8.953813578596163225e+00 2.174572949786087861e+02
1.634929814589004948e+01 1.886964389286338806e+00 1.287043117839084232e+02
1.341979114390844430e+01 5.746056580554948390e+00 1.662966440872675946e+02
1.621715955044353308e+01 5.402833184624939555e+00 1.212756583980912524e+02
9.919468401402339097e+00 1.460821618071423345e+01 1.387747140230694640e+02
1.099737076490367116e+01 9.432355713705909750e+00 1.651360893374946386e+02
6.869367531502137858e+00 1.378252077532368070e+01 1.525094391128839959e+02
1.154759654782348299e+01 1.334781681361511296e+01 1.269726109251758288e+02
7.490246190493389911e+00 1.143435885246778660e+01 1.682464136022649654e+02
3.388062720940793415e+00 1.837643445466848879e+00 2.332731225178169439e+02
9.707156478604799688e+00 5.094913224896685300e+00 2.065313136695731941e+02
3.225629174229166285e+00 5.334465539076986396e+00 2.210951044186691661e+02
6.744212998964915329e+00 7.598845678350977018e+00 2.181645922259551469e+02
1.454981334024679995e+01 1.197287841092139793e+01 1.023761526959814461e+02
1.225594645059621257e+01 9.639070209060514927e+00 1.559378911541628554e+02
1.570586454496417694e+01 8.380846807713426827e+00 1.114805923763851041e+02
1.298354492837760965e+01 1.271897951798881898e+01 1.152144957084395998e+02
1.478490657429617272e+01 7.213693171277297367e+00 1.427205413594690526e+02
1.133672630353378175e+01 1.132175741848698181e+01 1.389144768826834309e+02
2.946967755072742445e+00 -1.046457705863660159e+01 1.787642562478782509e+02
8.091734662505013276e+00 -8.090822289156573532e+00 1.737744387536887700e+02
5.055622893417529795e+00 -1.260991916012113379e+01 1.717276094669182385e+02
3.218629740970473829e+00 -8.359386651651432132e+00 2.036318245755057603e+02
1.650177945975060467e+01 -1.966781807949129934e+00 1.303552119698683498e+02
1.288187220984372416e+01 -5.549852138920743805e+00 1.602410722729170800e+02
1.630614414144960023e+01 -5.552530220671047623e+00 1.217320389151236242e+02
1.521092742763446459e+01 -5.968476056705043775e-02 1.492946256661282689e+02
9.575739597593775798e+00 -1.396859654164056685e+01 1.329190059684501932e+02
1.101855027450041824e+01 -9.294789483712152744e+00 1.651222223750410194e+02
6.856778561720859422e+00 -1.393563870549679073e+01 1.536173550190197830e+02
1.094778434969856207e+01 -1.295561143222775158e+01 1.224727374113299021e+02
7.639413310197476825e+00 -1.174532929458242592e+01 1.727818433450193538e+02
3.070479561221061360e+00 -1.777653483202664253e+00 2.212960647134146086e+02
8.806326340321021462e+00 -4.574238770646682717e+00 1.913153614757171397e+02
3.148239006903187143e+00 -5.276524994449846240e+00 2.171645468756871082e+02
6.849155922940064478e+00 3.699520370286740745e-02 2.308153976826318114e+02
5.944507832011647785e+00 -6.810767657000592834e+00 1.973404528087001495e+02
1.438749450690585086e+01 -1.191144754358377078e+01 1.016196013790336394e+02
1.223159118227041375e+01 -9.478776101834871071e+00 1.557012595780809363e+02
1.620788378762154380e+01 -8.526537688934379133e+00 1.167631575658641054e+02
1.221135046136075353e+01 -1.209162915555288187e+01 1.070889079194273563e+02
1.455254423726688451e+01 -7.014024552895312681e+00 1.401411999067784961e+02
1.109300049134359867e+01 -1.106590030490749044e+01 1.361263360393565165e+02
1.214910156085957027e+01 3.984367376821273066e+00 1.904838405442301905e+02
1.179875892241247826e+01 -4.031884266778723358e+00 1.870613609190764919e+02
1.362915225658102791e+01 1.580446249887600851e+00 1.661541604403911379e+02
1.033137145730699125e+01 1.888623982731909789e+00 2.223856369355068239e+02
1.346849623166665388e+01 -1.649885866012281488e+00 1.647842400298997916e+02
9.883497497405455690e+00 -1.815471334354101351e+00 2.152201673736604164e+02
1.282718413489775600e+01 -1.539613762027777355e+01 -1.879888246953998987e+01
1.573074695659229150e+01 -1.210449448711169751e+01 -5.375689603279401041e+01
1.211348984245736560e+01 -1.647934972586438107e+01 -5.056412004157721896e+01
1.521174488684458481e+01 -1.308412850115942483e+01 1.692589602217740158e-02
1.830633874117614113e+01 -3.058840984756014958e+00 -1.035949842946512405e+02
1.731823746436431932e+01 -8.368233610277561851e+00 -8.374218217216520088e+01
1.021141203182950541e+01 -1.510916726068201044e+01 -1.059839982913434682e+02
1.516423398942011858e+01 -1.205871811459753395e+01 -8.318977758628528818e+01
1.134408407719654477e+01 -1.702737962924126336e+01 -8.261640969122612432e+01
1.366010206881679601e+01 -1.528120685200013185e+01 -6.959871199465085567e+01
1.752476063862658506e+01 -7.876426626876291692e+00 3.477623816052205541e+01
1.764846419879705763e+01 -8.000728993752352025e+00 -3.481612520024597046e+01
1.609556421806772875e+01 -1.106032760764664324e+01 1.887176940366563116e+01
1.626247963398083130e+01 -1.118419959613616754e+01 -1.924175782999245143e+01
1.317948821714478491e+01 1.586985501602500115e+01 -1.923487615173397458e+01
1.731864036841169963e+01 1.336516758006125016e+01 -5.928661005481783519e+01
1.308662096367894812e+01 1.780747038869749588e+01 -5.417044901879505403e+01
1.484931874475347868e+01 1.262700470803802055e+01 -1.709591150123788705e-01
1.846990515227329510e+01 3.126274582507555966e+00 -1.054825659432483889e+02
1.782579842590076069e+01 8.591248823647321231e+00 -8.513016323082024428e+01
1.101159416370353661e+01 1.602509664347209295e+01 -1.121855032904831546e+02
1.636388147476063182e+01 1.328817524350436585e+01 -9.025862213347458862e+01
1.218105781612040239e+01 1.809264967439204597e+01 -8.817007322769404709e+01
1.514210091808434200e+01 1.688265907629156715e+01 -7.657361967100906952e+01
1.809691032629787344e+01 8.133052235377318695e+00 3.598335128592871257e+01
1.853601961806010223e+01 8.543672415851842672e+00 -3.618910433405829963e+01
1.599556355739208691e+01 1.089649369383245592e+01 1.841381192918511189e+01
1.652164297439786012e+01 1.126262225913395731e+01 -1.932094560534183358e+01
3.020383488688609841e+00 1.094077053395422361e+01 -1.856589166700799183e+02
8.287921309583063945e+00 8.311673897232045860e+00 -1.778688458342339516e+02
5.259508505777690246e+00 1.286502064882364138e+01 -1.755626480192935048e+02
2.982880586462715033e+00 7.811591303363863759e+00 -1.910658526232486736e+02
1.672311080450607790e+01 2.046965220353235360e+00 -1.314076956901388940e+02
1.270427895986886746e+01 5.519090054825226410e+00 -1.590509893741363499e+02
1.651332375180496470e+01 5.569929316031601907e+00 -1.237464108765838944e+02
1.015171735084946114e+01 1.465628483732137077e+01 -1.397073158355879343e+02
1.149569515460815161e+01 9.722160683740746379e+00 -1.718427175831662055e+02
7.217141761231435915e+00 1.467631067012825952e+01 -1.614311353824203366e+02
1.131459590825897443e+01 1.344178525079323272e+01 -1.250744556993997918e+02
7.585010742528080385e+00 1.165297935589855527e+01 -1.719395501353284885e+02
2.914681097322535219e+00 1.815272050433325735e+00 -2.138180541443369975e+02
8.916516927738632248e+00 4.633934000968214839e+00 -1.924118663805195126e+02
2.847898860122659581e+00 4.899183670795882684e+00 -2.040357576195850413e+02
5.481208057921608479e+00 6.494092664570654705e+00 -1.886228760956587678e+02
1.495522310052849768e+01 1.238329879266244760e+01 -1.042722505585416428e+02
1.220554214435347085e+01 9.691319567970213100e+00 -1.565346341244996040e+02
1.602781989439778343e+01 8.503790857967070238e+00 -1.132713171473142069e+02
1.291976527940422592e+01 1.290594449617007555e+01 -1.145330807986486263e+02
1.444077213760695066e+01 7.021959518474870876e+00 -1.388499968862053038e+02
1.189626258717855301e+01 1.166819759608443086e+01 -1.448359481848351891e+02
2.885657135949423413e+00 -1.109257063455227943e+01 -1.869490116225149166e+02
9.008788382464706146e+00 -8.600237047745302732e+00 -1.857832367016131911e+02
4.753004861047335439e+00 -1.211156774265577951e+01 -1.644201665817020341e+02
3.475253681167362885e+00 -9.200109308473848557e+00 -2.225867340606443747e+02
1.741759212006212820e+01 -2.004551793728746478e+00 -1.372863897703348641e+02
1.400720252176848568e+01 -5.737974428649753378e+00 -1.716683564006117138e+02
1.701017154489293759e+01 -5.738218388696114225e+00 -1.272717134887986532e+02
1.571463980063540333e+01 1.135356534645916432e-01 -1.537492125576591206e+02
9.525843334993227884e+00 -1.344989565858574743e+01 -1.295878919376744136e+02
1.077772210030218503e+01 -9.434546014357746202e+00 -1.633236528728592418e+02
6.652202949872396687e+00 -1.353070185669553283e+01 -1.496599776884019661e+02
1.078955323088989182e+01 -1.279119164403190823e+01 -1.210814810465410289e+02
7.251416275249930266e+00 -1.104011081621526102e+01 -1.627545017056888241e+02
3.361664574643763448e+00 -1.875751577100937872e+00 -2.317992132294195642e+02
1.003922559646097312e+01 -4.842075456076017304e+00 -2.081913913699908392e+02
3.618109970614904469e+00 -5.940550140753181552e+00 -2.398092101044881872e+02
5.988700764246885910e+00 1.244674834872350477e-01 -2.102210589517157473e+02
7.137624233373011329e+00 -7.889953716252515292e+00 -2.254293625636865102e+02
1.415502620286336288e+01 -1.178261456456092127e+01 -9.869190302844906171e+01
1.186694903624299613e+01 -9.354875096519982947e+00 -1.509372279663260770e+02
1.614154308197228360e+01 -8.531124628500858620e+00 -1.156925797936993945e+02
1.221329208906426800e+01 -1.224266867671545178e+01 -1.090644538000411501e+02
1.488664249025807429e+01 -7.221930264944385058e+00 -1.425757525576545106e+02
1.123277905353281980e+01 -1.109570952158806278e+01 -1.376363259445537324e+02
1.139367567109789725e+01 3.874969555834583357e+00 -1.831557596461929620e+02
1.235716206072298640e+01 -3.791017455397094782e+00 -1.931007752059605593e+02
1.347553475681832325e+01 1.584993774218468321e+00 -1.657063191359357006e+02
9.123380364509268148e+00 1.663590052276217701e+00 -2.022369187044107264e+02
1.476216422759642732e+01 -1.629141724171334404e+00 -1.793447445979532802e+02
8.878642203953400980e+00 -1.598756003746937493e+00 -1.990985197741337061e+02
1.871742916733073159e+01 -1.071372580930430446e-01 8.630477939112257957e+01
1.894584468851462589e+01 4.711018041346519414e-02 3.079565120954477564e+01
1.948835599496560533e+01 -3.085704033687806991e+00 8.217165603086593251e+01
1.864554230981736538e+01 2.920055039574811495e+00 7.741455864877107729e+01
1.887377691268368807e+01 1.154732726452057344e-02 -8.738906445456284189e+01
1.953364964989718544e+01 5.803397338378071812e-02 -3.153372164679543843e+01
1.887678260509433770e+01 -2.980470424083578429e+00 -7.780336303143549515e+01
1.894531114625669943e+01 3.011756648342700959e+00 -7.884532863145066983e+01
1.731705046523070024e+01 -8.641591956486680104e+00 5.233591716713934971e+01
1.801488944310886353e+01 -3.704179467771328227e+00 1.878137084478487395e+01
1.923608535914549478e+01 -5.336177178297354828e+00 6.905806930390603782e+01
1.726285790194168257e+01 -6.526795661412674754e+00 1.826065226966628785e+01
1.968462253186361366e+01 -3.172561338675639941e+00 5.208561486434622623e+01
1.763607153082321943e+01 8.877529880164685139e+00 5.506075914382242331e+01
1.860534367978416270e+01 3.825900195125139902e+00 1.876077817559179195e+01
1.845145421437982947e+01 5.234113968599098499e+00 6.672637687065699197e+01
1.830161600501020658e+01 6.850894574076699328e+00 1.936275532118061804e+01
1.891442378193647400e+01 3.117621151614529573e+00 4.818430320014606139e+01
1.741553626422100365e+01 -8.743069370927400996e+00 -5.334810759254557411e+01
1.839065971069930683e+01 -3.709608518788249931e+00 -1.891105238453394222e+01
1.884657097061243647e+01 -5.271349198522877977e+00 -6.868689323823808479e+01
1.721729840108363518e+01 -6.486138014119071649e+00 -1.809296819039581550e+01
1.916331473324079582e+01 -3.087315421740949084e+00 -4.932557928687881343e+01
1.730989809120344347e+01 -5.147854726752751908e+00 3.588323668286872575e-02
1.802829013335163566e+01 9.016887154153302220e+00 -5.432041511370651676e+01
1.930581977521872261e+01 3.927451119328678519e+00 -2.000569396282749324e+01
1.886739663574325476e+01 5.302605769937852820e+00 -6.754807790752791163e+01
1.829725702173639235e+01 6.897565977307109186e+00 -1.879309381240602406e+01
1.940068511197065604e+01 3.204314543328966813e+00 -5.018884421848812849e+01
1.862800548785792287e+01 5.502044832659875873e+00 -2.966531443587163558e-02
