1.465650437962251118e+01 -2.399500825717924712e+01 8.291377243868672600e-03
-1.467673752717889890e+01 -2.400388042100981068e+01 1.357174388430514890e-02
1.465720660421766830e+01 2.398005348034802608e+01 -1.260671672780698353e-02
-1.466574054637720614e+01 2.398519056637239188e+01 8.230708097884837163e-03
9.417075403913821238e-03 1.522307438960288906e+01 -2.295836210824966770e+02
-3.810763315704421804e-03 -1.524043858475524438e+01 -2.295789902545721191e+02
2.402483762263760494e-02 1.524002947232580674e+01 2.296178215205753474e+02
2.333815638385956879e-03 -1.523288951065392638e+01 2.295810354431617384e+02
-2.394957291640166730e+01 -4.823771645518417500e-03 1.419118826815597174e+02
-2.395326697944792471e+01 9.610593330223017941e-03 -1.419344979791439414e+02
2.396496750396170583e+01 -5.814689043635845860e-04 1.419066632264372458e+02
2.395042807830127884e+01 -2.731940270950056638e-03 -1.419056164262328821e+02
-2.086352092577052880e-03 -2.815952403921415836e+01 -5.330578742690564309e-03
-1.342226583913964932e-02 2.815037575333060360e+01 -1.181905647990987539e-02
8.753316239552368927e+00 2.273305114356949730e+01 -1.349912420687998917e+02
-8.757576121028163740e+00 2.273427482017498491e+01 -1.349700662193510254e+02
8.753220751195820881e+00 -2.274447906570077294e+01 -1.349775107013344950e+02
-8.750566745942180091e+00 -2.274906893783452944e+01 -1.349976361871957806e+02
4.306435088826684673e-03 1.468187448811773474e-02 -2.698630623283161185e+02
8.755981507585572032e+00 2.273974078179834990e+01 1.349663993712025842e+02
-8.755542276692164450e+00 2.273812479841380707e+01 1.349744022477327974e+02
8.737532069808377599e+00 -2.274486936503406298e+01 1.349822031793574695e+02
-8.721586865972648539e+00 -2.275463508678675950e+01 1.349507663478903510e+02
2.408669473990687900e-04 9.368427002943191181e-03 2.698958685606995687e+02
-2.288120059364787551e+01 -1.404268894773453979e+01 8.345232371188846798e+01
-2.286811948814238349e+01 1.404644553124474449e+01 8.340911968492322615e+01
-1.428114673310873961e+01 8.907596592001917557e+00 2.183407724431306463e+02
-1.429928416585430817e+01 -8.907167579618670672e+00 2.183714119742164712e+02
-2.288421589197525918e+01 -1.404240855554322742e+01 -8.342290418411400310e+01
-2.288134780334678453e+01 1.404600747980442144e+01 -8.341504648355090978e+01
-1.428794616432702647e+01 8.878201191655886504e+00 -2.183576435394947737e+02
-1.429780088157141726e+01 -8.911541904485986265e+00 -2.183790489970528768e+02
-2.800167832914538124e+01 7.181772205297930027e-03 1.524197341633241713e-02
2.287564007553087109e+01 -1.405904938637365120e+01 8.341618260254188044e+01
2.287135646997016281e+01 1.403956021235933171e+01 8.340619185898199817e+01
1.427720645483762851e+01 8.886830100000972621e+00 2.183686094085186653e+02
1.428670206112694885e+01 -8.898400499822162857e+00 2.183445460301105356e+02
2.287403932001263840e+01 -1.404263479377469892e+01 -8.342185440147657971e+01
2.288275546798456261e+01 1.406111656019717060e+01 -8.342575543008580041e+01
1.427261690702099273e+01 8.893111451993350514e+00 -2.183449936599670593e+02
1.428649579218831533e+01 -8.919442253601587822e+00 -2.183906597921109096e+02
2.799046153072346854e+01 -9.391469845315393583e-03 2.513501156119274209e-03
