1.449838409455461807e+01 -2.343308549990091194e+01 1.475463205848888057e-02
-1.534803730310899539e+01 -2.316556875103531610e+01 8.520001973314986765e-01
1.288386834634384748e+01 2.421949536583967344e+01 1.005071425891387316e+00
-1.537077363435813915e+01 2.438416102298780075e+01 -2.409465040023178517e+00
-8.504097839127465752e-01 1.511133288285273224e+01 -2.286043445124272466e+02
-9.867105692557176511e-01 -1.436963597623113920e+01 -2.294391232326901786e+02
1.688341049867383425e+00 1.564049046859221903e+01 2.301839660568019781e+02
3.465141482942615814e-01 -1.539962054692425397e+01 2.300332618535911422e+02
-2.321506959234773859e+01 9.884160267534408684e-01 1.428045061268234690e+02
-2.389784634773469918e+01 -3.755660034344420195e-01 -1.410686644604173807e+02
2.421899619245732893e+01 -1.611051126868464856e+00 1.417338361121258856e+02
2.418880467757046304e+01 1.713929444524564305e+00 -1.427831355444535006e+02
3.496380632404690325e-01 -2.746430678775124790e+01 9.387254986238460774e-02
-2.285131106569159520e+00 2.695732127348673757e+01 -1.995405670337707882e+00
7.626647578841105890e+00 2.241340238581400612e+01 -1.347566392954553294e+02
-8.209135643392803772e+00 2.233634864817448218e+01 -1.333703562066453117e+02
7.914364032012876748e+00 -2.229191860780682433e+01 -1.333453169562326366e+02
-8.260052637999649505e+00 -2.145316273649117633e+01 -1.356699477361984236e+02
1.794542072280226552e+00 -6.434288186811443211e-02 -2.693406902604409083e+02
9.268545462586347483e+00 2.229920443001461550e+01 1.347096327518604824e+02
-8.717131200287035142e+00 2.372572464481946497e+01 1.333644043268554356e+02
8.577346880679327157e+00 -2.250869995896033871e+01 1.350907194380069711e+02
-8.519209758725434511e+00 -2.309804646516353444e+01 1.350544109468809495e+02
6.485528073259476667e-01 1.103738009417321697e+00 2.709438149867331163e+02
-2.329723299388207280e+01 -1.469181640952619361e+01 8.313117293934814711e+01
-2.136000062551535450e+01 1.549668990791362511e+01 8.245598737380591103e+01
-1.339261413353802332e+01 7.001255910934146343e+00 2.197602590699529230e+02
-1.349587186825567997e+01 -6.769973623640791693e+00 2.179280297903545147e+02
-2.256908577028869445e+01 -1.657187877983883340e+01 -8.292468093029516751e+01
-2.299914396521446491e+01 1.446675406250536966e+01 -8.226741117329778774e+01
-1.421315566164852484e+01 8.612186544621764028e+00 -2.183537683756819945e+02
-1.385087288779572923e+01 -8.999180765951665606e+00 -2.183740517074557204e+02
-2.802136920961095612e+01 -6.740544889089090941e-02 -1.154910701130040240e-01
2.410058385444289897e+01 -1.419395682745690124e+01 8.321973509061879781e+01
2.133700878380146193e+01 1.379062151701623051e+01 8.304585103618178721e+01
1.462535402377676874e+01 8.454275222165181347e+00 2.191051804032800874e+02
1.341324003915164020e+01 -7.712129843960015663e+00 2.164863390908863039e+02
2.401422173350736955e+01 -1.418047827161005081e+01 -8.331242107674768249e+01
2.129125505438587496e+01 1.427399791288767794e+01 -8.569289123563358146e+01
1.536542700548668172e+01 9.923300751608389092e+00 -2.178268302130227312e+02
1.484495168506046525e+01 -8.916117613747200465e+00 -2.176015658425002641e+02
2.867089848784109662e+01 3.630481053036468397e-01 9.953473495584913566e-01
