1.663441794503869586e-01 -1.591412543226904175e+00 8.145786282472988749e-01
-8.397773680651072770e-01 4.549996137538257490e-01 -9.354997758669294505e-01
1.159120051717791977e+00 7.440915340323454030e-01 4.875761034303259245e-01
-1.495992470334922775e+00 1.417915099645813692e-01 -1.500789628054195246e+00
-2.771126291809690723e-01 9.387723105047416361e-01 -1.980782167468410071e+00
-1.627606494452626285e+00 8.343563473922941398e-01 -1.818569967900969253e-01
6.177681944695849747e-01 -5.060841595476450738e-01 -5.583331033385980496e-02
2.810646469903803069e-01 -8.122475920172506081e-01 4.086806657653650476e-01
9.241829433582714193e-02 -1.743054755229506980e-01 1.288605503196765811e+00
-5.978183685991602658e-01 1.646774944946353791e+00 -6.886659989189228837e-01
-1.096737155394380103e+00 -9.471623225888931019e-01 -1.159625142462143765e+00
-6.823468776415365644e-01 1.653013222700627782e+00 -2.248807747887232866e-01
9.091215648573305330e-01 6.396705736972229106e-01 -1.712066040234432318e+00
-3.804035545077388836e-01 4.687686902533176325e-01 -2.770557617898521952e-01
3.925251721725829257e-01 -5.837053882137683836e-01 -7.028942925156057564e-01
1.442782333804354736e-02 -3.240426573364225682e-01 -3.792509803144383240e-01
2.872335409390469954e-02 7.775012851114172785e-02 5.613149191113847580e-01
6.442250160292779526e-01 4.350595179262544132e-01 -2.052431829680945619e+00
-4.789236225860390439e-01 7.753027900109042969e-01 1.093191422839512761e+00
-2.496578149606530683e+00 3.455213614881625372e-01 5.838815205117148244e-01
1.775713310179540150e+00 -1.533283449452038649e+00 2.177638728700765913e+00
-1.162823705808867514e+00 -9.958947275422378453e-01 -3.680103199585832430e-01
1.468650236821341437e+00 2.248418185678928705e+00 -6.989440364517758297e-01
-1.017888589457473625e+00 -5.348357953575291202e-01 1.521634550507757533e+00
-2.516427357900751449e+00 -1.698025908798820760e+00 -1.806085106278319197e+00
1.292589243102788332e+00 9.202244180502709980e-01 -4.942712849507757689e-01
-5.113542124411403211e-01 -1.063168656675157253e+00 2.576518766630191484e-02
-9.861057902133589792e-01 -5.049349468904607008e-01 -8.069182510871141245e-01
-1.513379158716388728e+00 3.762219834859027445e-01 1.270452579828575068e+00
1.092598296982009387e+00 -4.852037601133903921e-01 -3.389420886508540121e-01
1.353348383986138770e-01 1.673833548205183597e+00 8.128846690468312097e-01
-1.017994875583806635e+00 9.066992328582380578e-01 -8.276985921889402631e-01
-7.048437822540323250e-01 1.151804537142367080e+00 4.012180156961716593e-01
3.393560864788490172e-01 6.585221832545415932e-01 6.072684325525501414e-01
-4.029647042541580904e-01 6.544069800290085448e-01 1.406498937657678083e-01
-1.739508529363512190e+00 -3.225913621942223530e-01 5.895606846650338628e-01
1.096460939055587502e+00 4.721740523209090878e-01 1.351080878518755579e+00
8.825058281269011484e-01 5.137236723472270450e-01 -4.631388184978191824e-01
-4.825698587958668351e-01 -7.765807801578169522e-01 -1.665759365855229435e-01
6.647084881535336720e-01 9.389004181713949126e-01 1.129873272689133623e+00
7.329442299232725722e-01 7.137265129272281072e-01 -1.728759204625608170e+00
-3.632146503151277850e-01 4.536853927686936849e-01 1.709868276271053089e+00
-8.115523536592370579e-01 8.062439214043518043e-02 6.999867258709120410e-01
8.796438299017164675e-02 -5.652917087823902120e-01 -6.011705796582021977e-01
1.551124259798511096e+00 -6.691997681407602094e-01 -2.541692678101611369e-01
2.714502041682537517e-02 6.507464871351656965e-01 -1.505914957487073658e-01
4.723183303415224854e-01 -4.894014440065768135e-01 3.565111229509821400e-01
-1.808720006578814488e-01 1.149355530825099336e+00 1.743750721578968044e+00
4.438794702217935817e-01 -4.521779351400596197e-02 -5.634829505016788476e-01
-7.376014867307598699e-01 4.993904663402436994e-01 8.624706902504046535e-03
-4.415549003111640669e-01 1.061402995964088491e+00 -1.905661887163702994e+00
-1.026526734687991244e-01 4.041370557467269808e-01 -9.016013276272369925e-01
-5.211417809623845182e-02 1.801960384545171268e+00 -5.226060822709436282e-01
-4.814117650031769502e-01 2.042473463775142051e+00 2.431226923905586979e-01
6.910507826864169534e-01 4.938633451779081973e-01 -5.870706472769242623e-01
1.795794592141683133e+00 1.370058312244196053e+00 -8.072464015994124109e-02
-4.534739440377904551e-01 -5.841087632543044694e-02 -8.345837828018529692e-01
-9.060262539658969771e-02 -1.357471792544988842e+00 4.956008581740624086e-01
9.289792086407889782e-01 -1.198652613960034419e+00 -9.104453806871316557e-01
1.472140685339302202e+00 -5.862148201373386103e-01 1.474810202217113453e+00
-1.071313660870416157e-01 1.789420845131591165e+00 1.542414099020961604e+00
8.039981071472952490e-01 2.640754408946571763e-01 5.979669299972729668e-01
4.436727885445272968e-01 8.014194253826210090e-01 3.886294632438459518e-01
-1.693374670441852414e+00 -1.452155984309935234e-02 9.514408652528474342e-01
6.893090421627194597e-02 -1.283850914382120623e+00 -8.161422961374023011e-01
6.573761043728374442e-01 -2.124734082956951209e+00 -8.511408587965251238e-01
1.623232303022415612e+00 1.429117251445187087e+00 1.250411260916371115e+00
8.626754443071502076e-02 6.295999773049439918e-01 7.697706993274303633e-01
-8.913820332224772769e-02 7.403122900267167499e-04 -1.193936372495887355e+00
2.674694666355948922e-02 -2.251136833245858948e-01 3.281911065231724045e-02
5.587337558448056685e-01 6.388473905103444483e-01 -1.545312380089915338e+00
6.945446145881396527e-01 -4.514557168548079535e-01 9.821979389973781727e-01
-9.052535910305541458e-03 1.001959999469067553e+00 5.479848797491131129e-02
3.221559190057823874e-01 3.464633913607600979e-01 -2.282885796485415175e-01
-5.036365871115603410e-01 6.156148767655239898e-03 2.568214128668523388e-01
-3.580560602060913755e-01 -2.005050730546518167e+00 1.665447544747540976e+00
2.860707784484380345e-01 -1.092346097900261270e+00 -1.096852374622937276e+00
5.524905298274784826e-01 -2.148921060134752758e-01 -7.803526719698478109e-01
4.037149567660251459e-01 -1.253474483116228701e-02 -8.154891556983578926e-01
1.006721101113120298e+00 -9.271336842877339612e-02 7.126390960510478045e-01
5.998369241075468539e-01 -1.304520805636711689e+00 -5.581560469073679753e-01
-3.780166188135869465e-01 -3.610048479692426482e-01 -1.410647628303475898e+00
4.331896330552930663e-01 3.367320576107701857e-01 -1.493272889057636332e-01
-2.499422761864586104e-02 1.142336873387554963e+00 -5.297219549439036168e-01
1.110597405347198974e+00 2.140068184562501918e-01 2.741918565069631497e-01
-3.011183117738115422e-01 -2.118080419239233514e+00 1.913596175912228026e-01
7.090109916048150662e-01 3.474850036042966273e-01 8.803225918335413347e-01
1.918919926315690416e+00 -7.424692927925361507e-01 -1.293706216272036746e+00
-4.637658807976101361e-02 -1.289022945664371811e+00 8.470691154110731799e-03
-1.234095553451127980e+00 2.146085927445576136e+00 1.619309242260937587e-01
-1.007663207357580859e+00 -3.749241524355896304e-01 -1.385309723242566182e+00
-1.059464017105452988e-01 -1.062286196436153407e+00 1.707964246894615179e-01
-1.067296829224973154e+00 -1.052667926899455292e-01 7.477487559532084438e-01
1.432272258433725964e+00 4.294564916943653943e-01 -3.132821309794245335e-01
-2.483330830444325787e-01 -9.399787345248754589e-01 1.888960868018636940e+00
1.406089421818787488e-01 1.031894621553179237e+00 -5.826352710338065233e-01
1.707322707528016181e+00 -1.068323863695978648e+00 -9.806427598711422444e-01
1.868513731028151659e+00 -6.269115071244514559e-02 4.953731520523003695e-01
2.026772790222107212e-01 -1.333638359300905796e+00 3.748198684857032559e-01
8.678664087819120132e-01 -5.270100532229305967e-01 4.370597216824743669e-01
-8.589331213568327517e-01 -1.762406315253673902e-02 2.219171538953456091e-01
3.980125025943674899e-01 7.073229159444793801e-01 3.976778587470717885e-01
2.384835082564108200e-01 8.161210809234856756e-01 -2.714961094249234708e-01
-1.511622503648299976e+00 7.505041264772875642e-02 -2.037088957068244055e-01
1.369384870573816526e+00 3.186175012288918751e-01 8.753347385596432773e-01
-1.015542517047794302e+00 3.090888667779096433e-01 -9.917210556493232243e-01
1.089804283640698923e+00 -1.454496407305958527e+00 1.632195115202456914e-01
5.922514506009139978e-01 6.533288547123309309e-01 -1.123583551242875123e+00
1.051329037543320133e-01 -1.551420560284977324e+00 1.580136966804217280e-01
-3.716283217096477687e-02 1.065312868472205077e+00 3.230603174134840661e-01
-5.278650653948294691e-01 1.498096932422209593e-01 -2.246563209592158383e+00
-7.334238057799401522e-01 6.242910966653999472e-01 -1.558686787169711874e+00
-1.389885284319154035e+00 7.197657624070497029e-01 -7.597374076076025551e-01
-3.540197698969735907e-01 6.589562609746596467e-01 8.332757305369397072e-01
-8.773613454834059411e-01 -2.094399448572270117e+00 7.475168735906996265e-01
4.305766920751137317e-01 9.524198578220471889e-01 -5.782690591651996892e-02
-8.985596420355825842e-01 1.000748235382599827e+00 -3.471562298728734786e-01
-9.374103849849160230e-01 -2.020751293176352270e+00 1.272870546146736892e+00
-5.016888240703157864e-01 -3.963399388272426660e-01 -1.609905089487314367e+00
-1.293871508090440381e+00 -7.053658356594785239e-01 -7.455426470333408329e-01
-5.082027304052081362e-01 1.803570267345885048e-01 1.027935392801733849e+00
-9.735103307913727244e-01 7.484182045782205965e-03 1.684016824564618930e-01
9.802552380066645865e-01 3.572796973290751632e-01 1.098558117730596972e+00
5.665278270406474137e-01 -1.152026182973437063e+00 -6.480191685218118502e-01
-1.170405588848752787e+00 1.519212270864176206e+00 6.024771405455577877e-01
7.742756628390168316e-01 -1.143304272617837875e-01 -1.432104653157697083e+00
-2.196213119949046888e+00 -1.164223841131922788e+00 8.431423753623877859e-01
-1.790771948540341788e-02 -4.690454418361266753e-01 5.003154186241435264e-01
-1.420317357655013352e-02 -3.893104024911747119e-01 3.216482320948638729e-01
1.231234371154180440e+00 -3.171939180439587447e-01 1.921202453602613436e-01
-1.072180758976296833e+00 -9.628312614073536446e-02 -1.858012227030432673e+00
8.185442573675645317e-01 2.551952653518321790e-01 4.184309616577052138e-01
-5.775952180153025584e-01 -1.008136004599786695e+00 -1.424194201559977335e-01
1.381180111978643210e-01 9.430962424613128503e-01 9.295466687952177454e-01
-3.673609819517874020e-01 2.156668182964959768e-01 -2.962155833725230170e-01
-1.486460228311765608e+00 9.743039652848742294e-03 1.477250574963276275e+00
-1.196789369864785513e-01 -5.385087307849635574e-02 1.268122425627588590e-01
8.711902990687625525e-01 5.467481326419993959e-01 4.510615044583600186e-01
6.983159612294029817e-01 -3.171499271437876466e-01 -7.030452330182258569e-01
8.266773597551039243e-01 2.838447054199900732e-01 7.357836950333304094e-01
-1.942247647471789795e-01 5.723237669023296670e-01 2.050997076064964009e-01
1.030526438737051409e+00 1.217710298647306733e+00 -1.306153539217787873e+00
-5.747761093505414642e-01 -1.772087045348274215e+00 -6.624633240471680118e-01
2.079249932797346379e+00 4.939403765177526884e-01 9.212306427385367202e-01
-6.341278552489753029e-01 -4.285245435556367943e-01 -8.162686473840442547e-01
-4.722347494785004707e-01 7.793379121701929924e-01 9.999442161633377291e-01
-1.624242804690957387e-01 -5.654583108135010638e-01 2.293411599459447003e-01
6.769147620100371965e-01 -3.537774204851719395e-02 -6.510169286647284059e-02
-4.240865485470695084e-01 -1.446126895407251256e+00 1.457442384196635243e-01
4.969961702374524060e-01 9.895442353847605510e-01 -3.667789348732568289e-02
-2.080394828885558656e-01 -1.095708691442469629e+00 -7.946185568860993920e-01
-3.976996736590092119e-01 1.625825649965489283e+00 1.304987916177109186e+00
1.347769884932748408e+00 -1.034291254560530504e+00 7.349329982642451020e-02
1.802803849210023124e+00 -2.409607145068313194e-01 6.388344911590936315e-01
-4.099335636270543537e-01 -2.296710550004680551e-01 -5.531218162723857690e-01
-8.628723132267251961e-01 4.877149368402933227e-01 -4.278486809377472500e-01
-7.322416371872066954e-01 -8.141138148386520834e-01 8.983927001188835026e-01
2.511475981072381458e+00 -1.851107586103848401e+00 4.734965064496729492e-01
8.974243233691934218e-01 9.006506729082288665e-01 9.158059412647165942e-01
5.883383273535994912e-02 6.695198066815428728e-01 -7.734715754214328554e-01
1.082699203068194560e+00 2.276715737569589670e+00 6.889094511424619371e-01
-1.257904992289136659e-01 6.419481868158367910e-02 1.742146247340178533e+00
