1.255552881307480106e+01 -2.039667688476350449e+01 1.112133505804759753e-01
-1.263299422277362183e+01 -2.046144493668155562e+01 -1.236036518133118434e-01
1.231881478976400501e+01 1.994400246664467602e+01 -1.335403341838707625e-01
-1.203762048029128273e+01 1.952787241254212702e+01 1.071708166759781020e-02
3.559270555013651499e-02 1.295793296583646104e+01 -1.846192333827236212e+02
-9.173920761040277316e-02 -1.300436958443923707e+01 -1.842598927437869918e+02
-1.954007403707323873e-03 1.364718243815491050e+01 1.907999237512883610e+02
9.518442875150441573e-02 -1.298241383675972571e+01 1.837865888261964926e+02
-2.120166079983905050e+01 -5.263401463255516777e-02 1.168129600064060298e+02
-2.166191298601864546e+01 7.012826628602181200e-02 -1.206908561466886169e+02
2.038292547954530320e+01 1.778477372062449088e-02 1.132320110773570150e+02
2.063376060211302843e+01 1.207049638799028296e-01 -1.140333807270171462e+02
3.634421770593612017e-02 -2.387625017208589639e+01 7.004699625817201181e-02
2.784215402946687082e-02 2.312572103583233130e+01 1.367266794783713983e-02
7.564988434388040695e+00 2.023205462085109474e+01 -1.103148100195858774e+02
-7.327398413014908130e+00 1.932573049992920389e+01 -1.051742633284885358e+02
7.268826955217281949e+00 -1.916650680283699160e+01 -1.040610127138423309e+02
-7.424328296488388546e+00 -1.961321303326570842e+01 -1.067491646004775703e+02
4.152152250683967608e-03 1.046627030334524727e-01 -2.149569236040228759e+02
7.131407135757885207e+00 1.981807358703792588e+01 1.067338982084081778e+02
-7.518162812477770629e+00 1.958636356503357590e+01 1.061738532378267621e+02
7.444452449069231648e+00 -2.005242536728507474e+01 1.096306437192912000e+02
-7.043174000476589924e+00 -1.907362250819535276e+01 1.029435042652483787e+02
-1.753767497650384963e-02 -3.329479509610942106e-02 2.226588585147305537e+02
-2.024135349953345653e+01 -1.281679443314603972e+01 7.155274080804623793e+01
-1.823590798887976305e+01 1.146917695552464878e+01 6.498194185057037942e+01
-1.131283887758234563e+01 7.231461300252679081e+00 1.633234279387912693e+02
-1.232216881987822887e+01 -7.495126828328862345e+00 1.739991514498893252e+02
-1.964035960076460796e+01 -1.245524313575360509e+01 -6.955235540013542561e+01
-1.849640733724045560e+01 1.155338326319096609e+01 -6.512767900357439999e+01
-1.166734796496903748e+01 7.292181540470193291e+00 -1.665559624897539948e+02
-1.228394310872738160e+01 -7.416775050215194121e+00 -1.742142960988495588e+02
-2.218066110583621509e+01 -5.824997201434868946e-03 -2.898589017555618097e-02
1.847063055557753941e+01 -1.162364689987947841e+01 6.596348826608642923e+01
1.821240317765125738e+01 1.132507958744611720e+01 6.436537866505005923e+01
1.177095458223356061e+01 7.369755862729252094e+00 1.685671617716558046e+02
1.146853996077769366e+01 -7.325730302045445619e+00 1.651815883725810181e+02
1.850494754902976524e+01 -1.155614479680544804e+01 -6.513918527064399200e+01
1.947936634830444547e+01 1.233155207628205474e+01 -6.789842152993487900e+01
1.146898590892732450e+01 7.304814317885837127e+00 -1.651992835319649373e+02
1.212102251224999883e+01 -7.504892539026211118e+00 -1.730296441800983018e+02
2.260390394161945338e+01 2.410823398240981730e-03 -2.513691675448050458e-02
6.693353157346094484e+00 -2.349821990687168238e+01 6.584062702294669889e-02
-6.308822975874220695e+00 -2.222467827837405352e+01 2.477583855382232275e-02
6.206646910507507720e+00 2.180789698629192586e+01 -2.508058120253472273e-02
-6.312351686803234330e+00 2.212828781530214073e+01 -3.392527069050284803e-03
1.072429199496500907e+01 2.138085319944408624e+01 -5.938818636735504697e+01
4.014418703154678525e+00 1.677397927538662614e+01 -1.501469358122414519e+02
3.762770521344581454e+00 2.382997378944038758e+01 -6.238894925515333512e+01
-1.041858290437679102e+01 2.065743986389987086e+01 -5.746041234979037426e+01
-3.672069251829292558e+00 1.590734849512996441e+01 -1.419898448897882020e+02
-3.702776397623433358e+00 2.387671331483168302e+01 -6.214113480993802341e+01
8.229649845771457028e-02 2.081763495082516613e+01 -1.122904594143340091e+02
1.042978027336226354e+01 -2.059589588756943357e+01 -5.741951440805686957e+01
3.657252395096412645e+00 -1.589751089552070162e+01 -1.420111899912453168e+02
3.613391459965745511e+00 -2.258078156777239442e+01 -5.950606007415553478e+01
-1.063506598902673872e+01 -2.074621377090610963e+01 -5.831902338341799208e+01
-3.926466475357924590e+00 -1.680759406025471137e+01 -1.500912182546680071e+02
-3.602154415998556125e+00 -2.175315903885085334e+01 -5.703713373955721266e+01
-4.183183256091813594e-03 -2.066286490824897726e+01 -1.112790991313341920e+02
1.258389215764020054e-02 6.177118596415732021e+00 -1.971939572046250078e+02
1.052686933302576615e-02 -7.156849873610024559e+00 -2.236988711373367096e+02
1.006790026486765122e+01 1.986984042451273780e+01 5.615114503359756526e+01
3.708434408434678531e+00 1.608711734901408619e+01 1.436411149481233736e+02
3.444670325881705075e+00 2.362842312141139089e+01 6.164664329317794511e+01
-1.016696613662080217e+01 2.008812235686355763e+01 5.657850603750549112e+01
-3.645856066176749177e+00 1.618623863792175399e+01 1.441737439654094430e+02
-3.734522860684795109e+00 2.401800535118578495e+01 6.306313429000788773e+01
5.087766677556789657e-02 2.213246718079374276e+01 1.202958709436076248e+02
1.100782881545942082e+01 -2.171386537400408656e+01 6.174800246502972101e+01
3.580914574608760947e+00 -1.596414079397905716e+01 1.422729644790306907e+02
3.885140798012344909e+00 -2.469036626235784837e+01 6.410987913860049048e+01
-1.010924551255501669e+01 -2.003630724932189011e+01 5.521158527765694402e+01
-3.578852311129931074e+00 -1.578238777898971534e+01 1.408546529199579140e+02
-3.599797127067132507e+00 -2.371871275846365279e+01 6.245664106240553792e+01
-8.742207518678322964e-02 -2.171310376045760648e+01 1.182767834125966147e+02
1.200544990290254993e-01 6.895338438026975325e+00 2.180350424390905175e+02
1.974569413564503627e-03 -6.487659800913133878e+00 2.064744778293899117e+02
-1.704753578918069934e+01 -1.765237623100302855e+01 3.870713468093919829e+01
-2.263360703878307589e+01 -6.852584823557910987e+00 1.029275756724629076e+02
-1.390311386221365808e+01 -1.616860087318012162e+01 9.127708195330053798e+01
-1.542743442775039142e+01 1.587027264157690176e+01 3.465209953394021625e+01
-2.035112386003287099e+01 5.984526071139995906e+00 9.114963253025766221e+01
-1.372118259064846413e+01 1.574580877651646560e+01 8.898971224451575779e+01
-6.083827773325692689e+00 9.985178732284019532e+00 1.744501308059590201e+02
-1.604794238662772798e+01 3.681424560352418496e+00 1.401598580390209747e+02
-1.028289090765661307e+01 1.371811644499370431e+01 1.423128565444958440e+02
-6.675561575038820195e+00 3.816959036624028911e+00 2.076527694589548787e+02
-1.611551402155841473e+01 1.018474057422448098e+01 1.222611862119710082e+02
-6.331308198039931945e+00 -1.053589305608302062e+01 1.855779431333136245e+02
-1.711507166758652332e+01 -3.914341863399918076e+00 1.491637039024967919e+02
-1.011465933454057087e+01 -1.365917516689880351e+01 1.408836228100867345e+02
-6.492460262896064371e+00 -4.030941438389110232e+00 2.077607873304438613e+02
-1.715136865357578699e+01 -1.106668830622333033e+01 1.315276872216325330e+02
-1.231215127326782799e+01 -1.107245615994688348e-01 1.779534423129681784e+02
-1.736491023791841926e+01 -1.808449628006722421e+01 -3.894217982854988946e+01
-2.111953104095427491e+01 -6.269173916959961623e+00 -9.455776232577383666e+01
-1.435646545454427958e+01 -1.683577085516169447e+01 -9.461572292506852477e+01
-1.920734799442882235e+01 -1.231865255529100978e+01 7.150617335745275416e-02
-1.585920746361936473e+01 1.628982099061482813e+01 -3.555772582436071616e+01
-2.029262277923979951e+01 6.103240950314265056e+00 -9.153366080441668373e+01
-1.396782478872859201e+01 1.635998882065216975e+01 -9.185197635376007952e+01
-1.854395222972509316e+01 1.188280698262517809e+01 -4.530067092405892087e-02
-5.943199212191334624e+00 1.005558137562700161e+01 -1.753867748479169393e+02
-1.658320879407224524e+01 3.938283333897902860e+00 -1.447981674612627216e+02
-1.001870046938033632e+01 1.365488484269662095e+01 -1.405302418905941693e+02
-6.218429336421529285e+00 3.733785056477233244e+00 -1.971758308575839749e+02
-1.580114059654878567e+01 1.003585514996486694e+01 -1.192400573690832601e+02
-6.299744444308337243e+00 -1.053316320153911967e+01 -1.854681203533212113e+02
-1.775097474554358001e+01 -4.056921508843294610e+00 -1.553558756531444374e+02
-1.046919112433377919e+01 -1.410047900701175827e+01 -1.455739610156494166e+02
-6.385266693104274971e+00 -3.972707021128614180e+00 -2.011748848410571213e+02
-1.652993945057713887e+01 -1.056611384245126395e+01 -1.259467102000115091e+02
-1.233179101064662042e+01 -6.687532364135739815e-02 -1.784011366472533950e+02
-2.308263007414380752e+01 5.905133186458980804e-02 5.994062732046124609e+01
-2.249808423867725438e+01 3.594921667716814706e-02 -6.029752164102865208e+01
-2.204092000177943333e+01 -6.466516791092542071e+00 3.599182837276210734e+01
-2.127834490829664560e+01 5.960710535461720916e+00 3.463836086199398778e+01
-2.134595765951771185e+01 -6.023364046161170826e+00 -3.441594918097631961e+01
-2.123777402575721496e+01 5.958649347097074944e+00 -3.468419388446612572e+01
1.597561701910108845e+01 -1.654554029250980207e+01 3.569255112225997095e+01
2.032441781355547405e+01 -5.971241233969496243e+00 9.115113518309746610e+01
1.382437828533976898e+01 -1.593206598557923037e+01 8.980623102495219712e+01
1.519219488561511611e+01 1.555226877729458046e+01 3.396734932304664056e+01
1.962743871853713529e+01 5.839013569144844595e+00 8.837574503039050455e+01
1.407136608736742289e+01 1.612605699602960030e+01 9.126985535584765330e+01
6.176258849664487904e+00 1.035824936762919002e+01 1.810289633510152214e+02
1.624041906199246199e+01 3.730936172503318993e+00 1.414202993802358890e+02
1.029234071880089374e+01 1.430296707243017806e+01 1.465781783416378232e+02
6.837679016913148722e+00 4.084030918002912180e+00 2.194908792457152344e+02
1.615356385283309848e+01 1.052242781072819255e+01 1.235159744239445132e+02
6.032479871230393087e+00 -1.003880969595712891e+01 1.750778151085410741e+02
1.605215440052032250e+01 -3.685799011069825770e+00 1.401651809825427222e+02
1.031099985819387044e+01 -1.403317689882550034e+01 1.447346679633652116e+02
6.186177384377791633e+00 -3.705075415733510624e+00 2.027785986640060969e+02
1.613259655804002790e+01 -1.020188579420094044e+01 1.222617707288504789e+02
1.302594111652678954e+01 -8.390447498358760692e-02 1.867024183738474221e+02
1.586467368569441660e+01 -1.628403231027811060e+01 -3.553885562044802526e+01
2.025734300810321642e+01 -6.080091330944357608e+00 -9.152369498665966319e+01
1.398517391191325387e+01 -1.635477081783688647e+01 -9.186635167608520192e+01
1.856499148060943938e+01 -1.189485964318594391e+01 -4.653067829402775246e-02
1.671595708024037563e+01 1.738789982951265500e+01 -3.767129829750196990e+01
2.043067168423658231e+01 6.196590058120759359e+00 -9.203350701587748972e+01
1.493602782146556329e+01 1.741346663895056679e+01 -9.805110626673616991e+01
1.908819471194520645e+01 1.214812820944622906e+01 2.489743932092197340e-02
5.989720153318718765e+00 9.992929819636652056e+00 -1.758879716054559310e+02
1.599032751644979378e+01 3.688073228044312923e+00 -1.395830263339749138e+02
1.050610769310578974e+01 1.431954115880596667e+01 -1.473890831145387494e+02
6.168585177408393072e+00 3.629254903593333914e+00 -1.971846552202852649e+02
1.638722046673295196e+01 1.044942163256292567e+01 -1.247331738898167259e+02
6.328876578130098629e+00 -1.064584452913921808e+01 -1.849188055950038176e+02
1.723994908541271798e+01 -3.937530397127040338e+00 -1.504745316758287288e+02
1.001105636626501472e+01 -1.365539268573062692e+01 -1.405185489269351251e+02
6.696682521101040564e+00 -4.072377085322078649e+00 -2.137291665976993329e+02
1.580010540784911655e+01 -1.005185735063845343e+01 -1.192223728146618669e+02
1.229740356492291475e+01 -1.817736205528046045e-01 -1.786899055985963400e+02
2.207941722623035474e+01 -1.430635139686414758e-02 5.828250317544664227e+01
2.197633534241504805e+01 2.258727467531534625e-02 -5.841267592090572691e+01
2.127037695187435062e+01 -5.970704325220143716e+00 3.462865997221552306e+01
2.168079908743510842e+01 6.180327684860729143e+00 3.526498131699182892e+01
2.122873084219150641e+01 -5.943140121071686544e+00 -3.468568422399212636e+01
2.212361086049299530e+01 6.210044880673824430e+00 -3.604770761671066737e+01
9.801921109567745205e+00 -2.223413214113750414e+01 5.338163547247355006e-02
3.372254740293311404e+00 -2.411111855094444323e+01 5.882228349887281410e-02
-9.409151180336353448e+00 -2.122169737226832709e+01 -2.476454133314725040e-02
-3.243675837823842389e+00 -2.339221711881526744e+01 5.465900509188199169e-02
9.293915680134109181e+00 2.087458183103908738e+01 -1.335793589185765547e-03
3.109732257428795332e+00 2.244292336306500601e+01 2.386537272418648610e-03
-9.207962087564437681e+00 2.079896429858709084e+01 -1.354935795173652091e-02
-3.235709524892144362e+00 2.301228418567656320e+01 5.887804174038728695e-04
1.141250496637538703e+01 2.069345114034970123e+01 -2.979202070424961946e+01
9.446635313786577726e+00 2.071806075010729131e+01 -8.260827130773586191e+01
8.730819152649264225e+00 2.250720129492760080e+01 -3.121675446126086229e+01
2.187690082060793184e+00 1.494293459745922270e+01 -1.676908054438773377e+02
5.741905369402448223e+00 1.864875011071400124e+01 -1.312540184100804481e+02
2.004364733066190229e+00 2.412221344056119321e+01 -3.168882562771110400e+01
5.552646492061733774e+00 2.236466320476058200e+01 -8.706483109607258086e+01
5.291486190679297152e+00 2.359059489957912703e+01 -3.155627978337995998e+01
7.399029197494161103e+00 2.244123020450911810e+01 -5.922917403654373913e+01
-1.095328296529691592e+01 1.970986386546270097e+01 -2.857571519177085051e+01
-9.302796390328685661e+00 2.073506208282860896e+01 -8.449839193128147485e+01
-8.380619466739082313e+00 2.148947471365060480e+01 -2.952606966372883335e+01
-1.922467994800797886e+00 1.377244254284808100e+01 -1.546725613367421204e+02
-5.403237003550710682e+00 1.760588205414982710e+01 -1.233624994950472029e+02
-1.421782959496831200e-01 1.626930382112496076e+01 -1.446985191317481849e+02
-2.013104977153029829e+00 2.420265581081863360e+01 -3.243010092984097525e+01
-5.775486445434848015e+00 2.247416651699666801e+01 -8.821710362127942062e+01
-5.088273564666183191e+00 2.310668605144519105e+01 -3.084166061042995466e+01
9.607882652716179597e-03 2.463119565828092661e+01 -6.546901011736143516e+01
-7.352068655057066415e+00 2.243685666947401458e+01 -6.011997697800117635e+01
3.630040857382536679e+00 2.078739486911721812e+01 -1.119395889480209689e+02
-3.723102847836246454e+00 2.052120061278411001e+01 -1.113929184993144332e+02
1.774692160298481536e+00 1.813674782132385843e+01 -1.264008424888254893e+02
1.939330319369407363e+00 2.346590227570312592e+01 -9.448426895510499435e+01
-1.827502293386493726e+00 1.820609136399682626e+01 -1.276103129877733551e+02
-1.978503608279356341e+00 2.341380738831531616e+01 -9.328342573763112000e+01
1.096854612766116865e+01 -1.974859744392278671e+01 -2.857400338254605288e+01
9.279343485757589605e+00 -2.066346410032283387e+01 -8.445295665627159565e+01
8.369656337027317150e+00 -2.145022018979499023e+01 -2.951891540259405033e+01
1.868458003165563097e+00 -1.375400166815785141e+01 -1.546354167737385978e+02
5.385192099358306450e+00 -1.763353487862699254e+01 -1.233395632367546852e+02
1.956894582953122796e+00 -2.303125722233304273e+01 -3.058084768545112908e+01
5.735734923849543421e+00 -2.210318236192160413e+01 -8.815964429886659559e+01
5.049446796220678380e+00 -2.273360593278734854e+01 -3.076242834999145259e+01
7.322670196427596423e+00 -2.203021019656714330e+01 -6.009621910975229042e+01
-1.144166102812460295e+01 -2.045789558677351394e+01 -3.011189369160143769e+01
-9.332354817585157392e+00 -2.027068325340615118e+01 -8.308939337568467920e+01
-8.164524438126438355e+00 -2.077000860032657670e+01 -2.790927933560625718e+01
-2.134571751614777302e+00 -1.485587065718270594e+01 -1.672770437195322870e+02
-5.537089968598476908e+00 -1.880645340813365607e+01 -1.314255611123962240e+02
1.579781425157558705e-01 -1.625341251652721652e+01 -1.446719694453922784e+02
-1.885069080530412000e+00 -2.253755970325425650e+01 -2.972196214370673317e+01
-5.353859700031661006e+00 -2.104842456999661238e+01 -8.151520626752895282e+01
-4.817039073246704106e+00 -2.170823578148937116e+01 -2.899477858205939640e+01
5.671238842957236626e-02 -2.225164049593033155e+01 -5.728125337142181195e+01
-6.917903277271843621e+00 -2.095221423555570084e+01 -5.547649853342102944e+01
3.797976233242033040e+00 -2.034218194509172761e+01 -1.105895882777752490e+02
-3.555870015697440323e+00 -2.061558562461997468e+01 -1.117022737380338668e+02
1.844111501798401331e+00 -1.817651627976589879e+01 -1.275704778251856624e+02
2.048128388936725219e+00 -2.217353064998718182e+01 -8.777209546603110368e+01
-1.767245988079746422e+00 -1.812987552400514346e+01 -1.263596982121739671e+02
-1.805642848800677935e+00 -2.187754020325493443e+01 -8.684842025855596148e+01
1.698920333435915142e-01 8.922704544153914341e+00 -1.817088622570270502e+02
-7.617703782573878070e-03 3.057068202505304644e+00 -2.090493513548225906e+02
-2.205157817269867704e-01 -1.039951622462336900e+01 -2.078150191389983377e+02
-1.683869121821088277e-02 -3.546258754470304364e+00 -2.380858587721020285e+02
1.091273185149246672e+01 1.955811931200010179e+01 2.888565686153748402e+01
9.015542238753990745e+00 2.017679928958704849e+01 8.143811970677833756e+01
8.240916195909001374e+00 2.104821686621126986e+01 2.915009229323371898e+01
2.126109898981959123e+00 1.438492468660968449e+01 1.605060778802262291e+02
5.487093026887179370e+00 1.801580504965934182e+01 1.247975372915257708e+02
1.928385322913987787e+00 2.376421773257410308e+01 3.149893290030308535e+01
5.715153210046602261e+00 2.309248285186480842e+01 9.133612532773318549e+01
4.916250955916375176e+00 2.232385340620900749e+01 2.922753535267356284e+01
7.270260848574626955e+00 2.182715318564223139e+01 5.860137833053727263e+01
-1.093169344973854784e+01 1.959802576542436725e+01 2.871552127379781183e+01
-9.029500245618937271e+00 2.039391422694124500e+01 8.337153252368672440e+01
-8.384012973258551327e+00 2.149277787392428962e+01 2.945754294294735942e+01
-2.095977806790769726e+00 1.417679898003575545e+01 1.582038341337829763e+02
-5.344507008769693535e+00 1.770086146882956157e+01 1.227037484146329120e+02
-5.223785333838898426e-02 1.738003921728008194e+01 1.553904071905269859e+02
-2.040776203652147291e+00 2.428702072669231526e+01 3.320205815040921493e+01
-5.739768592169382622e+00 2.273161911349654929e+01 8.924205336491611718e+01
-5.097373757891842772e+00 2.318926455709476642e+01 3.083844070339899801e+01
-6.602478656235177823e-02 2.465325285529416988e+01 6.565313677072080623e+01
-7.309598705312703615e+00 2.235502145234237403e+01 6.003154028484106419e+01
3.891516899620035552e+00 2.144899198202262625e+01 1.165721765207267282e+02
-3.931590094751692188e+00 2.160742189964348370e+01 1.182554412547634684e+02
1.957260856813736405e+00 1.909459228844154666e+01 1.343863613546032241e+02
2.014015130284026345e+00 2.424311676844427055e+01 9.827412151730231926e+01
-1.990733122604760430e+00 1.921576597540190789e+01 1.356679618638096372e+02
-1.932150987889576399e+00 2.390405476423841691e+01 9.512510952806184150e+01
1.214915248274039428e+01 -2.189896778930848598e+01 3.247455513796342075e+01
9.430862228373426248e+00 -2.131374129690561858e+01 8.823176872105563007e+01
9.315020801219617397e+00 -2.379400500762553960e+01 3.293497281285330303e+01
1.955957760110946131e+00 -1.394093671575149251e+01 1.563871050164928533e+02
5.403173869821441322e+00 -1.775491071127324005e+01 1.234231688216999459e+02
2.093317669873804743e+00 -2.526608375853724908e+01 3.333007873708798030e+01
5.951385556005660327e+00 -2.318590675225937758e+01 9.120453191768150703e+01
5.524192249820447209e+00 -2.482863027119378074e+01 3.262234492979758471e+01
7.820757354565402331e+00 -2.373028404953370440e+01 6.443376051411479466e+01
-1.105662708421179552e+01 -1.991535942810640591e+01 2.813914258521693057e+01
-8.899421733912491916e+00 -1.947350184745284096e+01 7.743172539230947393e+01
-8.365055426602078015e+00 -2.154542681642531576e+01 2.943197334920519026e+01
-1.842099505052123831e+00 -1.406665881576845578e+01 1.574054323364631784e+02
-5.208603582349328853e+00 -1.727093269481600757e+01 1.196211271049109541e+02
3.589220059313716349e-02 -1.683437127375098186e+01 1.505929687176255527e+02
-2.024941153880853495e+00 -2.509108635038333190e+01 3.375687722037076099e+01
-5.590708466411604682e+00 -2.246344681047687430e+01 8.819652051592231601e+01
-5.159586410198110151e+00 -2.342966573265483632e+01 3.095962792675646469e+01
1.137252721198075828e-01 -2.485667307330687947e+01 6.567460721512719601e+01
-7.093373788654753653e+00 -2.148607636869054360e+01 5.667825869879053613e+01
3.890323970247974383e+00 -2.120749438469371384e+01 1.149161731334285719e+02
-3.756025402721056672e+00 -2.101761545509015150e+01 1.141789327763449506e+02
1.935389300712466731e+00 -1.891449852353120065e+01 1.334822060457668442e+02
2.075928529204690065e+00 -2.396138785733911902e+01 9.499595291472680003e+01
-1.838216496314768023e+00 -1.856324491350990868e+01 1.302255387550015087e+02
-1.942141015050946828e+00 -2.409805939556055066e+01 9.810787054936477602e+01
-3.876214031573110841e-02 1.020634101612108680e+01 2.054940033964743691e+02
-2.287594989140438392e-02 3.227003413081618088e+00 2.196185680433743244e+02
-1.438249667051967606e-01 -9.699940531356391560e+00 1.955690059738183209e+02
1.855549964417062617e-02 -3.184777273479216575e+00 2.171215966632055654e+02
-1.484362421876877391e+01 -1.879174934497659777e+01 1.942942445955957353e+01
-1.938820524259825362e+01 -1.529418350910614599e+01 5.702386657310548657e+01
-1.403675304830547788e+01 -1.937755846925304581e+01 5.002365661317715961e+01
-2.232790389548407717e+01 -3.490851884905797675e+00 1.117002699301772424e+02
-2.201881593986123420e+01 -9.916648487942678614e+00 8.918569972850114880e+01
-1.055949125384658949e+01 -1.716719999681786035e+01 9.474294270142688390e+01
-1.735844528503977102e+01 -1.484573088067542201e+01 8.267451617474323200e+01
-1.275290720724975380e+01 -1.890016737000063429e+01 7.737849369695273083e+01
-1.666920156038295531e+01 -1.815355114789706548e+01 7.254503314258143121e+01
-1.391156395274266444e+01 1.768874363979807285e+01 1.767568007203250247e+01
-1.705008208105200751e+01 1.349365781268509679e+01 5.022946054446016717e+01
-1.286260115871725418e+01 1.778130370601487087e+01 4.569801014319363475e+01
-2.010777512026161773e+01 3.221949894643352241e+00 9.806941019304527174e+01
-1.990771247733983529e+01 8.875571883608046164e+00 8.092524287118840221e+01
-1.076569615848387862e+01 1.813267753446526598e+01 1.005891291718591276e+02
-1.613122699994335463e+01 1.365110529479282242e+01 7.725986538044773511e+01
-1.197220205137890403e+01 1.803124374781210193e+01 7.303638894958700689e+01
-1.462422242444597842e+01 1.597235169623834850e+01 6.271278770411200298e+01
-3.117524252696841192e+00 1.098988676370885109e+01 1.754130692368146924e+02
-8.504208695654815742e+00 8.413849019616305824e+00 1.665038121459115246e+02
-4.950704925955591307e+00 1.328652955625425136e+01 1.627029573321338489e+02
-3.227702734701684673e+00 8.886024693535583552e+00 2.017253743871339680e+02
-1.813281730431712901e+01 1.744358729317941670e+00 1.245097466315248198e+02
-1.393422760937595584e+01 5.586775785803554939e+00 1.534709168701897397e+02
-1.839933377062907383e+01 5.009522905001555060e+00 1.161057850707609163e+02
-8.692000792860410385e+00 1.640997246139606958e+01 1.221019207300209217e+02
-1.134911203175440164e+01 1.065204740017065710e+01 1.586248287035601550e+02
-6.744617198791628354e+00 1.504390224411107368e+01 1.430483888449684855e+02
-1.203851004556281978e+01 1.518936386368404357e+01 1.167003418756261510e+02
-8.362825347348154637e+00 1.242146670340399162e+01 1.662276720739427560e+02
-3.340698987834594735e+00 1.996885769343621053e+00 2.292741146554774900e+02
-9.044595879978420072e+00 5.326372894558314641e+00 1.825063191032768657e+02
-3.415529717866733872e+00 5.784982470645199548e+00 2.238566667862887982e+02
-6.145268772892269915e+00 7.039504427338517445e+00 1.889133833560599953e+02
-1.783432311130117043e+01 1.140536131938733888e+01 9.737221432934191512e+01
-1.429439223394074610e+01 9.033529337888365873e+00 1.494102374546220062e+02
-1.901714110070732033e+01 8.315748446215975420e+00 1.120117100338388525e+02
-1.473314318011379598e+01 1.294775658093218773e+01 1.018269108695811411e+02
-1.653154955813596416e+01 6.886818788011032311e+00 1.340762692276671544e+02
-1.293759774548960806e+01 1.182036885356140488e+01 1.296263302604385501e+02
-3.204084064463569081e+00 -1.188969042762759543e+01 1.868943526146882732e+02
-9.614557367561697987e+00 -9.414127009467161855e+00 1.859957706080160733e+02
-4.980908581619975628e+00 -1.307624179562256472e+01 1.599050366349576962e+02
-3.184774918650655096e+00 -8.711391808243197588e+00 2.000835557893456098e+02
-1.906881898569684353e+01 -2.013596244851067585e+00 1.322098669141204255e+02
-1.512856464245344590e+01 -5.927450053185450152e+00 1.673138505423567608e+02
-2.043296567831623989e+01 -5.345274359452605317e+00 1.303361225879857557e+02
-1.639132901104282780e+01 -8.530662623058563043e-02 1.432499245298979531e+02
-8.848268871230272836e+00 -1.647532664819271986e+01 1.233831784034440062e+02
-1.134500171082652109e+01 -1.039935281059919170e+01 1.562630544059643967e+02
-6.835163779048177624e+00 -1.485920852008049842e+01 1.423342023046459985e+02
-1.210026639498674150e+01 -1.506157296093995512e+01 1.157222220864367728e+02
-7.844985623192325619e+00 -1.201096403827827608e+01 1.587225955451966684e+02
-3.199268800095550702e+00 -2.037968414693717811e+00 2.211309683133864894e+02
-1.009968142026396976e+01 -6.077191600216496958e+00 2.001971197563508440e+02
-3.257506051448683326e+00 -5.442953496629050925e+00 2.128818575586773534e+02
-6.296874570592645881e+00 2.832854683839156062e-02 2.050723940266357488e+02
-6.519387738003574739e+00 -7.417469521868090609e+00 2.006694833311472337e+02
-1.929241203279701722e+01 -1.218453530218523717e+01 1.059798843598223073e+02
-1.508671934888714183e+01 -9.542427095292371320e+00 1.574818640247271730e+02
-2.026986431507199526e+01 -8.792751833675456652e+00 1.180723578758886561e+02
-1.542922006536064750e+01 -1.355228713307330857e+01 1.064215708847618913e+02
-1.842754957466899768e+01 -7.610073488532502317e+00 1.510370827877683269e+02
-1.342012316551176987e+01 -1.224028613743865357e+01 1.341940357764725320e+02
-1.257694164912298085e+01 3.955102760734940048e+00 1.803507765093932562e+02
-1.199671098926085477e+01 -3.557655257975727014e+00 1.726041258775869096e+02
-1.429804533585022064e+01 1.702967333065969147e+00 1.580397110029029477e+02
-9.858139118083906638e+00 1.919807646167676962e+00 1.951679423161278635e+02
-1.438159586116463018e+01 -1.970053145251691840e+00 1.594734271648559627e+02
-9.048319766607214376e+00 -1.809776750792693178e+00 1.868187222671651853e+02
-1.522537323687423516e+01 -1.923830603719738264e+01 -1.985761506569888724e+01
-1.947490004123353557e+01 -1.538554662499528369e+01 -5.812900373901926798e+01
-1.469415465536152432e+01 -2.010408329135932703e+01 -5.286491858915579201e+01
-1.642345116688114715e+01 -1.716104445779424381e+01 -4.484440488574872180e-02
-2.144468159196977197e+01 -3.348746740713235415e+00 -1.063932541465220396e+02
-2.031051482864622315e+01 -9.285502936057536516e+00 -8.216622217537347694e+01
-1.131506988897968213e+01 -1.824549691267968043e+01 -1.026033618322439338e+02
-1.744895289020968221e+01 -1.482422852183350059e+01 -8.410543045937566831e+01
-1.335287255197445333e+01 -1.984175649432507527e+01 -8.232192163118725148e+01
-1.679397527124699963e+01 -1.834133514686319799e+01 -7.201014008769779196e+01
-2.026936540304112100e+01 -1.258242434658113140e+01 3.642766638670131840e+01
-1.985394479589964689e+01 -1.233835653838642621e+01 -3.544648737913031056e+01
-1.859908738871840939e+01 -1.445348294835139136e+01 1.871722601605393876e+01
-1.876718056560153869e+01 -1.461253184275863859e+01 -1.929298160020437081e+01
-1.396792554544446396e+01 1.766465977740125481e+01 -1.807818382627046461e+01
-1.755111773094973060e+01 1.381339159697242813e+01 -5.142729335159408777e+01
-1.356829802771520121e+01 1.869882038492157861e+01 -4.886299372808406360e+01
-1.582511575227332479e+01 1.644567579728533957e+01 1.273555604286200939e-02
-2.041191455136612376e+01 3.201420574953424136e+00 -9.922213327504222491e+01
-1.973535263330821365e+01 8.875983589550452635e+00 -8.033251728027586580e+01
-1.093788005826626630e+01 1.820996657408045394e+01 -1.019028961685262544e+02
-1.663569588989160408e+01 1.403358832176651205e+01 -7.974725802087378668e+01
-1.286321485128283904e+01 1.929668952270860416e+01 -7.962845917435716103e+01
-1.553759667389947197e+01 1.704794415559961251e+01 -6.696459853613473001e+01
-1.856625547828002709e+01 1.167888321973891230e+01 3.331672364595494429e+01
-1.875265518231686457e+01 1.184348754579140461e+01 -3.337718538310473093e+01
-1.760568466628557971e+01 1.375538721808947606e+01 1.795413617151630703e+01
-1.794338596786113271e+01 1.401535668021509728e+01 -1.839589912706081520e+01
-3.054912489186753177e+00 1.085613936676980984e+01 -1.722134957193901243e+02
-8.927178050400888409e+00 8.673261304110901904e+00 -1.719927074046968301e+02
-4.796092896293285612e+00 1.285283595925385924e+01 -1.572944352108203816e+02
-3.104124609162288273e+00 8.521713796392397455e+00 -1.944147920512148744e+02
-1.868617278221739397e+01 1.863799387468522584e+00 -1.277673684711346027e+02
-1.396138528237378651e+01 5.429427208101979652e+00 -1.541290064691746693e+02
-1.909219290667914848e+01 5.235901604227882977e+00 -1.217220703632611958e+02
-8.820312985743308687e+00 1.647609319098846825e+01 -1.236725114797849869e+02
-1.113075386478564610e+01 1.068471471703431419e+01 -1.565072865041099419e+02
-6.838821424071447552e+00 1.491207204860733171e+01 -1.432539718300909897e+02
-1.192146480951904053e+01 1.511400215448250428e+01 -1.154172447610871899e+02
-7.763317266415141304e+00 1.165100899688955671e+01 -1.555226040591906269e+02
-2.823922328139464533e+00 1.991542261286272320e+00 -2.055428062772247984e+02
-9.598924580069590817e+00 5.519637476088194994e+00 -1.895507930803659633e+02
-3.282027291837939398e+00 5.378155673413012039e+00 -2.099317130323780702e+02
-6.591767314612385853e+00 7.461745927429836556e+00 -1.988332337373320229e+02
-1.746679402429300154e+01 1.126920040457537908e+01 -9.425962274327685009e+01
-1.382799178432177989e+01 8.786671102436095282e+00 -1.442135189248598408e+02
-1.886462856368671837e+01 8.299637133158125124e+00 -1.107543025903376588e+02
-1.487519892398880650e+01 1.311283978778259396e+01 -1.039377155729168436e+02
-1.678128787913962583e+01 7.005039817056919027e+00 -1.363900468195928397e+02
-1.302455029211323101e+01 1.196766949575893690e+01 -1.312024084853943577e+02
-3.299489040888456071e+00 -1.176514857373913081e+01 -1.859768642061364119e+02
-9.444607834741031382e+00 -9.250671929481010025e+00 -1.840070928844110369e+02
-5.473884692228077498e+00 -1.434879319703106582e+01 -1.757121735561726439e+02
-3.293651883037347350e+00 -8.660985361091785961e+00 -2.007442428981333933e+02
-1.978859469573032825e+01 -2.046015075531265826e+00 -1.378962867362558029e+02
-1.516960991257927738e+01 -5.895721400661907197e+00 -1.673642794599549859e+02
-1.957094836602244570e+01 -5.409193163213359412e+00 -1.242068078045820272e+02
-1.772069469922844576e+01 4.048136115165665988e-02 -1.551068529848207334e+02
-9.638661524631832123e+00 -1.746973854422451922e+01 -1.331596107685771244e+02
-1.115441797267171786e+01 -1.045531756938052403e+01 -1.557223831557836888e+02
-7.637447101737187438e+00 -1.674909648818092478e+01 -1.608188115118470876e+02
-1.224409614037307925e+01 -1.517033666448609885e+01 -1.160374124259157327e+02
-8.323747445967796921e+00 -1.287269784887658020e+01 -1.703713266611173651e+02
-3.278460462056413949e+00 -1.905529305028563547e+00 -2.166510341743016568e+02
-9.666060671361153211e+00 -5.762011313140356528e+00 -1.932890908046428251e+02
-3.306963485250443036e+00 -5.326136854350469463e+00 -2.112469501019982374e+02
-5.510807298104729135e+00 6.716864449006966498e-02 -1.861629585445215582e+02
-6.513293422856668791e+00 -7.374357554066066633e+00 -1.992871837837594455e+02
-1.805131195433730085e+01 -1.176578258147920231e+01 -9.790943991413034553e+01
-1.436011941031083694e+01 -9.395846865147804650e+00 -1.514186821208952551e+02
-1.958302388045891718e+01 -8.546615444654127813e+00 -1.148873081170946193e+02
-1.532318013759257624e+01 -1.361440614019132944e+01 -1.077941403814760406e+02
-1.698972995403766362e+01 -7.112016915426522701e+00 -1.372301693675193519e+02
-1.325298813206897108e+01 -1.202685372986592682e+01 -1.319727528292145280e+02
-1.179094593592469487e+01 3.389160117673560624e+00 -1.697284460867074927e+02
-1.286857430140595326e+01 -3.779835350645347258e+00 -1.854559229993660097e+02
-1.507806414561247621e+01 1.997068556110270787e+00 -1.676046861964545087e+02
-8.857200043944173373e+00 1.706744549885803153e+00 -1.799888307732686599e+02
-1.624712913700703254e+01 -2.033647985621346077e+00 -1.807073050169480268e+02
-8.762085642672017727e+00 -1.806621245713052604e+00 -1.778734320428254136e+02
-2.194363774118703603e+01 -1.057628694634495624e-02 8.576510037999047142e+01
-2.262576747574310687e+01 9.700822328473869202e-03 2.989319776839852949e+01
-2.341925610862316276e+01 -3.481579360994669248e+00 8.363595609745534887e+01
-2.212874657049665217e+01 3.141071826080845231e+00 7.891416149200244945e+01
-2.190077118992634908e+01 -4.862303502843599162e-02 -8.805867524900676813e+01
-2.268398736212625266e+01 5.884065026628396144e-02 -3.048804102690761653e+01
-2.224923353829458250e+01 -3.208899505111848072e+00 -7.944014789448597469e+01
-2.133870107728635901e+01 3.113309749041949015e+00 -7.432816462462592710e+01
-2.153413418939194202e+01 -9.565147403018466221e+00 5.378891430874886481e+01
-2.194887175576472060e+01 -2.923928020589468435e+00 1.765977991057790675e+01
-2.372301003716360412e+01 -6.686344910892928262e+00 7.397953470184859270e+01
-2.023865708035866007e+01 -8.756132232993310893e+00 1.709586789920079042e+01
-2.354044886981192164e+01 -3.060758775053209035e+00 5.146254711372999679e+01
-2.004796123746971759e+01 8.726395955534076876e+00 5.002036800260182758e+01
-2.184240903319713567e+01 2.914745567072436039e+00 1.772431332664898562e+01
-2.164089961971760445e+01 6.105566834324056558e+00 6.624364299004461998e+01
-1.996757104415692297e+01 8.680532609436824032e+00 1.714158364484529784e+01
-2.281985692900121521e+01 3.099506826359767597e+00 5.014591317995640196e+01
-2.049316824005570581e+01 -9.118436013442556387e+00 -5.061206210400993655e+01
-2.191590628567822563e+01 -2.878705084755800225e+00 -1.768489358589568994e+01
-2.166743125696255134e+01 -6.160483063644558221e+00 -6.603234130998782803e+01
-2.002215279508530799e+01 -8.724779176814498882e+00 -1.674427269458591994e+01
-2.231741194754454938e+01 -3.031725552113922806e+00 -4.869482477741918558e+01
-2.102910868991158821e+01 -5.851816502307738865e+00 6.773473459589152146e-02
-2.027637263386743527e+01 8.826385967835687296e+00 -5.110909300218582985e+01
-2.211470979864356678e+01 2.916508309726365766e+00 -1.786366935853546423e+01
-2.129629098539017562e+01 6.056730836889031799e+00 -6.585738796745795298e+01
-1.986698548571166256e+01 8.632659417613991693e+00 -1.693754941272580439e+01
-2.205581754975316855e+01 2.933164676541724081e+00 -4.723160093194447029e+01
-2.078885168331093425e+01 5.699176602429517402e+00 7.438783479768226910e-03
1.463415219925762756e+01 -1.864073593988403843e+01 1.848073043816963690e+01
1.741077332381166087e+01 -1.379228873735928751e+01 5.103235265986974412e+01
1.373341391879380424e+01 -1.912213225414489770e+01 4.824937948587411540e+01
1.989213070938038896e+01 -3.182460333967553456e+00 9.790857690388105539e+01
1.992722419361358632e+01 -8.931212429176015988e+00 8.096192737799455585e+01
1.092158153387429032e+01 -1.828924157389478111e+01 1.010096849594647495e+02
1.633970202068368138e+01 -1.385389748696275625e+01 7.814146330103694993e+01
1.238641703499823521e+01 -1.881352622478649295e+01 7.535360919770170085e+01
1.514585705556093309e+01 -1.665506977119427390e+01 6.493199785296059190e+01
1.365881709431757152e+01 1.739049279017109484e+01 1.736549131193373086e+01
1.701959223462212023e+01 1.325307143761903816e+01 4.925630215784367749e+01
1.269766049858333368e+01 1.768309820797361809e+01 4.523625130212830925e+01
1.987800444561164781e+01 3.102311395968588403e+00 9.804044892602490791e+01
1.908491190694081041e+01 8.564188025166984630e+00 7.659711731505619525e+01
1.098826786041252745e+01 1.804104210763137317e+01 9.919042524400798300e+01
1.688567241048655632e+01 1.400399988475728463e+01 8.191935628298307392e+01
1.181905412399835242e+01 1.788424289783674581e+01 7.166475077878004640e+01
1.456410634708213436e+01 1.616260747003158471e+01 6.307597023724524377e+01
3.063185690313873444e+00 1.125003395968059117e+01 1.787555738900133235e+02
9.235245954359488252e+00 9.081500259475973280e+00 1.783773924884410178e+02
4.969631562326233265e+00 1.315242745624339982e+01 1.612794578322113068e+02
3.399060885513359498e+00 9.160959002558229258e+00 2.102465027368509425e+02
1.783190408232438884e+01 1.768694918877368183e+00 1.227657688116101440e+02
1.447787443288117615e+01 5.822368078194283925e+00 1.599057330013205558e+02
1.833347441542820988e+01 4.852275407653197981e+00 1.157310991434217442e+02
9.436467129347603233e+00 1.760930031475707125e+01 1.331946209941251311e+02
1.130306299519856061e+01 1.076681133939716872e+01 1.585296276967953304e+02
7.039404188061848977e+00 1.522832000732176816e+01 1.462281746433537819e+02
1.269682587919698769e+01 1.561478636160299516e+01 1.214818953752972845e+02
8.077979137734271120e+00 1.211820239102891783e+01 1.615424996562340993e+02
3.332657294451454977e+00 1.893088027668673234e+00 2.261300625113454430e+02
9.842279746029436893e+00 5.868281100666232319e+00 1.995354911665261852e+02
3.225654561025834255e+00 5.382210936346935704e+00 2.137284131048657230e+02
6.917448862461479386e+00 7.908244907626181153e+00 2.111981310413523261e+02
1.789217828696735069e+01 1.162185981064815721e+01 9.814287658998365771e+01
1.431519361113873678e+01 9.137679792178298399e+00 1.496742479113119089e+02
1.843375527038387673e+01 8.070171876603687622e+00 1.065163802960063890e+02
1.569388043797853882e+01 1.368286689551452540e+01 1.102809095306850651e+02
1.686338299463086443e+01 7.007264931350881909e+00 1.367927158180311835e+02
1.323088364333483113e+01 1.214265551883760530e+01 1.324776879957649669e+02
3.027868231431409374e+00 -1.076432506506489695e+01 1.717067386073831301e+02
8.496833938711629841e+00 -8.389723742594307865e+00 1.665495479351046981e+02
5.069002714473149318e+00 -1.347671188498221007e+01 1.651069149805362315e+02
3.200822440494184296e+00 -8.598050650453279431e+00 1.966628568528944072e+02
1.803594330319605987e+01 -1.852822172957256486e+00 1.244241355949204291e+02
1.395254933997395064e+01 -5.587574562475944973e+00 1.535173378282801195e+02
1.837700437291788802e+01 -5.015900909217893222e+00 1.161162607270713210e+02
1.636218426531583603e+01 -4.853617473866021770e-02 1.430917211580442654e+02
9.003515628107212621e+00 -1.696701274664959769e+01 1.270270555614714283e+02
1.130586555775421687e+01 -1.070556213218412900e+01 1.586941731381712373e+02
7.020273446593428446e+00 -1.542983192569962014e+01 1.472073338899063799e+02
1.213738813163287134e+01 -1.519311594311433034e+01 1.168233587712259691e+02
8.327315725516383438e+00 -1.240287469930795261e+01 1.663386036237303358e+02
3.028992558997256168e+00 -1.776952850728962030e+00 2.141582530446413557e+02
9.011761634299926271e+00 -5.418851503045218010e+00 1.840350526699224076e+02
3.214578372054827771e+00 -5.362423161613682154e+00 2.102053474792478767e+02
7.060866053790008756e+00 2.401650234699222869e-02 2.234266127783890283e+02
6.130404356484260298e+00 -7.092409567234803980e+00 1.900507942690996401e+02
1.783859889495568396e+01 -1.142482829892630924e+01 9.740260234835238862e+01
1.431726941767974992e+01 -9.045330176331283667e+00 1.494274691118120870e+02
1.903085520566961009e+01 -8.313039063039919796e+00 1.120005848625155238e+02
1.473418202510941555e+01 -1.296989203627465059e+01 1.018651914696778960e+02
1.653175764175117735e+01 -6.882735871498941727e+00 1.340734219075002045e+02
1.294598880539683172e+01 -1.182817515377791118e+01 1.296598565510928154e+02
1.281281919396100299e+01 4.058690342450194777e+00 1.837086509629714328e+02
1.259268578520804738e+01 -4.110993338869224800e+00 1.805215359268693192e+02
1.445865694303247295e+01 1.850635884092859840e+00 1.595993891738155810e+02
1.082297485462270359e+01 2.195173659363681029e+00 2.150350362379331557e+02
1.431597258221261626e+01 -1.809336726094154191e+00 1.581531425630600154e+02
1.045198227232463140e+01 -2.187376875940649334e+00 2.079205923336872104e+02
1.401627336362353304e+01 -1.777174190317916924e+01 -1.800078195204890008e+01
1.755188366251233134e+01 -1.382141209781381619e+01 -5.140165731543552141e+01
1.357076246547752341e+01 -1.871200218341552812e+01 -4.873367188319468823e+01
1.595746017846793130e+01 -1.662524804270617196e+01 1.895771757381230216e-02
2.016346008405929524e+01 -3.137807583825193092e+00 -9.889584274116528206e+01
1.974903632677735743e+01 -8.905618115976132287e+00 -8.032908788794388499e+01
1.092941340762092040e+01 -1.817973573771165974e+01 -1.018747882777500848e+02
1.663931341491249327e+01 -1.404893657858545808e+01 -7.974789987791868384e+01
1.287435851375490792e+01 -1.929942747055418195e+01 -7.959253066181791780e+01
1.552644781756590397e+01 -1.705172392738537113e+01 -6.694920892881222585e+01
1.865150048914886227e+01 -1.171245025078241220e+01 3.333448698794656195e+01
1.874558943741788397e+01 -1.182927944024827127e+01 -3.338787630406685025e+01
1.770979341198325585e+01 -1.385745290985862255e+01 1.800012216687961342e+01
1.794550532832248635e+01 -1.402931300043424301e+01 -1.837333197632256798e+01
1.431502120757079233e+01 1.818715222451723079e+01 -1.839609319239351493e+01
1.925590958018474552e+01 1.502287784769268697e+01 -5.693052765453838759e+01
1.452852044888359906e+01 2.001538164778297357e+01 -5.229847130300268532e+01
1.549798061493143031e+01 1.611034503946771324e+01 -1.299687624722010715e-01
2.042475373456761290e+01 3.217513634709267656e+00 -1.010014985752324748e+02
2.015257662700917507e+01 9.180721737878096533e+00 -8.180584485105443093e+01
1.183691673140690170e+01 1.909809520216130352e+01 -1.081089211037636773e+02
1.798569324550435056e+01 1.518443177643750275e+01 -8.681220124942863947e+01
1.372775372763194568e+01 2.035614321412831274e+01 -8.503608782076902628e+01
1.700899751896260170e+01 1.871794619911795010e+01 -7.389079492724404474e+01
1.924117055205016058e+01 1.208764565260221779e+01 3.456053611635628187e+01
1.969182797047747613e+01 1.220523712135578975e+01 -3.478378519444625994e+01
1.754751015775667256e+01 1.367094221777477081e+01 1.751172619336175984e+01
1.812350223586212650e+01 1.400989978154527016e+01 -1.840391424223791716e+01
3.128314016004726916e+00 1.131588419943861901e+01 -1.787892716292897717e+02
8.716025224384836179e+00 8.641304631948802495e+00 -1.707358116135533521e+02
5.237030747153370136e+00 1.376950925957390126e+01 -1.689734447585999817e+02
2.974267208144563135e+00 8.022115280480466737e+00 -1.839145028190536379e+02
1.818947583842578553e+01 1.888968306559829724e+00 -1.254774044811392315e+02
1.382374632920598323e+01 5.486450860671268970e+00 -1.522891131954705770e+02
1.863045410899555776e+01 5.031764210187816388e+00 -1.182823631741002544e+02
9.478898801533457430e+00 1.770248540174016583e+01 -1.338708401117986284e+02
1.177388047068498977e+01 1.124679470316927876e+01 -1.655557051385188743e+02
7.414153510181288098e+00 1.609162391619199894e+01 -1.549147817723085154e+02
1.245178632568596022e+01 1.569210677479021676e+01 -1.193934225701800642e+02
8.239641016631795267e+00 1.231280291764290880e+01 -1.653423432466003362e+02
2.959381133856025414e+00 1.859554316463061241e+00 -2.067268896911807587e+02
9.151778662641493867e+00 5.564028711403556926e+00 -1.854157811125402873e+02
2.968883158559614710e+00 4.984315308385217413e+00 -1.970653661872154032e+02
5.776824512084838048e+00 6.712653026617116048e+00 -1.813422424817472915e+02
1.835526305147788406e+01 1.188348214752119247e+01 -1.000729623929727268e+02
1.439775627933873103e+01 9.123596565324943342e+00 -1.502691905550391596e+02
1.871157417005311885e+01 8.264281169507084357e+00 -1.084581803775194828e+02
1.560061913195689698e+01 1.378408273196530587e+01 -1.094255905810073699e+02
1.645203987132599366e+01 6.775248698911521039e+00 -1.327328262910212118e+02
1.372040399986690673e+01 1.256212183155543194e+01 -1.386184388222514485e+02
3.025117169682793428e+00 -1.143588402476001242e+01 -1.801611029646149973e+02
9.411649368498487433e+00 -9.013815978919568650e+00 -1.789212013047255141e+02
4.825915321608079012e+00 -1.289813255537281655e+01 -1.574538089716653815e+02
3.462204479460832207e+00 -9.443254138190290803e+00 -2.157315907092029477e+02
1.897188582039892069e+01 -1.876816139978440434e+00 -1.314343745856444912e+02
1.503431574076484623e+01 -5.825506565640531598e+00 -1.650004683821867957e+02
1.908569976239001065e+01 -5.296385764213003000e+00 -1.217916595469479262e+02
1.687479114235146938e+01 9.833432193271740562e-02 -1.475801953548289305e+02
8.821505059503813584e+00 -1.648345560590496106e+01 -1.236683771992076544e+02
1.117222069532933837e+01 -1.065232417655932373e+01 -1.566588325867488152e+02
6.865752041269091777e+00 -1.493104439617964196e+01 -1.432582983608039910e+02
1.191269808091384697e+01 -1.512765152451078521e+01 -1.154239150995503707e+02
7.802257320776094573e+00 -1.173560680225007857e+01 -1.557347221455643194e+02
3.398505866909597106e+00 -1.870359399039536186e+00 -2.248606489733132889e+02
1.024418975321286496e+01 -5.707471389253297112e+00 -2.014487273998662431e+02
3.627591337362381374e+00 -5.959140491284938612e+00 -2.329353297490951888e+02
6.295623827804894823e+00 9.669858296241030937e-02 -2.027135989476030886e+02
7.306199990143959155e+00 -8.235172203622379783e+00 -2.183875545839854624e+02
1.746242275900320351e+01 -1.125634682652668417e+01 -9.427767706982110951e+01
1.375642985094820503e+01 -8.967621696273647913e+00 -1.444211375491312310e+02
1.886226449952586748e+01 -8.305121354338048434e+00 -1.107621230251450726e+02
1.487126993960597865e+01 -1.310259116236809973e+01 -1.039207254254250046e+02
1.684398296906866221e+01 -7.048945114151213609e+00 -1.365487857854434139e+02
1.305150258656331630e+01 -1.196615060301228617e+01 -1.311928484268875366e+02
1.223360719064394431e+01 3.809926593113081239e+00 -1.764901598958503257e+02
1.305828262342394375e+01 -3.778578361041731615e+00 -1.862864373182663940e+02
1.433628296302452476e+01 1.767771057963405390e+00 -1.590522010803213107e+02
9.766808210481242369e+00 1.998982152559543701e+00 -1.950013566367188957e+02
1.560689162430518984e+01 -1.955138647362792303e+00 -1.725664074681556031e+02
9.434522429629470963e+00 -1.955099550342701553e+00 -1.916791846368309109e+02
2.081440668832145136e+01 -1.101957155379947179e-01 8.249172363368280969e+01
2.220212941002303353e+01 1.300979499542036233e-01 2.932415336256779526e+01
2.188966954182507152e+01 -3.103630271297455945e+00 7.887854163389893358e+01
2.091979369243073350e+01 2.988485471426956419e+00 7.394451185847823638e+01
2.095430614480437370e+01 -4.615316356212525138e-03 -8.352971270362569101e+01
2.278881486511700416e+01 3.838593501943907138e-02 -3.002127510347952111e+01
2.112089240690720970e+01 -3.052139591963380028e+00 -7.424055331822320625e+01
2.127071719642816205e+01 3.063978861958070343e+00 -7.545080995233067256e+01
2.008895727991454550e+01 -8.762790097925076793e+00 5.001987396345955261e+01
2.183017120980324322e+01 -2.885800655931541669e+00 1.770759283810520657e+01
2.161008124814193110e+01 -6.115177725602114478e+00 6.624832368703312113e+01
1.996360832265009932e+01 -8.679761120018422815e+00 1.715304256574888342e+01
2.260145839490539288e+01 -3.124866882350906039e+00 5.012902863724114155e+01
2.066241293583363969e+01 8.925750415704548857e+00 5.289008126459883385e+01
2.237023477450507869e+01 3.027078122494641921e+00 1.768353318961545639e+01
2.081350349018946488e+01 6.085641491032023787e+00 6.394984664069470881e+01
2.106006071986032069e+01 9.012390807923997826e+00 1.828454146142653869e+01
2.167570039595029030e+01 2.975013195137226507e+00 4.613912207104455376e+01
2.027912651136676914e+01 -8.839880702628766684e+00 -5.109801798330984468e+01
2.218295718354499613e+01 -2.899030655446963145e+00 -1.783531218035899002e+01
2.123851322754526905e+01 -6.066441100595055147e+00 -6.583670039019357034e+01
1.986618838675929410e+01 -8.623708419104715972e+00 -1.694672777741089220e+01
2.197765577687930616e+01 -2.918439158130550215e+00 -4.722530654672468131e+01
2.079256814029065481e+01 -5.701760848715437646e+00 1.074337252846198701e-02
2.085881327030081778e+01 9.127309776553811815e+00 -5.210409916769681615e+01
2.318260014003142899e+01 3.112028633688123325e+00 -1.897296388903480491e+01
2.122225077127421144e+01 6.043659080687032059e+00 -6.478550862838670810e+01
2.096659340146905492e+01 8.970861571432505954e+00 -1.770194431073799990e+01
2.223508091848616530e+01 3.064862031483438720e+00 -4.818997233861436769e+01
2.213419497036793970e+01 6.166598841134986131e+00 -3.148676327535365055e-02
