6.514871512053126423e+01 -1.084806618256721293e+02 -2.615842489259771059e-02
-6.575960166139104501e+01 -1.077045584183545799e+02 -2.545101252013041646e-02
6.547068320252448359e+01 1.080426191341058910e+02 1.324914093485299593e-01
-6.550959896578281416e+01 1.089099771613198158e+02 9.086963885719775980e-02
-7.252225681545153291e-02 6.730493702888993823e+01 -9.673897396020111117e+00
1.229165255954070973e-01 -6.722276544231519324e+01 -9.619687176718551669e+00
-1.355943226197741380e-01 6.716300527816952126e+01 9.598062939530720428e+00
-6.575506969743046340e-03 -6.730861436540152454e+01 9.658751630344127648e+00
-1.069273728952791060e+02 6.375511522030742617e-02 5.743447389695259808e+00
-1.068633387267901753e+02 -1.556992532951979036e-01 -5.691903171989991961e+00
1.070958927273724157e+02 -1.201652801480704164e-01 5.762138002922790214e+00
1.071572396956354538e+02 -2.247121445258446482e-01 -5.780960370715136243e+00
-1.363090593028261355e-01 -1.249507409771499056e+02 -1.780054254995115832e-03
-3.683965302921920482e-01 1.247499195392110920e+02 4.874605209765983833e-03
4.017176888508834054e+01 1.011994089085844166e+02 -5.319616091241734068e+00
-4.074155891928219120e+01 1.013590793329139785e+02 -5.408848550437552305e+00
4.034474354052001388e+01 -1.016513079168556288e+02 -5.485655798222751400e+00
-4.055968838110688068e+01 -1.013836781620409226e+02 -5.461002094010090957e+00
3.365278415742790907e-02 2.705248621904320916e-01 -1.128428196789800531e+01
4.028084642413109862e+01 1.012455811877488259e+02 5.399639395191130120e+00
-4.066771488395382050e+01 1.013858802239948886e+02 5.403163111870978419e+00
4.006071386706328497e+01 -1.014958447901775003e+02 5.366412264002372368e+00
-4.081477433445022029e+01 -1.014288198557409686e+02 5.538925254779591967e+00
1.347135144901427939e-01 -4.482467048791710651e-02 1.126799412038337778e+01
-1.033176192663020601e+02 -6.192562018728973783e+01 3.798026255329833401e+00
-1.032715008419517915e+02 6.251078266008172335e+01 3.980379026986158308e+00
-6.323757723060165858e+01 3.897927914761849166e+01 9.039501461005073679e+00
-6.300509624352212512e+01 -3.895977582473686596e+01 8.966671238412230238e+00
-1.033509746806187479e+02 -6.210214662926597384e+01 -3.819544383688769695e+00
-1.033079313476461891e+02 6.228025971979816688e+01 -3.952056391353828690e+00
-6.328291647445668389e+01 3.897416133904918212e+01 -9.034317981298157108e+00
-6.293901940239553738e+01 -3.909148234438834635e+01 -8.948565011850444506e+00
-1.262636660158864572e+02 -2.788909533260119662e-03 -8.200330019533312934e-03
1.032202714401209818e+02 -6.240809704983791306e+01 3.914765799430695026e+00
1.034289439806311037e+02 6.210616362660945811e+01 3.888581775503833882e+00
6.322892040782525669e+01 3.903167617720087890e+01 9.031173630358136251e+00
6.329661009020653495e+01 -3.901248239771881288e+01 9.053472225482217084e+00
1.033327375677111348e+02 -6.216985137776652692e+01 -3.893964070288922219e+00
1.031296557397727867e+02 6.232469245840519534e+01 -3.860642580690233583e+00
6.345400353517280934e+01 3.871655346006277654e+01 -9.059162200221727801e+00
6.307284828268793575e+01 -3.916790129968968159e+01 -8.983280574254040474e+00
1.264459361335027268e+02 5.182537045149750166e-02 4.557428698737984660e-03
3.611401966681967934e+01 -1.194149150865639513e+02 5.844930678851306682e-02
-3.518168668247333386e+01 -1.196454404306492592e+02 -2.642847547598147634e-02
3.610733591445563917e+01 1.192643231052810222e+02 -6.531683713047004014e-02
-3.777595476594161994e+01 1.190301101784145033e+02 -1.528945833451381825e-02
5.517572768117559434e+01 1.078724026634374695e+02 -2.372991497439849162e+00
2.103909775717400166e+01 8.783575285413340339e+01 -7.839107354766301938e+00
2.101840470665959160e+01 1.187647318236203517e+02 -3.096283460715433922e+00
-5.545880201200841952e+01 1.080888851294378696e+02 -2.306704349705931634e+00
-2.112167026365986899e+01 8.805729877504563774e+01 -7.896862616841746174e+00
-2.122996263290734120e+01 1.188734556176946597e+02 -3.179173364949278380e+00
-2.455188271055324944e-01 1.070681692773605249e+02 -5.969481059330194128e+00
5.553742280581304414e+01 -1.079222929664545063e+02 -2.397154048686965133e+00
2.118363138214066055e+01 -8.809867593424006316e+01 -7.881110208950684815e+00
2.087531773195944851e+01 -1.191092875399466209e+02 -3.112978697121546290e+00
-5.597238133633118906e+01 -1.076280150971857523e+02 -2.508948484381147370e+00
-2.082500452046734907e+01 -8.797240160219682537e+01 -7.838937692056710205e+00
-2.126492096763387707e+01 -1.190004810696014772e+02 -3.120402767192060001e+00
-1.477442912268401853e-01 -1.071425056691194584e+02 -5.915182003684347656e+00
-5.606104135710596875e-02 3.614073475388310186e+01 -1.104382354991267512e+01
-1.278652577139278122e-02 -3.573138490456067728e+01 -1.092390594643855550e+01
5.543718449429916717e+01 1.077005890271781112e+02 2.392961255184886227e+00
2.095266267262834248e+01 8.784924589274123718e+01 7.843550403149404993e+00
2.114857956110646242e+01 1.187262369434779998e+02 3.084153310551179583e+00
-5.577884072765331069e+01 1.078711415240119464e+02 2.303370602781365850e+00
-2.113034278782152242e+01 8.794037442279126537e+01 7.847331709820184464e+00
-2.123148982370982196e+01 1.189353719416685493e+02 3.146984723775350545e+00
-2.685604336442034556e-01 1.070279599742300150e+02 5.927798706097523684e+00
5.515600820840025875e+01 -1.079300357614020101e+02 2.306456617682866916e+00
2.127474238669361739e+01 -8.792718447671795445e+01 7.844599863445524512e+00
2.094751087645003906e+01 -1.190323269442955763e+02 3.102187184892408744e+00
-5.599994503108325716e+01 -1.077142539446614649e+02 2.560557982075599703e+00
-2.078825678007923727e+01 -8.816228403366885402e+01 7.902666575178664665e+00
-2.113263452785852081e+01 -1.189419624163884492e+02 3.095333520651854187e+00
-2.159579078528293394e-01 -1.071351889125404853e+02 5.927517075773735655e+00
-1.923022426161444531e-01 3.591111693948700179e+01 1.096627794819100998e+01
1.602174601159490896e-01 -3.594669041357487060e+01 1.098526152337375805e+01
-8.734719565708628863e+01 -8.991643814013755787e+01 1.917347117799425904e+00
-1.080618215256322543e+02 -3.253165851201245573e+01 4.717645385281556969e+00
-7.780362485100049241e+01 -8.520801611197468617e+01 5.119746065868093332e+00
-8.522578150973659206e+01 9.254209332227243578e+01 1.991211535501612673e+00
-1.084857282418032867e+02 3.263920866211025640e+01 4.913468441436944723e+00
-7.800398535426955959e+01 8.551560961389621696e+01 5.208755143341336158e+00
-3.452729897550538851e+01 5.632655980311219679e+01 1.004284242518764714e+01
-8.786567515096508885e+01 1.971516492174610846e+01 7.505651965092457800e+00
-5.582664396887326319e+01 7.504629256073401677e+01 8.130399217900981412e+00
-3.206520646797083174e+01 2.148473304614777746e+01 1.067903239668590487e+01
-8.747455601183591511e+01 5.240236784084665089e+01 6.465611904682765143e+00
-3.417665651545024730e+01 -5.622987635254464323e+01 9.976805304971607669e+00
-8.767793821424895384e+01 -1.949601117781244852e+01 7.427508053153218270e+00
-5.519940953602193900e+01 -7.512824139818371805e+01 8.047828718585826380e+00
-3.193583516459783667e+01 -2.150280650347214717e+01 1.070413652657086168e+01
-8.703979385326728391e+01 -5.241232371838921011e+01 6.326085279378996340e+00
-6.469329441066898312e+01 -1.138353223091929239e-02 9.301687016376792627e+00
-8.706257592702911552e+01 -9.017046363570712231e+01 -1.917654247038080850e+00
-1.082273411303965673e+02 -3.256963708898956611e+01 -4.818645838700988726e+00
-7.770658512176767374e+01 -8.519643566594012896e+01 -5.077462554648600523e+00
-1.053323567330443353e+02 -7.020383971281380298e+01 4.852208829889070180e-02
-8.568541343143391487e+01 9.208616328565796039e+01 -1.918116133824148806e+00
-1.084500334251560503e+02 3.240677763453582116e+01 -4.872076381523144484e+00
-7.786382256792784062e+01 8.572730944223363281e+01 -5.181777804555532718e+00
-1.044063494898521327e+02 7.144370406050946087e+01 -3.923148981170102023e-02
-3.449427147132252003e+01 5.650724779125909691e+01 -1.005727648845943811e+01
-8.783066824040948006e+01 1.963674919670685171e+01 -7.498518002249331182e+00
-5.590812762963447113e+01 7.500152210130968911e+01 -8.080105353174312555e+00
-3.208553437633450045e+01 2.180938863796524529e+01 -1.074979011914293636e+01
-8.753606177985949444e+01 5.243653185261836569e+01 -6.519663802865424351e+00
-3.402908241457244998e+01 -5.613456001618833824e+01 -9.925275503402168908e+00
-8.756660084323648618e+01 -1.964909999742029001e+01 -7.387596855688612685e+00
-5.524877847689929666e+01 -7.499784529815984513e+01 -8.025922668785595349e+00
-3.201272007122598495e+01 -2.124214499395931455e+01 -1.070831974762933747e+01
-8.721923298077990694e+01 -5.240389903328927801e+01 -6.363442032931733827e+00
-6.467269631407793895e+01 -5.507420995249839857e-03 -9.265198457651665720e+00
-1.210642261124884982e+02 5.605202493822827176e-02 2.681315954960114212e+00
-1.210708181746774841e+02 3.264391119761976268e-01 -2.654034236915601586e+00
-1.201380981772473291e+02 -3.128679956600140599e+01 1.975531021352326499e+00
-1.205072461948204534e+02 3.137868392650561233e+01 2.086133807436804766e+00
-1.202753058088256211e+02 -3.100151813684743374e+01 -1.997767318535118575e+00
-1.204731701204061665e+02 3.159145362666304280e+01 -2.101248364119487455e+00
8.556814968895800178e+01 -9.140442970547728407e+01 1.848856416805944924e+00
1.088541788207591310e+02 -3.218164492689928124e+01 4.954817072711253267e+00
7.744760787927341994e+01 -8.538384897818760066e+01 5.068599513568667447e+00
8.581002484072723746e+01 9.131646294576471234e+01 1.906066371623672095e+00
1.087943815522243654e+02 3.214738817391437209e+01 4.928672851364207297e+00
7.758444992602946400e+01 8.534407567500535663e+01 5.119231530566881183e+00
3.419940944376899949e+01 5.621383050468843834e+01 9.976014377265327582e+00
8.791521266618894970e+01 1.970690455310815636e+01 7.499556798625271803e+00
5.565107515605377131e+01 7.475393975612159636e+01 8.049602586667989002e+00
3.199172317611408189e+01 2.159776871148497079e+01 1.065442964244888913e+01
8.768233440896015907e+01 5.224884126590509936e+01 6.482844425234367769e+00
3.432481631087141949e+01 -5.632867780697932147e+01 1.001600690075427025e+01
8.780685109238210373e+01 -1.942645225538097975e+01 7.476975859838923100e+00
5.594679124179499752e+01 -7.475852706407187043e+01 8.079710461732618754e+00
3.224352921889303047e+01 -2.157443200657694149e+01 1.073139745515029198e+01
8.792225827919028802e+01 -5.186528246385158525e+01 6.528937754978962893e+00
6.473643968098225798e+01 1.323141955019273841e-01 9.256566431764234437e+00
8.592515188017409855e+01 -9.109832085549253122e+01 -1.823088376570935365e+00
1.087072451116034273e+02 -3.230868502203711046e+01 -4.901241985925335776e+00
7.760684481803036761e+01 -8.525881038098303577e+01 -5.051372131525867282e+00
1.042930557314734017e+02 -7.161884504512585181e+01 4.146943821450883166e-04
8.650330213089746678e+01 9.054953608148511535e+01 -1.817679967446548472e+00
1.087821133447238964e+02 3.219064887739175163e+01 -4.907228713503529960e+00
7.716094168258975117e+01 8.560569151524555309e+01 -5.018422195593411850e+00
1.046854895664078668e+02 7.092641099114295855e+01 -8.019957190019662285e-02
3.439517199265240777e+01 5.620889351905528031e+01 -1.002100433315135497e+01
8.804668439521076095e+01 1.944115995064855440e+01 -7.524158366338672188e+00
5.580066126138864036e+01 7.455052675961597686e+01 -7.991396552845058565e+00
3.213451376389790681e+01 2.165388627268536936e+01 -1.076989330989706950e+01
8.777481016481061715e+01 5.206499023669766046e+01 -6.507830584352316983e+00
3.417609832967337269e+01 -5.623395123268340967e+01 -9.966223543415011932e+00
8.774078798023026593e+01 -1.965640606994843864e+01 -7.445486702718747907e+00
5.555743828828198616e+01 -7.498470777779832019e+01 -8.072547946023624021e+00
3.204730694352432607e+01 -2.142359731369624143e+01 -1.065239178262734931e+01
8.758903290461809377e+01 -5.213553452111024455e+01 -6.443600829039786149e+00
6.473070289961165713e+01 -1.339312668883250457e-01 -9.269574035777591092e+00
1.213872178742449393e+02 1.468439598954876246e-01 2.782770027712707428e+00
1.213991560744707101e+02 1.280912232246331217e-01 -2.791275687955736107e+00
1.206312279856827274e+02 -3.169093303486019408e+01 2.102957884503891872e+00
1.206688709457846613e+02 3.161660287045936713e+01 2.124814892856893511e+00
1.206646838921743097e+02 -3.162088331124590468e+01 -2.104152239458654705e+00
1.205608660524782749e+02 3.188426708859761050e+01 -2.048332950598762636e+00
