1.453688367507385504e+00 1.486343707097361078e+00 3.320791291660263322e-02
-1.412780658545722989e+00 -2.870716971846796195e-01 9.739506503766924561e-02
8.975496097678499208e-01 6.707695591328854956e-01 3.411589926839622144e-01
-1.316053742244873925e+00 1.533396972291895199e+00 2.438340289232530989e+00
4.523399464381474000e-01 5.088555540802526256e-01 1.985443510591105021e-01
-1.422059364489334898e+00 -1.609270526105907855e-03 6.880522779326366800e-01
-3.719387767840675596e-01 -2.305837407514783888e-01 2.160702946195997010e-01
-5.467658540449282789e-01 -7.269801354461684628e-01 3.934345948920722758e-01
6.537294051585905708e-01 -7.260673973234459400e-01 5.465866836352549774e-01
6.550303219976458258e-02 5.830613173391608894e-01 -4.228271588541187009e-01
4.944437151938355646e-01 1.304387335374058265e+00 3.949421655485771399e-01
1.787954880602223018e-01 -7.778844558850934732e-01 -6.415393999886829235e-01
-6.312081556708721841e-01 1.290832989756984572e+00 1.318121675450714680e-01
-7.720547581606953536e-01 -3.525150086047335041e+00 -1.154765000845625167e+00
-3.338622363722077435e-01 7.608812896561800709e-01 9.147925347433998322e-01
3.618491701700153884e-01 7.257881829296972676e-01 -1.114941329099619516e+00
2.209317748824748129e-01 -1.633429902357335928e-01 5.965810196490982653e-01
7.058943632373617660e-01 -1.067663363173011470e+00 2.996257916082810738e-02
-1.877085779613823779e-01 -1.043148235844759020e+00 3.170971112668697356e-01
1.646819427444002448e+00 -2.970548962016452688e-01 9.046761064650479245e-01
3.358111791059196771e-01 -6.569433071855481643e-01 7.385170214797009969e-01
1.340418624813132453e+00 -1.271525276680588679e+00 1.278267935771555175e+00
8.690061505289026211e-01 1.768467083470882661e-01 -6.156492040144121436e-01
4.359533962795645312e-01 4.431482331407697317e-01 -2.080333179365061180e-01
-1.128651486357068467e+00 -9.864656620867531256e-01 -1.116745626310385875e+00
-6.375101241911391714e-01 -1.648405772915586820e-01 -1.552203032226397328e+00
-4.472800851570333386e-02 5.600038929170491064e-01 -7.598761398874868123e-01
4.823221405532675532e-01 -4.004685136161949544e-01 5.219693748683550405e-01
-3.984949464985262924e-01 1.513076899239278461e-01 2.412040339662551158e-01
-1.465909938608544461e-01 -1.430259319553657038e+00 -8.625624162162810471e-01
8.922876148495738624e-01 -1.845162184036545083e+00 -1.809380586834406834e+00
-1.374754402166494582e+00 1.018906487847372810e+00 4.690231725085478032e-01
1.367568110618395893e+00 -5.222148096615845114e-01 3.519811077631941898e-01
-2.880678205470048603e-01 1.201032727851169962e-01 -5.745241843087535161e-01
-5.231492924617222595e-01 -1.059970175990181118e-01 4.788821288882912919e-01
1.118747124036826746e+00 1.923107600982421728e+00 9.606747811593024933e-01
-4.793445708774515257e-01 -1.196674920021186298e-04 2.745646275594190167e-01
-1.227754575938700077e+00 9.451104837525373670e-01 -3.177441341226737159e-01
1.937618170427833020e+00 -2.777445680760541324e-01 -1.574581852920315717e+00
-1.029213499917902341e+00 -1.705375273742464559e+00 -2.221196884047413000e+00
-2.178157020045145553e-01 -1.956555891361286548e-01 -2.542228118177151663e-01
1.849896725412514542e-01 -2.655783489472583470e-01 8.478938556930155634e-01
-7.744350117540605982e-01 5.297349149872019325e-01 2.832105621235116444e-01
7.558515626566481016e-01 -1.035098361576221038e+00 -3.525664415556822862e-01
-1.349499710109190342e+00 -4.530894133955182812e-01 4.076150389298761612e-01
-2.127596513875647521e-01 4.011107320258796571e-01 -1.642626704451483732e+00
-5.848530693387571366e-02 -1.588115529002203097e+00 -1.955768339318035398e+00
1.147755152513320942e+00 4.185576671700232398e-01 -8.316133396325807448e-02
5.034817082194348314e-01 1.163520271442672005e+00 -2.374861552325863434e-01
-4.151361672870639008e-02 1.095642448109832134e+00 -3.493924187423937400e-01
-1.061087990444135265e+00 -5.802992526223672565e-01 -3.038101851011732468e-01
-1.290191396323877804e+00 1.926436018116843840e+00 -1.661281859671271510e+00
1.131124478463081839e+00 9.224480672264946390e-01 -7.332422476989889359e-01
-1.141010975958707929e+00 -1.054639972297531703e+00 -3.991103195011982963e-01
-7.143438194827018972e-02 1.125843341343956583e+00 2.303442177369385835e-01
9.985367324891509799e-01 -9.205624707369304272e-01 4.657577844923314614e-01
-3.207773755352743561e-01 -4.727236857040637008e-02 -7.498786657816488566e-01
8.580714724973215191e-01 2.970632219740310664e-01 8.978028543138582007e-01
1.699025273999817065e+00 -1.184440300547570990e+00 -3.185265460190467857e-01
-1.807287432317137843e-01 5.061690019263874740e-01 -9.357095970631992277e-01
4.835869431321884737e-01 -1.384006600814663424e+00 -7.835058012034860075e-01
-1.179012861625046010e-01 4.305935384961749601e-02 -4.159230741604801329e-01
1.241274097712607105e+00 6.464555452146767411e-01 -1.486527765995584893e+00
-3.602396717862167419e-01 7.366879339530663096e-01 -4.075824871140710237e-01
-1.376135044564271936e+00 -2.276965126603639700e+00 -2.259205760331707558e-01
-4.037028560370993502e-02 -4.732020614500157540e-01 5.117439524044657961e-01
-1.497425589874375129e+00 7.286149727554592781e-01 4.204457101646401629e-01
6.679798705888669863e-01 7.826434843062906044e-01 -2.624503056722702343e-01
2.991773118179990587e-01 9.381724971611342667e-01 -9.104012878083244109e-01
7.538502048424775004e-02 -3.030352168387634437e-02 -1.355456362518311364e+00
-5.030009049732229315e-02 -8.387298776954101864e-01 -1.084861810849854225e+00
-2.237051528937694655e-01 -2.940114047150594878e+00 -5.389227619091698784e-01
3.226932929475514467e-01 3.210534953672204983e-01 1.381382834430392448e+00
7.510306410046500014e-01 1.999575498099275261e-01 1.634549743726172677e+00
-1.137315182329003277e-01 3.376901267608873325e-01 5.550705408142954100e-01
1.394853233065990628e+00 9.072970639102920787e-01 9.569314070954857421e-01
1.181418090030104340e+00 -6.304086094002934182e-01 -7.839894278129657668e-01
-1.662277145830943548e+00 1.560806328103953255e+00 2.103983261844724895e-01
-5.176590652927959280e-01 4.174818219830129795e-01 1.641247371791469734e+00
1.296311720742074014e+00 -2.303244558222401484e-01 -1.797492248389443770e+00
1.555030017182963187e+00 1.316034208965776164e+00 1.035034292446912252e+00
-1.391834042005620331e+00 -1.144425952025786009e-01 4.733896645480629717e-01
-9.971220769771937942e-01 3.947174827859737944e-01 -5.038906508999123623e-01
-6.843132414043662237e-01 1.386974893274717013e+00 -6.224772046570460349e-01
-4.164317313038802815e-01 -5.447457414388241492e-01 5.522231020116495914e-01
2.288442804807723219e-01 1.827371356693218707e-01 2.244766793255003612e-01
-1.928299005075228223e+00 3.877579505789168213e-01 -2.243374923697998014e-01
8.395663913230272390e-01 -1.028909335471022979e-01 5.197702727156069957e-02
3.227389229761967737e-01 2.161158421165458934e-02 -1.773381494143809467e-01
-6.521104713021440569e-01 -1.253031402053545795e+00 -7.098499434826570642e-01
1.584439476030165883e+00 2.249802698781668830e-01 -1.520688647224135437e-01
-9.589247735705716535e-02 -2.001167510788753601e-01 5.396081736563850678e-02
-4.080453273898934641e-01 1.160826371912369259e+00 4.653708840071906633e-02
1.861049278116569394e-01 4.688323897025057918e-01 -1.171619715088374258e+00
3.259271585262764059e-01 -5.323187150881598662e-01 5.231936411264116460e-01
-3.808978864228128036e-01 -1.280285668786408371e+00 -1.406469485643531137e+00
8.367613697207625378e-01 -6.505455954156402765e-01 -4.952800437624610419e-01
-1.286395671792797124e+00 6.933675452939584982e-01 -1.789472746641875833e+00
-6.567326996531246408e-01 5.173390111070741426e-02 -2.011298773607570756e-01
6.843213928672373658e-01 1.226738526312914468e+00 -2.439516990241622219e-01
5.363643807609612679e-01 -9.527439679119625859e-02 -5.419244423742890504e-01
3.727182211261101941e-01 7.690642617712004636e-01 4.684521216013899370e-01
8.167786592241824684e-01 1.701352187343544708e-01 1.288875735499196429e+00
7.226269386522414795e-01 9.363620957803926448e-01 1.546296183742364994e+00
-2.333010383143368782e-01 -5.932185342775607717e-01 -8.545138909922564974e-01
5.699704511670221629e-01 5.453867434855453888e-01 1.804933636986449041e+00
4.355788381963186517e-01 5.024007456981794961e-01 2.242792013874387091e+00
-2.565407106647828867e-02 -9.614413890079879232e-01 1.356698005229246107e+00
-1.427821659461975479e+00 1.032892591455863096e+00 9.879356129885320803e-02
1.239278992944457647e+00 5.827581129218705192e-01 1.046163492352742752e+00
2.778011194153333197e+00 -1.106286664324735436e-01 1.962017683226496279e-01
-5.051105499771006979e-01 -1.770283342922948755e+00 -7.022878726217680612e-01
-7.829908398075986486e-01 1.065487701206397020e+00 1.604218051461747896e+00
1.953554284523832507e+00 -2.669577401327110633e-01 -1.296710066517408888e-01
2.138252068332745282e+00 6.327689284150728177e-01 -3.469268417697371487e-01
-1.382981822351535772e+00 7.794085706039328709e-01 -2.223636894557775801e+00
2.167606345041996896e+00 -1.013103519780795159e+00 3.773448381152597064e-01
1.464181762451033375e-01 -1.333117331684256834e+00 -8.412859844345901283e-01
-1.516588904216208400e+00 -3.824386757096882583e-01 1.431937195019297032e-02
3.220954562616930028e-01 -7.923038092335177307e-01 7.919575575897188635e-01
1.008996242360774342e+00 -2.098211943751082664e+00 -1.079094042480492455e+00
1.285262391911017099e+00 -1.302755054423457626e+00 -8.723417325156442026e-02
-4.246192655642184177e-01 -2.334680057696315814e+00 -1.572010525780608736e+00
-1.356222355357181053e+00 -6.120737520747292493e-01 -8.158571746472739195e-01
6.405303058375638736e-01 3.588017848622122030e-01 1.482637261101283466e+00
1.077417115866422526e+00 3.842255563034168153e-01 1.134302060042868376e+00
4.912393621909903474e-01 7.704408555608022180e-01 9.732218717445679790e-01
-1.809119428744194180e-01 1.129472577584242243e+00 -8.016969915717807593e-01
-2.165307975378601701e-01 -6.378757437846349632e-01 9.894637649006765567e-01
2.427041977550097041e-01 1.414616241919786521e+00 -6.235853606577566877e-02
-1.973982859814423119e+00 1.047852216355150912e+00 3.399046511497399448e-01
-2.405358992151468145e-01 6.394853292297962843e-01 1.554537773066824169e+00
-3.745777591523235528e-01 5.104090084985861697e-01 2.344817550934480410e-01
-1.073232215974348591e+00 -8.984373625570142574e-02 2.456458390629813124e-02
-1.103635867973392914e-01 -8.104111985691075937e-01 1.164185176515462050e+00
-5.667538497641556594e-01 -6.802035643397216225e-01 1.173838614617891629e+00
-3.327116591367020315e-01 -1.603013126211999317e+00 -8.106954474013339240e-01
-6.293794764332881486e-02 6.053933194558634989e-01 -1.448378049995108219e+00
3.117508826165896751e-01 1.628906866350725791e+00 8.677528095799925678e-01
-1.191358992433799585e-01 -1.641546607945734593e+00 -9.588154672469472173e-01
2.090094050885419996e+00 1.634266102162076573e+00 9.667954710356387871e-01
5.134292963924468739e-02 -2.612706041737290485e-01 5.193698434955449361e-01
6.425212690065914556e-01 4.258475425447719176e-01 4.584120107313194858e-01
-3.249691567645762724e-02 -1.367828558593109589e+00 2.861690492368915151e-01
-1.052031028494395226e+00 -1.320639515146483589e+00 4.653326491904378748e-01
4.313852735876098632e-01 -2.942832931551163031e-02 8.615861218913539732e-01
-2.324423435421334172e-01 -9.712290156028452470e-01 7.683294653713482192e-02
3.086881708453841910e-01 1.542071970817263882e+00 1.562942689235086835e+00
2.342726980026176076e+00 -7.746711494760925021e-01 6.562207405022817408e-01
-8.255653515945268195e-01 7.640694166611095017e-01 -1.899533997239036376e+00
-1.866763655819541068e+00 5.552787943264702042e-01 2.951567967855650565e-01
-1.282937177795350492e-01 -4.834947226256103292e-01 1.023255702706464376e+00
-5.106853011234562256e-01 -3.072609002318502786e-02 -6.607611506976869276e-01
3.121001781550752485e-03 3.301506508417551888e+00 -1.780820568409061222e+00
3.522307148926511755e-01 -9.932261229296572846e-01 -3.115867671483584234e-01
-5.116860060652589359e-01 6.747852046986902996e-01 -1.066738426642720006e+00
-7.133831340472193139e-01 -4.371110914144282766e-01 -2.230655352100622824e-01
-2.116183963808214163e-01 -2.620937093528335482e-01 -6.552622460113153302e-01
5.602919385298613664e-01 -3.707257593761634218e-01 4.194678279282446770e-02
-1.033117792491061948e+00 -2.233350037697535706e-01 -1.001630817980293520e+00
9.795625626357103988e-01 3.564192579577339925e-01 -1.551389736561469557e-01
-8.525227269896415994e-01 -1.655481158509752415e+00 1.940330029291936986e+00
6.464513663052189330e-01 -9.862684554658157632e-01 -8.243279274293524583e-01
1.162070099708701454e+00 -1.771579151869487223e+00 -1.413419990765032996e-01
1.075546683482580534e-01 1.161057838852953106e+00 3.931063191711257898e-02
6.333433646966889485e-01 2.069445104096805377e-01 1.405409028858714438e+00
-1.079848510062913908e-01 1.124484910040683960e+00 1.191697412744959550e+00
-7.216407315006145851e-01 8.198241985565006829e-01 -6.649400905938420703e-01
8.388158159472298980e-02 -8.553612041952766143e-01 -2.341288705432828632e+00
7.747557300580345530e-01 -8.453280754710218448e-02 -2.540218660106237092e-01
9.660533230423190565e-01 -1.595363303834984814e+00 4.068963348689741966e-01
-1.015363853478453482e+00 -9.336819512818002320e-02 1.521239280594178123e+00
1.344485232016594256e-01 1.152476214644210378e-01 -3.849792016595672273e-01
-4.534450163518186083e-01 1.198832332139120993e+00 4.055016521925256523e-01
2.196191878770727524e+00 1.251717463128876107e+00 -1.083172087696245178e+00
3.390885656657992020e-01 3.199466556583126509e-01 5.879606542425159788e-01
-1.148427555792525201e+00 -3.061522580190477183e-01 1.298591946537161812e+00
3.517159779666800268e-01 7.497436117720993609e-01 -5.536945815307255936e-01
-1.027630461734900358e+00 -3.524709255475844127e-01 1.964379370695451321e+00
-1.171750405730508815e+00 1.555812766543102521e+00 7.447605223189101009e-01
-6.995478443399431034e-01 1.119050424549302036e+00 1.383797577266251633e+00
3.986557341936398241e-02 1.463733914409403036e-01 -1.006925244817928666e+00
1.115644971471750679e+00 -1.195597408805066264e+00 -6.456631180958159744e-02
1.197248421888624126e+00 4.209103671216927745e-01 1.858414163298072408e+00
1.377630266475118326e+00 -2.189669716464063942e+00 1.162078780480101381e+00
1.895075694047354764e+00 -5.996399980868542118e-03 1.294610055485361899e+00
7.339283087306248433e-04 1.207008410559612110e-01 -1.198974419992757667e+00
-7.273222535030740010e-01 7.991487929099633236e-01 -1.555056468971961037e+00
-6.357555952981559511e-01 -8.716562359244165448e-01 1.406729120252147025e+00
-7.122188085776163247e-01 -3.732971195626201832e-01 9.740828954733614653e-01
1.695906621787441004e+00 5.402749346886044357e-01 -3.911489085446384073e-01
4.444746007482434091e-01 2.034843953719777332e+00 1.651696328280743697e-01
2.412791734630755691e+00 -2.126724075399746727e+00 -4.262471435933619102e-01
-7.791521494811403103e-01 2.021899493594846442e-01 2.462872720711350161e-01
-3.290505906875777486e-01 6.189606992456430090e-01 -6.356288770763007800e-02
-9.136497152504938768e-01 6.704332901417311419e-01 1.075044898426017886e-01
-1.807007563086130641e+00 -2.506960134053077272e-01 -1.285614552489743323e+00
-3.026772026413663413e-02 -1.276058809294487340e+00 8.634089115887118027e-01
-5.555633355879978641e-01 -2.035999670390786331e+00 7.210877722149802160e-01
-8.505609911212292928e-01 -2.301732061744429236e-01 6.863823374099936592e-01
-7.195640199958195371e-01 -1.124038734704874143e+00 -7.237296171675492440e-01
2.079732677050631029e+00 -2.733042758788264859e+00 7.780065191899842025e-01
9.026348992722459386e-01 -2.039139902077730659e-01 -4.662227197683577185e-01
6.167739931542938203e-01 1.488768622474010872e+00 5.412931401175047341e-01
8.680388914000800593e-01 -1.364250055714063548e-01 1.088320340061984748e+00
1.560524901812098686e-01 -4.410925881992922015e-01 9.831848503528872740e-01
8.938426062244967385e-01 1.064081091505350990e-01 1.164823280124205551e+00
1.380001852944893859e+00 6.925943193413157672e-01 -1.518810476998163850e+00
1.102991462035278536e+00 4.285112850384948935e-01 -8.950776777231332915e-01
5.391170349607231627e-01 5.946688219509526502e-02 -1.799893017281008367e+00
-8.330685941236357084e-02 -1.007684275456681933e+00 -1.395857991785017793e+00
1.734968883674825046e-01 -2.395872922743611522e-01 5.413407720735827766e-01
2.245905223244383908e+00 -1.430613412760975311e+00 -1.497376350017304958e+00
1.998504789202016352e-01 -1.030488509262887709e+00 5.624877755308658189e-01
-1.140131635126040655e+00 1.321038295656085770e+00 -1.425108422857921386e+00
-4.429074710376760815e-01 7.874966567022341213e-01 1.259912419851621779e-01
-1.557613772056943402e+00 -1.965500027851570242e-01 -2.337494752091147932e-01
-1.160011452088110850e+00 -1.539618537768507600e-01 -1.260813898190187576e-01
1.440186125867118472e+00 -5.782764580864931947e-01 -4.025997509774595917e-01
2.124845045560326551e-01 -1.847206802674441345e-02 1.542330261779222944e+00
1.286131050672290277e+00 1.562599328955468492e-01 -1.708575326427831664e-01
1.957750289294215851e-01 -1.426188188300203441e+00 -7.850891486084269344e-01
-1.382927383673795141e-01 7.117135582869023036e-01 -3.007383862741873082e-01
1.034573389294448864e+00 9.011249907946481397e-01 -8.122260820637259293e-01
-7.436348400502372780e-01 -1.390278512902599406e+00 -1.835650212324199337e+00
2.021225277521128127e+00 -9.926858801205252769e-01 -1.086247741317976218e-01
-1.060433371285999238e+00 3.890967592255859531e-01 2.676629656293449400e-01
-5.021358138818715622e-01 7.175434598856867963e-01 -1.005041234984571374e-01
-9.446771885855183015e-01 -2.279636923865375753e+00 3.379221488062433137e-02
1.677344335705710857e-02 7.886084803114842279e-01 -7.566219348156015823e-01
1.635111248056222433e+00 -1.186716454557002337e-01 -3.597139395505418169e-01
9.620647735943769208e-01 9.836930335189523200e-01 -1.786938286073780358e+00
7.586287551519438344e-01 9.359648936746035597e-01 -1.115626844373876318e-02
-9.345607350622425757e-01 2.507929717353974297e+00 1.021461970708843259e+00
5.328370001819404678e-01 1.187187573163686505e+00 1.238229007175235541e+00
-7.885016078446663856e-01 5.497980997183294916e-01 5.209453894896877157e-01
-2.253993764680736756e-01 1.036136620617013199e-01 4.720975695409622142e-01
1.489207007677895711e-01 6.691792213537735290e-02 6.502449170643525012e-01
-1.425806131551586198e+00 1.473435676236516834e+00 -1.662499820199347056e+00
1.657726853926403399e+00 1.484772530068107499e-01 -1.664115147498811675e-01
1.729692565087639633e-01 -3.968733603044125591e-01 4.851855281048161328e-01
6.932301362450830062e-01 1.630036190855772560e+00 -2.630191672145943738e+00
-1.892098069074514832e+00 -1.056693544644798699e+00 -1.223058285433776593e+00
2.424082818724171140e-01 -8.657984367643325463e-01 5.913804186572157128e-05
-9.557270724273325690e-02 6.776282454540408784e-01 -5.350613366623458989e-01
8.554594124407832734e-01 4.875216842610213819e-01 -1.027391163530270157e+00
1.703541447946460341e+00 -2.393932548845504327e-01 1.383598517963894325e+00
-8.505409350210665353e-01 1.118886113192088416e+00 8.875122103072374813e-02
-3.804910945182420935e-03 -1.023533976910318222e+00 7.743713394009500428e-01
1.355053491272701083e-01 3.516655367868007920e-01 -1.803455427849230075e+00
6.176450784765903368e-01 -5.664006005343809047e-01 5.331300445269498284e-02
-2.637013517293643194e-01 -1.077112918421406218e-01 3.542528942134035574e-01
1.262137454114992785e+00 -9.278420795480052385e-01 -1.360191992774890668e+00
1.933167660604980354e+00 -1.224065493081826113e-02 -1.772289460337590772e-01
-1.088120861883292267e+00 -4.845907789686181300e-01 -2.684816059612039063e-01
2.138156424115000842e+00 -1.722782809318451180e+00 -9.797353575722378416e-01
2.372317017106671422e+00 -3.365007906800810966e-01 -1.133747521661992108e+00
-7.382760206353798926e-01 1.064541575560771669e+00 2.125678028248397314e-02
1.244300988697190524e+00 -5.821705577495398520e-01 -6.262204801634875251e-01
5.779224143124016555e-01 4.297570280997632386e-01 -3.679211330987298134e-01
9.493029393813528713e-03 -9.989069461637546388e-01 -7.251255923942716564e-01
-7.832786185365870901e-01 -8.911766338650556341e-01 1.804750548062819648e+00
3.030163603546359496e+00 -2.793045210093785813e-01 2.498636656058293437e-01
-4.101576956176716804e-01 5.522097534812457631e-02 -9.010016403578529065e-01
-7.658958064689086465e-01 -1.313873279797532767e+00 -8.487268021352967207e-01
8.093084704245182559e-01 1.907857890885482355e-01 -2.177631518776320108e-01
2.540200006449786496e-01 5.452306521599701306e-01 -1.183541605440615374e+00
-1.633527468822755457e+00 7.582511212567498715e-01 -3.668057699344913769e-01
-1.963739693787245555e+00 -3.607906508518482491e-01 -5.489525461979101184e-01
-8.600349489278277249e-01 1.493499158331843768e+00 4.795917230507872331e-01
-1.524502051472882425e+00 1.004379657146101446e+00 -1.460435560299533586e+00
1.462975634303721462e+00 -5.695609848195827274e-01 -2.395417528686972775e-01
-8.435614250724777774e-01 -7.134910591725418527e-01 -1.742938426743646740e+00
-1.645123340024148728e+00 -5.411484644538211430e-01 1.573455435429297333e+00
-6.152335788463516586e-01 -5.944952734100781289e-01 -2.084720383259614507e-01
-1.307914215347583342e+00 2.029707165393396462e+00 1.201676694280974900e+00
9.109446674654846365e-01 6.116355776169357661e-01 -4.980501473526295353e-01
7.467670922852266413e-01 2.024874471786376473e-01 1.337624960690407816e-01
1.551764048846546451e-01 -1.293779728783016614e-01 6.951826910374593327e-01
-2.166421875413042208e+00 -3.633923683628140222e-01 1.730089337320263931e+00
-5.330253003909617426e-01 3.619607280312603925e-01 -1.468953965072021139e+00
-3.425529646486974666e+00 8.893457504704314065e-01 6.500064554448043985e-01
-1.129655886003998688e+00 -4.545078862669184039e-01 -2.068672229128407203e+00
6.134908765944769443e-02 1.844419126534129483e-01 9.273847599333038261e-01
-1.211181439393762771e+00 1.499888766826845687e+00 -1.009707796271284819e+00
1.695770520377678503e+00 -4.863847283636508756e-01 -1.126356074212035319e+00
-6.220878302960104467e-01 7.165286535071097029e-01 -1.882070352719982465e+00
3.987495369455059668e-01 -5.905477660320210820e-01 -2.570586214217744470e+00
-1.102533797082089873e+00 1.159998917135981022e+00 -9.319456043765168840e-02
2.088564811623672135e-01 1.553934649576884652e+00 1.719786497258209979e+00
8.542938778257649357e-01 9.801217177896772922e-03 -9.300124323399555637e-01
1.191407958131188716e+00 2.358266716613989900e+00 1.909193137641673532e+00
7.125218379888629272e-01 -1.014293765409316483e+00 -9.190355265799486917e-01
5.494979993033740628e-01 -9.079308448126139908e-01 3.920566852669484237e-01
3.682002782568721821e-01 9.301908132848710764e-01 -1.802359458476515131e-01
9.289703049784939215e-02 -3.771617528774073858e-02 -7.131353721661298772e-01
-8.226681376488074182e-01 -1.952675478621082927e+00 -8.793101766235865702e-01
-1.409884011809582560e+00 -8.549529817292798040e-01 3.633156372690679037e-01
9.551486331389763551e-01 -3.999617935575243144e-01 1.722446306751141964e-01
-3.571692020551790470e-01 -8.435198723172098179e-01 -1.159930743573452050e+00
4.315389576802992205e-02 -3.106788633126810195e-01 1.184017390719870777e+00
-6.140747358915130683e-01 7.332606581997942463e-01 -5.937085847650346027e-02
6.233711302468308846e-01 4.794928569605183544e-01 4.921542792829114998e-01
-1.966208756958930604e+00 4.178908041183960198e-01 -8.564691252707340441e-01
-6.400952714693001200e-01 -5.216408808759521731e-01 2.347690044733515613e+00
-1.506225896410545717e+00 -1.202570275340649530e+00 -6.153583078932224337e-01
-1.765247700716671586e+00 2.034892123544030929e-01 1.677924673155371804e-01
5.105464298115084398e-01 8.445768058653720933e-01 -1.323568582118620718e+00
5.062274093166632127e-01 1.574531051723471631e+00 -1.137771891208020802e+00
1.602094240289393401e-01 -4.791040480235076449e-01 4.470601399952988525e-02
-1.249420338017816823e+00 -2.770108153932500095e-01 -4.099048522104606906e-01
-1.203702581292713569e+00 5.128516941433737264e-01 3.574621926928268634e-01
-1.037296416302696755e+00 -1.539214818821561082e+00 1.962738556260132106e-01
-7.351433341225867002e-01 3.132805141422443929e-01 9.007170090357226044e-01
5.321657068036151905e-01 -4.320002445790273038e-01 8.289614351816945170e-01
2.939123979796618991e-01 -4.916528843589835773e-01 -8.423962394468348380e-01
3.942053154602754850e-01 -3.147435133580850364e-01 -1.721084963083250874e-01
1.660741177211136066e-01 -1.955207757216800568e-01 2.237621027290379871e-01
1.348496717365563313e+00 -2.755891379770427085e-01 1.206167890781397301e+00
-6.800280681384649473e-01 6.515397660344979247e-01 1.209855687600989826e+00
-1.839710894209363401e+00 -1.721649598290775074e-01 1.086515816264296275e+00
-6.398971574394785033e-01 -1.988026536138659983e+00 -7.277025568818233925e-01
8.869291105676091469e-01 -1.452926647185456721e+00 7.606143877305460155e-01
-6.688432778156782055e-01 -4.202989705797005593e-01 -6.966671805536288342e-02
-7.785037823046885297e-01 3.669676461147911573e-01 7.516198757235432737e-01
1.422311325963935946e+00 -9.477457729004021281e-02 -3.300636864310935725e-01
1.018827802939719973e+00 -7.316473118928538133e-01 -5.295025687098632305e-01
1.997632469893335927e-02 -2.718846068143899952e+00 -6.736609117299978688e-01
-7.920907754912507315e-01 -9.671826679477980582e-01 6.933208388835824243e-01
4.341057624019981631e-01 -1.145850949662411411e+00 4.626002355733632720e-01
4.990139051375251378e-01 -1.754608420465735286e-01 -1.323649361385015877e-01
5.172438486213223330e-01 2.377869281268225610e-01 -6.148359986852256487e-01
-1.841905504951735217e-01 -7.965443997826454625e-01 2.929597933187482184e-01
1.828679991220063750e+00 5.522793518125895806e-01 -1.077608700473438930e+00
1.562761059376423400e+00 3.965583676134589175e-01 2.154016333185526377e-01
-3.199933013601471976e-02 -8.301971128450142956e-01 -2.831278489030671364e-01
9.339862055022233323e-01 1.423648582232211801e+00 -6.485039642821536221e-01
3.679570770329765872e-01 5.908809695512269311e-01 -1.074520952623889025e+00
-3.890230956083415848e-01 -5.157267336272736147e-01 9.529318412381990733e-01
1.111438972205937903e+00 9.426048100738720903e-01 1.774702755182469449e+00
1.154773761616014083e+00 1.984864972620964840e+00 1.035085400307063225e-01
8.026153052048430325e-01 8.906268159697822151e-01 -5.853800082433086027e-01
-2.512415148877327198e-01 1.317414003719923343e-01 -7.754551456793025155e-01
-2.595678936572947570e+00 7.458614490944719400e-01 -1.243498943221555075e+00
6.955242634361921139e-01 1.072350305228757739e+00 -9.226166178913484117e-01
7.372534522664193624e-01 5.796566507423830950e-02 1.440775517261786653e+00
1.335130745466136803e-01 2.331948628343973595e-01 -2.279852612137584167e+00
-3.602871576719318125e-01 3.503390776779407023e-01 4.925474335839250539e-01
6.978697006161340699e-01 4.988943397667107149e-01 -5.282817478122076721e-02
-1.557477938607188417e+00 1.871297596285447451e+00 6.456416561903359774e-01
1.869445468111158304e+00 4.066651951328680847e-01 1.568901304676578734e-01
-3.340301509354396958e-01 -1.752282005069726090e+00 9.006212385285630728e-02
-2.617188256916447853e-01 4.716154824822254565e-01 4.429765254342367675e-01
-1.104629501115610424e+00 -5.870621941795205467e-01 -1.176489348723130102e-01
1.204000500149223329e+00 -1.233639560434512061e+00 -3.126452767509231567e-02
-1.120638093414856762e+00 2.457252146722670449e-01 -1.096378334124699760e+00
1.214735086132453956e+00 -8.513924550003489911e-01 5.950488957886580499e-01
-1.653908085477363565e+00 6.701051669655131438e-01 5.378103092725770029e-01
1.926546480426226671e+00 -1.135279226891356519e+00 -9.291015129426816177e-01
-4.625987315590638360e-01 -1.428114325953612651e+00 8.598309998065855053e-01
-4.772802052999329803e-01 6.378741589769050258e-01 6.285981672547682475e-01
-7.768623845280786533e-02 -8.176952621145841538e-02 -1.226294739144763030e-01
-1.171563436534475144e+00 4.581036679161563652e-01 -6.012810641055835736e-01
1.305895473757411773e+00 -6.367676313991951220e-01 -1.270425476641109386e+00
-5.205456852231339360e-01 -4.042840574142116394e-01 7.060257136957961421e-01
-5.353857873501370879e-01 7.631736034202659669e-01 -9.768018438954274574e-01
-1.997499861993065728e+00 -1.847894721639111060e+00 9.339413142611326935e-01
3.721736314649161104e-01 5.269756699547397671e-01 2.377061771251580691e+00
-6.297763633777326842e-01 -2.472796342786857601e-02 -1.231907852476438858e+00
-6.110648617456611031e-01 1.879053259643694851e+00 9.808568693772093949e-01
-8.088063788159601808e-01 -1.194315222786752395e+00 -1.316996072056076106e-01
6.542938121773375082e-01 1.086668014468011645e+00 -1.494259605830527138e-01
8.782394370410836482e-01 -1.657413287213997943e+00 1.049618662957645165e+00
-7.545680823211342592e-01 -1.938251003742859302e+00 2.902276567065597002e-01
7.498855414342141534e-01 3.427171303949038683e-01 -3.610385533896497412e-01
4.647100120689612313e-01 -4.018728352822353855e-01 7.944152636987394933e-01
-2.915083330848984300e-01 6.114716310975406577e-01 6.356414077525245343e-01
-8.803107516285957335e-01 -4.173209839901182577e-02 7.452239720396983680e-01
4.519872325010350633e-01 -9.966315013957426361e-01 2.461660852139339717e+00
-2.659823466698940653e-01 -8.990242320550984045e-03 -7.947508845027198565e-02
9.692326919679876696e-01 2.349510729180363522e-01 -1.795552258706397675e+00
1.638100806063625889e-02 -3.404401704978688437e-01 -5.769118660353217409e-02
-7.079210065762409076e-01 -5.133236815352197890e-01 -1.699890946968639849e+00
2.021878634342264697e-02 -6.994735793940226598e-01 2.210534082220557472e+00
-3.449948035404387436e+00 -1.046662144769508584e+00 -5.745301316454043059e-03
5.312189822349724366e-01 4.633195075431315035e-02 -2.931191465519298323e-01
5.005206457287630917e-01 -1.660098901318520115e+00 -1.079295882875727308e+00
-1.872841142314267682e+00 4.264872688694378022e-02 -2.050531972492878108e+00
-1.906548548941489063e+00 -8.200996301448001402e-01 2.818257292874090311e-02
-5.315938186522685127e-01 4.504636315985514616e-01 -3.265346702051876715e-01
-1.060918043201152905e+00 1.609543173491394308e+00 -8.964481737996754518e-02
7.034327605685621876e-01 4.892647610100334665e-01 -1.361966217427894810e+00
7.413989543110993674e-02 -7.400853798985763676e-01 -4.576780287056178009e-01
-1.133217920436589310e+00 -1.509651072945959349e+00 1.620867145092417527e-01
7.270938439090544048e-01 -1.592537250527240822e+00 -8.116395225226727961e-01
-1.008098438081398207e+00 -8.708260502506587342e-01 7.028777944812127920e-01
2.888424017281877032e-01 6.202386376714930094e-01 -6.451756826773989983e-01
-9.210194516857895808e-01 -7.964453373954295534e-01 5.953790214294695654e-02
-1.662058445980778121e+00 -5.831138799900136699e-02 1.075876876475377220e+00
-3.905899737967324370e-01 -1.596123741733321610e+00 2.967139210425037699e-01
-1.262381566486741269e+00 1.652851321961313680e+00 2.452035253900340939e-01
2.060939852030573838e-01 -6.599996136354588927e-01 1.023144425635218457e+00
-8.940575253479903228e-01 -2.572642675583479033e+00 5.212961717121550320e-01
-1.366966612896976407e+00 -8.256849229376186372e-01 -1.672271076017090907e+00
-4.201589760288800823e-01 -1.073301260242715216e+00 1.900386180333931474e+00
-6.016781132451657355e-01 1.005184436485478061e+00 -4.949234368330127642e-01
-9.635307391821428258e-01 -1.113825646065771835e+00 1.158972956203474958e+00
5.420590499801832690e-02 1.555904368885021372e+00 -3.041837465610690017e-01
-1.277417395805952482e+00 -6.598251007400025847e-02 -1.179811938278721439e-01
1.302001172308556720e+00 1.903866645655303558e-01 -1.982090185279745675e-01
1.968026980321702091e+00 5.394783369201585632e-01 -1.514205189250275252e+00
-5.485413601822787255e-01 6.430953472215862610e-02 -1.174994217661367718e-01
-3.223583885165045779e-03 -1.047751570214658923e-01 -1.834508707410056894e-01
-2.277520346138733054e-01 3.897123212571567685e-01 -4.624521836091472493e-01
8.271374399724148452e-01 1.587562071703517985e-01 6.031854112262153844e-01
-8.361549425710645966e-01 -1.249633679603007641e+00 9.012365365911815251e-01
-9.709301486581271012e-01 -8.206697551178229189e-01 -1.449845946389993312e+00
1.911594296236851509e-01 -2.016493704931765496e+00 4.122341038323086293e-01
1.341602827423945543e+00 3.835412446649653223e-02 -1.072697975263506853e+00
-1.160451980343540690e+00 -5.635988121331716449e-01 -8.961520444074119185e-01
1.261644034172415552e+00 8.622706187783620857e-01 1.458332953471410121e-01
-9.737942757982728237e-01 -2.637488705401164202e-01 -9.949408709846925269e-01
-4.734548714239155132e-01 1.352623747794647335e-01 -7.543056564503703987e-01
1.316976915521329561e+00 2.771030776126372497e-01 -2.058950551128815309e+00
-7.358499832541779417e-01 -9.903073628680214568e-01 2.006879571185510580e-01
1.250658809544484606e+00 6.595380648702198201e-01 1.398662341854546298e+00
-4.033458478675008285e-01 2.135504605072384987e-01 -1.522219809059509155e+00
1.347144562353963959e+00 2.473151601203826822e-02 -8.849213946109997231e-01
8.651099969389637323e-01 1.223117359478198551e+00 -8.065658723124965457e-01
-7.519385752062982542e-01 -5.097729144641388599e-01 2.073057423447343950e-01
7.863034266618492696e-01 8.331986240990820747e-01 -2.716359472266920427e-01
-7.904552430396208709e-03 -1.591712001510202715e-02 -4.188370486069254994e-01
6.035085081654031347e-01 1.123172853732783832e-01 -2.225144459494848292e-01
2.588111735444626138e+00 -1.015362739435020201e+00 -4.250378164373628809e-01
1.522486845623511664e+00 3.715249477970995473e-01 -1.737972844358580682e+00
1.912275315990011437e+00 1.492399770390460567e+00 -1.023608570030736686e+00
-2.274083600214452938e-01 -1.353764541637532792e+00 1.146787499567678115e+00
-2.472172773104717169e-01 8.413885959485570276e-02 -7.175735868336376166e-02
-6.124533473365322278e-01 -4.275733466871223798e-01 1.181949790143798973e+00
1.835684640951998903e+00 2.132300315027420012e-01 5.329429504891476377e-01
-7.596404545464836566e-01 7.873085939862985994e-01 -7.379435992518558196e-01
-5.886342442147809439e-01 -1.216661750817304100e+00 1.742090420992426836e+00
8.416497941960808804e-01 5.240802963976514545e-02 8.990220773789787678e-01
7.943396458284610051e-03 -3.780494750576190444e-01 -1.121121503171122802e+00
1.561773543384551877e+00 -3.839603039151290309e-01 1.567011019583336162e-01
1.314186430543139335e-02 -2.060401710000868067e-02 -1.302898664566612297e+00
1.853480944178569789e+00 4.606444351796985526e-01 4.474689259397306995e-01
-3.072474273322034488e-01 -6.807669665930593528e-01 2.657939382915558202e+00
-1.785320890785064174e+00 8.583138055909665942e-01 1.693213081500915651e+00
1.563917914915113616e-01 1.272257363998067214e+00 8.229195855622948308e-01
7.903820212914701715e-01 1.402611889008305468e+00 -6.365589768008593774e-01
5.278717102445695808e-01 5.738999329440095387e-01 -6.802132944437373763e-02
1.186505662920593451e+00 -1.096233250743374965e+00 1.146168813002257814e+00
4.358509897608492945e-01 -9.799791866607562296e-01 -1.451047895641072838e+00
-1.393356417318908358e+00 -9.885173606238571997e-01 1.395466102380712003e+00
-3.101821404458338649e-01 8.162340677111727671e-02 -6.345592979815636303e-01
-4.225514093135759874e-01 5.553601114908829350e-01 -2.065601296079889515e+00
-2.234628727147183469e-01 -5.305407850015919635e-01 6.586158213882572499e-01
-6.571827011242838967e-01 -1.190247206321551676e+00 -6.157694595192209769e-02
1.551776318105719588e+00 -1.292688705566347740e-01 -8.293297401123458923e-02
-3.530240451861028084e-01 4.832450389672182101e-01 8.629292813546126650e-01
9.656879976164466084e-02 -1.703807725622563940e-01 1.479552714801918079e+00
6.987175857850722593e-01 -2.304880935663950470e-01 -4.149692873462312304e-01
-1.423274686893144070e+00 5.295027472929892953e-01 7.581319546213650951e-02
8.217632606396255701e-01 -9.154560078859307337e-01 3.196318305427761630e-01
-1.113450266078919615e+00 -7.143513782637728182e-02 5.546305338928551043e-01
-1.199805911145083170e+00 -7.819566035063607590e-01 -1.534858355664173446e-01
1.557472279120871161e-01 1.191177790782526502e+00 1.354807207920530887e+00
1.323466633748420884e+00 4.196805110195441224e-01 6.671352017477282237e-01
5.903462445115669199e-01 -1.805788713253251299e+00 1.780048367863544256e-01
9.720844559647416894e-01 1.658173735493093659e+00 -9.899544095471110028e-01
3.076790478511056137e-01 -9.646545820383736203e-01 -4.913919073321603714e-01
-4.984597406343032056e-01 5.498745871498315063e-01 1.160885689829654011e+00
-4.714209992928601878e-01 5.958541654013813638e-01 3.554438058986137960e-01
-1.793528574517710750e+00 -6.800507777257454034e-01 1.536051052884790158e+00
1.012769734341172623e-01 9.968611228040994421e-01 2.493966566231780868e-01
1.270019548987702196e+00 1.916781416776260905e-01 -5.759110744357990308e-01
-1.075657359872712382e+00 -6.001869344774232173e-01 1.842867778083316033e+00
-4.627274201968199496e-01 -6.695805785803564669e-01 2.608201895998598641e-01
-1.944126120058295326e+00 -7.728056203195017293e-01 -1.195026148966539692e+00
-1.389443218642629985e+00 -2.878077785649946763e-01 -1.120771636944405847e+00
1.160728105962490452e-02 -9.241578938143441002e-02 -3.817620929989075651e-01
7.594310012646741104e-01 -9.821068243369103223e-01 6.027553431182188781e-01
-3.191235513681788816e-01 -1.128549341585509014e+00 -1.902656289860609473e-01
-9.384503783614458472e-01 -1.391688683494954226e+00 -1.241593220103887202e-01
-4.101776470572162103e-01 1.358472747323571650e-01 1.459842443474707041e-01
-5.793526791337528792e-01 3.690900774517981708e-01 -3.701269221358333694e-01
-2.599471073841702062e-01 -4.876772983439112696e-01 -2.004649225099363330e-01
5.642215139252075851e-01 -1.083263682861920207e+00 3.097778556432971842e-01
2.318924819979145902e+00 2.420620847070247272e+00 9.124737419057792343e-01
-8.860116711395343847e-01 -2.360079330471356762e+00 7.091381104876349761e-01
-1.777925420204602869e+00 -1.033852054428663569e+00 -1.435906113684598528e+00
-2.706387908455668966e-04 -1.316518944700622473e+00 -3.278917260682023271e-01
-5.935629385462848351e-01 -8.488344065280836181e-01 1.163165435184608576e+00
1.355457937566158177e+00 -7.968150072229736036e-01 1.538134010476564395e+00
-6.286758330195368893e-01 6.840392677929710841e-01 -8.629376622639419736e-01
-3.983033509263425032e-01 -1.490542983751973027e+00 -6.026537684463633138e-01
1.016815792461982060e+00 -1.916540075025189083e+00 2.104948337230684974e+00
-8.274077045565563227e-01 -3.892723268249688173e-01 4.088677332993372882e-01
-1.015267841239028801e+00 -7.510351125108541970e-01 2.229750043674324500e-01
1.469197546858488579e+00 1.023039418768950215e+00 8.158421398323910667e-01
1.131384724528529784e+00 7.975430838035657555e-01 5.598492856218492131e-01
1.089986620585044363e+00 2.647088888781506943e-01 -3.568441260545252569e-01
-2.008175078791298862e+00 -4.346991814639687979e-01 -1.363732999397030854e+00
-2.111701157560419428e+00 1.468718486115146549e+00 -1.284460880268571525e+00
5.829091317291288377e-01 5.221188982428163206e-01 4.091491885051386501e-01
-2.193871705573160913e+00 -3.681532948220532231e-01 9.716884983515824414e-01
-1.215390646993298907e+00 1.465753349238976710e+00 -6.631472689023071299e-01
-4.084113666015738997e-01 -2.322548237521839809e-01 3.034555528690855430e-01
8.979747001411418628e-02 6.579975687943020318e-03 -1.155754981451976082e+00
7.046639579289445399e-01 1.025794084322996236e+00 -1.041373532630756882e-01
7.321747896419920909e-02 2.112767240517728240e+00 3.216876634218575060e-01
3.796199115499829246e-02 1.728875068929522918e+00 -2.201173131564222452e+00
-8.613540291879423494e-01 -5.129374235956176697e-01 5.117416301535939738e-01
1.305280762737006439e+00 4.314851473307296931e-02 2.941339033301318961e-01
-2.880979731991856752e-01 -2.899713003166114467e-01 2.636197325413435766e-01
-1.286451667327096926e+00 8.696162808420944135e-01 -5.961455477633144096e-01
-9.045330321345828040e-01 5.156165146782165642e-01 -1.081668348740627145e-01
-7.490471069873684273e-01 1.286825413703386989e+00 9.245494869424095707e-01
-5.515825814167893970e-01 -1.857420592899303502e+00 -1.047808354648736007e-01
-5.634004890099101326e-01 -1.557235762779847654e+00 1.251161878175139908e+00
2.078281179154736868e+00 -1.505192057243209369e+00 -6.416362270192415007e-01
-1.111939090789943352e+00 -2.426947258820725262e-01 6.612708792983721384e-01
1.125560453410146267e-01 8.736908451559378674e-01 1.238018692762316464e+00
8.053227686034279964e-01 -6.494533206489133681e-01 -1.043428476880354783e+00
-1.322684759112253250e+00 5.675698295271232041e-01 2.056194675641471292e+00
6.911709785849520782e-02 -1.084547445243691177e+00 1.068664464107662027e-01
1.192926438350263574e+00 -1.106772658959754407e+00 5.660812123962192244e-01
6.322666070393284654e-01 1.624232177835108204e-02 8.062300743274908310e-01
5.983665165950340370e-01 8.826974402542350218e-01 -4.324881005360424191e-01
-8.020270104774168685e-01 2.386040976794594926e+00 -1.589006364636811885e-01
1.095341553667052326e+00 -3.158038622553565045e-01 -1.108954804417819018e+00
3.058354295463525108e-01 4.627834612256436220e-01 -1.234641824455325887e+00
2.265341928401180260e-01 -2.114214491409571295e+00 -1.756414861491710777e-01
1.712011452930810029e-01 -1.546531528177184089e-01 2.210220366112548851e-01
6.196955187751471694e-01 5.830863007017725863e-01 -4.608853455595235959e-01
-1.101267010233125010e+00 -2.771534230219505068e-01 4.400795100936387150e-01
-1.790550780932000485e+00 -1.225745710153663612e-02 -1.231564729383842344e-01
1.103147860970885158e-01 3.730134450552396452e-01 -1.091769164601134046e+00
-4.803695112836928183e-01 1.536472574583062078e+00 9.125518314769113237e-01
-1.203968543988608975e+00 -6.103928055008446263e-01 -1.189449701175404606e+00
-9.152745530799580864e-01 -1.960645357515700127e-01 4.410328347043328545e-01
-1.004296267457869041e+00 -1.111994384802303282e+00 -3.644433770826986385e-01
1.860969932323093046e+00 -7.363894492605115305e-01 1.348634486128048149e+00
1.322137394230870733e+00 1.566639054688082067e-02 -3.093496863417542486e-01
-8.520508429463448385e-02 -4.821232600614219765e-01 -5.608301988450192788e-01
-4.458126639778960398e-01 1.124611935920877714e+00 -6.051501699346979561e-03
4.343141373079639073e-02 1.066337902027649776e+00 5.244532999492528269e-01
1.093325547092488526e+00 -1.712473979659556500e+00 -8.177682705456622569e-01
-3.263490547966309552e-01 -8.254891038083488342e-01 7.065155672842542423e-01
-1.029010630034168372e+00 8.416465772047205807e-01 -9.712010248941773671e-01
6.883475017796822915e-01 -4.694982477189852954e-01 3.415246311989484362e-01
-3.298624232387065702e-01 -8.379809669737804390e-01 6.230672279069371378e-01
-1.434021966548690019e-01 1.039123766985505792e-01 -6.692336954186693943e-01
-3.404429155534964280e-01 -1.067885316996305844e+00 7.341614342908708846e-02
5.435489764521417300e-02 -1.253902958038439319e+00 1.414680941798419189e+00
-1.704155720613673042e+00 -9.231394223215687311e-02 5.174104575578533094e-01
2.155417469637211703e+00 -9.600575465841885148e-01 4.470726566210362907e-01
7.590842481613854220e-01 1.752867411831842692e-01 1.690249776445375829e-01
2.274788827149440695e-01 5.974636026639797148e-02 -4.287689138555220852e-02
-7.266704644565851190e-01 -1.706487831827948165e+00 1.182787847568820064e-02
-1.107816296012373192e+00 -3.032596067160170730e-02 1.393458532031655928e+00
-7.758580515997092197e-01 -9.341886427095771328e-01 2.368448018893836160e+00
-7.722315442818504794e-01 -1.809170311007937404e-01 -1.241114024911996294e+00
1.962221992923603775e+00 -5.740708954147543119e-01 1.218551734724417468e+00
-1.164773280658023991e+00 -1.640295559878806264e+00 -8.822479141348338327e-01
-1.063887344409304436e+00 -5.946943109776670067e-01 -1.181937657792181628e+00
1.010911312792918570e+00 1.190295570879061238e+00 9.716017634940368186e-01
-1.011534883534830787e+00 -5.578422807286420593e-01 1.299813706588903939e+00
-1.701908035605739888e+00 3.967411288638165723e-01 -1.919305307476433464e+00
-1.687190585020236000e+00 8.031630614184614991e-02 7.507704218901313231e-01
-7.654210646024298681e-01 1.203473886445767388e-01 1.519614158442996743e+00
5.816190731777214351e-01 -2.258503082751201485e-01 -9.733991794321414925e-01
6.785649361313891292e-01 4.543826591146358784e-01 1.668105032453971015e+00
-4.572417559597302672e-01 -6.287813497631092874e-01 9.477588420035460981e-01
-1.269322657019849920e+00 -1.164514178547923606e+00 -1.437137883657376491e+00
2.378817617906478610e+00 -1.999051757618389935e+00 4.482978477401081130e-01
1.198065975314519527e+00 -1.025897423340085268e+00 1.645446653530300007e-01
3.374457930259452954e-01 -5.451961294311248318e-01 -9.722098736870558033e-01
-1.422833697435781586e+00 -3.693339682861027651e-01 -7.784502983068130044e-01
1.664113965268971596e+00 -1.693564907434373268e+00 6.765695487845807543e-01
-1.905615578662926135e-01 1.163989846915696624e+00 3.002490885777143736e-01
9.795685520789282341e-01 -1.106170048360320513e+00 2.086940340415764372e-01
-8.164598607256001728e-01 2.143250260674379959e+00 9.475171743594446028e-01
3.085256474944904070e-01 1.721206999691072825e-01 -1.349996319066118167e+00
-1.582001634889362185e+00 -6.078506708123537772e-01 2.213559065606294674e+00
8.927468736808621408e-01 9.737561976468771530e-01 -4.062979140626117314e-01
-7.548768146555201453e-01 1.521573948109970487e-01 -4.858831472601752299e-01
-1.835026209829092314e-02 7.284031854385112359e-01 4.634040572803975189e-01
7.924041087396908045e-01 -1.300500053197575778e-01 2.993554253457682557e-01
-1.458869962708526202e+00 1.553355650906929952e+00 5.675721764188240703e-01
-2.227289602218932352e+00 1.512714715853715974e+00 1.270147896967195766e+00
4.553573596711869009e-01 -1.098624914730342628e+00 7.501692935024847353e-01
-7.502617435485765540e-01 -8.780143198786296566e-01 -1.250133197926466266e+00
7.208148751799141607e-01 4.520077622241918669e-01 -1.564670776575715072e+00
1.496646875581272296e-01 7.131068096993288530e-02 -1.492770683644008001e+00
-1.029515116708642264e+00 8.069858665540774467e-01 -6.768424844137366225e-01
-1.440704473622072823e-01 1.092433973938030434e+00 7.173154911285610502e-02
-8.081218706288186837e-01 -1.095160591475847101e+00 -7.865860879156858498e-01
9.301566616827214862e-01 2.216220123131703357e+00 1.277465866753211943e+00
1.526756208000187021e-01 5.713811988972226086e-01 1.293051748971394188e+00
-4.988562315090104837e-01 9.298692160975424725e-01 -1.918707668539084699e-01
2.728184715142275563e-01 9.719956016399365628e-02 -1.890819121983144502e+00
-2.184364106427153285e+00 3.576321116261330646e-01 5.347259061227797039e-01
-3.094649161116406200e-01 -4.777768277851189849e-01 -3.351179300317890797e-01
-1.147372031640613743e+00 -2.311063678080891304e+00 -1.036045297866221571e+00
6.452941864818403928e-02 5.531063779832801064e-01 -5.583981077164817952e-01
-2.523386606759644213e+00 1.282344655570434033e-01 1.184727069299233770e+00
3.068896145056477717e-02 -8.690105407155934714e-01 -1.619024070013063810e+00
-7.662884932875559940e-01 -2.918260709506916850e-01 6.717180430716441775e-01
8.332527140784979913e-01 -6.033213409718699710e-02 7.711508990635496108e-01
-1.422943288779848547e+00 1.878050399321677277e+00 -5.398473866360549156e-01
3.275530184151858037e-01 -2.586959334970224608e-02 -1.606776247442893713e-01
-3.764572003775931153e-01 -1.651876607760563775e+00 -6.746195308476050645e-01
7.244513797494082086e-01 6.051133605554774864e-01 7.613430633332095576e-01
-2.537313170481977354e-01 8.235919401883384783e-01 5.019026302999296529e-01
7.187582788769836251e-01 8.333180980974796981e-01 3.761320538923175194e-01
2.486067109007487896e-01 2.112554637684637970e-01 -5.886795796864067176e-01
7.864083506122735434e-01 7.944657188897376321e-02 2.835320514094786248e-01
-1.049524246553880769e+00 -2.583132965837560691e-01 2.123452573838145785e+00
-8.225087184694351850e-02 -2.551708226464217688e-01 7.271469128770522428e-01
1.531626479753361414e+00 -2.847552027961284260e-01 -9.459195800308990432e-01
-2.939071948151767422e-01 -1.452225263693014856e+00 8.065259898844865383e-01
5.004229533992720080e-01 7.911361237355840625e-02 -7.898532975824775759e-01
-3.381399819888316061e-01 1.324145238184851470e-01 -6.079695504216061641e-01
-5.461919881522224740e-01 -7.509709964571850138e-01 -6.329363375332344166e-01
1.566962185218340187e+00 -9.718852769886291432e-01 -8.313964571237895118e-01
1.653301025362078347e-01 -1.365272807125482935e+00 1.685987060889504230e+00
1.272318035262288261e+00 -3.103328649045860033e-01 9.203607604996036362e-02
2.784976968628515848e-01 8.922263322479401237e-01 -1.278698906180827377e-01
1.267763559497500747e+00 -1.166906809302460601e+00 -1.119603053099831769e+00
9.594494484647176913e-01 -9.875247872970001062e-01 4.070509252096760067e-01
-1.998956533155302084e+00 1.621994172992539118e+00 3.602242400023435431e-01
-9.134845240082216655e-01 2.477457772428034666e+00 -1.687603065188950646e+00
-5.258582984937936189e-01 4.354158020842519017e-01 4.890357485793732639e-01
-3.081833318392932508e-01 -2.003824751614831534e+00 1.236317892617707415e+00
-1.122052412823615120e+00 -1.228875359652589871e+00 3.774712975814927818e-01
-8.639453540426743627e-01 -1.501990714320258435e+00 1.324200192142352073e+00
-4.197867980754498851e-01 -7.403830393255876607e-02 3.081675791651824481e-01
-1.468915092708975578e+00 6.189887495852434141e-01 -4.629917946504286674e-01
4.651248290720153000e-01 -1.461629071727029716e+00 4.523883826154082022e-03
5.537924298344822915e-01 9.608778606190999660e-01 8.814528512028377838e-01
