1.203478819001746736e+01 -2.235328818088485647e+01 -1.407941281119013066e+00
-1.220643738700748315e+01 -2.143012266945955346e+01 3.662158722208951750e-02
1.061764052539633418e+01 2.052086121566811272e+01 -1.465287021508909548e+00
-1.257088933377266038e+01 1.961060853203573728e+01 -1.454213997660967816e+00
1.513313659493399077e-01 1.313524441566674916e+01 -1.845053800577320544e+02
9.121405739417349778e-01 -1.424224175180515672e+01 -1.856257983772175351e+02
-7.913315729118755582e-02 1.379315482269019810e+01 1.912048822169367099e+02
-4.825544964024992001e-01 -1.417953627501783309e+01 1.837064546892220562e+02
-2.065227531572757869e+01 2.067183489362427462e+00 1.148126296662591130e+02
-2.181042782096682942e+01 -2.302168241885796718e+00 -1.207146681073071619e+02
1.969726980828755813e+01 4.903463316558091811e-02 1.148838765377131494e+02
2.043443120914722755e+01 6.553642413459345173e-01 -1.130507991221503801e+02
1.057365942345884324e+00 -2.362034726857672950e+01 2.687092930162458121e-02
-1.786476391455761537e+00 2.312326261897009161e+01 -1.451167290521111708e+00
7.297787066048072369e+00 2.079841189917543431e+01 -1.109834505961222249e+02
-7.251122130200466032e+00 1.980292182136104628e+01 -1.048935925020383593e+02
6.945779991848662682e+00 -1.977837796019263195e+01 -1.029927633522827648e+02
-7.465730385620738652e+00 -1.928523841258419225e+01 -1.070383247229068076e+02
3.138074186052268455e-02 6.510474995838709811e-01 -2.138601329397437496e+02
7.665699803442433513e+00 1.916580296099418135e+01 1.069784992469683544e+02
-9.368695102095971450e+00 1.892024543106440149e+01 1.068604159045638653e+02
6.874252283428939236e+00 -1.997618511509957884e+01 1.100101292576087815e+02
-6.244706501911571728e+00 -1.847248293082853365e+01 1.017002558282962212e+02
-4.656679324782804774e-01 -8.185333138909174633e-02 2.231672987545376543e+02
-1.972228876401531750e+01 -1.353276845717525489e+01 7.131216590855324000e+01
-1.771062526236016055e+01 1.213548728243354624e+01 6.452896331081208814e+01
-1.148472947050507287e+01 7.281671286113319042e+00 1.626256360368194862e+02
-1.238346787759276602e+01 -7.648628706996873916e+00 1.729779449041990915e+02
-1.856435753228755559e+01 -1.463796005733016337e+01 -6.817650195433434135e+01
-1.726723479917124138e+01 1.310865382521055444e+01 -6.552572610355292682e+01
-1.261430872406786108e+01 7.309715009638327210e+00 -1.647541200484484705e+02
-1.278891557572724302e+01 -7.450317123126013463e+00 -1.737215082195430398e+02
-2.277339784504464859e+01 -5.552874062481247819e-01 1.027154306196394196e-01
1.866278938851862890e+01 -1.068295087273607535e+01 6.791648065421620117e+01
1.840249070142210286e+01 1.003139861717180814e+01 6.424834221156893932e+01
1.010384520117794338e+01 6.608958839581910105e+00 1.686264267248532747e+02
1.231054925962145674e+01 -7.247284503188025084e+00 1.646630351067876177e+02
1.707688500466496961e+01 -1.125007456103331194e+01 -6.512663464672316138e+01
1.991236820488942882e+01 1.332938862699763938e+01 -6.818435944249824843e+01
1.123842579097290084e+01 6.521076320918566260e+00 -1.642267169432661262e+02
1.074287559843828710e+01 -7.385614072734155044e+00 -1.731577262453276091e+02
2.232329379956907189e+01 -8.877768750375771845e-01 -1.632620736506575909e+00
5.824075593644125526e+00 -2.413535545494150369e+01 3.958422755128987447e-01
-8.007635783762257375e+00 -2.225698013245607143e+01 -4.176252831066272209e-01
6.742643299068341811e+00 2.078645400356971251e+01 -6.423568153383593105e-01
-6.518186083573308309e+00 2.122809420897044319e+01 -2.967793874636495688e-01
8.491645638093014981e+00 2.085775268130252513e+01 -6.050029200083599079e+01
4.383195900482475871e+00 1.584428080902562996e+01 -1.508684434547852788e+02
2.126757321674156209e+00 2.369027834414647415e+01 -6.426821737318964267e+01
-1.074455664316198877e+01 1.981107913665053033e+01 -5.880381233441453759e+01
-1.899020424447485089e+00 1.648608480961080502e+01 -1.431295610724003780e+02
-3.008679519967396576e+00 2.380057769506565535e+01 -6.179670036413129708e+01
1.870084886122062251e+00 2.074597194401001587e+01 -1.107517262105020137e+02
9.824117404079228066e+00 -2.094579897406034519e+01 -5.704827849740743062e+01
3.003565745478652627e+00 -1.661998113019664913e+01 -1.436045350150782554e+02
2.672400527139860760e+00 -2.198503940779715649e+01 -5.926220313372107995e+01
-1.023514796000734073e+01 -2.061434334967834658e+01 -5.717931508569510868e+01
-3.435720429713891910e+00 -1.651508479534845364e+01 -1.485435551147121771e+02
-3.414364430808220607e+00 -2.097511070813979117e+01 -5.666215669308895286e+01
-1.070109543831956556e+00 -2.085875856754118729e+01 -1.093952945299299415e+02
1.302172079560999229e+00 5.834164961909027447e+00 -1.970288301513420492e+02
1.506864129243405404e-01 -7.578459061229864346e+00 -2.227094445066597643e+02
9.133898251253755873e+00 2.000091547546216830e+01 5.620023862261572845e+01
4.542656446928190483e+00 1.680992318186823908e+01 1.432326083387814890e+02
3.893424879364355107e+00 2.537079787359421701e+01 6.246481345777986860e+01
-9.317486237169701369e+00 1.952225543763366034e+01 5.622487777313707369e+01
-4.294561783791720266e+00 1.558709342717080659e+01 1.432764729513909856e+02
-4.031702510995581079e+00 2.403179110421259423e+01 6.326734060073863475e+01
-2.356421958018636520e+00 2.233792645338472127e+01 1.180329745321305808e+02
1.064949555071449616e+01 -2.153760828529805949e+01 6.152715711223631700e+01
3.560470954288209811e+00 -1.450278749068046302e+01 1.425964459742536405e+02
4.017561867789622987e+00 -2.420614970685636536e+01 6.504482785439803649e+01
-1.026524333539266642e+01 -2.086577210961025841e+01 5.560373315162487984e+01
-2.874148385850088250e+00 -1.549513023743385176e+01 1.419635087152885262e+02
-1.878991760880403650e+00 -2.438438414470506999e+01 6.323193419813735261e+01
-8.905224720859104826e-02 -1.988045269720734254e+01 1.193139377755250621e+02
-1.427496290918200073e+00 6.642620249296585122e+00 2.184506290845560841e+02
5.371069182345633575e-01 -4.839978398043716545e+00 2.076789959738613902e+02
-1.917095882445173061e+01 -1.979594008512421510e+01 3.913318022500418891e+01
-2.196002587795283389e+01 -8.040167823487225363e+00 1.028287345845527341e+02
-1.551949543385781816e+01 -1.594109398864131855e+01 9.114684408981786135e+01
-1.490128605158719743e+01 1.475536970759373823e+01 3.486846166750562759e+01
-2.144438301323108220e+01 5.396249330231135843e+00 9.174368584470505539e+01
-1.384815291271035775e+01 1.724064457769358327e+01 8.878888988280377248e+01
-6.276020092425484087e+00 9.860738952766720189e+00 1.750227535266066639e+02
-1.476215190046036163e+01 5.231991854556834909e+00 1.392350122589866999e+02
-1.062953691135419376e+01 1.419923918872710544e+01 1.418485580224612193e+02
-6.857550334403846648e+00 3.218899185490103232e+00 2.090637700560610597e+02
-1.515304294359983395e+01 8.824418156928974355e+00 1.211734312867452843e+02
-6.284779103932664590e+00 -1.191013838297510929e+01 1.873748430235585545e+02
-1.670795390847755257e+01 -4.505561815287237870e+00 1.497199925026362450e+02
-9.844604212895982087e+00 -1.292378759144372857e+01 1.412532817516282080e+02
-4.813304216603532915e+00 -3.571743274809127122e+00 2.057610477551636734e+02
-1.725683298044232572e+01 -1.065146327518672642e+01 1.318937698719569198e+02
-1.298401859590930130e+01 6.595161193775751496e-01 1.768393937029297263e+02
-1.786306229839749093e+01 -1.845827032244832822e+01 -3.826967793588987377e+01
-2.059364666526942500e+01 -7.829080538621040475e+00 -9.637698160370834444e+01
-1.405396677795471483e+01 -1.618183645699745909e+01 -9.312170731690603986e+01
-1.930258327055540235e+01 -1.041996466393180576e+01 -1.284482878839429354e+00
-1.549132647749793890e+01 1.873155291250393972e+01 -3.612441087935177109e+01
-2.218467488172190727e+01 6.306399074147203798e+00 -9.202623135288718004e+01
-1.450602226615843371e+01 1.790097821896731034e+01 -9.013471643509441833e+01
-1.804367050084743340e+01 1.185175241618892628e+01 -1.298394749044559537e+00
-6.481492234409196307e+00 1.176707075332430819e+01 -1.750466773544028456e+02
-1.585783202315009000e+01 4.440420574287359479e+00 -1.439307161923081537e+02
-7.914529505442885693e+00 1.368071212932969694e+01 -1.414206993425865733e+02
-6.589482382513746295e+00 2.987721505094621310e+00 -1.981659585641709782e+02
-1.595818658523513811e+01 9.502848032250435395e+00 -1.180629260742747135e+02
-5.996231257793087188e+00 -1.163168200335030456e+01 -1.845428036454002267e+02
-1.876139461316400769e+01 -3.747361510292059439e+00 -1.569277895375637399e+02
-1.117911984421572313e+01 -1.354061078881489522e+01 -1.466116635254740572e+02
-5.937679079215955724e+00 -4.268040725559043125e+00 -2.016300044606531117e+02
-1.707546903341251010e+01 -1.019327530317890940e+01 -1.268934486152915895e+02
-1.222408791332505373e+01 -3.568857114377169126e-01 -1.762223344406197043e+02
-2.427031227235249489e+01 -8.792834301981314882e-01 6.014928706428873539e+01
-2.138750013714864551e+01 5.076946304504429408e-01 -6.077402639919704797e+01
-2.043828625557337375e+01 -6.070964941094665335e+00 3.760543115612183840e+01
-2.202465908245414283e+01 6.177507520521193563e+00 3.503074626289586035e+01
-2.103802345795660500e+01 -6.342335245223707396e+00 -3.430360296362838568e+01
-2.090062946785421971e+01 5.676686442843408287e+00 -3.368003273875685011e+01
1.469345368483663705e+01 -1.830350883883671287e+01 3.450839866943018563e+01
2.008022229320543772e+01 -5.665927872824680023e+00 9.117536608267020881e+01
1.317603303556043315e+01 -1.462744450776298955e+01 8.902705323772836721e+01
1.652305755841270241e+01 1.672607516382471005e+01 3.387006498742681515e+01
2.001808432486124190e+01 6.218507046436348773e+00 8.837454541767662874e+01
1.473421537305113560e+01 1.697943662539392307e+01 9.028034579726690367e+01
6.092531399773629452e+00 9.125515841170390274e+00 1.826969073205224277e+02
1.644535611831727095e+01 3.780531030389534752e+00 1.435848082215368038e+02
9.634472316560081850e+00 1.436734847915250057e+01 1.469950213869479398e+02
6.510740134858267858e+00 4.005540952469104354e+00 2.181914641412907656e+02
1.611733495909153291e+01 1.098925505878504083e+01 1.231625120317837485e+02
4.797988937300440071e+00 -1.121477122907329260e+01 1.762454066463290303e+02
1.556093860714396371e+01 -3.504520061293748157e+00 1.400272581340750548e+02
1.017158442985886602e+01 -1.502157525431956131e+01 1.449922044707149098e+02
6.828058483505389908e+00 -3.210685264134356842e+00 2.009134490966880549e+02
1.740842883201811730e+01 -9.394678666486933949e+00 1.223597985686761689e+02
1.281816886229536046e+01 -1.698643157446755092e+00 1.859448530565989302e+02
1.516779603236376417e+01 -1.706051202312251291e+01 -3.516299909434533078e+01
1.920753951585254882e+01 -6.342289542631560195e+00 -9.220182628561222771e+01
1.359517508225300020e+01 -1.738619147328751779e+01 -9.200208027256762477e+01
1.874433666553709443e+01 -1.137473355847503420e+01 -2.722298041237185551e-01
1.684999769575725281e+01 1.805844916719501825e+01 -3.768400441885832208e+01
2.086799689882265696e+01 7.022370474407154006e+00 -9.320027819259475166e+01
1.506812457957502716e+01 1.848125878766818531e+01 -9.626325047022706372e+01
1.877871661852860186e+01 1.114179508776515704e+01 2.965977238863960475e-01
5.410120878041662529e+00 8.981335491087042655e+00 -1.784233209060814715e+02
1.612317004558908096e+01 2.882551855951060116e+00 -1.397774975746071107e+02
1.121609456981110853e+01 1.406511657066452514e+01 -1.464746053627216043e+02
6.608599362441998082e+00 3.381232744957995529e+00 -1.971306328535076489e+02
1.637746404879028361e+01 1.171958432790354188e+01 -1.259683124576106650e+02
6.308071319970408375e+00 -9.517623590090975583e+00 -1.860926873236121821e+02
1.713834038417890326e+01 -3.968763805678581225e+00 -1.490142512187161685e+02
8.522142110799840964e+00 -1.528705644400811714e+01 -1.415450932464238747e+02
8.374475690647271264e+00 -4.554633099371859117e+00 -2.142114756782364680e+02
1.488696445283232173e+01 -1.074737963035538257e+01 -1.182802585632121719e+02
1.062823557361493698e+01 2.332328257896931489e-01 -1.788050021790735968e+02
2.258231133952649117e+01 -4.450750849993830305e-01 5.839851275613159487e+01
2.085961519172492018e+01 1.093859815653742684e+00 -5.995968353768859771e+01
2.083783233105164356e+01 -5.130484433393926125e+00 3.337103503811361804e+01
2.154290952362309497e+01 7.870164988448753007e+00 3.446457120136624042e+01
1.920862628372618985e+01 -5.373615017906763214e+00 -3.662700647440104973e+01
2.231039330239496365e+01 6.123025977256061125e+00 -3.604005821573743873e+01
1.034616090218150575e+01 -2.272157206992712730e+01 6.434172292640945034e-01
2.569145038301657635e+00 -2.274081361016192204e+01 4.555442888784906330e-01
-8.021751018268723499e+00 -1.937099377179572457e+01 1.330039973152056687e+00
-4.427728657926647493e+00 -2.233365925731764889e+01 -1.748894129664024133e+00
9.674074304120665602e+00 2.117168911276213805e+01 -4.303886815310750680e-01
3.503773332314387368e+00 2.126843480345439019e+01 9.867875066167505205e-01
-9.101100260155057242e+00 2.050959067652582846e+01 -3.502181252884005724e-01
-3.599080980177339573e+00 2.416670133483317429e+01 7.748313274108680204e-01
1.088594246500720075e+01 2.095023244341336621e+01 -2.789233191785057642e+01
9.517896948895234743e+00 2.064476042018600310e+01 -8.472209009015782044e+01
8.360122005649268218e+00 2.214448314889461500e+01 -3.187145175018687482e+01
3.148155776789674398e+00 1.353785033291744178e+01 -1.678249326888770838e+02
5.178001221810598409e+00 1.872544932840153109e+01 -1.326729956844585843e+02
1.663466350423249196e+00 2.234358719740524535e+01 -3.129330774130963633e+01
5.218037806389785871e+00 2.454760125415707250e+01 -8.668174571908970449e+01
5.861675420549524063e+00 2.483003307851182839e+01 -3.152982352347682138e+01
7.433551907080798493e+00 2.151967972335023660e+01 -5.903198150110478082e+01
-1.031627538861597593e+01 2.007465074459244292e+01 -2.945182130785880048e+01
-1.083574917947248117e+01 2.071705336721521462e+01 -8.386805050592604971e+01
-8.523865742568725423e+00 2.156534838715882785e+01 -2.754220630801110659e+01
-7.834125577458503908e-01 1.313192496369769025e+01 -1.550299525910144212e+02
-6.659493321126809917e+00 1.705880451034979828e+01 -1.234087557255826368e+02
-2.414510946088026966e+00 1.700024216358054829e+01 -1.450238819661029481e+02
-2.030193195812156404e+00 2.465411641228165252e+01 -3.180639087308739121e+01
-5.505448372973056337e+00 2.197403662673827185e+01 -8.827824553847965205e+01
-5.774281935410799704e+00 2.322883873997642112e+01 -3.027300168073024267e+01
4.982497518988251439e-01 2.467190643053828225e+01 -6.569838289399719145e+01
-8.201115402771339546e+00 2.277661964506564019e+01 -5.954484651204753476e+01
4.606398806144052394e+00 1.914251253659924501e+01 -1.118910362829425225e+02
-3.510483528233743655e+00 2.119826335432133035e+01 -1.112162636596161178e+02
1.655650905003616336e+00 2.030998831711663755e+01 -1.260286968653835089e+02
2.040117162147019769e+00 2.210415299046134407e+01 -9.500275422476025255e+01
-2.103139097107497690e+00 1.921063195731196416e+01 -1.296777012944708076e+02
-1.470141070487295032e+00 2.393272081539940643e+01 -9.189344931580060916e+01
1.219061458911993512e+01 -1.985030014943006549e+01 -2.919507119655770211e+01
9.271438601126456902e+00 -1.931300654027501551e+01 -8.449223499806628013e+01
8.024207843487962677e+00 -2.083984332758855373e+01 -3.168262588147735670e+01
1.739787724253669898e+00 -1.407389857464291083e+01 -1.547875998699826425e+02
3.763078639154575633e+00 -1.763894727874662038e+01 -1.230435874483192009e+02
5.747436563308879753e-01 -2.318406475739261907e+01 -3.044883511784739483e+01
5.041873530734404696e+00 -2.194242020706068175e+01 -8.864186531524399015e+01
5.680374505948888597e+00 -2.343075073078887627e+01 -3.016604418154236811e+01
6.382853255310560137e+00 -2.070403780126468618e+01 -6.078057216521319361e+01
-1.326147812146838767e+01 -2.040890281065659195e+01 -2.990998213149075724e+01
-9.263477840694120502e+00 -2.057068606698856783e+01 -8.358553408274023866e+01
-8.893104112230512115e+00 -2.212416034139470611e+01 -2.944731590080897377e+01
-1.380801584146571503e+00 -1.374790507242543036e+01 -1.687972373931949903e+02
-6.384567628967735331e+00 -1.931040710171993524e+01 -1.291423723501682730e+02
1.550189945767173616e-01 -1.465245390304302475e+01 -1.454254765076569527e+02
-1.250770514732663097e+00 -2.190834747264079141e+01 -2.998700619621315866e+01
-4.361058015715629566e+00 -2.062815898842334406e+01 -8.194996260209474315e+01
-4.141719308589158821e+00 -2.320707053446798440e+01 -2.860882263207851040e+01
-2.141604970476447711e+00 -2.149415464090780148e+01 -5.735652074896802333e+01
-6.632160720473517124e+00 -2.088166820364625309e+01 -5.445069216573202198e+01
4.060077425140709018e+00 -2.001883438462663989e+01 -1.105562248323847427e+02
-3.336246650211951881e+00 -2.222479324091358777e+01 -1.108611545643940417e+02
3.527232850472462378e+00 -1.696441245274170839e+01 -1.282690615768754583e+02
3.168055642620258627e+00 -2.489460132525085356e+01 -8.827826301335159087e+01
-1.297204380955000680e+00 -1.715155914608124021e+01 -1.252637979036106657e+02
-7.223485943188415748e-01 -2.112662741542160205e+01 -8.886619093963761884e+01
-7.210422656871793290e-01 9.272283840050331349e+00 -1.829981888593446797e+02
3.592660451652638920e-01 3.277486694748244389e+00 -2.096930646874144486e+02
-1.622049053460463242e+00 -1.003259201054300576e+01 -2.069614944787811908e+02
-1.334519493161111792e-01 -4.511162673296439607e+00 -2.382079446102269173e+02
1.025536444499052813e+01 1.977122067205512934e+01 2.936660691719784211e+01
9.641122292353745848e+00 1.939280780699000672e+01 8.064325583197235403e+01
6.396428267474974838e+00 2.243064803713267352e+01 3.096621463688187603e+01
3.089098843958757890e+00 1.435404132988315773e+01 1.612204078934873337e+02
6.335124790924316684e+00 1.703915899874433748e+01 1.240503196106311066e+02
1.639873674840272688e+00 2.238196139838110454e+01 2.968254586903791292e+01
5.669058874504017354e+00 2.522527922086881347e+01 9.202205511900727686e+01
6.213250801117339073e+00 2.270555599906630562e+01 2.854706386068829005e+01
7.264190404607137275e+00 2.135780190125416667e+01 5.852389364128902827e+01
-9.148434140343123744e+00 1.959806876686102228e+01 2.948773123528852835e+01
-8.587136655746721914e+00 2.058236784090422944e+01 8.413080595991468158e+01
-9.372264919205500533e+00 2.090436050133641288e+01 2.938851545357662332e+01
-3.789776208819416237e+00 1.384925140503636776e+01 1.578325766112818371e+02
-5.464429702172174608e+00 1.781754972435788531e+01 1.240252968565660154e+02
8.038774743215277852e-01 1.751475510020594228e+01 1.561550651665362750e+02
-1.077264306601557031e+00 2.470937468428234496e+01 3.385360850761745866e+01
-6.468738438954150460e+00 2.331316626822505711e+01 8.799443430712921099e+01
-5.004646568606999857e+00 2.308944028931092518e+01 3.057505384113751390e+01
2.095570684586018084e-01 2.399482074567517742e+01 6.547644332180739468e+01
-6.134921409616931776e+00 2.331210336436270936e+01 5.995903528512570801e+01
2.399196660191934782e+00 2.208888925415074667e+01 1.176383407649801569e+02
-3.639111405323557147e+00 1.997318375778758082e+01 1.186314147978056468e+02
1.478538617221048179e+00 2.036110244281639581e+01 1.331166447765793350e+02
5.051379799218596034e-01 2.325229041265364671e+01 9.909063305755786644e+01
-2.380490749320984367e+00 2.033334619459537151e+01 1.345136380314115456e+02
-2.599917739453349252e+00 2.329861758735400556e+01 9.353946280003731317e+01
1.336261044895787897e+01 -2.232914157063598282e+01 3.202902995710088163e+01
8.780322640775644061e+00 -2.182443175049402839e+01 8.935239737637341761e+01
8.185090258816755338e+00 -2.233875919273054933e+01 3.318929559897703285e+01
1.972984294058116816e+00 -1.249668284102146210e+01 1.543083802201163905e+02
4.016485085061130889e+00 -1.824582877577590878e+01 1.225697282160190440e+02
3.124658304457425206e+00 -2.720343652332089945e+01 3.370297435485598214e+01
5.523021499746890939e+00 -2.322370877232608777e+01 8.977841810764415698e+01
6.235431999805797432e+00 -2.457619183834017207e+01 3.132631329952180010e+01
7.346300990553290333e+00 -2.232262569347885162e+01 6.380236788309370155e+01
-1.132532821387443356e+01 -1.858425847263690756e+01 2.778023261287096446e+01
-9.120546735101310531e+00 -2.150683454144972728e+01 7.803352052416063600e+01
-8.417190332984397116e+00 -2.080312847110675989e+01 2.962990298875104855e+01
-6.796992230465038753e-01 -1.348309187667878994e+01 1.575019263253213353e+02
-3.754219694592470624e+00 -1.595771606433475398e+01 1.187790701740781003e+02
-3.057773278713810106e-01 -1.517729801454307115e+01 1.502802214800271372e+02
-1.965198707166211811e+00 -2.558870847690606354e+01 3.499026202199659963e+01
-4.557358178001909010e+00 -2.359557040366649971e+01 8.739986061727647382e+01
-3.044633824527881227e+00 -2.373690935006117897e+01 3.176966854504347282e+01
5.909408354176796108e-01 -2.619755659846888207e+01 6.616073969329599436e+01
-7.963308433003703612e+00 -2.167467118944545490e+01 5.704131237307709767e+01
4.385554739335118413e+00 -2.087002950769100096e+01 1.161116308865485252e+02
-3.495821233300854924e+00 -2.107070573203138864e+01 1.156569951055435013e+02
1.044155012114782455e+00 -1.978467350372336853e+01 1.336622803229554961e+02
1.599648474424023137e+00 -2.551836018107770698e+01 9.433455073764055498e+01
-2.841838599056746073e+00 -1.861219316566524640e+01 1.290567896537447723e+02
-4.437568861725108560e-01 -2.328071575163778917e+01 9.809463156220998314e+01
9.075378192046318349e-01 1.012001634889880997e+01 2.055794446748369069e+02
3.331588555257564144e-01 2.161776186053741888e+00 2.215030640358010032e+02
-3.478157123761867475e-01 -9.988826020950982709e+00 1.977151891447674075e+02
-6.103581304302633237e-01 -2.723262774178231815e+00 2.178728383341969277e+02
-1.678837713120667274e+01 -1.881238352782561307e+01 1.853991622661677496e+01
-1.975054562227087018e+01 -1.642012551619890814e+01 5.677794968373028439e+01
-1.477477277352136120e+01 -1.982152538921846485e+01 5.088626087661981501e+01
-2.057468184755202856e+01 -3.638951145304946788e+00 1.129310517262627087e+02
-2.236645347876703838e+01 -9.657579723345513401e+00 9.021323615003386465e+01
-9.116921229286560902e+00 -1.802816056413075430e+01 9.483977200208997260e+01
-1.682991969777570773e+01 -1.484017997199335781e+01 8.250966956859627999e+01
-1.526983562429817098e+01 -1.750243712871883517e+01 7.704108021566672448e+01
-1.725174159257152695e+01 -1.952819637120575536e+01 7.427381271149837971e+01
-1.498279338635337332e+01 1.783991659853035827e+01 1.738262004267735961e+01
-1.673038888798077650e+01 1.287085599648900214e+01 5.011307428026989896e+01
-1.404406090911486693e+01 1.816820727120239098e+01 4.682075574253848771e+01
-2.081234204449934211e+01 4.071273375700425134e+00 9.768283517989917186e+01
-1.963771376349770392e+01 1.030357999020334780e+01 8.258054525966234394e+01
-1.144113145628605643e+01 1.690865463957327108e+01 1.011684743168614347e+02
-1.636415093291126510e+01 1.211287824671737567e+01 7.710936363855175557e+01
-1.284667737892745798e+01 1.694732777243924104e+01 7.294952924350039325e+01
-1.554898909208607627e+01 1.631507737151087412e+01 6.357720554344986397e+01
-2.592183842553251960e+00 1.008322078179477543e+01 1.760212567019645746e+02
-7.577352293283412976e+00 8.264304625463546827e+00 1.647205180120200509e+02
-4.929173324769245745e+00 1.376172003612743389e+01 1.630492580435565912e+02
-3.900414676253987523e+00 9.328601178928691340e+00 2.013255678186370119e+02
-1.876432094171105902e+01 2.114910764014908739e+00 1.254867027014393699e+02
-1.418206327524770671e+01 5.519583328286634227e+00 1.532808393020906408e+02
-1.853756151377860206e+01 5.198012655149962136e+00 1.159757045456517517e+02
-8.768870993211237419e+00 1.594946426651937799e+01 1.223461695014883333e+02
-1.052724974175745309e+01 1.084239872766075941e+01 1.597643769755542280e+02
-6.516656882739429335e+00 1.616547020157218739e+01 1.432403526285132500e+02
-1.149290949513379978e+01 1.459453293214188108e+01 1.177412325761822984e+02
-7.281609922981798100e+00 1.057974021776731099e+01 1.656686950472789306e+02
-3.797318225279595616e+00 2.900248671940802492e+00 2.292285411761271803e+02
-8.998367272853409204e+00 6.930234331257241642e+00 1.837107186388929563e+02
-4.862609501300528159e+00 4.987427448247404804e+00 2.222021171726040620e+02
-5.285556206131491130e+00 7.058784538898965621e+00 1.897357387016101598e+02
-1.777042519910850871e+01 1.258960482671807668e+01 9.816147207829421006e+01
-1.653378224066715418e+01 7.736925589488119037e+00 1.481932437176024564e+02
-2.085468665576589586e+01 8.916783279230104498e+00 1.119717531126983658e+02
-1.361260434414987941e+01 1.207198065318980262e+01 1.022893479674382178e+02
-1.714179829898927920e+01 8.524964219056125003e+00 1.349535894429149039e+02
-1.136287489203748713e+01 1.184712654543268329e+01 1.287237085653872555e+02
-3.892443341838933701e+00 -1.184252151136153941e+01 1.877355759855322788e+02
-1.129818706016272500e+01 -1.060305975387467292e+01 1.861724449136505939e+02
-4.976916643908689153e+00 -1.374790077599022631e+01 1.609239130830161741e+02
-2.381653119371760052e+00 -6.558040105219568261e+00 1.999707450142645371e+02
-2.005143990388576469e+01 -2.675051232019870717e+00 1.334460174224851698e+02
-1.331197737692793659e+01 -6.215623625929271867e+00 1.664150472761988055e+02
-1.855298057588687044e+01 -4.289290358048581275e+00 1.296424308406849661e+02
-1.881672648164245842e+01 1.428209459240967982e+00 1.429343655126914996e+02
-9.010150906961090556e+00 -1.790958613833361923e+01 1.226599123031893157e+02
-1.068778386481126219e+01 -1.140261899107328603e+01 1.557206193896467710e+02
-7.515493382400181055e+00 -1.570742831787985061e+01 1.439575816348693138e+02
-1.059415107994366778e+01 -1.525545477130699545e+01 1.138495269018712577e+02
-7.982283700469888110e+00 -1.193903745986701814e+01 1.592606319217268265e+02
-3.456613138830030518e+00 -1.174460132962454439e+00 2.201181158782225680e+02
-8.972039606962463054e+00 -5.592818840949201231e+00 1.996751244586923804e+02
-2.367376014393067329e+00 -4.832669342643879595e+00 2.140050147849574103e+02
-8.738946679156253339e+00 1.164727744286805367e+00 2.048389785328287473e+02
-5.318653116606619768e+00 -8.737338654444361197e+00 1.995857144045561142e+02
-1.796334460095789609e+01 -1.318909784579805944e+01 1.053043732018858094e+02
-1.553112368881355820e+01 -1.031711087437935781e+01 1.576822888830544969e+02
-2.035661280292999464e+01 -8.654513449566110239e+00 1.185754403711159171e+02
-1.586651723171405592e+01 -1.370467130329374328e+01 1.071989862188752909e+02
-1.874860028740413753e+01 -7.379498725617171573e+00 1.516431624720058551e+02
-1.327966830248809593e+01 -1.161123708302560154e+01 1.344589007364176609e+02
-1.435174997809587794e+01 3.716147136847266275e+00 1.800272631877216725e+02
-1.249367682309073402e+01 -4.815243283197920832e+00 1.737373621107786903e+02
-1.456520234046144324e+01 1.265677491271335553e+00 1.576211865842531381e+02
-8.235647725174047196e+00 5.245060510296161160e-01 1.945559186847440571e+02
-1.355130474858256662e+01 -2.271445704329436932e+00 1.605990556579579334e+02
-1.011073528874363703e+01 -1.139327273081490510e+00 1.852873242208684417e+02
-1.589091452036253038e+01 -2.009769712613090320e+01 -2.125299522194672619e+01
-2.034496016844440902e+01 -1.645022296019179819e+01 -5.567375669020681528e+01
-1.476260340366134827e+01 -1.870356191205568308e+01 -5.386445816064914993e+01
-1.592514817989983733e+01 -1.770554801586389004e+01 -1.905740740737459804e+00
-2.199936842532346049e+01 -1.733253582632467538e+00 -1.061017587599254171e+02
-2.110239035891179071e+01 -9.737564516367360312e+00 -8.172994841852393222e+01
-1.207590181705738708e+01 -1.729880625900679547e+01 -1.029893996174478872e+02
-1.839871350238541226e+01 -1.487319832915908613e+01 -8.590177899370584669e+01
-1.269543754289253279e+01 -2.051977432585689698e+01 -8.236342248971703839e+01
-1.684150516230191741e+01 -1.877861809715146535e+01 -7.213979777465951315e+01
-2.097108875215245405e+01 -1.210174546495040104e+01 3.500164451033977997e+01
-1.768871877994116915e+01 -1.262810494824276830e+01 -3.663913221239997142e+01
-1.857426015862520785e+01 -1.141240663042747450e+01 1.856305908140943117e+01
-1.832818589276114807e+01 -1.543316303990217442e+01 -1.826393822295973379e+01
-1.249755584534475972e+01 1.881098378221081191e+01 -1.644587420453870408e+01
-1.753691940953308404e+01 1.347800276193601476e+01 -5.002461171000383899e+01
-1.451765216226168143e+01 1.765964930858942239e+01 -4.728272093462636150e+01
-1.512216551920961294e+01 1.761306481789336331e+01 1.630633114935538863e+00
-1.989924616747963171e+01 3.217246423220211149e+00 -9.931951074430251936e+01
-2.121928058983992216e+01 9.697806367335047639e+00 -7.928704105220081999e+01
-1.144958006012703500e+01 1.764849459486704575e+01 -1.024775930516312883e+02
-1.586681180097286870e+01 1.438230447290984415e+01 -7.909625660551378701e+01
-1.487938215732463831e+01 2.054096882665092494e+01 -7.998215648158806346e+01
-1.576814011392107950e+01 1.569055332202725062e+01 -6.679405331083468411e+01
-1.892641846282192830e+01 1.140680472785332888e+01 3.259299222294906428e+01
-1.815186580476673939e+01 1.335694850391685229e+01 -3.335762038229811566e+01
-1.825070358118932035e+01 1.344513268590447375e+01 1.744424400328798086e+01
-1.662413225649050119e+01 1.292271152951226121e+01 -1.805579264927128591e+01
-3.387366169785061665e+00 1.171794447670538730e+01 -1.700595841852937440e+02
-9.671642369307798859e+00 7.704706928313571623e+00 -1.720376030136566214e+02
-4.513313620048005959e+00 1.247198935392297336e+01 -1.586845243340364107e+02
-3.435199723621099821e+00 9.138521653415409673e+00 -1.933138436785438898e+02
-1.812228514727914330e+01 1.916349612940489555e+00 -1.284166041783957724e+02
-1.420525232853979780e+01 4.967378157280508688e+00 -1.558128146463941732e+02
-1.983483621136184283e+01 5.076513816065582496e+00 -1.236259338369837053e+02
-7.989765301112969453e+00 1.560430649177227913e+01 -1.241106662980902371e+02
-1.360642963036837472e+01 9.832728839630069828e+00 -1.554619796616088365e+02
-6.591143392919974531e+00 1.439006963440342446e+01 -1.420378032817471592e+02
-1.194998000616925360e+01 1.557128418051263807e+01 -1.144623038838551992e+02
-8.084429579070567584e+00 1.247487466035484438e+01 -1.569464658678109288e+02
-2.444990749944196295e+00 1.409095542164395365e+00 -2.064085691758426435e+02
-1.047132003440678893e+01 6.020595846698880926e+00 -1.893027486396071026e+02
-3.315412359769164041e+00 4.470803609545918711e+00 -2.085239046807285206e+02
-6.804611078378903777e+00 8.268954822974263763e+00 -1.991995970550374864e+02
-1.673233132449815841e+01 1.080650099970542932e+01 -9.247439621872086946e+01
-1.550772799548361469e+01 1.056044695562145996e+01 -1.438927839032776888e+02
-1.851383396282021110e+01 8.775462122353857808e+00 -1.097952622992024772e+02
-1.365784355462043287e+01 1.445746031322669545e+01 -1.057620717136788215e+02
-1.699578073747559159e+01 6.762835036265255617e+00 -1.353201804534983239e+02
-1.284937575757098038e+01 1.211840041117075728e+01 -1.300930610919999424e+02
-5.685237928398588991e+00 -1.235758741650257697e+01 -1.838269469551939608e+02
-9.428668149100669638e+00 -9.915990137591261799e+00 -1.843032443118797801e+02
-4.143178925091736353e+00 -1.379869768574506317e+01 -1.754819292028436735e+02
-3.473212159540707944e+00 -8.159346924030570491e+00 -2.006278612503111560e+02
-2.086552391964115571e+01 -1.580091356465807229e+00 -1.379687013413614523e+02
-1.621137753543428772e+01 -8.254507072189451122e+00 -1.673240274203870683e+02
-1.898073541744022918e+01 -5.382396114544600429e+00 -1.258626733892906913e+02
-1.850056220048348266e+01 4.337640440526580737e-02 -1.550923389476970158e+02
-9.463877078285774402e+00 -1.729956340648937285e+01 -1.318719620503627823e+02
-1.340431815619786882e+01 -9.483569506192097265e+00 -1.560794676357095341e+02
-9.089758725879304890e+00 -1.683127168286742759e+01 -1.602623767651645323e+02
-1.064375691893368980e+01 -1.375300178799050421e+01 -1.155008742997809463e+02
-8.722218683380480897e+00 -1.420459840718241296e+01 -1.705748515341934137e+02
-1.997283274267724229e+00 -3.157341635668779123e+00 -2.159644720373745770e+02
-1.067916948752231399e+01 -5.816509052371383603e+00 -1.921467871233741391e+02
-2.900363322252709875e+00 -5.286211897900401802e+00 -2.094641149009047183e+02
-6.215382474505780408e+00 8.202256932763085651e-01 -1.853342359592916182e+02
-6.599885799086898430e+00 -6.309932734457650128e+00 -1.988429166682735740e+02
-1.688826088789896929e+01 -1.347617432035937135e+01 -9.615691642845175124e+01
-1.456547455480847120e+01 -9.224536523109133412e+00 -1.533798023454729389e+02
-1.939632166491934129e+01 -7.158873781330243879e+00 -1.137876936584084859e+02
-1.590367404772513460e+01 -1.432146935857681314e+01 -1.087423486879768575e+02
-1.642048784361207581e+01 -7.504622135591132448e+00 -1.393888916821683210e+02
-1.381896239087534894e+01 -1.132376910471731790e+01 -1.316573316792217270e+02
-1.258521991547398144e+01 3.427126101072864639e+00 -1.695559233926499871e+02
-1.322661991983614449e+01 -5.144494089374632928e+00 -1.857265689553715049e+02
-1.658348038507100952e+01 1.738194172060783194e+00 -1.674225929374816246e+02
-8.109123427700467346e+00 7.732927129934632493e-01 -1.810609222722624452e+02
-1.577577516864344709e+01 -2.897041157019364821e+00 -1.818092965966890233e+02
-8.160684093393189897e+00 -8.457288550510617675e-01 -1.783360114548146385e+02
-2.303971413288160264e+01 -1.095839782662924478e+00 8.640927967046987135e+01
-2.273336318699339742e+01 6.255286646332204326e-01 3.231920454797228359e+01
-2.288812778943003323e+01 -4.099867304931602341e+00 8.421220539863229249e+01
-2.316758627271086723e+01 3.606476605207973751e+00 7.968073201592417831e+01
-2.283932219555405396e+01 1.364303978609929802e+00 -8.805617744516828793e+01
-2.292826366760801093e+01 -4.506402604944615420e-01 -3.081440164926376113e+01
-2.299432622390393632e+01 -2.260126374347732447e+00 -7.774554039861034482e+01
-2.146619825584515340e+01 2.909324021922296666e+00 -7.483022380923374328e+01
-2.272527394892617281e+01 -8.483132524239151095e+00 5.354633191328164088e+01
-2.071127710853741632e+01 -3.388358341265424567e+00 1.779775158102862065e+01
-2.358072327454497596e+01 -8.854193154971829571e+00 7.300867846444420195e+01
-1.882714564425466008e+01 -9.971978780885251581e+00 1.587071133646105103e+01
-2.369482109180251683e+01 -2.270774299768107962e+00 5.185463622654732774e+01
-2.041721690118038168e+01 9.875604562213830206e+00 4.895930384267796143e+01
-2.044905560728961547e+01 3.075922526365707732e+00 1.674807266159006147e+01
-2.185182198119343866e+01 5.516852539842260761e+00 6.500857368332830788e+01
-1.849581584093956366e+01 7.951198733822418596e+00 1.559177933870414812e+01
-2.420793272217985148e+01 2.490964620852279321e+00 5.271189693172743773e+01
-2.017913482548828696e+01 -9.643507339419977953e+00 -4.951192147109338748e+01
-2.105324038982597656e+01 -1.478186910758082062e+00 -1.885612392320737385e+01
-2.260342426289140150e+01 -5.527628721413805124e+00 -6.565790867499018191e+01
-1.933946980891915857e+01 -9.237432998181857258e+00 -1.518410671681493795e+01
-2.220207719244955769e+01 -3.840729611326506365e+00 -4.895738437306462743e+01
-1.794829567579469298e+01 -5.424141629885084193e+00 2.486783432418572526e-01
-2.028273396018967034e+01 8.255178213462736281e+00 -5.032870554222580495e+01
-2.140063562028421629e+01 5.896827596538931182e+00 -1.800317274630942421e+01
-2.056337285037982809e+01 5.755590290776940066e+00 -6.747024001301399210e+01
-1.972826240296947731e+01 9.225229086624924690e+00 -1.712619286366176041e+01
-2.314448298660159864e+01 3.957510701090993344e+00 -4.637720099448665678e+01
-2.229550466451056678e+01 6.519266546670538176e+00 3.027036175240424565e-01
1.413380012148590303e+01 -1.878689427072138329e+01 1.810449516770799150e+01
1.821773007200415506e+01 -1.383914386014905595e+01 5.018013339365854364e+01
1.421619345125187905e+01 -1.866467693638580982e+01 4.901066917239318599e+01
1.980990546891798232e+01 -3.100763531762085190e+00 9.708133292067738296e+01
2.010283506871159176e+01 -7.187629959891856934e+00 8.002997789004501783e+01
1.229901068215326099e+01 -1.702598146667004286e+01 1.002568331209004668e+02
1.681866041186908589e+01 -1.533005395544872407e+01 7.838285835527265988e+01
1.240586039230363902e+01 -2.020184589399369202e+01 7.423221377118117914e+01
1.555177229501891212e+01 -1.643242398856211750e+01 6.611288618295884589e+01
1.490120888990078107e+01 1.733943598095984839e+01 1.799243860710412690e+01
1.706222982430675117e+01 1.395334124858444547e+01 4.824612751589264548e+01
1.358171418462756819e+01 1.781050274387730070e+01 4.523115671454557685e+01
2.183963292330345496e+01 3.546536488831920853e+00 9.925009886920223323e+01
2.011936517298039462e+01 7.202630032472847610e+00 7.711051721060974273e+01
1.237952766921871195e+01 1.694453396344362872e+01 9.943025812917899486e+01
1.780608176491046279e+01 1.350261618368790550e+01 8.153729481376250021e+01
1.194723113014400795e+01 1.627983210675622416e+01 7.163294385106441098e+01
1.403997569222687147e+01 1.630801589854505096e+01 6.311504179877535847e+01
3.752189007602496407e+00 1.033315133648586226e+01 1.792651805594294956e+02
9.009289492167518176e+00 9.511840289374223545e+00 1.790577521617356922e+02
5.530426612751498716e+00 1.355381303345554045e+01 1.601655191902357274e+02
3.611164439364980883e+00 8.601732227538221309e+00 2.094172929699066401e+02
1.731741567176274188e+01 1.784118688823495669e+00 1.230595172680936997e+02
1.467238269394304417e+01 5.979183807769368642e+00 1.604381108151291926e+02
2.021924883021298669e+01 2.650125678453185696e+00 1.171772611325575326e+02
9.297050193533740625e+00 1.797562615241902861e+01 1.347984996073214177e+02
1.116757653697427344e+01 9.725726688433903533e+00 1.591634727626166637e+02
7.125306151260526022e+00 1.568503158371112782e+01 1.464695129541848360e+02
1.215105035474859463e+01 1.506238078512523515e+01 1.225489246646288279e+02
8.899886428044046838e+00 1.186574028538617753e+01 1.604822214694748368e+02
4.248204016752929135e+00 1.768913840699794404e+00 2.238802516040141484e+02
1.115286092604808843e+01 5.358293790650654032e+00 2.003015536083563291e+02
4.099905704509445137e+00 4.483452507141272747e+00 2.135500975426582499e+02
8.121863366452338084e+00 8.401790593918102346e+00 2.115797773293068076e+02
1.774513204805110078e+01 1.079351399485749141e+01 9.840496219637716990e+01
1.176658817323678896e+01 9.025036746214524896e+00 1.511172820565813595e+02
1.772031442391400802e+01 7.923055723432984365e+00 1.060271861578934676e+02
1.461981164577197845e+01 1.153992233715784543e+01 1.087737757137302452e+02
1.701963677628762994e+01 6.383058519986269275e+00 1.363145547368129655e+02
1.304741887141396006e+01 1.199927327446981273e+01 1.332273313534644217e+02
3.462927840725319228e+00 -9.615361233540562935e+00 1.709676987108376807e+02
7.967314615918406950e+00 -9.078188867612610125e+00 1.672851574967978934e+02
3.527737857450011116e+00 -1.353163461507414311e+01 1.664780072023832531e+02
3.780410390316699232e+00 -9.205156129977940083e+00 1.961697163355482019e+02
1.841621890932114169e+01 -1.658293026392178682e+00 1.241282270255549207e+02
1.302535982879343024e+01 -4.515821898239829935e+00 1.544966747472679742e+02
1.931804014408014325e+01 -4.838876017580431288e+00 1.146905813351639125e+02
1.509438084980832251e+01 -9.173103976223182521e-01 1.452601315639152517e+02
8.431672161548050326e+00 -1.951449501607500281e+01 1.268574956261741846e+02
1.131023519357931129e+01 -1.115050920704891091e+01 1.575411638182213778e+02
7.422384614234460720e+00 -1.529902122719778568e+01 1.468672179120942474e+02
9.730615402899296384e+00 -1.580179510463279335e+01 1.160593358433267355e+02
1.170424020973908164e+01 -1.220782283846784466e+01 1.660112807103458579e+02
2.817617670414884312e+00 -1.210475047424394601e+00 2.127443060221226574e+02
8.412481474335711695e+00 -5.380792157989709779e+00 1.838872225492842460e+02
2.973557279200210068e+00 -4.754132790080459969e+00 2.120134137855566223e+02
6.653972574061916667e+00 -3.353187170551277796e-01 2.244208492817394927e+02
5.333588442185351219e+00 -9.023867969489089091e+00 1.903908353973317276e+02
1.815745893199557059e+01 -1.238287758852377962e+01 9.700075100257913618e+01
1.454445990513552189e+01 -8.771990728846146723e+00 1.497207643431308384e+02
1.845587431274972445e+01 -7.443115298215691844e+00 1.113549409975231441e+02
1.374640097725274046e+01 -1.279250663147857914e+01 1.026813573368708603e+02
1.621798456698924440e+01 -6.140369293700787878e+00 1.341984209160716830e+02
1.505862708613165779e+01 -1.312623245967812657e+01 1.291798183251176511e+02
1.304999837980881416e+01 4.202353685501059921e+00 1.836708061709299500e+02
1.313381872953923413e+01 -3.444493911281127030e+00 1.812874169739433512e+02
1.238929508147877989e+01 1.825070259595350519e+00 1.608710682670828760e+02
1.052220740114368347e+01 2.320094841316762135e+00 2.147309831441935444e+02
1.480804377502352409e+01 -1.850604311255522161e+00 1.575660298723679205e+02
1.095569568729363219e+01 -1.680287857429357379e+00 2.069995844964048501e+02
1.508422169951901637e+01 -1.841546455952302708e+01 -1.780220589752524418e+01
1.836230374848578251e+01 -1.420945009565150130e+01 -5.106402349431237297e+01
1.304749387484554823e+01 -1.843528197380394573e+01 -4.922363834826196438e+01
1.712724271727445213e+01 -1.619648971976835483e+01 2.150479574786250847e+00
1.890226386378019896e+01 -2.359206026891451202e+00 -9.814885830704663761e+01
2.059675701338206721e+01 -8.874081684664064440e+00 -8.110555723377206050e+01
9.439035221440878587e+00 -1.681961640903920951e+01 -1.017689753667527839e+02
1.590228697098344135e+01 -1.334943243381643718e+01 -8.076193655847443154e+01
1.232592916923402449e+01 -1.845690130069765544e+01 -8.000215216260274076e+01
1.562151087014563089e+01 -1.686654191744642617e+01 -6.870086975089992620e+01
1.777621181168942144e+01 -8.904802371395605931e+00 3.315063354054237266e+01
1.761476353629114300e+01 -1.201824969375044994e+01 -3.293224279898046092e+01
1.844381191700286848e+01 -1.395492441356074842e+01 1.688108977874761507e+01
1.767934155170880572e+01 -1.516189023813969428e+01 -1.848965820354319689e+01
1.328478894849713754e+01 1.807013861622243311e+01 -1.842575072740924824e+01
1.912760684933825317e+01 1.477601113855723369e+01 -5.677817834078835091e+01
1.517237013372177223e+01 2.121726082108687450e+01 -5.092319523742040133e+01
1.464391693384877513e+01 1.640082054437067072e+01 3.779527052191179459e-01
1.992679253606425149e+01 3.444684347069865371e+00 -1.026894745824053530e+02
2.052940510829485987e+01 8.230490636027507634e+00 -8.301614015508282307e+01
1.136733232954669504e+01 1.946809505958915310e+01 -1.080623431285934686e+02
1.744219623676895736e+01 1.641398070947040466e+01 -8.554107021188809767e+01
1.323916537002933680e+01 1.994754137777632508e+01 -8.600044632222910934e+01
1.889636579294996110e+01 1.927872694131467313e+01 -7.532006769635970045e+01
2.051150880948172528e+01 1.236223452602294515e+01 3.426837911963922068e+01
1.979546947563624570e+01 1.112321601611636801e+01 -3.284557110736227514e+01
1.597321062377593925e+01 1.539052689339350977e+01 1.689820812808604700e+01
1.837881253970274642e+01 1.288605985325567538e+01 -1.769972036504367097e+01
2.114347607763020775e+00 1.140063879490930887e+01 -1.785804653924119805e+02
7.292492502916190666e+00 8.553044159566022486e+00 -1.717953275132944952e+02
5.547092119559168921e+00 1.388906519208885726e+01 -1.686440421547368089e+02
3.171504034560558960e+00 9.760370146576766714e+00 -1.845771398895834920e+02
1.741827199229432566e+01 1.768579066871187377e+00 -1.253142109165252265e+02
1.338491551308399252e+01 6.886190986160920069e+00 -1.523052186208210514e+02
1.804793662085523920e+01 5.180875922234046804e+00 -1.183459311867582926e+02
9.436958307548801272e+00 1.813094090302633532e+01 -1.351315910611792503e+02
1.076130452518195391e+01 1.058444046020043494e+01 -1.663808868533969019e+02
6.927647512739846469e+00 1.794551799310400497e+01 -1.536045486259159247e+02
1.230691343506494917e+01 1.550492011097777123e+01 -1.191459929777442284e+02
7.479399104652044272e+00 1.416889767694594049e+01 -1.661734502807388765e+02
3.006328672371748389e+00 1.296032773324856668e+00 -2.065028827201011268e+02
1.026285541146618918e+01 5.619818135927383551e+00 -1.851490112048064987e+02
2.842747322104702157e+00 5.329383125580101854e+00 -1.979882136803585979e+02
6.430829893312594692e+00 6.186520220443138207e+00 -1.815395951808634152e+02
1.665704531829436164e+01 1.307472170709753456e+01 -9.943995346763367138e+01
1.381098559997965047e+01 9.057396294403980974e+00 -1.502356939452518816e+02
1.893140697375969594e+01 7.926159519348167315e+00 -1.089632931074721398e+02
1.437074606985860292e+01 1.235725095028857012e+01 -1.099562925940493727e+02
1.630491832062438107e+01 7.358777434585892507e+00 -1.340408066070309303e+02
1.341862826962159261e+01 1.254612269608818664e+01 -1.390888867102973165e+02
3.119914713595920208e+00 -1.195247208793502836e+01 -1.802594077369895444e+02
7.934105020866931923e+00 -9.157906894665782005e+00 -1.800611844746707959e+02
6.223090316987609505e+00 -1.308678531442820514e+01 -1.568865318163404083e+02
2.968527527765794538e+00 -1.012523217996619529e+01 -2.159061188807004896e+02
1.874630575594523307e+01 -7.195665775726779456e-01 -1.311089378176326363e+02
1.480356254154048656e+01 -4.114070379895836460e+00 -1.640453453564792312e+02
1.804010780075627451e+01 -4.874019489119532089e+00 -1.219879973555364643e+02
1.625504529669684572e+01 -3.797655647824837999e-01 -1.467980403038070847e+02
8.194397405282156654e+00 -1.562516985595945229e+01 -1.239088997189459462e+02
9.339374282134832228e+00 -1.128694545670783711e+01 -1.575388999870525879e+02
5.377814304662059897e+00 -1.358904312239530832e+01 -1.436225888764213039e+02
1.235256757747137257e+01 -1.452341325860718690e+01 -1.161181555117543098e+02
6.659165183976325508e+00 -1.153874023244854463e+01 -1.558253274239566508e+02
3.817776385027349839e+00 -2.825099294968191455e+00 -2.235276378527969712e+02
9.934121174471243876e+00 -5.787567274888347768e+00 -2.004957290628087776e+02
2.068171502812476081e+00 -5.733929989937673000e+00 -2.321152933297183267e+02
6.191696952040686597e+00 -8.981870360274997189e-01 -2.046044153256479774e+02
8.812415228732946915e+00 -6.890109345109582506e+00 -2.193884764905976681e+02
1.882673885725027318e+01 -1.124705798130353607e+01 -9.454397944830304823e+01
1.419195428203667575e+01 -8.279425151138125827e+00 -1.457629289173912071e+02
1.796230798834173470e+01 -8.050826509737907699e+00 -1.102717078016398347e+02
1.514614463675947320e+01 -1.395711754202019428e+01 -1.045263720872933959e+02
1.612888866648981079e+01 -6.139536955812934238e+00 -1.378941961457923924e+02
1.384548105368135928e+01 -1.157616366738205471e+01 -1.313487665367289594e+02
1.030384309620008665e+01 5.674970086655543255e+00 -1.750985501899686767e+02
1.297792382291181568e+01 -4.731177218638954685e+00 -1.861374343050320590e+02
1.415086622438891695e+01 8.718001534577889400e-01 -1.592146412611242567e+02
1.078400617965766806e+01 1.523221209842433810e+00 -1.943490204219408781e+02
1.463401816580033810e+01 -3.384373770022130135e+00 -1.742974666070648198e+02
1.093169034380527194e+01 -1.616629591246583786e+00 -1.909291899173603042e+02
2.068120402216601406e+01 9.076869613825309102e-01 8.316054197042448948e+01
2.218633707796740495e+01 9.079254842170628170e-02 3.040899817595758492e+01
2.117546841016731918e+01 -3.058573049598928062e+00 7.932666732409902011e+01
2.017573015238226120e+01 2.150750356193557700e+00 7.436263049899527289e+01
2.139839662730536318e+01 -3.819447701072342105e-01 -8.358818582148350629e+01
2.269970989595811162e+01 7.627553995527714958e-01 -2.992573200560507019e+01
2.208960702866999881e+01 -3.439111757448605644e+00 -7.382394642226768156e+01
2.068812391471896817e+01 2.269064203661198764e+00 -7.486585880191289277e+01
1.886952993015129820e+01 -9.468489063002744288e+00 4.930298074085354898e+01
2.102072621427536703e+01 -3.375130915410752941e+00 1.807718880626194036e+01
2.254736797333191589e+01 -5.597680827972856932e+00 6.542301118330712484e+01
2.126844663834868498e+01 -8.205185816764430484e+00 1.819276306841603841e+01
2.170656257432702674e+01 -2.742040591658760906e+00 4.911607032350313062e+01
2.033065542825758243e+01 8.687748936262202903e+00 5.232038686037424924e+01
2.386006363027270538e+01 4.610343927282459120e+00 1.796596045592407265e+01
2.163347134857749055e+01 7.862596977274836085e+00 6.339664413221820638e+01
2.135506692454393729e+01 9.758065031943470302e+00 1.826661137843196059e+01
2.031581011419100591e+01 2.242289181218314553e+00 4.610037115409147646e+01
2.168530840996278997e+01 -8.032274489471195267e+00 -5.175115574468600954e+01
2.345733457004996936e+01 -2.646155739179238520e+00 -1.828093998910241424e+01
2.229805121497846088e+01 -5.735771504813333088e+00 -6.605191894831450838e+01
1.807192425551754411e+01 -9.095205690046901381e+00 -1.831761447184820568e+01
2.435647245052182441e+01 -1.769504615418987292e+00 -4.640764205517934471e+01
2.149306018986531086e+01 -5.531392226096021325e+00 1.594514748621297662e-01
1.951349551440207009e+01 9.207041014470682683e+00 -5.468893776093414516e+01
2.398407386089020932e+01 4.284533416631449043e+00 -1.995781466525783898e+01
2.028370913574193679e+01 4.461180604259374682e+00 -6.527946191615951932e+01
2.006563960915754663e+01 8.157490297469825791e+00 -1.806127520606847980e+01
2.234191713743071617e+01 3.664975568821283058e+00 -4.940048217930877428e+01
2.129793151132642137e+01 5.086378310619624088e+00 -5.322775050216672632e-01
