6.239745166373047169e+01 -1.143067570127027324e+02 -2.673703327435542620e-01
-6.440469989548593333e+01 -1.144117437314919812e+02 1.082167614689806712e+00
6.391544602731803337e+01 1.151310607552375131e+02 -3.088942494601058519e-01
-6.270234050630454448e+01 1.156239175628639941e+02 1.788919979898359935e+00
-2.539827367174578646e-02 6.914477211119957190e+01 -1.014898624351581802e+01
-3.123833921353875720e-01 -6.897813801634310948e+01 -1.036165301517015003e+01
-1.756379876262345596e-01 6.827026972361430524e+01 1.122247542949769894e+01
9.705374817320665537e-01 -6.866821779958762306e+01 1.163598092965537845e+01
-1.134767638781356140e+02 -1.335847139593909993e+00 7.055455506475803773e+00
-1.124456655865356538e+02 -4.536938367605871103e-01 -6.197192304894128867e+00
1.132554569566036093e+02 1.054774603697460122e+00 5.664664773676343579e+00
1.144970192598175203e+02 4.385938792708133915e-01 -7.802556172374473853e+00
-4.394662151279742357e-01 -1.301612362720846363e+02 1.031205152262711922e+00
-6.355005177259057669e-01 1.296568168586733520e+02 1.262635147693646154e+00
3.932896397554004864e+01 1.072253076637996116e+02 -4.865226955586297919e+00
-4.092078180108612884e+01 1.062607860021516473e+02 -5.367941103071870224e+00
4.047074038060686973e+01 -1.061016994948678160e+02 -5.749565946358965007e+00
-3.998229555821740888e+01 -1.042289762916330318e+02 -6.515382010645010880e+00
-5.764215261542728896e-01 -1.994186244700425770e-01 -1.278727219212904131e+01
4.037437622594620734e+01 1.041015417236024945e+02 5.011151674294718639e+00
-4.223651079117188090e+01 1.051014803114401985e+02 4.808523232087323684e+00
4.194908856021102395e+01 -1.060608111834196023e+02 5.669320021275161992e+00
-3.969337386413528890e+01 -1.054801516539223059e+02 5.426114942009744979e+00
1.112951927989837414e-01 1.422362835889613653e+00 1.255678059374728406e+01
-1.020166813056041377e+02 -6.640000167391933417e+01 5.404984831624292774e+00
-1.018118794011426900e+02 6.722819985337180526e+01 3.546022684371599620e+00
-6.566743129828792291e+01 3.841020668407895755e+01 8.622361537978898482e+00
-6.440514913839994904e+01 -3.905513808465570946e+01 9.444840554004731104e+00
-1.010727777212842540e+02 -6.702271929721213439e+01 -5.735731517067765850e+00
-1.032911921526825694e+02 6.729579930083788497e+01 -3.406640131796574433e+00
-6.603498625468243688e+01 3.704598806858511040e+01 -1.072595343520633726e+01
-6.622443204614530998e+01 -3.774811345530473972e+01 -7.805562826823649658e+00
-1.333351411234505406e+02 6.416770778403710906e-01 -6.516183125668258969e-01
1.013813605765453048e+02 -6.704411407393413924e+01 4.370701841028542312e+00
1.017572340728308546e+02 6.623359836941499168e+01 3.626785798521074522e+00
6.575507314303102646e+01 3.778654524023678363e+01 1.062155852126516109e+01
6.574448990758219225e+01 -3.790745037672085971e+01 9.749262965302607498e+00
1.024380163252368874e+02 -6.633224823673113235e+01 -4.016432021511914918e+00
1.025668720444096067e+02 6.597193571066476636e+01 -4.415438180126436407e+00
6.534531990398804169e+01 3.922487962839735331e+01 -1.021317363921789401e+01
6.557709760946202948e+01 -3.900621445366960671e+01 -9.358024052548820748e+00
1.338934645842089139e+02 -1.662814708365688010e-01 -2.044297126920090690e+00
