6.174300325371066833e+01 -1.098736598382984084e+02 -6.540664965535890676e-03
-6.171808936276472934e+01 -1.098765390597675378e+02 2.129814705132601887e-03
6.172483057763233916e+01 1.098362852098200051e+02 2.517696581720008792e-03
-6.174894371719622654e+01 1.099136833407676903e+02 -6.299067657771250869e-03
-9.579025489970258503e-03 6.576943467721670800e+01 -1.056118259290741612e+01
1.059761770889921725e-02 -6.577557133554726931e+01 -1.056038217567209436e+01
-1.721529716145211303e-02 6.572701291400743173e+01 1.051630642891443124e+01
3.262393737691808397e-03 -6.577660484592050238e+01 1.054810140673027341e+01
-1.093826750002126005e+02 2.906974754414658885e-02 7.352938511542020272e+00
-1.093657307405697026e+02 1.926976133431066926e-02 -7.332526424355204853e+00
1.094189871260439730e+02 -8.402050085030312102e-03 7.374308114396732172e+00
1.094135039432934917e+02 -1.343293971009592441e-02 -7.366163857800500203e+00
2.268820642340574692e-02 -1.246236609006339648e+02 2.012540898669518737e-03
-2.250053379741294435e-02 1.246009223637342842e+02 -4.437977639118520327e-03
3.944508728819629795e+01 1.013080078571526457e+02 -5.954683951310697054e+00
-3.949305227561426079e+01 1.013593874163703816e+02 -5.986927253865576226e+00
3.947674604491804473e+01 -1.013497668902477500e+02 -5.976742527724626441e+00
-3.947055143936078991e+01 -1.013507840186898505e+02 -5.981941338036776301e+00
1.405766275644734255e-02 2.497056409412410499e-02 -1.269458015694962683e+01
3.943764819597377880e+01 1.013147688846761554e+02 5.952968682865257044e+00
-3.947774894232983200e+01 1.013499293770491079e+02 5.967002187531918800e+00
3.946381098155109157e+01 -1.013369060082045223e+02 5.964002783029644483e+00
-3.949281643279091014e+01 -1.013577688158914327e+02 6.001032368353449442e+00
2.622003007238051658e-02 1.687647659228755717e-02 1.271197227051817258e+01
-1.000486467792016185e+02 -6.499805581900049845e+01 3.949755752359810135e+00
-1.000538775217569736e+02 6.512640276159854125e+01 3.989150270839745716e+00
-6.373570516283494669e+01 3.753623015688663855e+01 9.873073720015675292e+00
-6.366833573109057198e+01 -3.755070718999225932e+01 9.848212248258674251e+00
-1.000447335878951520e+02 -6.502612689258454282e+01 -3.969220665071396148e+00
-1.000627539412988796e+02 6.510392630839214689e+01 -3.977049668070546939e+00
-6.371995798317212234e+01 3.754979868667562926e+01 -9.876850444077097890e+00
-6.366854708525766426e+01 -3.754440678855452518e+01 -9.855198152479813345e+00
-1.281063184206942651e+02 1.999374734526709191e-02 8.571713436390003896e-03
1.000717425956567013e+02 -6.507746321878596518e+01 3.983640979019320572e+00
1.000642890072429907e+02 6.510417558978778629e+01 3.985228907859120095e+00
6.373554638891966562e+01 3.752792162884519200e+01 9.870542437459659979e+00
6.372370230101039823e+01 -3.754590561385750647e+01 9.876851691532113620e+00
1.000712582239184201e+02 -6.507128569571395360e+01 -3.966354904698834449e+00
1.000674515676620899e+02 6.507558891884745833e+01 -3.975041086893127851e+00
6.374423936819179914e+01 3.752877565844777052e+01 -9.885315100163506230e+00
6.369882032113919479e+01 -3.755005006445194482e+01 -9.853708898108632042e+00
1.281325919771516624e+02 -6.417628834363993569e-03 -7.098983867917419040e-04
