1.475302857326107073e+02 -2.385415800486095463e+02 -6.679041763635612527e-02
-1.475791425755807893e+02 -2.386189164239397940e+02 9.023359651177123575e-02
1.476622069088020908e+02 2.385013823196352973e+02 -6.619743851105386323e-02
-1.477745826473097850e+02 2.386980254347916173e+02 7.935482210918476387e-02
-1.722447179756616750e-02 1.489175259508701288e+02 -2.582375491209983664e+01
4.811323192073074101e-02 -1.492005166593437764e+02 -2.573892251115870522e+01
4.911385302357806210e-03 1.490097681927393012e+02 2.554864245256180766e+01
-7.989661978579887247e-02 -1.490691853329429932e+02 2.562899365807773577e+01
-2.390585208098926557e+02 -6.350522272748855557e-02 1.567672429727032402e+01
-2.390013163266520451e+02 5.318468258312546854e-02 -1.577492278346750254e+01
2.391371176841183797e+02 -2.310024032319661982e-02 1.580793304818573475e+01
2.391465239992353133e+02 6.208851077420909914e-02 -1.558520906238803860e+01
3.357205821745886526e-02 -2.801909195533282855e+02 -2.846912118760716939e-02
-3.632567208459314828e-02 2.801914911970583830e+02 -2.352985828871443155e-02
8.658355939452290784e+01 2.272571178272302177e+02 -1.499065607770510411e+01
-8.675011738423172858e+01 2.273156887636068291e+02 -1.503924055453801323e+01
8.671991042181079479e+01 -2.274003872930902617e+02 -1.488719410708099034e+01
-8.663400340955276135e+01 -2.271815571263008167e+02 -1.518050126139797484e+01
8.166913840794573498e-02 1.270047087647869534e-02 -2.939973387837425278e+01
8.667307394014675026e+01 2.273321724165561193e+02 1.507295435840071463e+01
-8.655722609623212804e+01 2.273998406103733032e+02 1.506347540314539657e+01
8.660028813349227050e+01 -2.273053198374089163e+02 1.492738141800805707e+01
-8.675083367293871106e+01 -2.274444137665859671e+02 1.476079764971189512e+01
-1.643111206738168406e-01 -5.141718008674361212e-02 2.952198448204094916e+01
-2.263092548578723324e+02 -1.401742947375500421e+02 9.177383091910714441e+00
-2.270737526859208799e+02 1.402868125304805176e+02 9.109711149280208531e+00
-1.415523912599145433e+02 8.723404892980795466e+01 2.439788554300882240e+01
-1.413457395238539789e+02 -8.716792679676082400e+01 2.439796554852851784e+01
-2.267275047812847504e+02 -1.401602977428632357e+02 -9.326331813651496105e+00
-2.268720525400724171e+02 1.403355897822655152e+02 -9.201444582174698184e+00
-1.414893481358559484e+02 8.734969883343555352e+01 -2.445659879338278841e+01
-1.414835031591877907e+02 -8.732077007775463073e+01 -2.437728977905584316e+01
-2.808808587289204866e+02 2.136658706089357776e-02 9.413516670664787145e-02
2.267912303650544459e+02 -1.403768476248345110e+02 9.140846996785995771e+00
2.266523867266751893e+02 1.403748168378173773e+02 9.365840499126955265e+00
1.414810596953439301e+02 8.746981830561392712e+01 2.448449684249609604e+01
1.415429620414334977e+02 -8.729625339894867864e+01 2.441590964164977606e+01
2.266602254179487943e+02 -1.404070056110231519e+02 -9.335328849045779975e+00
2.266736912392875070e+02 1.402778702142974794e+02 -9.151823666635470644e+00
1.414376514388318071e+02 8.719820124247166859e+01 -2.446184820233931489e+01
1.414215506506154156e+02 -8.727905564721822884e+01 -2.433859539950930539e+01
2.807647264806291219e+02 -2.896981550325833030e-02 5.221273240614603128e-02
7.675857622562635640e+01 -2.696264495691942216e+02 1.114915305437269855e-01
-7.661853259349332745e+01 -2.696390781846087634e+02 -9.915435568440105971e-03
7.665765754537095233e+01 2.697292441986542144e+02 1.223378211229841743e-02
-7.674580146747008769e+01 2.697460236372985491e+02 -1.229695785292727606e-01
1.217638916591190537e+02 2.419616651396060263e+02 -7.787804388761623287e+00
4.529656711474283526e+01 1.954019228381791891e+02 -2.113656881800253728e+01
4.547103142521350350e+01 2.663279452513874048e+02 -7.978406199546978605e+00
-1.216854709118359636e+02 2.419219834702942649e+02 -7.658956392895519549e+00
-4.543063203172471276e+01 1.956260612114860180e+02 -2.099989761065283744e+01
-4.543611208616700026e+01 2.661750750669953618e+02 -7.942268413157115070e+00
3.180130852944010322e-02 2.400312906452544155e+02 -1.570373763398892741e+01
1.216660755710368989e+02 -2.419531710061198169e+02 -7.664334437266782096e+00
4.537825977134929900e+01 -1.955719684118836028e+02 -2.101642493154233904e+01
4.547056928011246413e+01 -2.663517932454043375e+02 -7.815762770979172380e+00
-1.216451225147496586e+02 -2.420875600165890091e+02 -7.773013618089323451e+00
-4.535332480843817393e+01 -1.953976727001665097e+02 -2.113432076057850750e+01
-4.538018788108048795e+01 -2.665837819314685930e+02 -7.845958907039521257e+00
-2.864429626349936919e-01 -2.401073123342366387e+02 -1.594294534373205252e+01
-3.044391438641481235e-03 7.595023252283634463e+01 -2.850878002387335997e+01
-9.200095282048477430e-02 -7.607664009361580781e+01 -2.836077068736292262e+01
1.216370284314035786e+02 2.419731232068488396e+02 7.859254998349291199e+00
4.537066019337940759e+01 1.956326617651459685e+02 2.113035325087629701e+01
4.544642458710129773e+01 2.662289129405836547e+02 7.795873634467450408e+00
-1.217265464924644363e+02 2.421662416918845508e+02 7.834355880635885505e+00
-4.530761886301339558e+01 1.953925596254077561e+02 2.112670441438623214e+01
-4.532018433015621639e+01 2.661552949348350126e+02 7.711528712605190350e+00
-2.007634886004768526e-01 2.401320832532481688e+02 1.580389304446123688e+01
1.217229631093470488e+02 -2.420382391886830362e+02 7.870958385786085643e+00
4.540582958707868499e+01 -1.955720282851145839e+02 2.129861393601657227e+01
4.554138343882917184e+01 -2.663540731737241458e+02 7.841936635455168947e+00
-1.216995365779038138e+02 -2.419601502478055011e+02 7.736336590960322113e+00
-4.538867612459145562e+01 -1.956956543549736978e+02 2.132095501710877627e+01
-4.538518166033789214e+01 -2.662199545709380573e+02 8.010353312586504515e+00
2.532538178064878964e-02 -2.400439658002392207e+02 1.566650261901225782e+01
-9.300239885091787784e-02 7.587242853426249667e+01 2.838948621425502594e+01
1.950466436305517415e-02 -7.587005251803002182e+01 2.843297275909679556e+01
-1.945665228802288595e+02 -1.967038268738015176e+02 4.726308370657641866e+00
-2.416621596254386191e+02 -7.293294263158298918e+01 1.302263948001091265e+01
-1.642225441929533645e+02 -1.922776222746278449e+02 1.273086411004111795e+01
-1.949862151309061744e+02 1.969837469427022256e+02 5.000680363704733011e+00
-2.419325942160613465e+02 7.308802240184739674e+01 1.320024578465522147e+01
-1.640643560963713981e+02 1.922793331185637271e+02 1.278296025684836223e+01
-7.315248057624923206e+01 1.225507977003942557e+02 2.613531736260494753e+01
-1.978599940669083708e+02 4.533719535273604606e+01 2.082005843273727308e+01
-1.214109701893316497e+02 1.659081949130164446e+02 2.073135133387784279e+01
-7.490116558932942326e+01 4.259767189523805087e+01 2.808990690235385657e+01
-1.926669041777855966e+02 1.203835984764081104e+02 1.767845839898733118e+01
-7.310728521393760104e+01 -1.226326661593912775e+02 2.610252203145652672e+01
-1.975377788723171477e+02 -4.534769475916324666e+01 2.087153775333902672e+01
-1.215365609754854717e+02 -1.661263804456426101e+02 2.050635244615245512e+01
-7.473706149845978075e+01 -4.252906595978414828e+01 2.821691431531236560e+01
-1.923530891071709732e+02 -1.202971627708039648e+02 1.773706751217168431e+01
-1.453678864869060590e+02 2.964048456483080532e-02 2.571805010381766010e+01
-1.947629382238845892e+02 -1.967716156730411114e+02 -4.657421881980733147e+00
-2.419229614968000419e+02 -7.307746025566956405e+01 -1.276006721517856590e+01
-1.640026265039132340e+02 -1.925269038449457355e+02 -1.265688027234440405e+01
-2.387963508643275645e+02 -1.473779067709631079e+02 1.997553557976226024e-01
-1.949806802087400399e+02 1.970402942812467870e+02 -4.741850960373938051e+00
-2.417182857437734071e+02 7.298240296675635363e+01 -1.295991210982489328e+01
-1.642675284238847553e+02 1.921581988783933070e+02 -1.263025361480180742e+01
-2.388760514810485915e+02 1.475873521142954417e+02 2.708749420940203059e-02
-7.317628652310207826e+01 1.224240297449148045e+02 -2.614517665710038941e+01
-1.976523077747876300e+02 4.539628463415171211e+01 -2.090427370742327895e+01
-1.214373073945112083e+02 1.659547780409979794e+02 -2.073155474672844889e+01
-7.469652453146385085e+01 4.237498767448601455e+01 -2.817014367135714537e+01
-1.927712712550151934e+02 1.204934187599253761e+02 -1.765504219394402341e+01
-7.312553200543895571e+01 -1.226883931136934365e+02 -2.578762105080001632e+01
-1.977629740910393252e+02 -4.530665624396404212e+01 -2.078442108980166836e+01
-1.213714157213573799e+02 -1.658160860065958389e+02 -2.072699759177187673e+01
-7.482781106782127267e+01 -4.237671383007997150e+01 -2.813486748248972447e+01
-1.926006408292638525e+02 -1.204181203908696460e+02 -1.751147505406115101e+01
-1.455017726948534005e+02 -4.389094259408518606e-02 -2.556090090181476526e+01
-2.698427606041091735e+02 2.989332545724090462e-01 8.207488688660227183e+00
-2.697473754645122312e+02 8.781962928079786734e-02 -8.044945167991329527e+00
-2.669685193916330945e+02 -7.359886220570832904e+01 4.806675504260311094e+00
-2.670280070162232278e+02 7.368800106028787411e+01 4.957638100935877645e+00
-2.670740458993935249e+02 -7.358001033332524798e+01 -4.963534568527021129e+00
-2.670590056916781805e+02 7.386620767469995030e+01 -4.855102332627221351e+00
1.948111092515946439e+02 -1.969160329041486079e+02 4.895373542972462744e+00
2.418539706138605254e+02 -7.325898222607369803e+01 1.296991626521423946e+01
1.642866340941745591e+02 -1.923016588162502387e+02 1.288406565205784382e+01
1.949023088849455689e+02 1.971117780333844109e+02 4.796418133028270248e+00
2.419580817682977170e+02 7.289114942312932044e+01 1.299109356785430336e+01
1.641631129743296071e+02 1.923002552070190916e+02 1.266283799270874333e+01
7.331025132608604622e+01 1.225928945712927032e+02 2.613682128187080878e+01
1.976430960090938243e+02 4.540211094135790404e+01 2.067792169280781422e+01
1.211803766353691287e+02 1.659189714375760616e+02 2.053852698822378997e+01
7.463364620969207408e+01 4.256511842805469570e+01 2.811276693483644706e+01
1.925701727309147202e+02 1.203216735311255263e+02 1.766426417083307499e+01
7.312575229908414087e+01 -1.225254209888452692e+02 2.602510991495578097e+01
1.978423927709691554e+02 -4.516785230989616906e+01 2.091687892783524916e+01
1.213492640830382499e+02 -1.658874194864229992e+02 2.063974477767578719e+01
7.474673867387602400e+01 -4.271256080729569504e+01 2.818282410976975783e+01
1.929188666177839480e+02 -1.203459527622771787e+02 1.757541302631030078e+01
1.452953251914838404e+02 1.209528281852821109e-02 2.559789018141429295e+01
1.947474694280279834e+02 -1.969776825790699775e+02 -4.640916147282122317e+00
2.419658038239071232e+02 -7.310465349692503878e+01 -1.300276969037939523e+01
1.643627038106733949e+02 -1.922983290021032587e+02 -1.272753045214665235e+01
2.390902342974389114e+02 -1.474180925316121602e+02 -1.220716753646777092e-01
1.948152496274494467e+02 1.967835533386118811e+02 -4.772716549842574096e+00
2.419820355524909417e+02 7.308354602924934795e+01 -1.293713298797763578e+01
1.639799566550973111e+02 1.920426098401444222e+02 -1.267840906265492862e+01
2.388336959004938649e+02 1.472328410421725380e+02 -2.108567146382676200e-02
7.329492730417744895e+01 1.226283696525682529e+02 -2.593750008121603301e+01
1.979396286557112603e+02 4.532103431155860562e+01 -2.076385907282183396e+01
1.212176601416583139e+02 1.658492910592174496e+02 -2.065131383237142160e+01
7.495583656410482831e+01 4.259836383975348895e+01 -2.811240561031549845e+01
1.929438403751811393e+02 1.204250570236360005e+02 -1.759186583103504020e+01
7.313377278775739398e+01 -1.225194000697034085e+02 -2.588457758426939037e+01
1.976142306474469592e+02 -4.528639822672300141e+01 -2.084200052393532587e+01
1.214595090307762604e+02 -1.658044078538925703e+02 -2.073453900076358636e+01
7.472103572302019359e+01 -4.246947461575170735e+01 -2.834034274396774933e+01
1.928997509097977741e+02 -1.204364132148026130e+02 -1.771024505839552177e+01
1.453454468447716579e+02 -9.459591754514386219e-02 -2.568898349149279170e+01
2.699427065827134697e+02 -1.698896490142805804e-01 8.077795935291762319e+00
2.698532513675828568e+02 1.607379860818082817e-01 -8.182141713525263427e+00
2.670147619716937584e+02 -7.378813413275111088e+01 4.685276906175676714e+00
2.671030345128198178e+02 7.365598461014424458e+01 4.999618285530188722e+00
2.671119418913247046e+02 -7.377685254624837796e+01 -5.122119263726849780e+00
2.668518729983249500e+02 7.370719027669238699e+01 -4.884541638764033245e+00
1.132090697021779420e+02 -2.565884141088332626e+02 -1.321279976078548468e-01
3.860369901933674441e+01 -2.775471792002700226e+02 -4.244698087752151600e-02
-1.132677475579615418e+02 -2.564790261298440441e+02 -1.009761632738666662e-02
-3.879897881270120763e+01 -2.776334453199636414e+02 1.155591038411020871e-01
1.133399412964079147e+02 2.566106894029275622e+02 -1.158042470797322233e-02
3.855466373805180069e+01 2.781187342816319301e+02 4.532303741525262747e-02
-1.134583189382890680e+02 2.566329373402149372e+02 -6.544277033587990455e-02
-3.901912491343283307e+01 2.774947038790782585e+02 -2.187398626090521561e-02
1.359011412214643713e+02 2.424011101314794416e+02 -3.781154510473753394e+00
1.051765171897734774e+02 2.369346796155713548e+02 -1.146800322181374909e+01
1.005324462876884724e+02 2.590659533494768425e+02 -3.962080846569906889e+00
2.292471160416662457e+01 1.742870807709125529e+02 -2.371363175502117926e+01
6.654209063377531663e+01 2.133746455504262372e+02 -1.822049246873779893e+01
2.300018475892493797e+01 2.766262440269429135e+02 -4.134123362968151305e+00
6.648755150191240659e+01 2.497401363585537979e+02 -1.157078263511956706e+01
6.161854404827276710e+01 2.708101232736373163e+02 -3.864758930330092657e+00
8.451507597651215065e+01 2.571178995317179101e+02 -7.946374669343652997e+00
-1.360988462874561264e+02 2.425545809220113540e+02 -3.825518996787562909e+00
-1.052399328908367835e+02 2.368337481553786859e+02 -1.161720482537085175e+01
-1.006456883171119756e+02 2.589569310374311613e+02 -3.924522548438727831e+00
-2.295001817428968494e+01 1.740956660299306691e+02 -2.349380053505237953e+01
-6.674253787460320098e+01 2.136193740171421780e+02 -1.818990097047029053e+01
-7.241771067033569986e-02 1.987212623169690744e+02 -2.144151170550675900e+01
-2.317963146865006863e+01 2.765779656743330293e+02 -3.940221796573292856e+00
-6.655217988281509633e+01 2.493105127216537937e+02 -1.147110954724535503e+01
-6.180704066662131879e+01 2.707124017705449432e+02 -4.105889804414189825e+00
1.337435358884073167e-01 2.693796260082219760e+02 -8.084971221093420368e+00
-8.455491454015512431e+01 2.567884451875061131e+02 -7.972136458500759915e+00
4.395708986522145523e+01 2.367772488449001287e+02 -1.554974540930187743e+01
-4.384149311270846994e+01 2.370419226674753759e+02 -1.566220844284505631e+01
2.269614189985231789e+01 2.193679924185277343e+02 -1.860384723570405896e+01
2.276823857511076810e+01 2.559551511468448268e+02 -1.200512444922341082e+01
-2.303013470069702251e+01 2.194380394964553318e+02 -1.863191131219870655e+01
-2.281301237227340195e+01 2.557118412266766256e+02 -1.198371370996235363e+01
1.360260727465146147e+02 -2.424618986104769931e+02 -3.950097306929215790e+00
1.049990514719869310e+02 -2.369628516577205346e+02 -1.142225511889373735e+01
1.006458694214615832e+02 -2.591063165503386472e+02 -3.999715033025292410e+00
2.296507993309364437e+01 -1.739719225125137996e+02 -2.389495035516179655e+01
6.682929058415874124e+01 -2.136871478888000127e+02 -1.831854634290975170e+01
2.304548016908796626e+01 -2.766544557578175727e+02 -3.965066929072374791e+00
6.660532699784283750e+01 -2.493899779242370869e+02 -1.166981064057729611e+01
6.183949715777725231e+01 -2.709470767817550723e+02 -3.941857239252788414e+00
8.448683928576609503e+01 -2.570605385309663120e+02 -7.868514928427938315e+00
-1.359612040514128353e+02 -2.425566145300509788e+02 -3.801675061410753731e+00
-1.050779009021356813e+02 -2.369895654030760568e+02 -1.155142313685707123e+01
-1.005715953998225274e+02 -2.592391947867468502e+02 -3.977191157426197776e+00
-2.294151315890708531e+01 -1.740397645030391232e+02 -2.357527666776837805e+01
-6.669993714291447873e+01 -2.134600870404311195e+02 -1.804918994440616586e+01
6.822299933608046152e-02 -1.986549130466237614e+02 -2.158335694829694162e+01
-2.287094629348457175e+01 -2.767543090490175359e+02 -4.041305113786292758e+00
-6.645321287357455731e+01 -2.497371169097536097e+02 -1.171385762733322089e+01
-6.186323884964443920e+01 -2.710374471035602255e+02 -4.069468426239692072e+00
-3.590591166948532698e-02 -2.699905587437690428e+02 -8.092190805760310468e+00
-8.453480708284033085e+01 -2.572563413937235168e+02 -7.914701771293177757e+00
4.385064971136903722e+01 -2.370769802267048192e+02 -1.552756867946712482e+01
-4.402049075117562182e+01 -2.369124498198286801e+02 -1.540907305612248379e+01
2.261962207081670684e+01 -2.196096230854189173e+02 -1.876919318486085686e+01
2.288284473128641139e+01 -2.561003926278514768e+02 -1.179476559923093504e+01
-2.275562692840058787e+01 -2.193572894920416161e+02 -1.864117069652800751e+01
-2.298732456143393676e+01 -2.558460488910089907e+02 -1.200312753035387381e+01
6.050358857879550856e-03 1.129179049352011219e+02 -2.762730990383555252e+01
-5.927106543996486787e-02 3.831537333222567554e+01 -2.940111943987533039e+01
-1.349161690090919796e-01 -1.128737299754853041e+02 -2.743022932108243239e+01
-5.008143245572294761e-02 -3.840386058584029882e+01 -2.928234349717883944e+01
1.362183431253810397e+02 2.424931882285788163e+02 3.997344102804462729e+00
1.053539238157270290e+02 2.368752741261756967e+02 1.143923167605835722e+01
1.004851651879398844e+02 2.593044422767679293e+02 3.855488213128696273e+00
2.307203402099599643e+01 1.741718348704645791e+02 2.367363470591655172e+01
6.679686370171380361e+01 2.134537580973151591e+02 1.826872553307771341e+01
2.292380960062521567e+01 2.765981575325060362e+02 3.976734053112396250e+00
6.640040822001122933e+01 2.494380571390671548e+02 1.148603591181499084e+01
6.189626760449662157e+01 2.707533100175953678e+02 3.919116903517287920e+00
8.465810964525024929e+01 2.570650741007912643e+02 7.872163254915389707e+00
-1.359207530506010357e+02 2.427704753559447681e+02 3.981963463548972904e+00
-1.050807477390026747e+02 2.370901992900565745e+02 1.137429205561641510e+01
-1.006027918749256571e+02 2.590902969512119967e+02 3.905866668215446147e+00
-2.300635534111690816e+01 1.742521319665696637e+02 2.379027430083415240e+01
-6.675198277030503391e+01 2.134470964581963699e+02 1.830233348351001865e+01
1.279170534394702130e-01 1.985349915452753748e+02 2.114582722966008532e+01
-2.313544653420897390e+01 2.765675091101426801e+02 4.143765848848382838e+00
-6.653492054523582055e+01 2.496834201362644308e+02 1.140868202149338195e+01
-6.180300293406065748e+01 2.709674226224730660e+02 4.004966194037383964e+00
1.357562818408094840e-01 2.695097103049608904e+02 7.963451458680387063e+00
-8.452005268606357902e+01 2.570812383372207250e+02 8.012603373422249931e+00
4.390669883336325796e+01 2.369349096667163792e+02 1.553108793546177857e+01
-4.416277384345463020e+01 2.369097050723630105e+02 1.563442916016601458e+01
2.256741460415850398e+01 2.196197103358881861e+02 1.857292514635421199e+01
2.288587550468800558e+01 2.558910244254452948e+02 1.205981779551131794e+01
-2.275643768569476322e+01 2.196655380563230722e+02 1.864892956612847286e+01
-2.285790104239704590e+01 2.557276717181307220e+02 1.191148773838569319e+01
1.360962285840711559e+02 -2.423191275595231957e+02 4.032917322075367572e+00
1.052257853828709813e+02 -2.370428093100566400e+02 1.144478504533232233e+01
1.006100138651579954e+02 -2.587071149911161001e+02 3.766364429142569747e+00
2.308403165113277211e+01 -1.740620592687180874e+02 2.379509059415834926e+01
6.686133128671069414e+01 -2.135095431710571461e+02 1.816236035547352401e+01
2.304949234926943191e+01 -2.766524595760294005e+02 3.967876166127229709e+00
6.663801619157561618e+01 -2.497823304260939210e+02 1.158266279377374985e+01
6.172159847755467865e+01 -2.709331055291298753e+02 3.837443775857281469e+00
8.432339652545282149e+01 -2.570142621657789164e+02 7.857223010821279274e+00
-1.359695982782916133e+02 -2.425129567635833610e+02 4.064688700156317225e+00
-1.051626137689537330e+02 -2.367756730565640169e+02 1.163821028026251270e+01
-1.004139119012585297e+02 -2.591363891342915622e+02 4.035843627525143695e+00
-2.293348598329477994e+01 -1.742173869930308854e+02 2.364452904408404521e+01
-6.672896149579364078e+01 -2.136465029326050740e+02 1.834955402848795103e+01
-7.215821561735240655e-03 -1.984230509431455687e+02 2.152892678225768108e+01
-2.305660515194078997e+01 -2.764886653438219923e+02 3.978670980705788285e+00
-6.655962958603532797e+01 -2.494864397655205153e+02 1.149965258182427164e+01
-6.174769338617274173e+01 -2.706764999015395574e+02 3.947638871379453018e+00
-1.178736762874508029e-02 -2.694649364933133597e+02 7.938965217826485343e+00
-8.444188589803852096e+01 -2.570019562341826145e+02 7.745927998766885203e+00
4.412088493766262332e+01 -2.369607534540576239e+02 1.546271552799271554e+01
-4.391546835121589254e+01 -2.370445210744185260e+02 1.551893083191396272e+01
2.273175347450377970e+01 -2.192935070086364249e+02 1.844503618835126346e+01
2.296296607120522992e+01 -2.558245558285830157e+02 1.191250679439399640e+01
-2.254746693354305265e+01 -2.193169318619453634e+02 1.851695623107674038e+01
-2.298109883418696597e+01 -2.557429775107300713e+02 1.193153016691186608e+01
8.413719999723638654e-02 1.128567542160933925e+02 2.735831520905979986e+01
3.295365267338667276e-02 3.850159532332175871e+01 2.925563182709009169e+01
8.160319649306538303e-02 -1.129536970329181145e+02 2.729384563579940348e+01
-3.245907655108881337e-03 -3.838322070035450650e+01 2.928654246982228671e+01
-1.727316208648852864e+02 -2.195664028602197675e+02 2.486365700421782066e+00
-2.126065174599830243e+02 -1.700966787273640932e+02 6.996610814025228997e+00
-1.601404864819689635e+02 -2.220183623315541013e+02 6.516549929279756626e+00
-2.424692878418288160e+02 -3.655842857446094030e+01 1.451162652010549792e+01
-2.363848893781777178e+02 -1.076793328199578923e+02 1.107891460256641381e+01
-1.269077233871800132e+02 -2.122147097050300886e+02 1.393340109743253841e+01
-1.976394945547951352e+02 -1.683321018253877241e+02 1.100714023521195628e+01
-1.447202231225659261e+02 -2.197902853900802143e+02 1.032356920653256793e+01
-1.814198035460161975e+02 -1.970455859383439190e+02 8.815031498152245959e+00
-1.730841138227362705e+02 2.199129369998426284e+02 2.480896511151870598e+00
-2.131025379352380185e+02 1.703160101731268128e+02 7.152726317570756720e+00
-1.603078618662334520e+02 2.223367797047908994e+02 6.324149774114519396e+00
-2.427999456620640331e+02 3.702925159139731193e+01 1.466600932034579152e+01
-2.366972241922313742e+02 1.078287219323550374e+02 1.114533906431548616e+01
-1.267180883258620696e+02 2.119850739551964693e+02 1.415073309474646379e+01
-1.976841908721745824e+02 1.682428630854894323e+02 1.123075475409812718e+01
-1.449789328989898252e+02 2.199673770079095050e+02 1.051960413758537527e+01
-1.815798347470880003e+02 1.972168283498643859e+02 8.836657408885137954e+00
-3.695034416574142710e+01 1.369683514847673393e+02 2.603830603356443874e+01
-1.082746012413332011e+02 1.061038321068484152e+02 2.533724057247897576e+01
-6.088823633489941756e+01 1.616791043488157413e+02 2.417101105179027343e+01
-3.695174093324821030e+01 9.966302824635126001e+01 2.752432802298537595e+01
-2.204506421142747286e+02 2.282048741646227086e+01 1.852490334989798981e+01
-1.716441371413761772e+02 6.710621851961367668e+01 2.300483926258836220e+01
-2.227212060964902491e+02 6.010840356152778696e+01 1.704732242016900301e+01
-1.054049898501747577e+02 1.992093066128037435e+02 1.824487243859060825e+01
-1.342558642179804167e+02 1.283740912660565527e+02 2.286709220117743868e+01
-8.338661888649590992e+01 1.819538731201587325e+02 2.120183635202868189e+01
-1.439444885481551637e+02 1.809969997663972094e+02 1.687357786869181808e+01
-9.781462147328656442e+01 1.461596469831289369e+02 2.362450905492627129e+01
-3.860448240907008710e+01 1.996757981872902121e+01 2.922412769885234596e+01
-1.096731682248725264e+02 6.480319091719604785e+01 2.664353710611920079e+01
-3.708220631298183889e+01 6.176807618198037630e+01 2.848350311189978257e+01
-7.357949150247701198e+01 8.440521422533973350e+01 2.726158536932512533e+01
-2.120623277847984696e+02 1.319638277748871644e+02 1.372310344421168438e+01
-1.686798407941863331e+02 1.058708594337371096e+02 2.122013504565769182e+01
-2.199042527864538101e+02 9.706544410037521686e+01 1.544962332078875455e+01
-1.806391422151889685e+02 1.582284715605730696e+02 1.543852711038384840e+01
-1.978458467889061012e+02 8.338589214044426967e+01 1.944459240568929914e+01
-1.586008405541475668e+02 1.445552446689194426e+02 1.940433609984757979e+01
-3.678386760676411882e+01 -1.368153345130303649e+02 2.610267560940224385e+01
-1.082775046598410995e+02 -1.060218702052053317e+02 2.543727310701405386e+01
-6.080287485372903689e+01 -1.618275889406216379e+02 2.411250179209783440e+01
-3.698286701671874255e+01 -9.943265528224667094e+01 2.756234559550948404e+01
-2.203815258391015277e+02 -2.282914810071567047e+01 1.860702075521322740e+01
-1.714103577094263642e+02 -6.714855029480681026e+01 2.282834905075613108e+01
-2.223606847070377057e+02 -6.023089664348340477e+01 1.721773046576498345e+01
-2.000755575812773657e+02 -5.583783978838095102e-02 2.100393153059398799e+01
-1.055154978633001548e+02 -1.993591975249297548e+02 1.791576050973467815e+01
-1.343426130829911358e+02 -1.285329516722582923e+02 2.278998973613914103e+01
-8.339516640405402370e+01 -1.823041146186172341e+02 2.093975946755157125e+01
-1.439486022251775239e+02 -1.811721888660761408e+02 1.701949934464706971e+01
-9.798097340120148147e+01 -1.462094297149567410e+02 2.380926443942191284e+01
-3.862578481375875583e+01 -2.000981007161681191e+01 2.935240612853242581e+01
-1.094499400399185163e+02 -6.489339259232886548e+01 2.679992400391506990e+01
-3.718697946986671354e+01 -6.164998973409252159e+01 2.865743554822985573e+01
-7.476535469463865979e+01 1.963211253860936978e-01 2.851084123118755542e+01
-7.334605376267171550e+01 -8.436146302261973062e+01 2.749942571117725620e+01
-2.120686440813531419e+02 -1.317478937946955853e+02 1.373515796490303664e+01
-1.686559003453937180e+02 -1.057930455507294738e+02 2.144467211896285264e+01
-2.194935407611607161e+02 -9.705482580793899672e+01 1.550076154438335330e+01
-1.805286500567152927e+02 -1.582430690934767767e+02 1.537937972545961607e+01
-1.975841187681411952e+02 -8.334763391924614950e+01 1.941904476016512859e+01
-1.582938174273783147e+02 -1.445611550821299147e+02 1.930024963014717798e+01
-1.439549458777124471e+02 4.409657096764014739e+01 2.531932994762605560e+01
-1.439322883884677537e+02 -4.391090216047735595e+01 2.544264431218507028e+01
-1.759484996958372278e+02 2.274994519852619135e+01 2.360318119926798985e+01
-1.104894364498091335e+02 2.194708069184186527e+01 2.735184746036176762e+01
-1.756513783580020345e+02 -2.283091718618489807e+01 2.354108391779304554e+01
-1.106333982188578773e+02 -2.184819604642252244e+01 2.740102827290303011e+01
-1.729387158888845306e+02 -2.196788485832477136e+02 -2.360160348325164748e+00
-2.129384968048156566e+02 -1.698859790273055239e+02 -7.098552029108362582e+00
-1.601096338110043291e+02 -2.221358533695768926e+02 -6.457309789325010208e+00
-1.974632881739116783e+02 -1.994889479800711456e+02 2.405946054964340150e-02
-2.426921316694216557e+02 -3.660056924058866201e+01 -1.449537041673288584e+01
-2.366409156867724732e+02 -1.078053294310350196e+02 -1.123128355138383405e+01
-1.267553171312650164e+02 -2.121042633069727685e+02 -1.382787746042998123e+01
-1.976470773804797432e+02 -1.681925233168266516e+02 -1.103055343011092759e+01
-1.448034172158214687e+02 -2.199028321634639553e+02 -1.039050436570161828e+01
-1.816075387374032175e+02 -1.970306436339058962e+02 -8.828708887907307457e+00
-2.357111346171967057e+02 -1.454460575476800841e+02 4.846565857126326371e+00
-2.357558251068928428e+02 -1.453742137940861028e+02 -4.769652501969748215e+00
-2.190475646536765169e+02 -1.737478738576768933e+02 2.314264877299915035e+00
-2.189911062073227015e+02 -1.739608679031014731e+02 -2.306720052346829419e+00
-1.729417366532382800e+02 2.201261491871694318e+02 -2.197053922533423798e+00
-2.127202777459717709e+02 1.703796900738479962e+02 -7.176644305934167356e+00
-1.601983608383017383e+02 2.220749107240590661e+02 -6.470185225067128343e+00
-1.973490556921787515e+02 1.996050381801032927e+02 1.766610150938174029e-01
-2.425650216012661531e+02 3.682859960745132355e+01 -1.434744302328703824e+01
-2.364346846110970830e+02 1.077340194710386072e+02 -1.129025029022918503e+01
-1.271389101788673344e+02 2.118713765688132753e+02 -1.384221060208632892e+01
-1.975553810058491422e+02 1.683185117669223985e+02 -1.108705724472725862e+01
-1.448087263480655054e+02 2.198318218097480781e+02 -1.022361738425490607e+01
-1.814492245772910621e+02 1.971614533849595432e+02 -8.849270017575699754e+00
-2.360210488257616817e+02 1.455232455330496464e+02 4.714422049663326675e+00
-2.358535610327967049e+02 1.455722502587377107e+02 -4.815687210097688187e+00
-2.190852477168674568e+02 1.739881953129242618e+02 2.452469665565663259e+00
-2.192173114878804654e+02 1.739751056236706006e+02 -2.416070175506320972e+00
-3.702434148977984307e+01 1.371076110614005472e+02 -2.598629668637621748e+01
-1.084021979018208128e+02 1.061198815936436120e+02 -2.530482108492943638e+01
-6.077846366655215604e+01 1.617190576954788810e+02 -2.395250170910908238e+01
-3.695472672977643214e+01 9.960193443741077601e+01 -2.770609473485841434e+01
-2.204807327898187452e+02 2.296752472981948401e+01 -1.860111680342032159e+01
-1.715929329977411442e+02 6.714463354973912601e+01 -2.277433491141510657e+01
-2.224087555530362010e+02 6.022229202509110735e+01 -1.710953543097684104e+01
-1.057065793234415310e+02 1.993554897971710318e+02 -1.804892818306236890e+01
-1.342494528897325097e+02 1.287293878853838009e+02 -2.290454896239741345e+01
-8.346514130482563587e+01 1.821099174572560173e+02 -2.112692920931884544e+01
-1.439145494813491268e+02 1.812716165755299187e+02 -1.691483594691446868e+01
-9.790720884931882040e+01 1.460902978732304973e+02 -2.363826586070432612e+01
-3.860160941503040988e+01 2.005380078980928715e+01 -2.919988903875613317e+01
-1.094135048921821323e+02 6.491464030412350894e+01 -2.678251601267891857e+01
-3.695375516367425206e+01 6.169328585855728875e+01 -2.866866809193422938e+01
-7.337027857928920582e+01 8.435451711613876569e+01 -2.750757378192043490e+01
-2.121666989769820475e+02 1.320530668097361513e+02 -1.354956416349638104e+01
-1.686809455259655408e+02 1.058638042701074085e+02 -2.140525922289022276e+01
-2.196620989277888611e+02 9.727490613873077052e+01 -1.549883402363200702e+01
-1.806194967409892058e+02 1.582517995927233869e+02 -1.538595639247085778e+01
-1.977445683076871035e+02 8.338428348225376396e+01 -1.944296960892967618e+01
-1.583669877079976800e+02 1.446206246144218426e+02 -1.940138946580723811e+01
-3.699267751573237462e+01 -1.370737091045609475e+02 -2.612969748559682515e+01
-1.082035889613906363e+02 -1.060847298895845938e+02 -2.551836867738595060e+01
-6.081112666332143846e+01 -1.616095700147238574e+02 -2.377968735723302629e+01
-3.695006185801608467e+01 -9.950620899342104053e+01 -2.751493168229314890e+01
-2.205252986048355410e+02 -2.271211545529190445e+01 -1.845276601027866192e+01
-1.715103743678423882e+02 -6.714825737363813118e+01 -2.259860231365745520e+01
-2.226296748699612920e+02 -6.002116321313006608e+01 -1.729135691988539492e+01
-1.999772375105179378e+02 -1.222188871921054548e-01 -2.115322271356439643e+01
-1.053117195513381290e+02 -1.990220611344675774e+02 -1.810188463820253091e+01
-1.344521564882734026e+02 -1.287590468573129385e+02 -2.286909130666925805e+01
-8.338345518021037606e+01 -1.819691696029896377e+02 -2.111989618235888599e+01
-1.437963673038265142e+02 -1.808210226478187792e+02 -1.696749413706010401e+01
-9.781851338928218809e+01 -1.462685728258292102e+02 -2.364466500263213078e+01
-3.861467655973302016e+01 -1.984468005042250383e+01 -2.919948669745696535e+01
-1.094034517918934597e+02 -6.488854816240116463e+01 -2.682976124241257310e+01
-3.699383602106576063e+01 -6.170226167651472338e+01 -2.845402870471081513e+01
-7.480875270829896806e+01 -1.549819366655139641e-01 -2.849326580388230568e+01
-7.329114736020262910e+01 -8.419460859891667326e+01 -2.737867125448617145e+01
-2.120074662762546325e+02 -1.317755533315385890e+02 -1.359682771902487985e+01
-1.687541778897878828e+02 -1.059016392289059638e+02 -2.134277268373722336e+01
-2.198006297536329612e+02 -9.710424822366667286e+01 -1.556281340887937326e+01
-1.804572593956277160e+02 -1.579276682220648524e+02 -1.534144211098083055e+01
-1.976823002217634553e+02 -8.340788437742676820e+01 -1.930933141013466070e+01
-1.583537554455280940e+02 -1.444791313846803575e+02 -1.948334369223031715e+01
-1.439453050994145826e+02 4.407957785737337986e+01 -2.528059779039945099e+01
-1.439995544378302554e+02 -4.400541546493523981e+01 -2.540089795254122151e+01
-1.754618673170921568e+02 2.270404921928887276e+01 -2.343151655250489540e+01
-1.107678533720861651e+02 2.193971543373177369e+01 -2.728444611201498660e+01
-1.757438848413297592e+02 -2.260800287133238839e+01 -2.372042933574886447e+01
-1.106260350628016624e+02 -2.191013393427453693e+01 -2.731986312578585441e+01
-2.563822637906555428e+02 8.404218125835792585e-02 1.201272888324114874e+01
-2.781546322039490065e+02 -5.202528834678084996e-02 4.251018314173143686e+00
-2.591196303536146957e+02 -3.695542703935275597e+01 1.092265944179593973e+01
-2.592610410461124388e+02 3.707946000812448517e+01 1.076521158356591990e+01
-2.563992270847407440e+02 1.798530156385937107e-01 -1.223135538446147841e+01
-2.779670976763553654e+02 1.541177017915602160e-02 -4.133920852119808309e+00
-2.591996809142449365e+02 -3.679028002149080834e+01 -1.056806576770459216e+01
-2.592502324023947722e+02 3.703554438601216248e+01 -1.074435382291485119e+01
-2.498077568476310830e+02 -1.084933034359043234e+02 7.248179123975570626e+00
-2.773241527346610269e+02 -3.722769856854801418e+01 2.478920615556926776e+00
-2.567422276697908501e+02 -7.393318160377936010e+01 8.850554017629137959e+00
-2.562185184973299101e+02 -1.119480345198919622e+02 2.472888815116312866e+00
-2.709514070670612114e+02 -3.728746140317927171e+01 6.496153915573819937e+00
-2.500431930262341496e+02 1.085491433270391468e+02 7.207984376716919606e+00
-2.772609001904752404e+02 3.727674349899854178e+01 2.542696464123130884e+00
-2.567256836727639779e+02 7.404962857159178213e+01 8.913837326661711913e+00
-2.563468812407183464e+02 1.118655596336821390e+02 2.381808884533141768e+00
-2.710798296199684501e+02 3.732118449341241728e+01 6.645985497692535660e+00
-2.502634789085762463e+02 -1.083564780971572077e+02 -7.146626899362747309e+00
-2.774833403176553475e+02 -3.734669453811190465e+01 -2.323223791171189934e+00
-2.569730534598562031e+02 -7.402913720843709200e+01 -9.169689568244301370e+00
-2.561964488718840585e+02 -1.119085198273994735e+02 -2.403901486062383963e+00
-2.710659265974846903e+02 -3.732895410911145717e+01 -6.511423357243657506e+00
-2.704698696081388221e+02 -7.475116790044350523e+01 -1.047132167542443454e-01
-2.502490485024529505e+02 1.084464446316022048e+02 -7.259188967534062620e+00
-2.774536105453767618e+02 3.746413006699929582e+01 -2.413748309758498412e+00
-2.569809742789713027e+02 7.399354839162295150e+01 -9.016053680254582758e+00
-2.563962202851932375e+02 1.120984441878111681e+02 -2.503239719541371144e+00
-2.712583324570376249e+02 3.719909566274004931e+01 -6.647031039902680405e+00
-2.706375020836016461e+02 7.474573810276525876e+01 5.838292385260196449e-02
1.727912526955194608e+02 -2.197299362967021068e+02 2.436732802965321465e+00
2.129460121657442073e+02 -1.702638316304899320e+02 7.149455338743298860e+00
1.603968268354017255e+02 -2.220488961866643365e+02 6.404339158211580063e+00
2.428589432610188794e+02 -3.692985510326978726e+01 1.448585135826448500e+01
2.366453288224305709e+02 -1.078348601167890308e+02 1.118818231099741034e+01
1.267163373941178293e+02 -2.119907398959152545e+02 1.395944728427495996e+01
1.976569495607972442e+02 -1.683303059946881888e+02 1.117888612368748724e+01
1.448474222394259812e+02 -2.199098623259129397e+02 1.025751254179959737e+01
1.816462309239928459e+02 -1.970355990948363569e+02 8.854372749912490903e+00
1.728774925951327646e+02 2.199705862870549424e+02 2.290800198441465874e+00
2.129770041020581743e+02 1.703885357096282860e+02 6.997140316449952380e+00
1.603183579912901564e+02 2.222866410859832627e+02 6.203974141120583319e+00
2.428239707398163603e+02 3.691220338231395459e+01 1.448162679674986819e+01
2.366830589251710819e+02 1.076953174049252056e+02 1.125137735660706717e+01
1.268220024533249841e+02 2.118207348366276506e+02 1.390855062029391220e+01
1.977924259994657348e+02 1.683566844997977228e+02 1.116849025326807521e+01
1.447779232743423279e+02 2.198719076677732289e+02 1.031823520774254455e+01
1.817361675373549303e+02 1.972568854139537962e+02 8.844590472363240252e+00
3.694200895718365985e+01 1.371123826129118015e+02 2.605482637601019036e+01
1.082182930737575361e+02 1.061401684871108415e+02 2.532567205033648960e+01
6.102020442019624369e+01 1.618283728358222788e+02 2.407530950713472251e+01
3.704781010462877333e+01 9.957838124698849924e+01 2.766913561712298986e+01
2.206929834769261163e+02 2.278913538753893064e+01 1.850732203493356209e+01
1.717951970696310866e+02 6.698315273074824461e+01 2.287649842962123614e+01
2.226333848160724358e+02 6.005749447066781954e+01 1.709110061402349956e+01
1.053811570840415328e+02 1.993247348184242753e+02 1.814464333154695908e+01
1.342850938117261990e+02 1.285252920342452114e+02 2.273753026247985787e+01
8.347835113502164006e+01 1.820107008099674886e+02 2.118836420879429028e+01
1.440459908881865374e+02 1.810053615998409100e+02 1.698274128541644501e+01
9.796588657288353374e+01 1.461852621177229707e+02 2.360831865397683771e+01
3.859022058997488358e+01 2.008619072566506958e+01 2.916821735936648707e+01
1.093855920098733066e+02 6.474543595239020988e+01 2.675137745179669579e+01
3.710471869190029537e+01 6.170229431659200969e+01 2.843583070489684061e+01
7.335497458054814501e+01 8.421584132685907775e+01 2.731606674452392980e+01
2.121348441930087461e+02 1.318944732379514448e+02 1.371076265684925666e+01
1.685244816460367758e+02 1.059453163333049730e+02 2.141749647433715253e+01
2.195794652725527385e+02 9.708081859103293709e+01 1.550898933996598394e+01
1.806274202432815628e+02 1.580392858363535424e+02 1.527625424788038266e+01
1.976252030009948442e+02 8.331244000808327144e+01 1.945533717793708206e+01
1.585865848423398177e+02 1.445629996259494590e+02 1.947334133865021499e+01
3.690941638403351988e+01 -1.370616871016561333e+02 2.616179358606907357e+01
1.084481356202492606e+02 -1.059135863084476625e+02 2.552211346305511341e+01
6.086443812641515194e+01 -1.616590903732343065e+02 2.396058759134183447e+01
3.721734520398662482e+01 -9.951071872362548731e+01 2.745415914153587877e+01
2.207556716001921586e+02 -2.292599402028199407e+01 1.842583397428796133e+01
1.717402987342923950e+02 -6.720144395627266931e+01 2.290499465314897520e+01
2.227814703078188359e+02 -5.997372443735469716e+01 1.725335826155954777e+01
1.998470023093073848e+02 9.756496064041090058e-03 2.123097647425371903e+01
1.052874785662667563e+02 -1.991599003002298787e+02 1.809449837972867670e+01
1.341729466457696560e+02 -1.287389309670000728e+02 2.289930647706662725e+01
8.334180853656786780e+01 -1.820406170080172217e+02 2.122784914949973256e+01
1.437597051280124276e+02 -1.810507898469797397e+02 1.662264410770204037e+01
9.795392307388483744e+01 -1.460331000777960639e+02 2.375746907731055302e+01
3.844753661968147895e+01 -1.995975029955807045e+01 2.920040978054783665e+01
1.094631787871881556e+02 -6.490304068384706682e+01 2.676323831046917334e+01
3.708821112837939182e+01 -6.168905666596383242e+01 2.844199296480570638e+01
7.473340607030606009e+01 -8.026242222468137066e-02 2.825641556818647615e+01
7.355241759406061419e+01 -8.425390429963587735e+01 2.741860970112242413e+01
2.121438868579165842e+02 -1.317072967237031378e+02 1.378549547742816195e+01
1.686979283359189878e+02 -1.058981228201592160e+02 2.127974211888416178e+01
2.198380608787643382e+02 -9.726370718641683766e+01 1.564339662039538936e+01
1.805359253048562209e+02 -1.580302040350212280e+02 1.537308464630498506e+01
1.979332033952753420e+02 -8.352543982217321172e+01 1.939799134001685488e+01
1.583841653013309667e+02 -1.444776929249382817e+02 1.940132170539370549e+01
1.439718986907293754e+02 4.384139999155411260e+01 2.538727974795168407e+01
1.441287899724459294e+02 -4.404019854262683253e+01 2.550784989856954255e+01
1.755999010629701331e+02 2.280057600866445000e+01 2.351315733613259340e+01
1.104340257880948286e+02 2.203523620690291906e+01 2.714380095122856673e+01
1.759362242194098656e+02 -2.262596838235796426e+01 2.353832674451257745e+01
1.106914866368923782e+02 -2.188314853046565389e+01 2.733106331301035397e+01
1.728119906241962838e+02 -2.197770744287715559e+02 -2.387571914919819349e+00
2.129145789367740065e+02 -1.701651822129700804e+02 -6.956566486258593862e+00
1.603075597165482975e+02 -2.222237677885287042e+02 -6.296019325379895726e+00
1.974244202941798108e+02 -1.994507401315200070e+02 5.116615638646515585e-03
2.426727274081809185e+02 -3.687493836278740389e+01 -1.456825806642699739e+01
2.366269296655651431e+02 -1.076306622850574115e+02 -1.123620415141644102e+01
1.267665159687939394e+02 -2.121368000540364278e+02 -1.395118622882021064e+01
1.978022571217260008e+02 -1.683176309976189771e+02 -1.110743992762973598e+01
1.446651271963358738e+02 -2.198028211275670003e+02 -1.046681134314494876e+01
1.814185366904157775e+02 -1.971212512651867712e+02 -8.909903790723962658e+00
2.359419205459120974e+02 -1.454357693603495250e+02 4.872483851621479012e+00
2.357942362735515189e+02 -1.454762541156962357e+02 -4.502080688728622881e+00
2.190678987965030728e+02 -1.738730686288157585e+02 2.367257777725855217e+00
2.191283213245847037e+02 -1.737894995184258846e+02 -2.387458698926688605e+00
1.728680937320063720e+02 2.198123722085838665e+02 -2.626446659740503620e+00
2.129550129061121311e+02 1.701150471755823332e+02 -6.781404953361417576e+00
1.600736513654860858e+02 2.221512115568775982e+02 -6.378121840447979807e+00
1.975717287024434938e+02 1.994770922148026102e+02 -1.169631241384302099e-02
2.427295679675737858e+02 3.679021836830825265e+01 -1.438299750562737600e+01
2.366276540763223011e+02 1.076384900391915238e+02 -1.120097926765742358e+01
1.265389470697268735e+02 2.117437006953497871e+02 -1.412415525519328696e+01
1.975779272458770777e+02 1.682573781941736968e+02 -1.098482827272015783e+01
1.447544274935778503e+02 2.197736589747994458e+02 -1.043767957001681168e+01
1.815067322512632302e+02 1.969196522088761867e+02 -8.846719996560487687e+00
2.358843621430672215e+02 1.454866687191920676e+02 4.542474054228719638e+00
2.356114628494648571e+02 1.455054323745508214e+02 -4.569343022267405630e+00
2.190780752512314393e+02 1.739138931681791860e+02 2.386125522756552098e+00
2.191100578548206954e+02 1.739139283877573234e+02 -2.485185513907238963e+00
3.689847935723431505e+01 1.370338426386355195e+02 -2.611663271812668086e+01
1.084337137696864914e+02 1.061253169524606363e+02 -2.553180784149663651e+01
6.079111993483631693e+01 1.616476678432470351e+02 -2.403629384589417128e+01
3.704202472447811090e+01 9.951164649928655592e+01 -2.755113511717574326e+01
2.205517364993673937e+02 2.288499646215530348e+01 -1.847460141585681015e+01
1.716595563150018791e+02 6.731807034999505390e+01 -2.287016409537834605e+01
2.226409615836641365e+02 6.007083715082727338e+01 -1.718707559869044488e+01
1.053607461945062909e+02 1.991135787639327361e+02 -1.805964403828414433e+01
1.342039971258607522e+02 1.284573174812238960e+02 -2.278767541854384504e+01
8.344919661572674840e+01 1.819123575700081119e+02 -2.120772831957891214e+01
1.437129442680964928e+02 1.809991819382653375e+02 -1.686971214016273635e+01
9.788370258034677818e+01 1.459968117934010365e+02 -2.349796913799507436e+01
3.847702204239215718e+01 1.994264762940624180e+01 -2.932437988835238230e+01
1.096102255629950122e+02 6.495450336986564821e+01 -2.684799724416463107e+01
3.710612896705986685e+01 6.158322661505802387e+01 -2.854599520440585536e+01
7.339387471049792566e+01 8.441375076794420806e+01 -2.753091881152336740e+01
2.120648559544167142e+02 1.317783004440233015e+02 -1.350659501602343049e+01
1.687201692122735039e+02 1.058558867478088246e+02 -2.119726668638075040e+01
2.197055061040715316e+02 9.701703180155233497e+01 -1.538827918710077647e+01
1.804730049786691097e+02 1.582106846955120432e+02 -1.549278165469186597e+01
1.978156704984349972e+02 8.344248898176276441e+01 -1.945444437743687871e+01
1.583105802876113444e+02 1.444120691356461919e+02 -1.934845733955265246e+01
3.692170694152842714e+01 -1.370167496766440252e+02 -2.609795559664279097e+01
1.081768548275180564e+02 -1.059747533121994678e+02 -2.550484504833294608e+01
6.067783802347628352e+01 -1.616985384693979881e+02 -2.405016945420303287e+01
3.712744271951462594e+01 -9.948618947023039993e+01 -2.759079247972048776e+01
2.204851853758981122e+02 -2.286346864789883782e+01 -1.852348494451965877e+01
1.714402398785249488e+02 -6.713052051100697781e+01 -2.284726179770913745e+01
2.225043282031587069e+02 -6.017098925858527281e+01 -1.713681496728453624e+01
1.999592114388096320e+02 2.051119991052191560e-02 -2.099507351944999911e+01
1.055979993830975161e+02 -1.993909490200241805e+02 -1.815674422893625106e+01
1.341698866666053505e+02 -1.286815480516211210e+02 -2.283718718339403253e+01
8.345829719940543612e+01 -1.823860888218897571e+02 -2.114154928493333330e+01
1.440575649739718926e+02 -1.812140616085521287e+02 -1.707681589533665090e+01
9.793064594841712278e+01 -1.462290408198074090e+02 -2.369341294955849619e+01
3.847976087241973175e+01 -2.012506191734770411e+01 -2.916712518554839662e+01
1.092838198635787990e+02 -6.475683718672985378e+01 -2.665186702967011456e+01
3.723244509837163463e+01 -6.177452854782154645e+01 -2.840702630372640414e+01
7.457277513995349238e+01 -7.275810052407935546e-02 -2.851208693722001186e+01
7.339834334383388637e+01 -8.425335458584316939e+01 -2.743401333948206755e+01
2.120602113523420087e+02 -1.318369479635580035e+02 -1.363143819620322184e+01
1.686541093016516584e+02 -1.055820637405377624e+02 -2.140610036735589006e+01
2.194780892681283433e+02 -9.714757088024065013e+01 -1.547585088800014752e+01
1.805112941073473394e+02 -1.581892575293666425e+02 -1.555616888531561770e+01
1.976076371636168290e+02 -8.349273835766507545e+01 -1.945059197316848554e+01
1.584181978564531903e+02 -1.446594124881704033e+02 -1.937738032242668496e+01
1.439641949987934311e+02 4.411663665326699402e+01 -2.542813862374353917e+01
1.439773849855523338e+02 -4.382331553986492878e+01 -2.531750139335003169e+01
1.754160019712148255e+02 2.273286437076317767e+01 -2.367268951270710176e+01
1.106761363457792129e+02 2.169939245165655350e+01 -2.732264858426018250e+01
1.756780645884619503e+02 -2.274587087260490748e+01 -2.362874839590649501e+01
1.105669618348008214e+02 -2.199280653824659382e+01 -2.723949035517077988e+01
2.567666873222326558e+02 1.906968463964397315e-02 1.196750363616706814e+01
2.781043286660137710e+02 -1.082466508735008270e-02 4.185720202808230539e+00
2.593323458751369799e+02 -3.713042897150317145e+01 1.068855112638870075e+01
2.593710886750940858e+02 3.704733996759512848e+01 1.085163551823409556e+01
2.566247894290324894e+02 -1.157884399366153061e-01 -1.202765500546199284e+01
2.781673941592910069e+02 -8.937067743971234546e-02 -4.017665939995847424e+00
2.593416146030309619e+02 -3.700018891478999450e+01 -1.073495750658641867e+01
2.593510746315052415e+02 3.693685153104953400e+01 -1.063025262151516692e+01
2.500040649076874786e+02 -1.085418755404666484e+02 7.227393808908390227e+00
2.774975974257603184e+02 -3.739125633694659712e+01 2.436351264288060481e+00
2.567192918152020411e+02 -7.411569878035066949e+01 8.997585005065619868e+00
2.562115000265531535e+02 -1.120900202143630366e+02 2.479906453267952227e+00
2.710994317069485646e+02 -3.726488842022286718e+01 6.620548368098343239e+00
2.501360653719595746e+02 1.085324620904918476e+02 7.238970650645782712e+00
2.774138373986880879e+02 3.737048086946354886e+01 2.471769422712140951e+00
2.571519471018390846e+02 7.403766067781653248e+01 9.058432856995064952e+00
2.560778578746770222e+02 1.119444242912837382e+02 2.507217944558169709e+00
2.711914977015987915e+02 3.726356322484258499e+01 6.483885713099773795e+00
2.501838027456831810e+02 -1.083482977899837039e+02 -6.980440209939088980e+00
2.774580509899869298e+02 -3.742834499728306241e+01 -2.407047215683374208e+00
2.570473513469444811e+02 -7.416056685657441960e+01 -9.026105274008022761e+00
2.563918657168448476e+02 -1.121712116360606615e+02 -2.447521641539617487e+00
2.710789013369475811e+02 -3.738934585560896551e+01 -6.566062283902484253e+00
2.707130144106756688e+02 -7.477769811643376840e+01 5.502864766503096083e-02
2.501029522069825077e+02 1.082833586446819538e+02 -7.079446070270672742e+00
2.772260817268469282e+02 3.720119673036352026e+01 -2.550587628442650967e+00
2.569168513037016055e+02 7.403841504672591611e+01 -9.245077674374726939e+00
2.560358854425027744e+02 1.117740148623007315e+02 -2.425102049725258890e+00
2.711609618650934408e+02 3.724730846400494499e+01 -6.770760767176526862e+00
2.702902705430257129e+02 7.471271038290062450e+01 2.598091310943125842e-01
