-7.003056410695770451e-01 2.045039191755702479e+00 1.113187298446719486e+00
-1.453172508987493061e-01 8.660013033728301002e-01 -8.707967779338882108e-01
-1.726426762855366892e+00 1.193007921460795151e+00 4.542724358960959496e-01
-2.439913514650963455e-01 -1.018009476174131844e+00 6.321637787954059728e-01
2.752356486467459451e+00 -3.374228601774613423e-02 -6.488201553604532740e-03
7.469370696810031518e-01 -2.218363990354716708e-01 1.553026200655799847e-02
3.084786448104696599e-01 -4.710141001554548623e-01 -1.307228228965663375e+00
-5.147644838592267957e-01 -1.111042840793775355e+00 -1.522257123862657657e+00
2.066013821186596822e+00 -5.686772462548986828e-01 1.514005065886535828e+00
-1.615003113109844568e+00 1.977606405847114890e-01 -3.798536709019753044e-01
2.338243192343419263e+00 3.655956056129214260e-01 1.964733010441286343e+00
2.350548635668682218e-01 -1.518962178357957937e-01 2.075649602265607019e+00
-7.532271959306592324e-01 4.490432272758398402e-01 -5.960696034159746609e-02
8.119743084378787668e-01 -6.809713965547772307e-01 1.617726179667317021e+00
1.433742921190212849e+00 -7.045095276722495026e-01 8.825161755573159017e-02
4.580497568018213062e-01 1.491397309465079257e-01 4.510241780140274853e-02
-1.058066484880215707e-01 4.804321801068851538e-01 3.356669173067112211e-01
8.942845043230771007e-02 -4.528664726913348981e-01 9.976387776343368374e-01
-2.499937953078698039e-01 -4.884943367459214647e-01 2.099020935558150724e-01
-2.735198964405771704e-01 8.897945932853185136e-01 -3.215324693309739579e-01
-3.136547198380397194e-01 -1.431924111754127593e-01 -1.741441689343406374e+00
1.303484480644190313e+00 -9.231040364872585835e-01 1.675840447460032745e-01
-4.284504935497267519e-01 6.556451649081201927e-01 -2.596012059865408506e-01
-1.311962629536501113e-01 -8.281640391789978073e-02 1.327910333109907581e+00
1.555421003591159312e+00 -1.564099682499662469e+00 -1.227620725579432193e-01
7.539214538337105087e-02 4.885337178345172671e-01 1.246189381827890463e-02
-6.555676689333752583e-01 2.519458410131921511e+00 -5.659011944825563800e-01
-1.016866816653808181e+00 1.218854989119684262e+00 1.496657120521148965e+00
8.416177540792964262e-02 2.743093930512398027e-01 -7.637847981073823123e-01
-3.037254116155049255e-01 -8.071930132271214475e-01 -1.102454605345515315e+00
-3.878156824831702765e-01 2.598693084724154265e-02 -3.056998616804802449e-01
7.475895010877242619e-01 1.535666157748455829e+00 -2.455842931701977261e-01
4.430906124427962389e-01 7.433852624256792607e-01 -2.234091860962123810e-01
-2.695546016761887764e-01 -4.064587692646255968e-01 -6.618822321178118306e-01
-3.761683780322794823e-01 -7.676635372748610298e-01 -1.216648581786449634e+00
3.168623273402470519e-01 7.550871135847925242e-01 -3.446649163767638302e-01
-1.433511830975067403e+00 7.452009246082380578e-01 -3.732857281799045190e-01
2.046063387976034598e+00 -1.739511821329162489e+00 2.169703110121947720e-01
-9.491179602142862937e-01 -1.482084129864628952e-01 -2.118621821937001493e-01
-4.915123822396339492e-01 -2.926978140142924012e-01 -1.853812139445571161e-01
1.061126757433967116e+00 -6.158395468947912565e-01 6.246216597157591144e-01
-8.840194356255948183e-01 9.054050679414024083e-01 -4.517894365327648210e-01
