1.474622435377019158e+01 -2.397122723731719418e+01 -1.009212806193454937e-01
-1.470338511944610715e+01 -2.414177677346309991e+01 -1.830717075211060058e-02
1.455261637837137734e+01 2.392989508310232694e+01 -7.422951730351338116e-03
-1.463050599706621391e+01 2.403303145382166051e+01 7.496785245078986526e-02
8.156354960000911092e-02 1.531855985261828401e+01 -2.296225845720239818e+02
2.489392883163773773e-01 -1.514468605521756039e+01 -2.297394246290855619e+02
-1.094957935537323457e-01 1.522294358379610735e+01 2.296987086371343310e+02
-7.465775745953676101e-02 -1.518139745888803027e+01 2.294728960088553436e+02
-2.397380455952686873e+01 5.969917271528379574e-03 1.419283611749906981e+02
-2.379484198895168134e+01 1.074542558741394815e-01 -1.419129434275655228e+02
2.396436976269338359e+01 6.584087698868995586e-02 1.418843606558021122e+02
2.409064891784037599e+01 8.031009749866685477e-02 -1.420121864796971352e+02
-2.013083663275562485e-01 -2.826670478264619746e+01 -1.729291706031055031e-01
1.045896131820337888e-01 2.814852992614589766e+01 -6.512308643812161901e-02
8.621288780933921814e+00 2.277697780052690391e+01 -1.349792009939680213e+02
-8.770691468618405651e+00 2.268502179534509011e+01 -1.349902460507660180e+02
8.813605403913946645e+00 -2.279368218517552336e+01 -1.350278046669331786e+02
-8.655416652380218068e+00 -2.269811697929609196e+01 -1.348226876499885236e+02
4.750672752006361750e-03 -1.508293087765294124e-02 -2.699314728054089869e+02
8.701043643831702923e+00 2.263216694784064842e+01 1.349175367910648333e+02
-8.721720845773477393e+00 2.287505853225747643e+01 1.349279166060486830e+02
8.890524455681058313e+00 -2.277242390586122056e+01 1.350780410949301427e+02
-8.934320493267469132e+00 -2.282663313094409574e+01 1.351935360557891102e+02
-1.890758697921616494e-01 -3.352645078585595600e-02 2.698835242056301240e+02
-2.309748855543130119e+01 -1.395450926697900762e+01 8.354659929740472535e+01
-2.289998368635219705e+01 1.418523971998323852e+01 8.334438032200272062e+01
-1.424337799369481239e+01 8.981698950771292544e+00 2.184811197180139857e+02
-1.424275714479283828e+01 -8.876891470698641484e+00 2.184527314752346285e+02
-2.286007284409199514e+01 -1.392228276408346943e+01 -8.340695370115513185e+01
-2.292079256654572106e+01 1.415467237097558773e+01 -8.341761729343876652e+01
-1.431725588642124158e+01 8.914444853146735070e+00 -2.184345432797992999e+02
-1.431827513279885800e+01 -9.073086845962075486e+00 -2.183707082778312554e+02
-2.792348108618507396e+01 -2.555041961153035890e-02 8.717346922375510121e-02
2.278244773713726445e+01 -1.403139378055947617e+01 8.348859647399875428e+01
2.305837607779563569e+01 1.413536851529677740e+01 8.361002336685251635e+01
1.416013385736034991e+01 9.044736431801188914e+00 2.184612975157319852e+02
1.417907955779075913e+01 -8.913751358987997975e+00 2.182090884085834546e+02
2.288230184750400298e+01 -1.416829644455686754e+01 -8.349079178775770060e+01
2.275699682375926614e+01 1.393889545470656088e+01 -8.347462141380663070e+01
1.429495208357708513e+01 8.952121688899936203e+00 -2.183545596672145166e+02
1.431412560778871779e+01 -8.801953653618101114e+00 -2.183291122208606794e+02
2.791389921406287300e+01 1.842971086665769476e-01 1.264684631864307907e-01
