-1.717522827505570115e-01 -2.802667966938305888e-01 -2.537938726884894081e-01
1.237980160943524810e+00 -5.944766113683875863e-01 -9.415777203646048532e-01
-1.415813122158606108e+00 7.265396983600034275e-01 4.767881550579921024e-01
1.144733226348257915e+00 4.144451256193364408e-01 -1.069899093679435476e+00
2.255684944810940173e+00 -1.079385807814708942e-01 5.323776527010487536e-01
-9.126606291875850874e-02 -1.154040209753629753e+00 9.692271088777383303e-01
6.509711065657114437e-01 -6.404869362185163784e-01 2.003598185794483177e-01
-1.460763570254149046e+00 -1.146031137038892478e+00 6.430752054209994961e-01
2.578190537047105324e-01 7.038223008862776187e-02 8.006296693013527088e-01
2.136893491931806111e+00 1.370966325555628806e+00 2.110747049966323896e+00
-1.717983918116076980e+00 3.445874118589983270e-01 -2.610454131422083712e+00
2.234394561698288317e+00 -1.225824115095314637e+00 -4.992740128531527044e-01
1.011717736017456071e+00 -2.005610239784602622e-01 7.675794828458804009e-01
-1.353772891217069230e+00 3.200463804637918575e-01 -6.557317243767982751e-01
-1.134983186850092515e-02 -2.186550369913273228e-01 -3.494270119506443506e-01
2.115415136817671016e+00 -9.750336813566208294e-01 -4.471621538611554314e-01
1.510292570888399633e+00 -7.421340619929035487e-01 1.275961761309388987e+00
-3.807879372361305248e-01 1.542558989568161287e-01 -9.830353152428509267e-01
-6.847033014165085363e-02 6.081925215287262709e-01 1.974656079261073449e-01
8.925254604412825588e-01 1.270401083859136859e+00 1.332231705756518725e+00
1.188104784655533708e-01 2.780664194248005927e-01 4.870874045590367629e-01
1.337546968479702003e-01 7.810548447051515741e-02 1.948867022542147165e+00
1.610923804412753846e+00 -4.000515659040965177e-01 -4.504459363956666018e-01
4.602521771517643079e-01 -1.873202996671416432e-01 -5.662849486766327045e-01
-3.054444521109978550e-01 1.084161401033435057e+00 -2.413482912287895632e-01
-5.720570021959072715e-01 6.705147333134779952e-01 2.121423127449849066e-01
1.305786887389983608e+00 -8.072455404372003152e-01 4.622603629714038820e-01
-5.843709840604403016e-01 1.606102201933675255e+00 -3.922313488238108881e-01
5.600635934625038947e-01 -1.380910329022871086e-01 9.459938860665374483e-01
5.259460598091212358e-01 1.177261093905311418e+00 -9.058273507267068647e-02
-1.094043094515799508e+00 1.341672642568455309e+00 -1.353952557969705595e+00
6.155136332631288010e-01 2.399101805060760984e-01 -8.748580483226046089e-01
-2.408258258241686267e+00 3.577694359541244620e-03 -6.106990564333569793e-01
6.845509252158112901e-01 -1.047192106272040402e+00 -1.960982417156974522e-01
2.270063145174637254e-01 2.618634180945198509e-01 -9.787934606791985903e-01
-1.075292744598702832e+00 8.977509301441336520e-01 6.309462207477660733e-01
5.224758192619933794e-01 6.654963483988401984e-02 2.012358687820945846e+00
4.097182452487512228e-01 2.090653923982515872e-01 -3.639757010973739826e-01
4.475030233804212498e-01 -5.245884247227738939e-01 -7.615901914229192826e-01
1.189398890646951257e+00 -6.919554633931156440e-01 2.003805676486127701e-02
6.453872390574606488e-01 -8.926171510237164153e-01 -1.127988358743096942e-01
-4.388516915288288578e-01 -5.858549991573187565e-01 1.381826755548435592e+00
-4.452557869701540549e-01 -7.489910902285367156e-01 9.475201034885731843e-01
-1.275418732333064020e-01 1.108917281193322196e-01 1.508199000542022605e-01
-1.224483032341257438e+00 -1.774507636921314635e+00 6.709422392211276953e-02
4.248290158801744099e-01 -5.104318466816605282e-01 -6.830481259677884109e-01
8.694141178841454654e-01 -1.414587158511305676e-01 2.022830120808704613e-01
-4.461134086594370496e-01 -5.430789052701152642e-01 5.574058193629312097e-01
-3.879732992173944295e-01 -2.812502753796088939e-01 4.968520382943103497e-01
-3.723718298924123538e-01 8.775863705858406583e-01 5.915392832636743314e-01
-8.028986602342216283e-01 -5.229692835165007381e-01 -3.471849356422140320e-01
-1.620027824879489931e+00 1.360154766334845444e+00 -1.216073402811972404e+00
-1.131539501177094786e+00 6.271204168449349137e-01 -6.705702695975726546e-02
-1.163243850757342379e+00 1.806144614258165526e-01 5.652017025159795927e-02
-1.485649544171344205e+00 -7.956683916736503326e-01 4.938512108836280445e-01
6.628319130027322537e-01 -8.871844116185585438e-01 -1.883297861236946924e-01
6.471460843610846725e-01 5.143244461192063577e-01 -2.141556460814927620e-01
1.782680271865733967e+00 -8.543907130063618793e-02 -7.739185862631174917e-01
1.163589421514880096e+00 -2.739706248738780214e-01 1.138150617880618887e+00
1.026251155772659018e+00 -2.598157447501225209e-02 1.385759908681710284e+00
-5.591020358232339227e-01 6.039866424347938370e-03 1.208828331274737655e+00
1.469460714228544962e+00 -1.476288505140327612e+00 -1.120874254621619048e+00
4.360622548733508741e-01 6.341285159556085960e-01 -2.447467109763966864e+00
-7.548040751764953926e-01 -4.965543672484828419e-01 1.085677691320579286e-01
-1.890628890917414928e+00 -1.657604516509885828e+00 5.622770518061198652e-01
1.640739275707891576e+00 4.989648162650162089e-01 4.883302862597453664e-02
-1.062210156196938371e+00 -1.694785789668735942e+00 4.800423482214385973e-01
9.368370494868667464e-01 1.103764191231352054e+00 -5.320748522226353971e-01
-1.666302094434279901e+00 6.013124897712888162e-01 1.762529679352410339e+00
-5.735848156379602658e-01 -6.772987844500447663e-01 -1.956720660191275107e-01
-1.542501319504660240e-01 -1.884189063860495505e-01 -8.591473122012596164e-01
-6.376166077220263122e-03 -9.543321012602783426e-01 -8.927833775153714013e-01
1.082022902037594603e-01 1.863144751724710391e+00 -1.016382320417755780e+00
9.532567911981139064e-01 8.326128822893905101e-02 1.131146875750803193e+00
-2.371639432948911552e-01 9.444656232573311883e-01 3.484840400490369361e-01
3.908642495868365763e-01 -8.651680041402184385e-01 -3.181729340082294910e-01
1.093845686010579632e+00 -6.417187720849383270e-01 -8.379965596906525649e-01
-1.350781759047784192e+00 8.010277266110268912e-02 6.619574115440967077e-01
-4.577236269206388375e-01 -2.440668226441646826e+00 7.741914977642648799e-01
-3.895130486552068061e-01 1.703166687068774277e+00 -9.973640282521743783e-02
1.402806837084864533e+00 -1.640432674723461437e+00 -9.679491471579523276e-01
8.326336753048102501e-01 -1.833324593808258074e+00 -9.490429136482414485e-01
1.948185631630751757e+00 -1.184047684119103439e+00 -7.833797094045387155e-01
-8.077296567965767116e-01 1.907293076734167148e+00 1.452789089800766487e+00
1.350512240562918853e+00 -4.346362388735571236e-01 -2.112266195532964963e-01
3.889175337988600711e-01 -1.904916424743413605e-01 -2.414884732800749723e-01
5.732241321485069818e-01 -6.348145683845471954e-01 3.821523824304359079e-02
-2.320274331895302300e-01 2.036015304326629582e+00 -4.322968035459155978e-01
1.305564140963565878e+00 -5.990422162390148797e-01 -4.911393976618650958e-01
-1.535161075503657102e+00 8.044739148937852802e-01 -2.091720221092392862e+00
1.175019557848384633e+00 -1.223655655039862955e+00 4.383341753442977495e-01
-4.106497663756510930e-01 2.913162720296309516e-01 8.031318020111893885e-01
2.144903817508688526e+00 -5.393672445814842731e-02 1.449548267078867303e+00
1.409745397231025599e-01 1.398981625225588443e+00 -6.143601669573135471e-01
3.408573144585640841e-02 1.514282482496704663e-01 -1.996180727012283329e+00
1.178075100082075943e+00 -1.090536523775755384e+00 3.571304195775511503e-01
1.630165006869491950e+00 1.741937725360645228e-01 -2.699760489004109365e-01
-1.032760630920072781e-01 -9.984657030728348870e-01 -1.137748205858843287e+00
-1.585889443095910512e+00 -3.570033635312610532e+00 1.025921058079979131e+00
1.438916086530835692e+00 5.557650860365513923e-01 1.821656196061874233e+00
-4.669142993227961558e-01 1.031191377811121246e+00 1.346648702121161945e+00
-6.512730690965466973e-01 -1.170773275735909280e+00 -6.348487088136022249e-01
-6.567919299079941764e-01 1.521637209745043129e-01 1.193387554014503499e-01
4.916943156070152643e-01 -1.829071260127094756e-01 -4.232122670951459220e-01
-1.541907189211947804e+00 1.167382481267080552e+00 5.240136054966078039e-01
4.882955324961563148e-01 -1.333396548407652371e-01 8.553246381981659541e-01
-7.529827476905931460e-01 -1.661763174212698146e-01 6.835481841044801499e-01
-3.350674799404754212e-01 1.425613175481490691e+00 -4.054929865524790622e-01
1.496641067433147176e+00 1.325860111306736144e-01 1.383593065001975875e+00
-4.019333944080640264e-01 1.938373216609634297e-01 -7.753262472133078953e-01
8.987721314626969660e-01 -9.798191200471243478e-01 1.314508836811430825e+00
4.913850397098600276e-01 -6.330428623612832650e-01 1.415105159595487549e+00
-1.406450409656807343e+00 -7.428901545408678198e-01 -1.053913936560064712e+00
-2.150167946266642593e-01 -6.590894269815386619e-02 5.646422744592287657e-01
4.318127000054091669e-01 5.865609584736942717e-01 -4.604866005891049552e-01
-7.154873903386812506e-01 9.283982098061507315e-01 1.168757853720665096e+00
-2.123764156858819252e+00 -7.895770750156960727e-01 -1.269856619797167241e+00
-9.172537021484391540e-01 4.957437373071278408e-01 8.322018226371995508e-01
-2.541012897604962295e-01 8.604089327362585138e-01 -9.161094693687591439e-01
2.792808237820164630e-01 2.232353518925626279e+00 1.384409278554777079e-01
1.231972245401020016e+00 3.489001189153282390e-01 1.425408889792190437e-01
-1.329269316910270948e-01 3.294145645965170233e-01 -5.265446433550836636e-01
-8.317097127904357068e-01 1.270434955331841476e+00 1.216145481418804408e+00
6.833736262290601715e-01 1.525050030624757469e-01 -9.558759740097141355e-01
1.805907203793602200e-01 3.706558764596499800e-01 4.371248695813340079e-01
-2.206137850781593190e+00 -1.461476991418149796e+00 -1.846807896551184991e-01
7.101341639326821387e-01 4.159501968113922532e-02 6.387462035063230792e-02
-3.599653353064783956e-01 -1.286752920464357075e+00 8.177158166920589499e-02
-1.890734264841222312e-01 3.055584909489190704e+00 -7.404529114336443341e-01
5.698397502773759893e-01 -1.840513204680788162e+00 2.075555537128392913e+00
-1.164062394992017024e+00 1.705318956726427013e-02 -5.511258658958509971e-01
1.231590536515385192e+00 9.101804602782290199e-02 8.208713427487002168e-01
2.377881700767570383e-01 2.890723371683184273e-01 -1.581541590890642501e+00
1.047944319095546861e+00 -3.513607638134080280e-01 3.703627890517663390e-01
-7.308137814059979531e-01 -1.202330072509703585e-01 1.272853781252237804e-01
-1.108293423147476808e+00 1.384167946601081667e+00 1.166844566524354532e+00
5.491059618104747742e-01 5.135966842239495511e-01 1.658755878661799521e+00
-1.218233715828551222e+00 6.026571498934223392e-01 -5.826223646546448975e-01
1.555810318815084692e+00 -1.229973088190591701e+00 3.831885299661615119e-02
1.301658910063978158e+00 6.210069063720704552e-01 -1.102255605533223548e+00
-3.738590717862353419e-01 -9.324909253787228014e-01 -4.565771934956799893e-01
3.208730096383627384e-02 6.148703698309889720e-01 -1.043530872754134364e+00
2.136617624732755905e-01 2.265093614100698538e+00 1.931976096727065162e+00
-4.423288343319712879e-01 1.198894919191538566e+00 -1.129233315327060838e+00
-7.585239514310011533e-01 8.615073243154256488e-01 -8.465765671490540489e-01
-4.433634144323426729e-01 9.056905808232564858e-01 -3.179354358061524666e-01
-1.083224430802866456e+00 3.264586512190015277e-01 4.087254505968818674e-01
2.223649864835588019e+00 -3.804513503849184519e-01 -1.005708637285623430e+00
-2.896106596099072839e-01 -4.372326692807727566e-01 7.767219553396972342e-01
4.704140643597807259e-01 4.477316078208333772e-01 -1.397996113430689080e+00
-1.064429654656030566e+00 -8.560086394067987214e-01 1.212246015348470152e-01
-1.330766697569873314e+00 5.459798125000022706e-01 4.872214892180158352e-01
6.200504679440196343e-01 -5.051395530485637275e-01 -5.004370123708902218e-01
-1.226595258285247542e-01 1.777747691990474999e-01 -4.566897913634963557e-01
3.411428924962059961e-01 1.094629545759350453e+00 -4.685490759753547230e-01
-1.059937782860155053e+00 -1.122850804276937176e+00 1.373490533005509606e+00
7.878732155174117402e-02 -1.837697760451711515e+00 5.225835691415707807e-01
-9.618087730833002613e-01 -1.358808180195929249e-01 -9.277888130117204479e-01
1.411243825657965800e+00 -4.247724691147757303e-01 2.051578439724746905e-01
-1.506807232313735201e-01 1.823621432444700319e-01 1.574880790468413450e+00
-2.249440583137505556e-01 1.811390269214158966e-01 4.088172392014561840e-01
7.223119343093792333e-02 6.177929566660734784e-01 -1.839275227208202884e-02
4.234185016060699330e-03 2.140045449598999561e-01 -6.693628313002728536e-01
1.966792310803368860e-01 -2.176176521033946099e+00 4.768850887115889114e-01
2.548232161680674235e+00 -9.992108843657727668e-01 2.299364055741267565e-01
4.293957477896530039e-01 -9.949290137076861884e-02 1.747516516808856890e-01
-7.413369208199727112e-01 -1.028171332299629093e+00 1.301086411528006970e+00
2.197393821094292474e-02 -1.092306576748636182e+00 -2.002905928052346685e+00
1.040109787279659415e+00 -7.079670106054603007e-02 3.081924041122064417e-01
-1.833614401268421901e+00 1.730540930918490483e-01 4.518163852844621631e-01
6.286288787792105870e-01 -3.140728885916267199e+00 2.964663795531296553e-01
-2.752737420659769341e-01 -1.654740220118982252e+00 -2.267292327221643422e+00
1.825602765068789601e+00 -7.335468179013742152e-01 -6.567037247656650756e-01
2.492293671538794719e-01 7.597682100297136198e-01 -8.324548698827319848e-01
-8.503837931361409030e-02 -1.621266642512298739e-01 -2.411453182186868549e+00
4.733915672751369819e-01 -1.184702053283869461e+00 -8.270250200732971457e-01
-1.708887305972339177e-01 -3.090196763040272132e-01 1.022680980116961180e+00
-8.435483969345909383e-01 4.371241227615152991e-01 -7.437638044437173690e-01
-2.475823471287219232e-02 -8.880750060302652349e-01 -1.936977839198190443e+00
1.314795795209517504e+00 1.182817695926525331e-01 -3.819960626928224912e-01
-3.263732911489647393e-01 5.488220145070314970e-01 1.762014650354118070e-02
-7.210421965548243772e-01 -1.557364347072162758e+00 -1.002611643869774749e+00
1.706189548797737654e+00 3.585032772201380835e-01 8.091747388286589793e-01
-3.635787000750931863e-01 -2.822032420061332258e-01 -5.896698330696890089e-01
1.015806732164966919e-01 -9.809156497518736195e-01 1.894074522508365055e+00
-1.653071989658548846e+00 -3.668631277291061754e-01 4.362974872720386532e-01
4.391804953622469587e-01 -6.105229581993144583e-01 -1.131552667483544772e+00
4.636739580661972115e-01 1.456806153966618611e+00 -1.034032193519059256e-01
-1.899732926444771541e-01 2.289495282178438396e-01 -1.182397387966333646e+00
1.770738336440400351e+00 -6.365949276742018104e-02 1.739831759891055762e+00
-6.118653652159400380e-01 -3.736284735042434968e-01 -7.438318227464323362e-01
6.043864139541748060e-01 8.145671510649105107e-01 1.325699957437975529e+00
-1.133141805167781291e+00 6.701989401028733973e-01 -3.494878117131998141e-01
-2.837434414364718438e-01 9.367643129819051007e-01 8.928926903679172966e-01
-6.180694942203669717e-02 -7.347756548722429448e-01 -4.550122260678365893e-01
4.640245516197292752e-01 1.346228663442074758e-01 1.280413683242579703e-01
2.090057820150782730e-01 -2.838693438437789318e+00 5.614736397008796009e-01
-6.110322422100052941e-01 -2.721156818342383987e-01 1.830082944840142334e-01
2.776944813506044274e-01 -2.891234940025535494e-01 -1.952968432496492213e+00
5.868241169485841624e-01 -1.214155902329351111e+00 -1.651557662670567472e+00
-2.285589167777958508e+00 2.090881988898131982e-01 5.111945372205904947e-01
1.140929463032509944e-01 1.009093588194254432e+00 -1.634938481567675406e-01
-7.004629483040794025e-01 2.071910755813526350e-01 -4.560675243542251511e-01
-6.665372858242653020e-01 2.532131759588835962e+00 -9.194391685189255981e-01
-1.172951417354533232e+00 1.222903327217540692e+00 5.046843166021171001e-01
-1.039520261042546634e-01 5.532555639961403982e-01 1.472162517093369649e+00
-4.584373270190773564e-01 -1.944742534241075682e-01 3.824535912629083989e-01
2.024636944556486462e+00 -1.003999481490521539e+00 -3.753138259374066421e-01
-1.023761095652363728e+00 1.589688766995611013e+00 -1.723572443451405922e+00
-3.958591397247533950e-01 3.248515771719584500e-01 1.902578697879662828e+00
1.181321584586522422e-01 6.919643376263833190e-01 -6.412302724350064098e-01
-3.247483528141671960e-01 -1.558093848476476362e+00 -1.674964034408640556e-01
8.343104541040577415e-02 5.100691962632110110e-01 1.598681757915051627e+00
2.073751010831233366e+00 5.940266455608982366e-01 7.239548086723291975e-01
-6.644766001027412050e-02 3.076590211873514447e-01 1.464810019986997558e+00
-6.352149132913591234e-02 3.879072161508152483e-01 -4.713555186872382952e-01
-6.072333040835847795e-01 -1.255381371269459923e+00 -2.220900494779485812e-01
1.036807567993969182e-03 -2.578901470038217746e-03 -7.592160011765065608e-01
-1.028340842683709067e+00 -2.759790945341944468e+00 -4.304559663068243114e-01
5.869727364501197142e-01 -5.556515576900054043e-01 2.218507309580155240e-01
-1.320374579374729018e-01 -8.050055920025736000e-01 1.010747541713988840e+00
-4.889263237491726088e-01 -3.200515599302395375e-01 -9.191377941036157906e-02
4.211208754595224812e-01 1.175320321263129797e+00 5.995061612135655915e-01
1.003966309893603581e+00 -2.184422341218819064e+00 -5.663017306654490879e-01
1.372050817280948132e-01 -2.581682676497099038e-01 1.601362635011021121e-02
-8.583048929562790974e-01 1.402248424878029587e+00 1.770983064036969257e+00
1.722295462218984774e+00 -1.816094849885160123e+00 -7.460880704643370054e-01
-1.023005510112460215e+00 -2.386172923930282685e+00 5.885727603564949728e-01
-2.011372142060230683e-01 -4.410201449009190644e-02 1.203828527253091307e+00
-5.671452266320917701e-01 -8.668558903616858657e-01 7.151554917873256256e-01
7.247900037753697289e-01 5.909954360473188562e-01 -2.380316786746672630e-01
-1.113729585396185495e+00 -1.941577211356215749e-01 -1.676128876013929014e+00
4.635844177240354413e-02 2.681600008171999283e-01 4.147479548723746468e-01
2.995043824039193558e-01 -2.012872697234198593e+00 1.719845952906084552e+00
-1.029858921548829770e-01 2.030728052778140724e-01 7.520871864391330819e-01
-2.475645291279602311e+00 3.761955359170931490e-01 2.470424579514418351e-01
7.937479669594830201e-01 -1.523748868446735738e+00 -7.022435137167315489e-01
6.283274553948627883e-01 2.155305565450276462e-01 8.448784085109452002e-01
4.327285405302370713e-01 -7.445307019887618116e-01 1.642964443044035716e-02
6.466555964852559457e-01 7.810434985207155567e-02 -4.475674182876960838e-01
-3.238663245752799735e-01 -5.132388141483501531e-01 1.714028116018972980e-01
4.789637971085908830e-01 -1.718538947664254080e+00 -9.312602251997445513e-02
1.747711744372177023e+00 2.830735684866394042e+00 -8.989794295573021454e-01
-6.451024670958919183e-01 4.143497053832676524e-01 1.393476805379858741e+00
-8.586623442317115051e-01 -8.169548101839076981e-01 -1.283884617302813780e+00
-1.739597924290759989e+00 -3.274394908577858421e-01 -1.838945240381761659e+00
6.827308276415698929e-01 6.318985395952363415e-01 1.241206838550567237e+00
1.138681886623690742e+00 3.285905727723990033e-01 -3.748896198368401045e-01
-1.164712839561968138e+00 -2.784588258373100755e-01 1.255905990695249219e+00
2.207460043257765403e-01 9.114565991920082766e-01 1.484564531647304952e-01
-6.790545901890976399e-01 2.430896125734751945e-01 5.240171395476425076e-01
-1.800930884501449891e-01 2.904381937403385794e-01 -1.473001250724482736e-01
-1.025408168990455948e+00 -4.927594533622277062e-01 -6.827346254460398001e-02
-2.392210214053054784e+00 -1.518100337951373779e+00 9.563862668605076500e-01
-1.088398309277898823e+00 -3.235952549244386356e-01 5.489424566834007896e-02
1.491847670415955562e+00 -1.619538883752636715e-01 1.368421908645857332e+00
1.969791232657479130e+00 -5.684705363982671678e-01 1.117872419167223130e+00
6.413327754455779850e-01 1.077662984458555462e+00 -9.192853326782925993e-01
1.128692724442085904e+00 3.468191380356780429e-01 -1.219977647797258369e+00
1.639187710436678991e+00 -2.114642861664241646e+00 -4.924695221695931102e-01
-2.350657776087394346e+00 -1.468680750290231041e+00 1.514819973921933238e+00
-2.953016085204498431e-01 7.693539947031303727e-01 1.474140144283552223e+00
1.311000918489493572e-01 -1.866232589962291577e+00 -6.389222953101967306e-01
-7.545318833116952673e-02 8.484816021507947392e-02 -1.080612102455492662e-01
-5.521426802486534280e-01 1.100751538975920929e-01 -1.289330460877819107e+00
-6.296301304431470292e-02 -1.025581444079963100e+00 8.769264267515926026e-01
5.513630779528766457e-01 -5.490282978427686311e-01 8.539274450447449372e-01
1.281804272984001569e+00 -8.838186313181087828e-01 -6.451609342047018303e-02
2.755204837877413548e-01 -1.765444416473779532e-01 1.213726232849552167e+00
4.736265032010770204e-01 -1.209736726075015811e+00 1.794001116705651766e+00
-2.543885013233030401e-01 -4.702930819456856842e-02 -9.996933718358527732e-02
-1.821537009138692209e+00 1.760374777734089236e+00 7.413024365957479045e-01
9.269067466402366451e-01 -9.506119734315056080e-01 2.586317881694564710e-02
-7.120552147563853351e-01 -1.503144513405102245e+00 8.737234165103388017e-01
-1.355427071599889732e+00 -2.162763805805649753e-01 1.816665746020890815e+00
-4.587281862234622309e-01 -1.454332304337193071e-01 7.675806202101245201e-01
8.729878307924164860e-01 -2.089463674281003769e+00 4.218704970019381273e-01
-3.405395809352534942e-01 1.765666286871024226e+00 1.705596462774842115e-01
5.165632137303327598e-01 2.662727759510878367e-01 -2.632914590247289466e-01
-1.177333042476541358e+00 -8.194858885272452431e-01 -1.490378269281298573e+00
-4.805415431993636521e-01 -7.951701529172859884e-01 -8.993234977959848608e-01
9.745291175347496893e-01 -8.472814392494485425e-01 -4.226931281672811069e-01
-1.251809109000854070e+00 -9.202368103962679236e-01 1.828291192718751734e+00
-4.553346158540678701e-01 -6.797634895621549322e-01 7.270593333831534277e-01
8.468122086796355807e-01 1.766897859059126386e-01 -4.106725032851981649e-01
-1.018506225122168818e+00 4.387840516316973138e-01 1.190455752943527568e+00
8.511521507619742577e-01 1.211944450488301461e+00 5.487752885208162512e-01
-9.294414101828712971e-01 -1.209078226750537333e+00 -6.912757642840218208e-01
-9.714737516827671726e-01 -7.988815705795467847e-01 -4.764070597126525142e-01
-4.806855743065367031e-02 -1.298869979335112168e+00 -6.887022911683311488e-01
1.462667352838373569e+00 -2.083992857004155763e-01 1.024871073606353544e+00
2.831006385593664090e-02 1.738348471603988088e+00 2.516564245406870404e-01
-8.576999395967079831e-01 9.301899550773591319e-01 6.674346522737568677e-01
-1.454874080456094232e+00 -3.656198796742616275e-01 6.139496891516766919e-01
1.357240262797418273e+00 2.615829302359656480e-02 9.267482427987678850e-01
1.263922059259600106e+00 9.964159198877198254e-01 1.773503442703836086e+00
-4.890504890667831672e-01 1.811713347795509410e-01 2.492592790034178496e-01
-1.920016956248802309e+00 -5.334775400643373411e-01 -5.994649459813687908e-01
-4.442433365147497870e-01 -1.125225579967968681e+00 1.097904693364824963e-01
-5.654576439369424223e-01 9.854940386327155633e-01 -5.337716692322714840e-01
8.082193353454819595e-02 3.124123737143181812e-01 -2.702991624903772205e-01
9.499044092185610078e-01 1.639415130016018907e+00 -8.378006168101873596e-01
8.065061313257598785e-01 -2.053619752411175003e+00 6.031640406210260208e-01
-8.941825311513806537e-03 4.489152221025476952e-01 8.857205034786617137e-01
-4.905334206611590697e-01 -3.443310667609839060e-01 -1.244865231010404916e+00
-1.209529962680832016e+00 3.694707128114761985e-01 3.978591608085008668e-01
1.656364361009461939e-01 -1.495107863374930679e-01 1.886282542256823291e-01
-5.318964684447721192e-01 2.816920308074052359e-01 -2.010714073533407475e+00
-1.100714842867634546e+00 -1.132465059866555102e+00 -6.702030601818611544e-01
-1.623271437673765583e+00 -4.869182763549883552e-01 -1.119014613749867770e+00
-3.429667826123371510e-01 1.553972871012608392e+00 1.339405757338305136e+00
-1.618895260914614997e+00 7.390908262595444755e-01 9.188687456320486502e-02
-5.963898240253471261e-01 -9.348321609818052158e-01 1.354353226864948745e+00
-9.269895027335495197e-01 -7.212231591190711999e-01 -2.982340047303058683e-01
-5.143923066304212366e-01 -1.385286009803369731e-02 -3.050006429206485181e-02
2.243747090940723332e+00 -8.879195716158972962e-01 -1.721548438012425963e+00
1.629465256972193188e-01 -1.385800836318065998e-01 1.002364023328346843e+00
-9.556381208947403172e-01 -8.079766839349294960e-01 1.957165587423384256e-01
1.699212939354693308e+00 -1.129968456311512881e+00 4.621008821593082239e-01
1.736686262523284285e-01 -2.822297620874377189e-01 5.897676091628343276e-01
1.305131853652185869e+00 5.721041143111188498e-01 9.324364560936622137e-01
-5.881435033383918265e-01 -6.676945558352669341e-01 -4.525869612935538022e-01
4.738849187106382033e-01 1.434076563044998087e+00 3.240482401947263336e-01
-5.092517598278399893e-01 -1.442321827475498752e+00 -3.681039590759884600e-02
-1.130292338779355976e+00 1.248101695490016816e+00 1.821611985784484578e+00
7.442634847623404992e-01 1.016727686521363472e+00 2.588982436743356152e-01
-5.958303734212350156e-01 -3.537579528209678359e-01 1.000852321831227743e+00
-4.903448371709422278e-03 -6.621787582671283534e-01 2.009358849579105932e-01
5.099063819253751156e-02 -1.591090905301507430e+00 1.195944602672480039e+00
-9.315608336108717191e-01 -3.064658528181382624e-01 -2.647748687240632504e-01
-2.891669605671943755e-01 -4.661840955472093539e-01 2.267569463514059955e-02
5.571458071382566768e-01 4.634476722168155982e-01 -1.954768586526560159e-01
1.030782313480904877e+00 -1.227206354780395747e+00 7.909138796011035977e-01
1.025427437494463856e+00 2.728136392956771461e-01 -8.110119945379081763e-01
1.040166931414422402e+00 -7.299996039591156727e-01 -1.727560710397550325e+00
1.210568995795098690e+00 1.399615266908491140e+00 4.860446187635757420e-01
-2.082648465364042689e+00 -3.990660575466428162e-01 1.448268099351356919e-01
2.044672974248316510e+00 1.297738259954287932e+00 -4.054266680257167521e-01
-1.147983232817207044e+00 -4.086645130710396256e-01 -4.565894975280610502e-01
2.340208837476800419e+00 9.257956199194163904e-01 7.652025492752726477e-01
8.205643957779441555e-01 1.278332735683256116e+00 1.238014565360193719e+00
-2.695649717357545772e+00 6.346855514532138143e-01 -2.200369071683761391e+00
1.016119235078202898e+00 1.053002647086921928e-01 -9.871575191078241218e-01
-2.089811856225289866e+00 -1.031584172451864401e+00 2.679349807392831240e-01
3.499055205675759006e-01 -2.743201391186097515e-01 3.968228306981221309e-01
-5.713502527496137073e-01 6.207106498240753112e-01 1.177691652941823763e+00
1.322655138778371597e+00 1.077774130257359797e+00 1.184203250808246385e-02
4.405558850139415505e-01 6.380348010699005146e-01 9.906705729670625682e-02
1.189705255248550531e+00 -8.137990673287592847e-01 9.616564097210116291e-01
-1.979104625180825749e+00 1.264501578243369284e+00 2.273508193162951108e-01
2.088510384623633254e+00 8.319473037319012887e-01 6.776818467268644341e-02
-1.010230478022278305e-01 6.154884074999185106e-01 -1.808155702328170800e-01
-7.034045878890239634e-02 -6.417710516103297680e-01 -7.131230304281573895e-01
-4.896589374170493558e-01 -1.176932527198633505e+00 5.493480132431535212e-01
1.352591435662272357e+00 6.913663288958119546e-01 1.005453090156005702e+00
-5.114570217612274261e-02 -3.508390638187975918e-01 4.862154205172315724e-02
8.124997615512298266e-01 -2.633670272742942853e-01 -1.872237119369958069e+00
3.822633034720515632e-02 3.074384723897193861e-01 -2.185170891492343781e+00
-1.301214970671632276e+00 3.221760382719082161e-01 1.406041010927582047e+00
1.221783801190104324e+00 1.786325533592550141e-01 1.210019363005663706e+00
2.350151938644775118e+00 5.572292666081085644e-01 8.367191915421858806e-01
1.501632548856772775e-01 2.292717998910937527e-01 6.823738840667525896e-01
5.959278044313226497e-01 1.014252618194004807e+00 -1.304448014177864157e-01
-3.396025007524656192e-01 1.410255821969005341e+00 -4.269427836568412959e-01
-5.947548721263702376e-01 1.486346928273078349e+00 -1.718850611232953240e-01
-2.885324159574350400e+00 1.260328499545339431e+00 -8.394568570378494465e-01
-8.028670519612457479e-01 -1.112652498271030632e+00 -2.109755620640813234e+00
5.362672921719622288e-01 -7.912384741922814380e-01 7.011020936890214328e-01
1.198058625796309729e+00 -1.099538096762651795e+00 6.945077068051583313e-02
5.975932160053368941e-02 7.967333097306014134e-01 -3.223858639819586758e-01
1.872184293912773079e+00 -2.440927269769628538e-01 2.395592739728047704e-01
1.026517540560151875e+00 -5.097802011216493456e-01 -5.210301874722117477e-01
8.711780609611463611e-01 6.244317126807942264e-01 5.453223443102168666e-01
-3.958724074294137640e-01 -2.206181414830535648e+00 -1.534536910987865377e-01
4.812676256902512772e-01 7.589013387862152404e-01 -9.464934721310228616e-01
1.439057125861628941e-02 -1.239888882935672454e+00 7.210835771883762346e-01
-1.191086608002971614e+00 8.131218651807534670e-01 3.095161075883025581e-01
-3.735230385774268580e-01 8.106437666474057835e-01 9.193249373461951368e-01
-7.263497394811854191e-01 3.382213011616175824e-01 3.171757918636965851e-02
-1.512454577164516478e-01 -1.225262302237513312e+00 -5.304121386927176385e-01
2.110372845987008361e+00 6.364791368207415312e-01 9.781161534629897458e-01
-1.970614026879867475e-01 -5.252002744604387097e-01 -4.593333337893517609e-01
1.658665629424434240e-01 -9.485454424040574706e-01 -1.515515171548338591e+00
-9.301566950756068319e-01 -5.597655241639662993e-01 8.242013742842221324e-01
-1.632193082325058997e+00 1.441129280372725807e+00 7.762932244417825034e-01
8.206295615583472092e-01 9.631255473383931731e-01 -3.926782132441057616e-02
8.470786751581373120e-02 -1.058736103441228593e+00 -9.683246520176759242e-01
-4.053670688429564795e-01 2.119690733999183285e-01 -2.604925591708660559e-01
4.863680548049508640e-02 -1.363687332708537925e+00 1.109698688892990281e+00
3.486288725146947653e-01 -1.584322507816573689e+00 7.451997915573663755e-01
-4.436941131429165269e-02 2.606819009346779681e-01 -1.832200424639705671e+00
8.803943064339421198e-01 -2.228605297509046235e+00 1.451007172104126219e+00
1.462331752934776352e+00 1.013787419750286078e+00 1.607999125466353263e+00
1.838896219732873150e-01 -2.429739203622341415e-01 5.120820990935242012e-01
-9.789831082420262787e-01 1.543415046129851531e-01 2.557937544337592350e-01
-6.555979388601750335e-01 1.167166884998106224e-01 -8.938077493351249680e-01
-1.162030730983165228e+00 7.883829951294197835e-01 -1.424978443800010819e+00
5.669844868773089575e-01 1.362424972905494636e-01 -2.161181733665008320e+00
7.454227132375715881e-01 -3.845623928329683361e-02 -6.000506440884674220e-01
-6.629867883307836995e-02 1.571884944730879766e-02 8.923805053798630205e-01
-9.304467242236660329e-01 -1.120274771636747158e+00 -6.277003887427820006e-01
2.080883761098979434e+00 9.318150726277582008e-01 -2.302656347985580609e+00
5.502389860894133511e-01 1.439202181430625782e-01 -1.817963400668490548e-01
-1.127436066616463783e+00 -1.800513313094085799e+00 2.867750009371467512e-01
1.827799395783472169e+00 1.997041860871631158e+00 -3.943258387580806934e-01
1.881772592872293259e+00 -1.384864538450064908e-01 -8.160871778012983579e-01
6.349191488655477889e-01 5.911199995948333008e-01 -8.559493066818570917e-01
5.373857295342722162e-01 -1.080649844106283258e-01 -1.155163791656906858e+00
2.300178248958161323e-02 -9.999879168054946754e-02 -5.642624017660795577e-01
-1.220142229127079370e+00 -1.199150550117378256e+00 9.344142345605721545e-01
-3.445690969843874241e-01 2.099391002467548173e+00 8.903294332399462885e-01
1.099997707030497991e-02 5.961693585501408599e-01 8.274045369807346562e-02
-3.337717014229553691e-01 -4.090342631553590125e-01 -1.539417423867965429e+00
3.056586564197262268e-01 1.592527647956436254e-01 1.264578401026915377e-01
6.726787922259253039e-01 8.478998634595414918e-01 -3.503484607550848007e-01
9.032024014434786308e-01 6.820335466221617571e-01 -6.855303622092754345e-01
1.619373985817865735e-01 1.038181661125312738e+00 5.762862148630479853e-01
-3.757952351438522132e-01 5.884076319235954644e-01 -1.280737250006362071e+00
-9.476909802462480936e-01 1.568457200983740807e-01 -8.343360910790957874e-01
-1.322439239849354742e+00 -2.232826953135212400e-01 1.340193488036554248e+00
-3.127065561905983948e-01 -1.386149756281856438e-01 -9.589070543801434532e-01
-1.993122617088636472e+00 6.228203161231674057e-02 -2.199107380033119008e-01
-1.460336513234277600e+00 -1.765670592786337423e+00 -2.203533785098082731e+00
-8.619569854867130676e-01 1.041113121993117785e+00 4.976361581753496743e-01
4.198946961899018282e-01 -1.063280591400067143e+00 -9.321097827524781332e-01
-4.615510118614906121e-01 7.368705946683064001e-01 2.479348902866645443e-01
1.757234466085889180e+00 -9.306370854576611062e-01 -3.939864223373805152e-01
1.486453271726351222e+00 6.433300941288216945e-01 -1.434331218669193886e+00
1.514187379208219858e-02 -7.690600136686909227e-01 -5.807352015681098711e-01
6.322400228133250033e-02 -6.895816339477107704e-01 -5.504547068734293447e-01
1.839909191599605753e+00 1.116477839800865457e+00 1.039688998018061028e+00
-1.628325834471438416e+00 1.821946861267410567e-01 1.973165759821391640e+00
-2.739157032354094246e-01 -6.490719418109479610e-01 -1.643594450741563406e-01
3.730568149766153585e-01 1.183152483083997453e+00 2.639537523788922924e-01
-1.898471069194980210e-01 -1.073681510219216095e+00 1.343430360827036596e+00
4.800898807070720919e-01 9.888932284457123689e-01 2.165936395058584985e-01
-1.012446743133305294e+00 -1.228678967416604095e+00 -1.745676161025540463e+00
8.312911443359003449e-01 -1.274614855677512315e+00 -1.137632688661920799e+00
-8.202231174935948887e-01 -9.333380172022505139e-01 1.035969344836884298e+00
-1.342347087771507352e+00 -2.723928838584284140e-01 -9.934175049257799872e-02
-6.460152626774052775e-01 -1.041392758891839465e+00 -3.342731845723043715e-01
8.682752741282235842e-01 1.233598673120756883e+00 4.972638839809189748e-01
-8.714537331131596565e-01 -6.319232623688626482e-01 -7.513907326697538691e-01
-1.971689763900358550e+00 -7.328175794472809867e-01 -3.714830984311539575e-01
-1.404789568818222367e+00 2.476144689895445061e-01 -8.353334521870335871e-01
2.042463054922207810e+00 -2.052503958604047773e-01 1.902326077799225912e+00
4.772748899414994694e-01 2.873276720717929944e-01 -1.133179390370902262e-01
1.067309781569900085e-01 4.977706241831950651e-01 -1.563552981633309136e+00
1.984517306463392305e+00 2.091113947814734197e-01 -8.885347223255101179e-01
1.045342989766866321e-01 -2.083422072822266879e-01 -1.112334854837495168e+00
1.247639117631358929e-01 9.207519801673171855e-01 5.337219856009148833e-01
-1.290564597984585671e+00 -3.755228094803759298e+00 7.996249285726431122e-01
6.356425002466582763e-02 -5.095836266974802520e-01 9.603135057575170608e-01
-7.486947552019957985e-01 7.725209974612697872e-01 8.957689972012677915e-01
1.179860141203196156e+00 -9.167653237142940892e-01 4.905472851278513402e-01
4.381113085510024985e-01 2.419545730881700774e+00 9.057491516126084941e-01
-3.674480778263459341e-02 -1.074615699282296832e+00 -1.496223197687803097e+00
-9.779846440067262447e-01 8.409662099635671906e-01 -9.514952745818782143e-01
1.135461032149568616e+00 7.884276841943828051e-01 -1.339329797370408137e+00
-5.625482286052021497e-01 -3.637383978435265175e-01 9.499866626090588406e-01
-2.583525395918176759e+00 7.771687044140797307e-02 1.077473864198709608e+00
4.317806844665550980e-01 -6.067606824113912500e-01 4.013519672716307253e-03
7.778517878733985924e-01 3.088034915237371170e+00 7.325420043690524796e-01
9.476076300231485172e-01 -4.899520107134535674e-01 -3.827293071709308991e-01
3.378790457159723259e-01 4.734443025508518893e-02 -1.441818220552309460e-01
-1.842504748305616058e+00 -7.113140484986210099e-01 -2.025232226594437801e-01
-9.757816144847277773e-01 8.119024374695678059e-01 -8.523247228251338292e-01
-2.748898508764413551e-01 -3.297609864344166919e+00 -1.176185467291478437e+00
1.389441245620914311e-01 5.897373406765291648e-01 4.507018898547522912e-01
-3.090557459068706339e-02 -1.407273863975371797e-01 8.906912231231318700e-01
1.083593307305810605e+00 -5.386528647546178633e-02 -3.571308970249579273e-01
5.698918936912479305e-01 -3.611593829840883951e-02 -3.568062048949396936e-02
-1.645748744225903781e+00 -3.976812585262220479e-01 1.214527588542480441e+00
3.902754615395178511e-02 8.202172662691109561e-01 1.103002612719053942e-02
1.436098489977805537e+00 7.192869285080516484e-01 -9.393290606203978932e-01
1.113155943286354921e+00 -1.734010659712174052e-01 1.063528955451573388e-01
2.485837935997396553e+00 -1.025232336527940602e-01 -7.550382310125346441e-01
-8.383272727586498219e-01 2.095388009225736425e+00 8.190583558942325995e-03
-1.091005467166353382e+00 1.735817787547169200e+00 -1.740948143347790245e+00
7.836377950158833761e-01 2.283820027881979797e+00 -2.113585789647162372e+00
8.759522438842781700e-01 -1.823422537409693789e-01 -2.282574333130569233e+00
-8.753536250739879510e-01 1.737132942138201741e-01 -1.093031320905070380e+00
3.381833589970845155e-01 6.794827093904575177e-01 9.850113279991149495e-01
-1.538985582259200458e+00 9.505176025872993373e-01 -9.877746946561428987e-02
1.687294013211483978e+00 -1.273686241374575978e+00 -3.491939575195654455e-01
-3.362663412799427043e-01 1.294423580283619479e+00 1.172335502900855531e+00
-8.018680097668388906e-02 7.972901428670906565e-01 -3.508435497393614377e-01
1.734021375620480754e+00 -3.757882118522180570e-01 -3.963413894112052249e-01
4.207419239921679210e-01 -5.076123874004772052e-01 -1.366202927159794467e-01
-1.790621203089464375e+00 -1.577635297209551979e+00 7.150358630998868703e-01
-3.815931915881048270e-02 -1.102791954036888233e+00 3.110959528514739558e-01
2.527907406960689385e-01 7.974839645831955925e-01 -9.207373152287358087e-01
-2.642701585817412990e-01 -1.570908857354347932e+00 -4.967170777607183840e-01
-6.517412517053415844e-01 -2.181255015583956069e+00 2.480832874254623732e+00
9.292848247541802831e-01 -1.356086470717385417e+00 5.583632825970448188e-01
-3.368653230971139223e-01 -2.049215959568111423e+00 2.495029726199526066e-01
-1.192434948783962723e+00 8.333359579376220516e-02 5.921383896922365331e-01
2.291888018422343076e-01 4.819241906259588704e-01 -1.026567742284049817e-01
-1.027766829390425879e-01 1.879583414920885653e+00 5.633718963108670652e-02
-2.059497630980842292e-02 -5.390535490744526870e-01 8.680874610154614146e-01
-2.171207403348440201e-01 -4.502058451078119750e-01 -6.580613833796731260e-01
9.265133310446662662e-01 -2.424102971079520608e-01 3.534785503119723393e-01
2.082784739785261408e-01 2.051274888021565879e+00 -1.056886902470999950e-01
1.191672310306492566e+00 1.080093489916730487e+00 4.470376217208134051e-01
-7.084884023695875443e-01 -4.304966979235148039e-01 -6.827674595268501401e-01
9.394880520762219356e-02 -1.039535339138159209e+00 9.827473103654660314e-01
5.056038560348194988e-01 -7.511510464383290842e-01 3.669592454461531594e-01
1.336565058489000313e+00 -2.666487859605293220e-01 8.621572411638370736e-01
4.829329437140297276e-01 -1.230118245836965940e+00 -5.780583050045339233e-01
1.005150930263789322e+00 -7.253137996276884936e-01 3.488969182722123641e-01
8.370647095128275206e-01 -4.172383860970248493e-01 -4.347408894234435633e-02
-1.023931763526752386e-01 -1.181482500518638679e+00 -9.357986244808267351e-01
5.553573449277627860e-01 -7.418629632331381618e-01 1.285990244024848815e-02
-1.492558851861565339e+00 8.491685216951695425e-01 -7.292226729154617226e-01
1.148300824819237453e+00 6.808542364933117819e-02 1.571359399844741933e+00
-1.038592740358996735e+00 -5.686662668838480261e-01 3.542138659261821476e-01
-9.225020324434559660e-01 4.697854195603051175e-01 6.569904846076483063e-01
-2.803011893784140840e-01 6.015152341867887609e-01 1.388600538762288839e+00
1.312649076455305375e+00 -1.277893568537544100e+00 -3.751063655260545304e-01
2.670509812063394106e-01 -8.516092754418895794e-01 -1.735117297899467337e+00
-1.096473160129135316e+00 4.185145719165510036e-01 -8.725352458026978120e-01
3.822306284398256926e-01 -2.101713047070880691e+00 -2.022541044671106736e-01
6.401293313757587811e-01 -1.439394385449562996e+00 -1.713107525495228822e-01
1.562606129747730055e+00 -3.623323536581838367e-01 1.758385558646377911e+00
5.241451256256999258e-01 -1.122849848924787119e+00 -5.354299625086679226e-01
2.132520078727787594e-01 4.662824196729452031e-01 -2.151744332387410363e+00
-1.792704225497226300e+00 -3.960795526745499590e-02 2.153587422216531322e-01
-4.228376400864938822e-01 8.273996237167530188e-01 4.449171287197400404e-01
-1.529251971227613360e+00 1.031488205688021464e+00 -1.477770176808259339e-01
1.398251994437474666e-01 -1.792838429887557039e+00 -1.083954587692320670e+00
-7.717963467536320676e-01 -8.113722531485954015e-01 1.506424873385420471e-01
-8.809893075323900202e-01 1.144143490143506581e+00 3.958943277525219795e-01
-9.383079724889886730e-01 -6.300519250965711526e-01 1.432618977754538836e+00
-2.528514967370885658e-01 1.664710118672529590e-02 8.457175871818075619e-01
-9.997745398622805979e-01 -2.997492427179094254e-01 -9.426937761231706236e-01
-9.447330691327570085e-01 -5.403365631822634185e-01 -1.766991971258377037e-01
1.346231542511818979e+00 3.670216726723558587e-01 2.138682516373727194e-02
-3.871493717403602930e-01 -2.137306099923270253e+00 1.271053170768831730e+00
-2.672241401886238599e+00 8.002034598723122005e-02 -1.368562387857069407e+00
1.416694293208067057e+00 1.095994788818582366e+00 -6.743864691712418979e-01
-1.213673470036650492e+00 -6.082577488245248798e-01 -9.576488482585822082e-01
-4.269126847419403292e-01 -1.194478699512826703e+00 -2.803501232074188998e+00
-5.279245666378110657e-01 -1.237854284541297867e+00 -1.210223456138839637e+00
-3.367302640156092375e-01 1.838454322622572912e+00 1.022457868457357311e+00
-1.436009921448698767e+00 -1.751815424101363039e+00 8.165555026940357619e-01
2.807018011806293178e-01 -8.143879492506680418e-01 1.002934119779417044e+00
-4.395724595050493066e-01 5.933912307489985771e-01 -2.390804118998015149e+00
-2.119207472216593502e-01 6.397929499607563075e-01 7.857727424377559666e-01
-1.121573812912568968e+00 3.637178512265923924e-01 -7.865675834839311875e-01
6.413239145477865610e-02 1.841902372717556968e+00 2.872022547405416737e-01
-1.795118204509135840e+00 -1.331211478942320170e+00 1.717236338497085901e+00
-5.429060322609563505e-01 -1.014536690244955963e+00 3.864186086306473089e-01
2.469578357200835850e+00 -2.243329159163716668e-01 1.113775672349342605e+00
-4.212729659104188507e-01 -8.827971025706593533e-01 -2.115164015030069067e-01
4.972865863790177920e-01 4.117968565306596301e-02 1.821997700363362283e+00
4.201872915337405145e-01 -5.541633542029933412e-01 -1.778308996026929378e-01
4.962592338607322295e-01 -7.031922134054748030e-02 3.295564733659202550e-01
-5.399616192132514758e-01 -2.154621213327474402e-02 2.522467397135179645e-01
1.243894460031055971e+00 -1.317644155835734077e-01 1.074257298183360243e+00
-7.937344693752272917e-01 -5.680818326787410166e-01 -3.775320682086888424e-01
-6.595498079483145260e-01 -1.045324573372770738e+00 9.295957958778608976e-01
1.264600161621677044e-01 1.508281255491160877e+00 3.861267564907256977e-01
3.429060724557652651e-01 1.280878665873945166e-01 1.704107436198019521e+00
-1.096120747800100714e+00 1.581250616530621933e+00 1.430413602705704390e+00
1.279183788815771772e+00 7.100802081798086585e-01 -1.018727158094786811e-01
7.738224226344642132e-01 3.100267209644695932e-01 -1.302716018080657401e+00
2.970296050753749861e-02 -1.125983829406828507e+00 1.081265452852702591e+00
-1.553701076397946412e+00 1.648061077008111885e+00 6.222684798793183258e-01
-8.880397861602449261e-01 -9.726573158417312071e-01 -9.802787493600649826e-01
-7.822114565761282279e-01 -9.388501512619960021e-01 3.195887239066326491e-02
-1.139251620155522504e+00 -6.690715613694125929e-02 2.998467783467205217e-01
4.224175405848354381e-01 9.230132912854541738e-01 -4.077578546428852757e-01
-2.010380735832419941e+00 1.405707324708471262e+00 -9.384736434284378648e-01
6.159147916487904828e-01 -1.038990230716736241e+00 5.948821709845535377e-01
-6.963902344196226668e-02 -5.563063597626585199e-01 1.074488641569589092e-01
-2.471391998265273227e-01 -1.426596819182475828e+00 1.165039518925639506e+00
-5.088802754273838991e-01 6.540749161471122175e-01 -1.502283949687888143e-01
-1.376901531573584858e+00 -3.755320261305769569e-01 -8.879258007326887303e-02
1.277559886908270249e-02 2.042136759854036310e+00 -8.207752445495208882e-01
-6.975172943136436210e-01 1.332221153284636861e+00 -1.197821227168322178e+00
5.145015313238293642e-01 1.066940916158340110e-03 -2.311261613862614639e-01
-3.721268006200639245e-01 8.998259595078476059e-01 -6.212428631350263020e-01
1.354077772436528271e+00 1.074272778235109138e+00 1.163165001620128369e-01
-9.853051316919726466e-01 -7.201831817940781422e-01 -1.635898326914323908e+00
1.268358813411731401e+00 -3.298259394003877909e-01 -3.097825708876246753e-01
4.333479294614627220e-01 -5.969099230834331582e-01 2.807996662873852856e+00
-5.852066036656187187e-01 5.424465331084157294e-01 1.634261976887291690e+00
-7.555776554598491179e-01 1.086508559536503382e+00 5.646040625678597769e-01
-1.514206989329227593e-01 -7.086015573565662695e-01 6.770573028532905768e-01
6.112245152265260995e-01 1.208698530577209107e+00 4.141876914914401908e-01
-1.337519514172389234e+00 -2.123156467633618316e+00 2.371448002752768458e-01
1.912917478463597831e+00 2.172333657230959836e-01 -1.373453331441660541e-01
-8.525509100236065008e-01 -2.805460591412058946e-01 4.334944492656336162e-02
-2.426709706021254576e+00 -3.524648138509792195e-01 1.868379738744621044e+00
1.326119530050850592e+00 -1.986638160997554747e+00 -1.395491290809675267e+00
4.081862516325422408e-01 -2.934425759337516149e-01 -2.440907055214996263e-02
1.528916486895288696e-01 1.131810653760057628e+00 2.135239188660163823e+00
-4.362993563580517820e-01 9.934816582749429470e-01 -1.728870059310338547e+00
-4.959365163687999289e-01 1.188899050228629406e+00 3.154491470575843670e-01
-5.996804229295173982e-01 -6.573988359034669271e-01 -7.246522425701958092e-02
-3.997013856929025888e-01 -6.776050463376082078e-02 -1.181005098195855973e+00
2.595894474928242546e-01 1.669485674807908326e+00 9.976530463738911836e-01
-6.776591703001276779e-01 -1.143697144010231037e+00 -7.642821748610920674e-01
-1.376868594859554484e+00 -4.093721721334440677e-01 5.892632225191890560e-01
-2.717091674077400931e+00 1.008019796565022164e+00 2.728088028838626666e-01
1.679365767581851410e+00 2.025946880263781225e+00 -1.478577258515501924e+00
-8.365515204067878186e-01 4.203813698664701781e-01 -4.033033394912487885e-02
1.793320484262908687e+00 -3.972267872782517806e-01 -4.711398158257717461e-01
1.156849714683145125e+00 -8.801891414776816802e-01 -5.668843519201134384e-01
-3.985773819484002972e-02 -7.570505119237173064e-01 7.754226500585104966e-03
-1.679824203504601265e-01 8.508502956359977887e-01 5.412389120297228517e-01
1.499546407304397144e+00 -1.489422715761723297e-02 8.080617670912885186e-01
1.311191731713825304e+00 1.820002744674626083e+00 4.448067051526101157e-01
9.788602751963251247e-01 -9.007647766678836820e-01 1.954690385582969592e+00
-9.724063631436898891e-01 -7.974752488549217144e-01 9.754615000068282971e-01
9.475274694946678178e-01 -4.045845022642622357e-01 2.697163249197670476e-01
4.824203833914151862e-01 -6.526349674258786759e-01 1.252444879425097968e+00
1.043440503966732047e+00 -1.470111473653553880e+00 -4.032929598965593332e-01
-1.072806001614035498e+00 8.929760801604375020e-01 6.658461588432381673e-01
-1.534911555251934123e+00 -7.590844801265311803e-01 1.364376835646011088e+00
1.206635374575115049e+00 -1.071942935809472530e+00 6.275385169030642807e-01
3.658595387095172624e-01 1.768270833240919715e-01 2.292298544461543131e+00
2.590967904333578153e-01 -7.694673481457647846e-01 -7.107082422818058465e-01
1.362731533553402097e-01 -1.987628874784205801e-01 -1.612141617323452403e+00
6.840709519249131842e-01 2.237375821022638822e-01 -6.047729203088455519e-01
-9.482686997291114306e-01 -2.981017477971045215e-01 2.598001059599972518e+00
4.354449372516278061e-01 -8.610345254358746647e-01 -9.783409750294647100e-01
-1.475427063700319952e+00 4.701948749005477879e-01 2.039763919103248224e-01
-4.958051297374303501e-01 -2.965372693968317819e-01 9.508142237176837597e-01
-5.555110163346604901e-01 -1.172769324721224526e+00 -3.981943483230289682e-01
2.288786776194209338e-01 -6.721525282386591194e-01 1.572011933999896138e+00
-1.654269646411036465e+00 -3.419441739137147884e-01 -4.132884224251501815e-01
-9.720515590750823387e-01 1.031877063057521138e+00 1.466025946689019754e+00
1.701971860248275181e+00 3.374349787111991517e-01 -5.497470956725564184e-01
-8.819770352012298864e-02 -8.680481104070539855e-01 1.020299348209788626e+00
5.827335614565169741e-02 1.688161632237270005e-01 -1.260616439542188161e-01
-2.444785706655989155e-01 5.278378455626496768e-01 2.465119157445427589e-01
-3.534844189308228302e-01 -1.386686119003616602e+00 3.520489290054643616e-01
6.936456243595142679e-01 7.185471032352273024e-01 1.126640865741209474e+00
-1.487055401646824926e+00 6.988512530868257189e-01 1.408516446634538455e-01
3.037357051488934201e-01 -2.662653577081558476e-01 -8.456691575669020855e-01
-2.447356270255147681e-01 -3.672708279419710231e-01 3.817386054713585442e-02
