1.255172894051743704e+01 -2.041653299843924785e+01 1.112458098827158876e-01
-1.263308279144955648e+01 -2.047146485675462557e+01 -1.353087723945598231e-01
1.231782580803793614e+01 1.993984742041326186e+01 -1.266423933605020091e-01
-1.204512266896876049e+01 1.952060363422847900e+01 1.710444236287107485e-03
3.020876791907319697e-02 1.294344844140730366e+01 -1.846129576833416479e+02
-9.422263509131696690e-02 -1.299833757210001295e+01 -1.842389042174771419e+02
-9.765818843388488282e-03 1.364570490754381460e+01 1.908085548583060245e+02
9.972652157535720485e-02 -1.297619152774245777e+01 1.837794916322381766e+02
-2.120823680996881322e+01 -5.858914778711841326e-02 1.168124778495534315e+02
-2.166339086271659298e+01 7.151851248901552882e-02 -1.206926060134830578e+02
2.038905102750704046e+01 2.481793754428862284e-02 1.132227348316179558e+02
2.064628210058607038e+01 1.367519230779075667e-01 -1.140419952590069244e+02
3.109257690078695568e-02 -2.387093658282390152e+01 5.706393351181884149e-02
2.675464435013313880e-02 2.312636651383141029e+01 1.360486191394389213e-02
7.587736598153912659e+00 2.023059753159898477e+01 -1.103207659922760513e+02
-7.328399716192315339e+00 1.932519529275922920e+01 -1.051731131637683916e+02
7.273314580876080626e+00 -1.915430480254228840e+01 -1.040584417304712446e+02
-7.397230599796354333e+00 -1.961528468446330109e+01 -1.067424565512583712e+02
-6.133764790720424784e-03 9.893246965894161860e-02 -2.149495081447296627e+02
7.126858151877995873e+00 1.982143191222876766e+01 1.067151356906402242e+02
-7.535786768760441845e+00 1.960612413731480430e+01 1.061607610192683495e+02
7.439560234171519681e+00 -2.004023395864139445e+01 1.096206719568110373e+02
-7.052878802093564659e+00 -1.908320279848688727e+01 1.029466643249802047e+02
-4.898604259935171457e-03 -1.979626914376992827e-02 2.226752518616860925e+02
-2.025117846369472474e+01 -1.282171412575908498e+01 7.154918404991975933e+01
-1.823305486676345311e+01 1.147461072240966828e+01 6.498167527220347495e+01
-1.132428730175730713e+01 7.234320660127960601e+00 1.633258104991491564e+02
-1.232595108426415109e+01 -7.492330370279561613e+00 1.739871902348190531e+02
-1.963490265650677813e+01 -1.246237113363135940e+01 -6.955039517192074072e+01
-1.849128127408081568e+01 1.155245411856268234e+01 -6.513324601701820882e+01
-1.167164671537797815e+01 7.277792784633567713e+00 -1.665548015406938305e+02
-1.227638599616835791e+01 -7.416573259118874439e+00 -1.742159922540926118e+02
-2.217767692725962903e+01 -1.123220964618222920e-02 -2.939996336286036793e-02
1.848255229905671726e+01 -1.163622424375924069e+01 6.595673937296598410e+01
1.823159278901416513e+01 1.133399568497538823e+01 6.436232388595904297e+01
1.177807605876433428e+01 7.368661053508835934e+00 1.685674524132621457e+02
1.146311693803033727e+01 -7.321854120582732328e+00 1.651861690104288698e+02
1.849139944584585393e+01 -1.155232839511311838e+01 -6.513101426954888495e+01
1.947946765365163913e+01 1.232026567406735218e+01 -6.790373231444854696e+01
1.146653135127617773e+01 7.287714794799957652e+00 -1.652155754987983016e+02
1.212907869143670858e+01 -7.502983514127470777e+00 -1.730421185674208573e+02
2.259809429890830756e+01 1.908743500165571011e-02 -3.254019373974979812e-02
6.686438452467919014e+00 -2.350578050403924024e+01 5.159040318856990964e-02
-6.327378010550152254e+00 -2.223298566526198883e+01 2.355577453602447288e-02
6.219377160698842388e+00 2.181152843868737889e+01 -1.569061086207867647e-02
-6.292589445049231678e+00 2.212222308020403716e+01 8.907358717758603189e-03
1.073657149799894128e+01 2.139507437546961199e+01 -5.938452721944757684e+01
4.004330957542869385e+00 1.677101000339594350e+01 -1.501437935763006521e+02
3.762406752200091020e+00 2.383811170931177870e+01 -6.239878920704740040e+01
-1.041940181445264457e+01 2.063609186572269039e+01 -5.744623385591804521e+01
-3.656499678432677758e+00 1.590699905306250628e+01 -1.419992141532578671e+02
-3.705552694031048588e+00 2.387431954986135807e+01 -6.213401989627969613e+01
6.476310249356648230e-02 2.082462633302026234e+01 -1.122953543734293618e+02
1.041397717477119933e+01 -2.059968507311531383e+01 -5.743098357570173818e+01
3.655478087842647827e+00 -1.590843179260099305e+01 -1.420001268897326270e+02
3.611460470436928194e+00 -2.259258990407039036e+01 -5.949822282376408822e+01
-1.064557439406294925e+01 -2.075733225669414850e+01 -5.830442416549427520e+01
-3.925298716519805442e+00 -1.680737353995273153e+01 -1.500735837091299629e+02
-3.585289493952630746e+00 -2.174962018424433552e+01 -5.701516354386794916e+01
-5.877072341009141609e-03 -2.067697683358379024e+01 -1.112875117085533674e+02
2.199825049423984741e-02 6.162570185406392120e+00 -1.972002032555983249e+02
1.186413095854413000e-02 -7.146084527736022984e+00 -2.237008597212273457e+02
1.006613675323084145e+01 1.986510392446062667e+01 5.615357285454206959e+01
3.695683046791872872e+00 1.609096612459353182e+01 1.436527969138278706e+02
3.449403734392290310e+00 2.363782959978871645e+01 6.163483097513157816e+01
-1.016390027685948283e+01 2.009152702890586895e+01 5.657263784836309384e+01
-3.634900910568533483e+00 1.617143025913378551e+01 1.441759853750546085e+02
-3.735896474553992874e+00 2.399209989052013725e+01 6.306418239130108105e+01
6.482751056229009434e-02 2.212643389805867855e+01 1.202942694627296731e+02
1.100252370715462824e+01 -2.172815092462234077e+01 6.176230265025778721e+01
3.575454238599947487e+00 -1.596827000332312707e+01 1.422605261182019944e+02
3.889138140460808302e+00 -2.467542973153127051e+01 6.411971568849092762e+01
-1.011573656293107959e+01 -2.004863147453280092e+01 5.521045911106677551e+01
-3.581654184117444295e+00 -1.579200546935650173e+01 1.408579490864540560e+02
-3.593559356033082963e+00 -2.372120607678678184e+01 6.244864342439527150e+01
-9.256486860688509233e-02 -2.172495153753528285e+01 1.182929631287649386e+02
1.075790872330265741e-01 6.882348595387911772e+00 2.180438133396255296e+02
-1.149844978633395151e-03 -6.485579828734598706e+00 2.064718741690839749e+02
-1.704887714159401924e+01 -1.765872210579420098e+01 3.870914315423813434e+01
-2.262219472749342231e+01 -6.847444730256722067e+00 1.029240051358077466e+02
-1.389680319876923242e+01 -1.615100309553381663e+01 9.126699254118827298e+01
-1.543988568671061223e+01 1.587519686054971046e+01 3.465863749519868264e+01
-2.033828811656262658e+01 5.972996173379116591e+00 9.114212598729756110e+01
-1.373295399475299128e+01 1.574157325005715968e+01 8.897787807843934615e+01
-6.063879838774615116e+00 9.973331001462721446e+00 1.744500423226530188e+02
-1.605809035249034267e+01 3.688053925368477426e+00 1.401815697710929953e+02
-1.027686687695416268e+01 1.372093400342488323e+01 1.423218443386379022e+02
-6.672972879291654280e+00 3.818830697850279510e+00 2.076642497258732760e+02
-1.612321569740476335e+01 1.020237867925186137e+01 1.222514753583249671e+02
-6.328966748280592469e+00 -1.052840621431151291e+01 1.855791348950280621e+02
-1.712681791452408575e+01 -3.926120666648539537e+00 1.491552381747739844e+02
-1.010094729077302844e+01 -1.364849415781327480e+01 1.408864890428703234e+02
-6.489999641772503658e+00 -4.037230109684973201e+00 2.077554075703837384e+02
-1.715502789432423469e+01 -1.106570640296877173e+01 1.315366342129139241e+02
-1.231009989601288979e+01 -1.030986593560718756e-01 1.779507967468445315e+02
-1.735904536623903738e+01 -1.807814089003915115e+01 -3.893356012392397503e+01
-2.111888634859112202e+01 -6.271868827175113736e+00 -9.454912716875284673e+01
-1.435490947486967528e+01 -1.684010045122592558e+01 -9.460918112616494113e+01
-1.920373361589891559e+01 -1.230933989349261282e+01 7.749807208390580016e-02
-1.585485719793020820e+01 1.629321838697556046e+01 -3.556325848253659672e+01
-2.028905548513152368e+01 6.088557786123925730e+00 -9.153261828560070512e+01
-1.398115563317980481e+01 1.635298871449182556e+01 -9.186059991603532637e+01
-1.854153121969918416e+01 1.188593538100623803e+01 -4.488794952296961543e-02
-5.953899275513265366e+00 1.006478190962802088e+01 -1.753797541829277691e+02
-1.658434545055679266e+01 3.945625132044406680e+00 -1.448112573077353318e+02
-1.001606506559186727e+01 1.365661654227159971e+01 -1.405237157943923023e+02
-6.208266037031700435e+00 3.741073249472043560e+00 -1.971815201859433557e+02
-1.579728869796973001e+01 1.004091257224138012e+01 -1.192245047783017498e+02
-6.294912489519455256e+00 -1.054707654521394566e+01 -1.854768145725726072e+02
-1.775353327266961045e+01 -4.046504377914923900e+00 -1.553414626227953761e+02
-1.046687391470079298e+01 -1.410576540581833527e+01 -1.455698612186854461e+02
-6.395338934291447508e+00 -3.964693720981538050e+00 -2.011826351796293864e+02
-1.654117579537496852e+01 -1.056043484058177562e+01 -1.259532985700449075e+02
-1.230788102835809283e+01 -4.781481085894244420e-02 -1.784114613967751950e+02
-2.309356263512326279e+01 3.984383345540659649e-02 5.993239571770395457e+01
-2.249815371174171830e+01 3.840720208529450896e-02 -6.029124963491281619e+01
-2.206290377639275491e+01 -6.464721644781342036e+00 3.600649570218725870e+01
-2.126856834123391948e+01 5.968662710394783133e+00 3.461971297681500914e+01
-2.134042434674116961e+01 -6.018482402427439482e+00 -3.443019710392407973e+01
-2.125033380097054803e+01 5.940309412320237570e+00 -3.468130230640929312e+01
1.598563444311412418e+01 -1.653701883469927836e+01 3.569638036046421803e+01
2.032289324378987772e+01 -5.977973649134456835e+00 9.114331804299821727e+01
1.382673322075630828e+01 -1.593902816495753427e+01 8.980326529288562654e+01
1.519762592773136056e+01 1.556507024791815397e+01 3.395485303670979249e+01
1.965160748946280123e+01 5.851283872280674814e+00 8.837506453675521811e+01
1.406521621898754759e+01 1.614314642973999270e+01 9.125636950248906487e+01
6.195355827108372182e+00 1.036644873526379662e+01 1.810264416659476012e+02
1.625183369255196197e+01 3.717631710079843277e+00 1.414184012045667487e+02
1.030020792200577162e+01 1.429427978226614826e+01 1.465911127670560177e+02
6.836877119564841898e+00 4.075200263851738391e+00 2.194988776370785502e+02
1.613508802911693607e+01 1.051581463499795888e+01 1.234990814056047554e+02
6.025741024189517958e+00 -1.004332036046972654e+01 1.750785975564589023e+02
1.605735537417315584e+01 -3.695519702079380853e+00 1.401827945550936647e+02
1.033099953257244863e+01 -1.402871788648920237e+01 1.447313327863367647e+02
6.204700104815232820e+00 -3.709454159647988636e+00 2.027931932236968748e+02
1.612688741208580367e+01 -1.020573556777121738e+01 1.222581462779148609e+02
1.302439405448250298e+01 -7.948980296183900951e-02 1.866989643329408466e+02
1.585506890854158613e+01 -1.629069197826424897e+01 -3.553960853240749174e+01
2.024429160571032327e+01 -6.086506153344183545e+00 -9.153749300420467705e+01
1.398039282575600950e+01 -1.634974477673494420e+01 -9.185241560088006452e+01
1.855153543898251201e+01 -1.189568996276369006e+01 -3.783565822996162037e-02
1.672496223043830454e+01 1.740683649139905853e+01 -3.765904497359790781e+01
2.042407404800087178e+01 6.187800529169959596e+00 -9.204082491664783561e+01
1.493705884161115804e+01 1.741264044188769944e+01 -9.805212209153258129e+01
1.909728843667700460e+01 1.215298868888572059e+01 1.741199795106249462e-02
5.980332131810705221e+00 1.000085869085960155e+01 -1.758833492215177330e+02
1.598276855000958641e+01 3.700893329662174214e+00 -1.395884412412764561e+02
1.050852130828172548e+01 1.431808867458504508e+01 -1.473847965983991628e+02
6.171126384121039976e+00 3.628378243968270134e+00 -1.972002803467907199e+02
1.640240533532546863e+01 1.042454486284082726e+01 -1.247342823914386969e+02
6.322294366382414488e+00 -1.065867627641771520e+01 -1.849115963629524799e+02
1.722399912112587117e+01 -3.946548708620949419e+00 -1.504503200552759949e+02
1.001712488568807480e+01 -1.365929001498727047e+01 -1.405282524295541009e+02
6.708057535400816285e+00 -4.059281533712549184e+00 -2.137142617458864606e+02
1.579817074230275686e+01 -1.004504212406894403e+01 -1.192244300374025272e+02
1.230439623625796486e+01 -1.727911552438195775e-01 -1.786970331551277980e+02
2.209361006922860682e+01 -2.566106241365359239e-02 5.827218783355275633e+01
2.196461838270640143e+01 1.327172318228878045e-02 -5.841851589013518264e+01
2.125383665185132998e+01 -5.970697323360878883e+00 3.461893714851849069e+01
2.167869906826754089e+01 6.178002813558827633e+00 3.526013795232417181e+01
2.122824430551887787e+01 -5.938223355389798286e+00 -3.468190119287248763e+01
2.213584125814494286e+01 6.198867061788120303e+00 -3.603681216325824721e+01
9.805071239610594347e+00 -2.224805803733252318e+01 4.994078935652931928e-02
3.380960928843858238e+00 -2.411177505172004842e+01 4.633939866180691869e-02
-9.413912852271579368e+00 -2.123083686615193955e+01 -1.979421522230136524e-02
-3.245363872020369023e+00 -2.339007647718159077e+01 7.001204007888214842e-02
9.301846277763820225e+00 2.087539868319980485e+01 -1.813846246218970421e-02
3.108963411095857943e+00 2.245721043014955853e+01 8.248824475149747759e-03
-9.205218385250365287e+00 2.080397910365756076e+01 -1.644067633810998227e-02
-3.237841945734189153e+00 2.301383938970521115e+01 1.043200556531481520e-02
1.141693158686380904e+01 2.070345562800618566e+01 -2.978652957769546461e+01
9.441196410061083455e+00 2.071197093471812067e+01 -8.261079365255828577e+01
8.741154091287892669e+00 2.250194679319611168e+01 -3.122161808249549608e+01
2.199618213360029273e+00 1.492730951058702793e+01 -1.677031897144044308e+02
5.737437646468160679e+00 1.864199998654232360e+01 -1.312497343985577061e+02
2.015256371088450571e+00 2.412714732711180332e+01 -3.169910431137564544e+01
5.554016181043143874e+00 2.235349055918927874e+01 -8.706407266908217935e+01
5.287504540305749678e+00 2.360748366097311290e+01 -3.155546502875436232e+01
7.407310727851827536e+00 2.242654621190946784e+01 -5.923937130111104921e+01
-1.096249534871665610e+01 1.971295878684975378e+01 -2.858517231254960578e+01
-9.302454435659107901e+00 2.073097683397218560e+01 -8.450462395722148301e+01
-8.370336161936299035e+00 2.150235253702816252e+01 -2.953552222452207587e+01
-1.937354311767420123e+00 1.377842889295588691e+01 -1.546604796342333543e+02
-5.384766566278234912e+00 1.761997893467659182e+01 -1.233554388796846268e+02
-1.498844065403562020e-01 1.626499446259295212e+01 -1.446928970961617722e+02
-1.999085785472260124e+00 2.420490202391849266e+01 -3.243193340300702232e+01
-5.787659076568038685e+00 2.250331416425342468e+01 -8.823430888805694394e+01
-5.087622519294288992e+00 2.308214637636494970e+01 -3.083764441877046636e+01
3.847575102317818928e-03 2.463696208818280908e+01 -6.545340619707560847e+01
-7.341624708147730161e+00 2.242972201856994019e+01 -6.012754399025319429e+01
3.639826410534721557e+00 2.078391970814508838e+01 -1.119474040581600036e+02
-3.728178341208955526e+00 2.052322161763393993e+01 -1.113948184898127352e+02
1.768699125528684579e+00 1.814046250783166769e+01 -1.263843369055286558e+02
1.943072565486912540e+00 2.345903313047777061e+01 -9.448034886692123280e+01
-1.840264353183273860e+00 1.819517046674197758e+01 -1.276042980343596582e+02
-1.990979797134016405e+00 2.341391236465396375e+01 -9.328500309884907438e+01
1.096999122770701796e+01 -1.973991873396959207e+01 -2.857806363407489414e+01
9.280476236530907030e+00 -2.067350453108808495e+01 -8.446640337593665038e+01
8.366681518569231812e+00 -2.145497618947964824e+01 -2.953222012803547969e+01
1.855128808602127810e+00 -1.377447377351818147e+01 -1.546292622079100170e+02
5.382231770791143788e+00 -1.762098982586698526e+01 -1.233201174814744405e+02
1.956400214416671890e+00 -2.301208191469912734e+01 -3.057222546506398331e+01
5.759460836495863489e+00 -2.210410331437561737e+01 -8.815576057408704003e+01
5.051835174010844476e+00 -2.272910676579732581e+01 -3.076175566703873443e+01
7.312490026575155788e+00 -2.202825096578573749e+01 -6.009248592356136953e+01
-1.144384578369271388e+01 -2.046490985780856064e+01 -3.010322559955191934e+01
-9.338646927374051998e+00 -2.026581243647765973e+01 -8.308252450507076503e+01
-8.154475850418691607e+00 -2.076469889413412773e+01 -2.791819823445183957e+01
-2.123463091138501291e+00 -1.486792296537608671e+01 -1.672639495711356687e+02
-5.535815134497988232e+00 -1.880789106535987543e+01 -1.314312078003580666e+02
1.427635761059226072e-01 -1.625896395159469066e+01 -1.446802706949449941e+02
-1.888366337431395925e+00 -2.253503167193618850e+01 -2.972096080552477204e+01
-5.351938878619293405e+00 -2.102961224373302329e+01 -8.154000156745775030e+01
-4.826023045915797560e+00 -2.170579153464045419e+01 -2.899356826538267740e+01
5.354690384643392281e-02 -2.226754775790195851e+01 -5.729593571720210576e+01
-6.929363185919894086e+00 -2.096711957434246898e+01 -5.548061366709216458e+01
3.814898559725409033e+00 -2.033978283417835087e+01 -1.106047063657973410e+02
-3.562645458656946040e+00 -2.060696247484753840e+01 -1.116990805288793496e+02
1.843925342319781890e+00 -1.818693711025448323e+01 -1.275657826242778157e+02
2.064492275366644147e+00 -2.217901747634785536e+01 -8.776980003504957040e+01
-1.766744582087103055e+00 -1.813419528154185656e+01 -1.263499877814290784e+02
-1.787281652356919492e+00 -2.187613732221016960e+01 -8.684298332092994599e+01
1.725360810398798017e-01 8.937206929205114392e+00 -1.817177157082962822e+02
-9.384774431811647444e-03 3.073690010616180412e+00 -2.090402958958133581e+02
-2.100976650677821855e-01 -1.039687003056816650e+01 -2.078177721612090636e+02
-2.531105556028433179e-02 -3.545520747462362898e+00 -2.380779687753092730e+02
1.091003896245658922e+01 1.955164561857782957e+01 2.888868381996665491e+01
9.018658753288180563e+00 2.016697445678856226e+01 8.143823245969781510e+01
8.245819108714613321e+00 2.103670795395886017e+01 2.915272790990355389e+01
2.123604539301666705e+00 1.437584915117998641e+01 1.605071666076439953e+02
5.493476511807211082e+00 1.800732416190539809e+01 1.247907680328180788e+02
1.930222796758953807e+00 2.377410673012718334e+01 3.150663326046570134e+01
5.718021525108466285e+00 2.309098111179629598e+01 9.134906519155342153e+01
4.913427709215940631e+00 2.231769560291072452e+01 2.922661523011894502e+01
7.264379953395522449e+00 2.182380413741586977e+01 5.858902707208480365e+01
-1.092939851774108462e+01 1.958369190314459729e+01 2.871080744120371619e+01
-9.012963138342319880e+00 2.039320808913081962e+01 8.337184059854966733e+01
-8.372862170786913083e+00 2.150317821195001144e+01 2.947259026693718198e+01
-2.070355275063134215e+00 1.416923911277580750e+01 1.581929180980809519e+02
-5.345279647974785497e+00 1.768084837775176155e+01 1.227144216460767581e+02
-2.720286244611061499e-02 1.737324282153301880e+01 1.553854291828783971e+02
-2.042725731769933883e+00 2.428890343846764210e+01 3.320996114536912103e+01
-5.724114679236716796e+00 2.272796538163972357e+01 8.923138432803618514e+01
-5.102354109435059293e+00 2.318236203971594023e+01 3.083086351800839964e+01
-5.495369016298608938e-02 2.466130829160735871e+01 6.565855944111196152e+01
-7.307260415996251979e+00 2.234650332858424449e+01 6.004770264349897957e+01
3.876181688466111108e+00 2.143961804135532745e+01 1.165621854046782886e+02
-3.939918829328089789e+00 2.159302305254491472e+01 1.182628826004964679e+02
1.967401653648534809e+00 1.908883259092772278e+01 1.343997160537301738e+02
2.010375303097893251e+00 2.425058294671409342e+01 9.827491348323974307e+01
-1.980744283162829911e+00 1.921581434134845878e+01 1.356642477587619453e+02
-1.936130011593306000e+00 2.390170008219373088e+01 9.511284873255205241e+01
1.215960524433740808e+01 -2.188477357120386912e+01 3.248792117369183075e+01
9.437635909483955032e+00 -2.130809928622470295e+01 8.825321743984220291e+01
9.318819480019282508e+00 -2.379264459071027105e+01 3.292721761185664064e+01
1.963224074558229670e+00 -1.395532190874089373e+01 1.563931312838109022e+02
5.418670674724649139e+00 -1.774598349645127726e+01 1.234138768695254242e+02
2.071892896637734793e+00 -2.527463896260698561e+01 3.332443280648949724e+01
5.951592497415775007e+00 -2.318908288454022681e+01 9.120599685154522263e+01
5.521331219899042075e+00 -2.481947974828108983e+01 3.262766169104406089e+01
7.835177045019468878e+00 -2.373191491364922712e+01 6.444597265333977987e+01
-1.107122607290279070e+01 -1.990156539064107477e+01 2.814555350073458939e+01
-8.900312314427804239e+00 -1.947259754243673413e+01 7.744901913150584960e+01
-8.366630082283668557e+00 -2.155566862651560101e+01 2.944026828471427493e+01
-1.846859978661606894e+00 -1.406688664752916118e+01 1.574212729282919838e+02
-5.200796898320628969e+00 -1.727465195208892368e+01 1.196194287051550305e+02
3.103909903351258215e-02 -1.685640236839419615e+01 1.505757940272460473e+02
-2.031507691101478219e+00 -2.509559920361201435e+01 3.376498390316067599e+01
-5.586387691316547333e+00 -2.247105007790029063e+01 8.818626253406452520e+01
-5.148182662795687925e+00 -2.341376259451778097e+01 3.095377197138369496e+01
1.042761384109841816e-01 -2.485241877781888320e+01 6.567194106751206562e+01
-7.111973947268288576e+00 -2.148435600571013637e+01 5.668471135216491064e+01
3.907746116033107509e+00 -2.119025325870261867e+01 1.149120707391526821e+02
-3.762831666160329824e+00 -2.100975087690838095e+01 1.141731086409651112e+02
1.934244319148799462e+00 -1.890720953795074522e+01 1.334811478877228694e+02
2.064055751002411121e+00 -2.397945691116667888e+01 9.500468214200597572e+01
-1.852605867019589292e+00 -1.855420285456760965e+01 1.302363049865888911e+02
-1.934360572432438641e+00 -2.408989355925771392e+01 9.810612778274023071e+01
-3.006937567808618678e-02 1.021566713026055773e+01 2.055107823707824366e+02
-2.800856428581445512e-02 3.222977518585840251e+00 2.196213166459498325e+02
-1.556948563122795004e-01 -9.698079534674677760e+00 1.955719579016022749e+02
6.450079392889696527e-03 -3.195805501727859266e+00 2.171134525020767398e+02
-1.485040458424853504e+01 -1.879148558717097117e+01 1.943170380879301007e+01
-1.938235858725631289e+01 -1.528638102465158077e+01 5.702443434359621932e+01
-1.403222529474020241e+01 -1.936524232664399392e+01 5.003366631717246804e+01
-2.232072092776764194e+01 -3.501061662257066054e+00 1.116916445272278082e+02
-2.202166502919450153e+01 -9.915586305768597342e+00 8.919816688444585395e+01
-1.056149349465634302e+01 -1.717597740212915980e+01 9.475772835386567294e+01
-1.736459766310924024e+01 -1.484632166821218036e+01 8.268217758586148136e+01
-1.274582222708389523e+01 -1.893103878842854471e+01 7.737967207795385605e+01
-1.666814197621067350e+01 -1.814628744515253089e+01 7.254425347368673727e+01
-1.391349773568841641e+01 1.767045756940551726e+01 1.765794687102360427e+01
-1.705159047575222075e+01 1.349111709770102330e+01 5.022671260780225566e+01
-1.284523590268501714e+01 1.777710115125166368e+01 4.569670060677352552e+01
-2.009680039143241359e+01 3.206326060934687749e+00 9.805800004836005712e+01
-1.991352186111353717e+01 8.880405755517111643e+00 8.093851919213619794e+01
-1.077449597285522032e+01 1.812563430702574863e+01 1.005976062369590096e+02
-1.613120882685691981e+01 1.365044442632266808e+01 7.726366807057459596e+01
-1.196740378129797477e+01 1.804764876422377640e+01 7.304269336511180200e+01
-1.461609342269517953e+01 1.598812771280356770e+01 6.270559354695901533e+01
-3.116164174461632630e+00 1.098925342671538274e+01 1.754101635335846083e+02
-8.500943347324978916e+00 8.421140608082660961e+00 1.665035821163002083e+02
-4.970052227818920088e+00 1.326464319127538083e+01 1.627146897365775828e+02
-3.234901963653678436e+00 8.902437627108579221e+00 2.017294223425368216e+02
-1.813392430811802214e+01 1.743725959175182805e+00 1.245089732885145111e+02
-1.394454221197562127e+01 5.602685114303855407e+00 1.534859127141987187e+02
-1.839528379884881559e+01 5.016163546147078378e+00 1.161213265197781794e+02
-8.694708315127215315e+00 1.639770795717989316e+01 1.220911973079585522e+02
-1.135218197505271931e+01 1.065027596297633217e+01 1.586374846192682355e+02
-6.730308753550375833e+00 1.505508872811598486e+01 1.430571911260434490e+02
-1.204551651499867226e+01 1.519001778486886423e+01 1.166978326976203419e+02
-8.353062994104929473e+00 1.242156993578600677e+01 1.662246897769250893e+02
-3.356812997607551363e+00 2.012205974000217168e+00 2.292916880594034410e+02
-9.047685436242405288e+00 5.331269323033376750e+00 1.825222670299911272e+02
-3.408131600677015705e+00 5.801724375626465147e+00 2.238643346342483653e+02
-6.136857067585920866e+00 7.035032657556040903e+00 1.889164530713129295e+02
-1.783057131174913579e+01 1.141316959122322139e+01 9.736769939024129883e+01
-1.431291933882993384e+01 9.037317733702082023e+00 1.494156224888142788e+02
-1.902399734714054702e+01 8.311543172546404179e+00 1.120071144278531818e+02
-1.472996930837481422e+01 1.294684675546763408e+01 1.018317146419677783e+02
-1.653915325420953764e+01 6.880881386837213398e+00 1.340663581890262606e+02
-1.293105722102638744e+01 1.182203048513631138e+01 1.296271343449619451e+02
-3.206793216001258884e+00 -1.187895525595205726e+01 1.868887133491123507e+02
-9.616773739394066212e+00 -9.411110000304468315e+00 1.860082900009378477e+02
-4.984520500829899170e+00 -1.307110936042717064e+01 1.599089356543883582e+02
-3.190661249641214336e+00 -8.714980095601612575e+00 2.000697891571795708e+02
-1.906702013365007531e+01 -2.004752807715647123e+00 1.322103596998223622e+02
-1.512236942934057637e+01 -5.936351084747644613e+00 1.673158936235395799e+02
-2.042846458030863843e+01 -5.334741770985678144e+00 1.303150082884748429e+02
-1.637012143444963996e+01 -8.942593901295733949e-02 1.432546227845973306e+02
-8.839138923417168670e+00 -1.646364631001578260e+01 1.233773131929450386e+02
-1.135480507247729776e+01 -1.039523035425062680e+01 1.562633286166209814e+02
-6.825484766110458068e+00 -1.485656457064641067e+01 1.423337195989211068e+02
-1.209252617754219550e+01 -1.507642203802640601e+01 1.157329729261335558e+02
-7.852022384240219033e+00 -1.202598745870883157e+01 1.587317596728225340e+02
-3.178640886165509105e+00 -2.050116013563777706e+00 2.211367949951084029e+02
-1.009962441963022783e+01 -6.072715436892154983e+00 2.001982632490824017e+02
-3.250860266821870237e+00 -5.428350110628784364e+00 2.128725458194776365e+02
-6.302366341637132940e+00 2.945265911935110101e-02 2.050621116172881671e+02
-6.525985021283228882e+00 -7.414931089815416598e+00 2.006572106697548179e+02
-1.931234137337809997e+01 -1.219546044935808027e+01 1.059813643101402789e+02
-1.508676320156286721e+01 -9.545274295918732221e+00 1.574886136521120648e+02
-2.027205493469402242e+01 -8.787329265171482717e+00 1.180772283857248937e+02
-1.542855906366181173e+01 -1.353982382833058296e+01 1.064398146963258966e+02
-1.843507043876629581e+01 -7.603967311193024159e+00 1.510231536222575244e+02
-1.342675883251001601e+01 -1.224581570786993368e+01 1.342072755600023299e+02
-1.257881833760391999e+01 3.962716028748893837e+00 1.803470169095733979e+02
-1.199274458570453383e+01 -3.575945134737330111e+00 1.725948505986233670e+02
-1.430017324623140951e+01 1.703735274111612741e+00 1.580301419682625976e+02
-9.856924065566710524e+00 1.909361377273258276e+00 1.951648869075073094e+02
-1.438799917781975068e+01 -1.964443008973923543e+00 1.594790435143089553e+02
-9.048994649873076668e+00 -1.802854466100905162e+00 1.868172311155009595e+02
-1.522801305389898019e+01 -1.922748933898169454e+01 -1.984700350295748095e+01
-1.948636889260513883e+01 -1.537735627924142889e+01 -5.813623969501611555e+01
-1.469665709905971518e+01 -2.010573129012714944e+01 -5.286900238249414485e+01
-1.642731633106227207e+01 -1.717214346270025871e+01 -4.613950249611288579e-02
-2.144394482220020137e+01 -3.352099651948839298e+00 -1.063920409009258634e+02
-2.032284585404472210e+01 -9.283184146763591826e+00 -8.217108644340201806e+01
-1.132160873817219304e+01 -1.825194940336037064e+01 -1.026005562667164241e+02
-1.746049424627982205e+01 -1.482359699064979175e+01 -8.410868346466877199e+01
-1.335924004161893919e+01 -1.984268440568849456e+01 -8.232499376244129508e+01
-1.679033775877097767e+01 -1.833992336110464549e+01 -7.200250997596691604e+01
-2.026690504338362331e+01 -1.258157227961000046e+01 3.642805082310083264e+01
-1.985286836932280963e+01 -1.234255929836180243e+01 -3.546156296679980358e+01
-1.860543077295849912e+01 -1.446859800440396704e+01 1.873070289691655432e+01
-1.877799470730790787e+01 -1.461840936765838883e+01 -1.929832970770605272e+01
-1.397086798984341627e+01 1.766575637068661209e+01 -1.806210906631578084e+01
-1.755869705483732446e+01 1.381549755404941138e+01 -5.141697602101016429e+01
-1.356867306083360170e+01 1.868833215194695185e+01 -4.885047994589514531e+01
-1.583652596309364746e+01 1.645541125479838485e+01 -8.129074882870984675e-03
-2.041009015009008110e+01 3.205111752089264243e+00 -9.921522815569043985e+01
-1.973735906296396081e+01 8.901210686509482883e+00 -8.032333417423586752e+01
-1.094567913789417446e+01 1.819490190193493362e+01 -1.018954672177052316e+02
-1.663935579813915311e+01 1.403336355994111528e+01 -7.973808493943271003e+01
-1.287424652849137452e+01 1.929981533869739252e+01 -7.964167948409310327e+01
-1.553258118475280547e+01 1.706086511106263615e+01 -6.698860064348691878e+01
-1.856888537487325763e+01 1.167902627525723425e+01 3.330617717631388075e+01
-1.874024263038771920e+01 1.183722541957939889e+01 -3.337829604795972216e+01
-1.761458684891459825e+01 1.375600089375765833e+01 1.796811010701236455e+01
-1.794823243474818497e+01 1.400765964914817552e+01 -1.840611412200625807e+01
-3.054112489448404411e+00 1.084894035532320089e+01 -1.721987702750169831e+02
-8.932640576122659937e+00 8.674322503691049846e+00 -1.719872178910201512e+02
-4.795082139651714925e+00 1.286995232098460740e+01 -1.572831182602669173e+02
-3.112475831004853699e+00 8.529290938707662306e+00 -1.944361864757876219e+02
-1.869332453189445786e+01 1.858236661096745346e+00 -1.277664934544228288e+02
-1.396595639993121551e+01 5.428976676390210088e+00 -1.541193471780139248e+02
-1.909381891729482916e+01 5.226724260881252526e+00 -1.217327595601006180e+02
-8.812381983356017301e+00 1.649078165026190845e+01 -1.236767405253746119e+02
-1.113331427058381173e+01 1.067984404033214929e+01 -1.565088501371765801e+02
-6.845392082344157636e+00 1.491838026203653378e+01 -1.432432811194115629e+02
-1.191599852620441524e+01 1.511512072383615823e+01 -1.154108393111556978e+02
-7.775632552733999781e+00 1.164380528756227129e+01 -1.555356741506813307e+02
-2.818039783316337754e+00 2.006288956274013380e+00 -2.055539386049342170e+02
-9.594900733335238741e+00 5.534567103106226682e+00 -1.895465183289516347e+02
-3.272791179058356814e+00 5.379898265551511294e+00 -2.099348952488913937e+02
-6.583918091436930631e+00 7.453631067452851866e+00 -1.988260057660535551e+02
-1.745346929452028562e+01 1.125761100094415745e+01 -9.427635578083494750e+01
-1.383584355651690778e+01 8.785794525849377479e+00 -1.442167464528700691e+02
-1.885719542030478380e+01 8.306195175129431618e+00 -1.107548733056783306e+02
-1.487420798834714653e+01 1.311200198223062152e+01 -1.039375397135080590e+02
-1.678739556977370739e+01 7.005595801650557064e+00 -1.364118482609380862e+02
-1.305102080131076470e+01 1.195663252167168089e+01 -1.312003804203729942e+02
-3.294477291038225175e+00 -1.176373089408372863e+01 -1.859722731541934309e+02
-9.463118876233023613e+00 -9.253697247684016247e+00 -1.839959525049004583e+02
-5.470686850224406150e+00 -1.435176262048411999e+01 -1.757241351140056622e+02
-3.287048646823783837e+00 -8.666539962511759398e+00 -2.007671724553980539e+02
-1.977751868221631781e+01 -2.043708650632193535e+00 -1.379003975112825344e+02
-1.517355147602782850e+01 -5.910880424597006133e+00 -1.673628767314679635e+02
-1.958272016157615170e+01 -5.405671398513812953e+00 -1.242086359529217106e+02
-1.772903439588329277e+01 4.777694376593949466e-02 -1.551093583785957435e+02
-9.630546729619180013e+00 -1.747506376068082545e+01 -1.331568471047521598e+02
-1.115594394347418650e+01 -1.045515730984303637e+01 -1.557322100182713029e+02
-7.627432994425994650e+00 -1.673926652258044712e+01 -1.608222175058988910e+02
-1.224476134876900524e+01 -1.516996746651017247e+01 -1.160531942085636530e+02
-8.321746213792282632e+00 -1.288387770401327082e+01 -1.703744922380053879e+02
-3.272352180360166063e+00 -1.899640419619776033e+00 -2.166445472109743093e+02
-9.673094864082393940e+00 -5.752854742395668630e+00 -1.932829006370417062e+02
-3.308358553661714385e+00 -5.336438493202469324e+00 -2.112605336490548495e+02
-5.518281063670126052e+00 6.964294425689127044e-02 -1.861709734471284037e+02
-6.515391335291817576e+00 -7.379461250803568184e+00 -1.993063402126425103e+02
-1.806032669489947295e+01 -1.176287650933148399e+01 -9.790008390131599469e+01
-1.437133382229327871e+01 -9.403388733136992528e+00 -1.514010853352768606e+02
-1.958666798708282997e+01 -8.553079928391147391e+00 -1.148998955217811613e+02
-1.534373536956990591e+01 -1.359849520922119659e+01 -1.078045711749584257e+02
-1.697695493469711181e+01 -7.125374603235249182e+00 -1.372267623599565241e+02
-1.324674652959793875e+01 -1.202318599824067213e+01 -1.319568877719208331e+02
-1.177639686745221859e+01 3.379797149667141287e+00 -1.697293921696967232e+02
-1.288776793543100219e+01 -3.773206508411068416e+00 -1.854500250399725303e+02
-1.509016568658998381e+01 1.983921534622840044e+00 -1.676041180868955394e+02
-8.863000169182182475e+00 1.677289752624675723e+00 -1.800017395233863624e+02
-1.626554827067909770e+01 -2.032274856231177207e+00 -1.806778142609901749e+02
-8.769237807105820792e+00 -1.810934273277942985e+00 -1.778813000267004156e+02
-2.195139336086241855e+01 -1.775841520951593287e-03 8.574988265508753216e+01
-2.264361371948396595e+01 1.184516566326847091e-02 2.990002894980595372e+01
-2.342537277797777051e+01 -3.482545937943991365e+00 8.363836752425314103e+01
-2.212516853122021843e+01 3.140492806232674461e+00 7.892288031221151812e+01
-2.189198511368568489e+01 -5.388426020224890145e-02 -8.803285411136195648e+01
-2.269463489615734630e+01 4.900044573196478404e-02 -3.047675631701281063e+01
-2.223563605881723859e+01 -3.210547850878724407e+00 -7.944430587135047972e+01
-2.133318005337532242e+01 3.105069181912099907e+00 -7.432621173902298040e+01
-2.154114833110682525e+01 -9.565011837443600839e+00 5.376906550008678209e+01
-2.192983685870994748e+01 -2.927998142948588622e+00 1.767656021359204388e+01
-2.371725639628310489e+01 -6.708118980391120090e+00 7.397936688910722580e+01
-2.025091222153649895e+01 -8.758032907402801825e+00 1.710342509859973248e+01
-2.354184365569909332e+01 -3.058724805949323500e+00 5.146931991107587123e+01
-2.005264837551192869e+01 8.728148766321536911e+00 5.002607743126915807e+01
-2.183275383453047525e+01 2.914043433522997439e+00 1.772274450588954053e+01
-2.165331986057512381e+01 6.105170368226641386e+00 6.624542350123675760e+01
-1.996413434993968394e+01 8.685297278634804385e+00 1.714984372690682335e+01
-2.282538121043291213e+01 3.113016943771020006e+00 5.013647206448996485e+01
-2.049113400585303779e+01 -9.121962798219001911e+00 -5.061069190319723532e+01
-2.191454862293339545e+01 -2.887551984572685804e+00 -1.768373296121561467e+01
-2.166292971575864357e+01 -6.154906443471611865e+00 -6.603115589388335138e+01
-2.001396275630886379e+01 -8.729322912440446558e+00 -1.674031231633395578e+01
-2.233428633640215466e+01 -3.033023198201254100e+00 -4.869520603983999507e+01
-2.103038676584087341e+01 -5.855995052456536065e+00 8.101982991559583680e-02
-2.028779768543904183e+01 8.826692845104975760e+00 -5.110137903031967710e+01
-2.211715701892509145e+01 2.910940148083100087e+00 -1.785632335460684317e+01
-2.128372475443446277e+01 6.068067293852076105e+00 -6.585448995668403427e+01
-1.987497855898372023e+01 8.634013554826591275e+00 -1.694675081986976295e+01
-2.206702032438811045e+01 2.948985366222536708e+00 -4.724956418325029972e+01
-2.079043978222791011e+01 5.706037734841292952e+00 1.331429121866029887e-02
1.464570916959775815e+01 -1.866331895962611043e+01 1.849310655863053299e+01
1.739690529404562369e+01 -1.380524965730136522e+01 5.103346116752690875e+01
1.372436055070708782e+01 -1.912111491288706233e+01 4.825116987479105291e+01
1.991557221601175698e+01 -3.199637514315341491e+00 9.791181350862584054e+01
1.993796303732451847e+01 -8.938371782537297250e+00 8.095855696246967170e+01
1.092203720196438432e+01 -1.828279008964665664e+01 1.010181452918879899e+02
1.633544215980718661e+01 -1.386044233829132644e+01 7.814284632472212877e+01
1.239229519309596661e+01 -1.882782827350467159e+01 7.535449573243039367e+01
1.514765904026772780e+01 -1.664770750608177963e+01 6.493037550697843585e+01
1.367119931898652219e+01 1.739596577417149703e+01 1.737941090677254508e+01
1.701871734474934073e+01 1.324508686691486758e+01 4.924966930313105706e+01
1.270344972033463193e+01 1.768358675237580258e+01 4.523166878598427587e+01
1.987989541226546564e+01 3.108257095296937500e+00 9.804929478223309047e+01
1.908391193401742214e+01 8.560073834577071494e+00 7.658957550189455787e+01
1.099063306723594913e+01 1.803918510701608824e+01 9.919776619099512516e+01
1.687264625115242467e+01 1.399779382601882816e+01 8.193739232298450759e+01
1.182235795206092810e+01 1.786421973037121447e+01 7.165894560476124298e+01
1.454593278669512912e+01 1.615774843774008929e+01 6.307252827042125887e+01
3.058801383037985211e+00 1.126646753266330769e+01 1.787403844057908202e+02
9.238548966864714274e+00 9.085096890960306482e+00 1.783844469758259947e+02
4.962510780577353842e+00 1.316294681494564323e+01 1.612774593932048788e+02
3.386947998119706149e+00 9.148657601161792385e+00 2.102360661773662969e+02
1.783330724535550260e+01 1.759756246361739329e+00 1.227689787465371012e+02
1.450000715265404416e+01 5.820755821341615288e+00 1.598871101144057150e+02
1.833517128226959514e+01 4.865306395402351214e+00 1.157243459724514167e+02
9.443445248381264534e+00 1.760895009948024992e+01 1.332089485924576593e+02
1.129093453101790701e+01 1.075966411324043470e+01 1.585337865072820875e+02
7.035903815166026476e+00 1.522009466001449063e+01 1.462219860652016337e+02
1.270655238433628931e+01 1.561458308437944709e+01 1.214686634070318973e+02
8.070965459012603205e+00 1.211515812300878103e+01 1.615391325654751711e+02
3.339470446758323163e+00 1.894642932570206106e+00 2.261267709340678778e+02
9.848439277171550543e+00 5.877983311101755426e+00 1.995365891102049716e+02
3.225787529723216807e+00 5.389069495995447490e+00 2.137464905779311550e+02
6.912830274072520709e+00 7.906193677497503458e+00 2.112125922954643897e+02
1.787505447409321491e+01 1.162653917896417965e+01 9.814618709034630228e+01
1.431178293919494493e+01 9.153747721016301853e+00 1.496797887314163233e+02
1.843046723307837098e+01 8.056341630145448462e+00 1.065267415359486307e+02
1.567148795065973310e+01 1.368779798339751785e+01 1.102735906586245704e+02
1.685636299211905609e+01 7.004443129653789235e+00 1.367873641824751303e+02
1.322950861165127989e+01 1.213805586351710808e+01 1.324775658149553408e+02
3.033124259168516801e+00 -1.076766695640049321e+01 1.717047611414638766e+02
8.501882345157392606e+00 -8.407974680895504704e+00 1.665568048851101537e+02
5.065759906498129794e+00 -1.348039171102517386e+01 1.651084256048788177e+02
3.207647049884946977e+00 -8.593775526201081760e+00 1.966536795398245374e+02
1.802652413071916371e+01 -1.846138516595403178e+00 1.244243412941775375e+02
1.395056203988765198e+01 -5.589089706983037864e+00 1.535123443187160888e+02
1.837993820911490772e+01 -5.021688388975392492e+00 1.161212465329511616e+02
1.635275506070768259e+01 -4.129595082815783191e-02 1.431113868746991216e+02
8.987407212218437635e+00 -1.696096984523596163e+01 1.270343102482905380e+02
1.130574424295021174e+01 -1.070188249414611725e+01 1.586816487597218099e+02
7.006987142816980985e+00 -1.541915765855589981e+01 1.472262750497918660e+02
1.213637904956710756e+01 -1.520784441473821857e+01 1.168138396836784523e+02
8.345023874014694698e+00 -1.240677320157855590e+01 1.663432330840843747e+02
3.043016938809639971e+00 -1.775352193169883686e+00 2.141673824290701589e+02
8.999593441506686275e+00 -5.413024334521443492e+00 1.840396548455893537e+02
3.204694431881583760e+00 -5.351444056668920091e+00 2.102067439121797463e+02
7.059441906869784233e+00 9.612395651924178844e-03 2.234263222269466382e+02
6.139755970359017212e+00 -7.075097737016807997e+00 1.900480126934286602e+02
1.784198225056340803e+01 -1.142422263131813587e+01 9.739471313634021499e+01
1.431137921989594020e+01 -9.054781137277460701e+00 1.494315678748967855e+02
1.902110045985880049e+01 -8.312227438844560723e+00 1.120079511548700566e+02
1.473612272126974609e+01 -1.296928380295594074e+01 1.018710341663615395e+02
1.653943567454333419e+01 -6.880860472290272867e+00 1.340667654745504080e+02
1.295675058381758227e+01 -1.182180058266867206e+01 1.296587920602793815e+02
1.280752177190002605e+01 4.056879985064870020e+00 1.837265299684757451e+02
1.258027832712076588e+01 -4.116793780751963894e+00 1.805077379159224620e+02
1.444988548331888190e+01 1.858972223460228834e+00 1.596000740656795642e+02
1.083244138441145310e+01 2.210600672927574450e+00 2.150454203978100907e+02
1.432185558680139792e+01 -1.800900531945997862e+00 1.581398232369210461e+02
1.045053678412188525e+01 -2.178219908125030191e+00 2.079199589898084639e+02
1.403228272391958420e+01 -1.777342422640328579e+01 -1.800136749179594275e+01
1.755935288514471182e+01 -1.381510296106759661e+01 -5.141336103400080759e+01
1.357480063677346394e+01 -1.869720918372840401e+01 -4.874675001969296062e+01
1.596015614431100715e+01 -1.662942618181141086e+01 2.123990888394053367e-02
2.017782087491441700e+01 -3.125438072428665226e+00 -9.890147895411091383e+01
1.973763291818539756e+01 -8.901246266207959223e+00 -8.032381484300222496e+01
1.092479064427491409e+01 -1.817175516981419037e+01 -1.018780208141958923e+02
1.663993108073732330e+01 -1.403287479180606923e+01 -7.973487546815222515e+01
1.287472215635955841e+01 -1.930416078519101575e+01 -7.959694106230020338e+01
1.553573511755219805e+01 -1.706005633556395651e+01 -6.696530869485931703e+01
1.864200142894175727e+01 -1.170256549416303393e+01 3.333400772229393993e+01
1.874051109568820195e+01 -1.183715821449182215e+01 -3.337522460838236071e+01
1.772904084514397383e+01 -1.384322473109478402e+01 1.799554054828297467e+01
1.795887333573471523e+01 -1.402113168671436938e+01 -1.839593347263203427e+01
1.433446425312506278e+01 1.818747707695147753e+01 -1.839259200709965825e+01
1.925572976095705613e+01 1.501587612825728080e+01 -5.691853185329418352e+01
1.453493108266457234e+01 2.001013324028129858e+01 -5.230579284156280551e+01
1.549730162978498882e+01 1.612411132936966851e+01 -1.218431214796761725e-01
2.042491046411065625e+01 3.221856286331588937e+00 -1.010158883037828161e+02
2.016915327316934281e+01 9.173397452263149177e+00 -8.178623401037849305e+01
1.182679965693640867e+01 1.910809559327017482e+01 -1.081090444802816393e+02
1.798660821966664258e+01 1.517539021137618072e+01 -8.681600471048776058e+01
1.374422699222176902e+01 2.036535763794297438e+01 -8.502418183033907439e+01
1.701138189429973835e+01 1.870473285027222943e+01 -7.388086678680619457e+01
1.924612444170249148e+01 1.206454982258721387e+01 3.456350426641541418e+01
1.968434663945401297e+01 1.221126817389149721e+01 -3.477383464364607590e+01
1.755951464554615171e+01 1.367314012761143971e+01 1.751955839888486111e+01
1.812700387926778589e+01 1.402448788913864419e+01 -1.839620161081097649e+01
3.135067327625618017e+00 1.131693294108792180e+01 -1.787904922713573228e+02
8.718245518725712628e+00 8.642482941992408740e+00 -1.707275602028799995e+02
5.238556677744339751e+00 1.376954572522762277e+01 -1.689737760338740884e+02
2.973231008374867201e+00 8.022003589334456564e+00 -1.839133939514994722e+02
1.818311856932922410e+01 1.902395215876049095e+00 -1.254738310875450225e+02
1.381706995908952251e+01 5.495457944689714935e+00 -1.522799045253725581e+02
1.862140458577553304e+01 5.027744767426370665e+00 -1.182837608129015194e+02
9.485778566530006728e+00 1.768449904641759574e+01 -1.338623656596688249e+02
1.176760443685466484e+01 1.125137260156649788e+01 -1.655539146350152180e+02
7.408211547813235320e+00 1.610054615530288302e+01 -1.549046883017817606e+02
1.243850598362568505e+01 1.567593086493140575e+01 -1.193964456498107580e+02
8.240455478997366967e+00 1.232407927231702871e+01 -1.653479938905512654e+02
2.953098498458653243e+00 1.865396648710180738e+00 -2.067333030487009751e+02
9.142665261233505092e+00 5.558819746004739493e+00 -1.854158481069416666e+02
2.974978676272943545e+00 4.974932837571676814e+00 -1.970591149111625100e+02
5.779204708049155315e+00 6.710207473133595002e+00 -1.813469355226023083e+02
1.835433940558942467e+01 1.187808259349991147e+01 -1.000729890170751730e+02
1.439916908508296700e+01 9.127199248690981648e+00 -1.502661124600500386e+02
1.871310634172282050e+01 8.260143967746314431e+00 -1.084540187034479430e+02
1.560496568629293357e+01 1.378856578590587745e+01 -1.094342184414814909e+02
1.645320013557569183e+01 6.779042790258849038e+00 -1.327321699190662230e+02
1.371913115066996980e+01 1.256340851078932808e+01 -1.386277347600090764e+02
3.020744231449313144e+00 -1.143302256108459680e+01 -1.801604646423643317e+02
9.386694132704921145e+00 -9.016916612872069692e+00 -1.788879278802059503e+02
4.819640730190260847e+00 -1.291342387499318001e+01 -1.574557835668482824e+02
3.453655682582591258e+00 -9.441019429473694657e+00 -2.157322658482604254e+02
1.898263151189605935e+01 -1.881566218918477418e+00 -1.314271895937174008e+02
1.502104955258763752e+01 -5.816369836423449513e+00 -1.650076419712217444e+02
1.909987744093200135e+01 -5.300477606281842391e+00 -1.217945125001893558e+02
1.687462005142715071e+01 9.815019730140195353e-02 -1.475807540929830850e+02
8.831096920936699846e+00 -1.647324492486848513e+01 -1.236674982073997455e+02
1.116794959835256940e+01 -1.064510791526991085e+01 -1.566462605264632373e+02
6.846902564934217672e+00 -1.492208005613898436e+01 -1.432470301312047241e+02
1.191553617039386914e+01 -1.511241374536567150e+01 -1.154095642474167818e+02
7.790496334126791211e+00 -1.171425651639045107e+01 -1.557206177260024731e+02
3.367610659084575353e+00 -1.876313629990348231e+00 -2.248525132300750897e+02
1.023131032389748718e+01 -5.706290255806548473e+00 -2.014370876691273224e+02
3.633620520554527111e+00 -5.968388308017558153e+00 -2.329366238100132875e+02
6.279942568548029236e+00 1.054738428238521514e-01 -2.027149182809186243e+02
7.305141377537682779e+00 -8.227778728994788793e+00 -2.183976157934289972e+02
1.745370432265074356e+01 -1.125763899488138442e+01 -9.427586348210640210e+01
1.376956426681724288e+01 -8.982832414297059032e+00 -1.444069900364866612e+02
1.886297486815699287e+01 -8.310440848751996512e+00 -1.107587178607363683e+02
1.487445442564483322e+01 -1.311185875424765968e+01 -1.039363862730495782e+02
1.685266626662364331e+01 -7.042632449997887178e+00 -1.365491922840426469e+02
1.305099711691751452e+01 -1.196254866989069932e+01 -1.312025698523386552e+02
1.223495048854842615e+01 3.815819338039034836e+00 -1.764897172588518686e+02
1.305952181173237214e+01 -3.771668404527112717e+00 -1.862831096693755057e+02
1.433607936968381225e+01 1.758418970909189305e+00 -1.590570742255513039e+02
9.765979824858890268e+00 1.994467461411475240e+00 -1.950035144580781719e+02
1.560798426309215259e+01 -1.949401994871341248e+00 -1.725737814945578350e+02
9.430466612671448701e+00 -1.956796215937879335e+00 -1.916839039846562969e+02
2.080521463752330291e+01 -8.984608275768606045e-02 8.249333648197068669e+01
2.220918104029438567e+01 1.432994211390238859e-01 2.932379952828149783e+01
2.190567596961361829e+01 -3.117992539222498749e+00 7.888507662466234649e+01
2.092879274348083385e+01 2.991706180997003361e+00 7.394899149418121453e+01
2.096479053783335900e+01 2.117696143132751820e-03 -8.354085587213855035e+01
2.280964941725185469e+01 3.684432214697846986e-02 -3.002426906827510678e+01
2.113132193617165555e+01 -3.051959994986130020e+00 -7.426836907887067696e+01
2.126077425957374700e+01 3.054804587857104625e+00 -7.543763826759351332e+01
2.010300866340329407e+01 -8.766898961313463801e+00 5.003906622027076168e+01
2.183048896553989593e+01 -2.903432861793760811e+00 1.772267010775336615e+01
2.163020697558150118e+01 -6.108945705179386287e+00 6.624502360487534247e+01
1.996474879444656381e+01 -8.685614917809225233e+00 1.714759262346650459e+01
2.259798776313889945e+01 -3.100213441492303268e+00 5.011961126785987375e+01
2.066189534037534159e+01 8.914921850780192614e+00 5.288866539825479407e+01
2.237323042153705188e+01 3.024760410759650409e+00 1.770113123842170921e+01
2.079500342513221867e+01 6.067782349592236280e+00 6.394992433396866716e+01
2.104825321957625661e+01 9.003832850554561062e+00 1.829022560343653581e+01
2.167149069794528771e+01 2.975160672320445343e+00 4.615032458607774402e+01
2.028788081787911679e+01 -8.826541001592037361e+00 -5.110146840795405865e+01
2.220580944093092768e+01 -2.893214439518669412e+00 -1.785099077625880426e+01
2.124338076420936261e+01 -6.063294970042582221e+00 -6.585527323244484421e+01
1.987505786989443024e+01 -8.633888993490497654e+00 -1.694670746450843168e+01
2.197273983039773881e+01 -2.914532434046479992e+00 -4.722768439704123722e+01
2.078348294905954674e+01 -5.704741964912379615e+00 1.344579798643502112e-02
2.086146849475837328e+01 9.118624245268931006e+00 -5.210512250691184022e+01
2.318412628291174826e+01 3.120093250374734950e+00 -1.896686752044503521e+01
2.123153748756775627e+01 6.051297499712801731e+00 -6.477371852289624599e+01
2.097863399193958500e+01 8.976580633168177670e+00 -1.771110029078244352e+01
2.223187836029615028e+01 3.059683580622686083e+00 -4.818990152544025563e+01
2.213205888916697361e+01 6.162071182689702553e+00 -1.717699410378567895e-02
