1.146430311287546999e+01 -1.753404466823414154e+01 2.022046101253625883e-01
-1.224812911500278645e+01 -1.814968485442185653e+01 -6.301450493415088339e-01
1.085737544831618351e+01 1.808120253666442778e+01 9.840139928059087326e-01
-1.049388083919373926e+01 1.767338392108198164e+01 -8.384287355837478917e-02
-6.237857705754217275e-01 1.249759686162946792e+01 -1.903026576614321925e+02
-1.462516523335207097e+00 -1.240624379500712671e+01 -1.900984344343908674e+02
-1.487177916095445140e-01 1.300788044905486984e+01 1.976533294411519250e+02
-6.389766777042841239e-01 -1.286992530607344598e+01 1.891898827612846503e+02
-1.943484303294908244e+01 3.677114889342047999e-01 1.219523003050763492e+02
-2.035243979196090791e+01 2.498932537572145229e-01 -1.243956013663258489e+02
1.758374665406801540e+01 -4.443761169420132884e-01 1.166671523914597373e+02
1.828646173748778025e+01 1.051016119192237586e+00 -1.186080020628665750e+02
-4.400864210355305284e-01 -2.256894835275442190e+01 8.489708866260841091e-01
-1.196676454315126065e-01 2.132159261472478917e+01 5.846472911607285550e-01
8.579985022132007089e+00 1.653847399806130269e+01 -1.150848484870172967e+02
-6.652764876934016414e+00 1.652905578943760290e+01 -1.116536358976688916e+02
6.940420548878436513e+00 -1.680284021547347706e+01 -1.088374876916622327e+02
-6.059482591806172103e+00 -1.718295320508472557e+01 -1.110984049233346980e+02
-3.974753606121373961e-01 -3.512332781106837498e-02 -2.222409332283271794e+02
5.859497840871688901e+00 1.664153765427874632e+01 1.107863448138772782e+02
-5.490022170672109958e+00 1.702115130323109327e+01 1.106136625984424313e+02
6.742448065203348939e+00 -1.678234176391368493e+01 1.145405608100685555e+02
-5.810986458456815384e+00 -1.601357672538161481e+01 1.067558063415598752e+02
-5.527990436365750604e-01 1.979824087215078243e-01 2.302631732294347557e+02
-1.875020966136544587e+01 -1.105595112926957313e+01 7.418112388078100139e+01
-1.742718516051342093e+01 1.009703116508888598e+01 6.763077483021014302e+01
-1.125896212805601770e+01 5.687139056485039035e+00 1.699700161800257092e+02
-1.171792066309216729e+01 -7.170843801382785543e+00 1.813977800622563166e+02
-1.721989707355480093e+01 -1.069882593755936817e+01 -7.184365258491150996e+01
-1.545754780806465156e+01 1.068780116162784211e+01 -6.861680353852386816e+01
-1.227551151569160837e+01 6.352988649818194666e+00 -1.710234153687886192e+02
-1.156101428127402464e+01 -7.868754886086985145e+00 -1.810597364326127092e+02
-1.743356753447809737e+01 -8.128109544525882191e-01 -1.137258692784889336e+00
1.680168218874944586e+01 -1.083511569328295643e+01 6.914011686805928036e+01
1.608978305197802783e+01 1.062139791721807569e+01 6.783951693150251572e+01
1.166383160202974523e+01 7.486850099377361012e+00 1.752162899974708239e+02
1.078936815985633402e+01 -6.925280899269747437e+00 1.731883777246553109e+02
1.659591386117460488e+01 -1.050807250515617497e+01 -6.981561492469407426e+01
1.765817391054517671e+01 1.193360978241624615e+01 -6.996352501220114561e+01
1.097392162371013846e+01 7.901874332220561570e+00 -1.721498537755068980e+02
1.160611206505415005e+01 -7.527483737100919114e+00 -1.776053404998628480e+02
1.848860050577159342e+01 -7.567818316902070741e-01 -2.872040766547866997e-01
5.646724859298012156e+00 -2.105307773955487605e+01 -4.411339628524298950e-01
-6.506080770882691766e+00 -2.057495430635067990e+01 9.848505371459721769e-02
6.349101827451157476e+00 1.967009062107516471e+01 6.102074474909879864e-01
-4.355341904657525021e+00 1.909183445797619072e+01 -4.130621907635957379e-01
8.646108940936365173e+00 2.009741492876966618e+01 -6.161643029230880586e+01
4.033405513251872243e+00 1.548749233522350188e+01 -1.558004269589491741e+02
1.451087461811257640e-01 2.051988188124287404e+01 -6.408439741425425495e+01
-8.655611658608295400e+00 1.818397905068392006e+01 -5.939416268177437530e+01
-4.047144247054295541e+00 1.470904629112266626e+01 -1.487494315497197874e+02
-2.706068033288244745e+00 2.274034955577530681e+01 -6.291004177899349514e+01
2.090421462926194407e-01 1.831238645791338016e+01 -1.163817824571095514e+02
9.232354728085189421e+00 -1.822841707352494822e+01 -5.899817781096543712e+01
3.869619016841972403e+00 -1.568421261433058689e+01 -1.489642983415009212e+02
7.068554730443120659e-01 -2.074816542058940172e+01 -6.186521802945888737e+01
-9.539474331629413939e+00 -1.775394442283572261e+01 -5.842563006936157421e+01
-3.349103113701882517e+00 -1.421797408436858845e+01 -1.563832284975553080e+02
-9.913294592297334784e-01 -2.008661907500686539e+01 -5.957451918251298650e+01
4.140315527176318677e-01 -1.832424707387921714e+01 -1.157597045198805858e+02
7.054361950676606430e-01 6.853194832421276139e+00 -2.047670521700210884e+02
4.454875982596569473e-01 -6.690985105803507693e+00 -2.319154712385456207e+02
8.956615531821691789e+00 1.865613215763881882e+01 5.908734234601361379e+01
4.165894103100716173e+00 1.383175180689675265e+01 1.512772098158302185e+02
1.565490408522684840e+00 2.189733373333460875e+01 6.405046927410428736e+01
-9.767604552922179550e+00 1.776266722104197626e+01 5.820075650735993378e+01
-3.077813162594596808e+00 1.482968960586451601e+01 1.495287528593556488e+02
-1.433237923709589356e+00 2.061845543504822231e+01 6.501591872034394726e+01
-7.830614399261769387e-01 1.962581218703577335e+01 1.241713220720866957e+02
8.778320194733320037e+00 -2.001021824886857559e+01 6.478378282289725121e+01
3.786459844350733128e+00 -1.626105692301093342e+01 1.491786125380704959e+02
1.792241200354584008e+00 -2.071063226402826629e+01 6.648222235196635665e+01
-9.013372978557756099e+00 -1.877195471644775182e+01 5.769693236638234879e+01
-3.919608255336981539e+00 -1.500195371065948358e+01 1.470752826660639982e+02
-5.988361514952242892e-01 -2.215584500300980508e+01 6.580770678823229503e+01
-4.277075255451434077e-01 -1.901189095334651213e+01 1.240273179566030137e+02
1.170665828532290620e+00 6.758796803668292164e+00 2.252547691529276506e+02
-8.754348733912229452e-01 -6.026458704755348172e+00 2.131701266041382894e+02
-1.543051904699391308e+01 -1.311161576917452365e+01 3.869166857808958326e+01
-1.951072125940295976e+01 -7.610586653938414159e+00 1.077779778046140393e+02
-1.379560172983067368e+01 -1.442952726367307825e+01 9.582588525989798711e+01
-1.359099030902104133e+01 1.220899179492580444e+01 3.554582013310004385e+01
-1.788114023652982354e+01 4.859709185436314804e+00 9.481241805334657613e+01
-1.198970944326355514e+01 1.270901798720619347e+01 9.297764850154032956e+01
-5.298620653905246058e+00 9.726152163031436260e+00 1.824267140276554358e+02
-1.556776957363209313e+01 4.540100434417610131e+00 1.468222147005157581e+02
-9.759036945347846270e+00 1.175452843248513091e+01 1.492744991804637777e+02
-7.316087649984510222e+00 3.303582799942744952e+00 2.158294959356702805e+02
-1.218525338643337363e+01 1.200748595525222306e+01 1.283066944255803890e+02
-6.577495745994336396e+00 -1.173597249306949841e+01 1.939806360449374836e+02
-1.494652295073652937e+01 -3.911160780290670047e+00 1.553141945823406900e+02
-1.039263009891024758e+01 -1.110198282000568781e+01 1.468652922837423773e+02
-6.548823230655111516e+00 -4.084537168768733295e+00 2.148225434283804134e+02
-1.396084607063011518e+01 -1.250284534026120475e+01 1.372460921278521937e+02
-1.150379580772076160e+01 5.246032773038883379e-01 1.853683480468403957e+02
-1.646025711228200095e+01 -1.645789965582226344e+01 -4.076141452708301216e+01
-1.798980889310623965e+01 -5.783257967693826274e+00 -9.968148682986763731e+01
-1.350775248198242018e+01 -1.387362107178767090e+01 -9.863829647064862627e+01
-1.764862669536118744e+01 -7.538563861967402246e+00 -4.806892950362389727e-01
-1.409700616917523242e+01 1.310116415177082949e+01 -3.708054014329255210e+01
-1.694965029313832972e+01 5.992331755233773372e+00 -9.601002899317963113e+01
-1.267404164084336315e+01 1.342127501944107237e+01 -9.547346236216505133e+01
-1.801329097322499706e+01 5.766987911427627900e+00 -4.803281973846643682e-01
-5.361409508494976883e+00 9.117568065916625386e+00 -1.814771003461848125e+02
-1.461674933498775175e+01 2.735209907016672215e+00 -1.517032073839684188e+02
-1.000036221809911652e+01 1.224791749453630096e+01 -1.469539489030899517e+02
-6.639863355578870419e+00 2.257151880400430688e+00 -2.044899175554818100e+02
-1.298426794629673964e+01 1.137476296834378431e+01 -1.254802851995855804e+02
-6.758034773148413166e+00 -1.085402391532544897e+01 -1.922223945829585432e+02
-1.606411872812218888e+01 -3.638108065227078747e+00 -1.602319223513177917e+02
-1.096626091859359597e+01 -1.153611964944177792e+01 -1.527261682257421285e+02
-6.646338246621808388e+00 -3.041981112002523080e+00 -2.076266196718670471e+02
-1.227701147738148002e+01 -1.062972778530584250e+01 -1.327037177629829046e+02
-1.159870315255357731e+01 -1.122604036614591516e+00 -1.857155927747991768e+02
-2.042378691528158541e+01 -1.225769141841447585e+00 6.286849134583281540e+01
-1.939488939837903203e+01 -8.598132314853831337e-01 -6.419042273299116630e+01
-1.934018907231660123e+01 -6.108392353191987034e+00 3.853579271833500997e+01
-1.822117504424006640e+01 5.680678243713169095e+00 3.682351214497538194e+01
-1.774114585209977690e+01 -6.832327463437970927e+00 -3.581787526263477872e+01
-1.810242263878529201e+01 7.288853623008095362e+00 -3.604833690112303657e+01
1.427199272803024677e+01 -1.324164941538276530e+01 3.696093793639711578e+01
1.731489871143341475e+01 -6.657912101360158985e+00 9.494569714146543049e+01
1.335676124885148930e+01 -1.304660175230226216e+01 9.413994020078673941e+01
1.411928266919364994e+01 1.337361330681834737e+01 3.521588693035351270e+01
1.741601596503384997e+01 6.042331576235714152e+00 9.263262289494794288e+01
1.379361499869564689e+01 1.443122172519925961e+01 9.569818981750329101e+01
7.284751105631745993e+00 9.277866211706871979e+00 1.881078709721814164e+02
1.401402118655545870e+01 3.529711935757193775e+00 1.474419397109803640e+02
1.018505664786137288e+01 1.307780294016247069e+01 1.522887209826569688e+02
7.313550821117613232e+00 4.570822784248525394e+00 2.267425203429642409e+02
1.286005851702872071e+01 1.128168896137042587e+01 1.281053098836763695e+02
5.061568169995643629e+00 -9.816113015682701004e+00 1.814179039966823552e+02
1.467047813704074777e+01 -3.581440553763652002e+00 1.468989861030955240e+02
1.068660824495534989e+01 -1.117706270952014158e+01 1.513457174234719389e+02
5.430704310860431150e+00 -2.496273921635949744e+00 2.085539055296128765e+02
1.251076903577568444e+01 -1.095664855801138060e+01 1.273843263443915248e+02
1.183029347174664103e+01 1.239579161775261618e-01 1.927764902289138149e+02
1.448963179548285751e+01 -1.441844974343768726e+01 -3.652375618822601666e+01
1.771232712053377867e+01 -5.517970826714177157e+00 -9.555249579928191395e+01
1.324277557004542594e+01 -1.468116276285699406e+01 -9.587042922900212716e+01
1.806591267052890615e+01 -7.345421993670106176e+00 -2.584577752974872022e-01
1.485669793478974832e+01 1.427364338278185762e+01 -3.858717832371273460e+01
1.824609461743056471e+01 7.097919479872156323e+00 -9.597494312891137724e+01
1.469750872542151754e+01 1.355683168440934772e+01 -1.004649414110777172e+02
1.775466368432992681e+01 6.856656696834141584e+00 -2.041321269169973640e-01
6.866903648299485852e+00 8.968449699570413713e+00 -1.820384523739010945e+02
1.402572391676654107e+01 3.467982664443962193e+00 -1.470093146753676479e+02
1.029330393077181149e+01 1.174481934403564409e+01 -1.544985458035493764e+02
6.370460076948384120e+00 3.673392463456938373e+00 -2.044779762158762537e+02
1.254994477242895101e+01 1.062241552614138485e+01 -1.303941968161752243e+02
6.068669687472322494e+00 -8.935391385777652573e+00 -1.923292300837707955e+02
1.570596859979876569e+01 -4.912640345465535852e+00 -1.570852451918351278e+02
1.062773322856140190e+01 -1.209705209325699826e+01 -1.474504046529791594e+02
5.631468754087047834e+00 -3.516109632407466101e+00 -2.207069855369405502e+02
1.226041183623595821e+01 -1.206553935284871848e+01 -1.252162107704339888e+02
1.029805003175632017e+01 -5.359597435974298163e-01 -1.852231906585095373e+02
1.947995783493371746e+01 8.454208673937932961e-01 6.147621754585194509e+01
1.944402502210607864e+01 -3.481163972770527359e-01 -6.097617608896056396e+01
1.711471409286492218e+01 -6.906844953046603841e+00 3.625767280535126957e+01
1.883243699261828041e+01 5.986526866334767050e+00 3.689556945242153319e+01
1.782417490370186286e+01 -5.817600984436671396e+00 -3.532240837031387315e+01
1.979516055747107472e+01 7.257384089320800591e+00 -3.723260119558631231e+01
8.593625382251550704e+00 -2.006307410504262023e+01 6.246726032317938965e-02
3.916328821373864510e+00 -2.139191215403616653e+01 1.868733663449978211e-01
-7.692670091052074888e+00 -1.871241130559903354e+01 -2.710046159634721397e-01
-2.707153954198361578e+00 -2.125023156057291729e+01 -3.744493905298851288e-01
8.627350035985232424e+00 1.947081774704819068e+01 -2.199069220945125136e-01
3.167986964128691074e+00 2.060327464291779975e+01 -8.515559717062973766e-01
-8.184373816575190475e+00 1.884772776981737863e+01 2.248060830301549518e-01
-3.068612822158360842e+00 2.138539515207032338e+01 3.836976613737324571e-01
9.525492275358319105e+00 1.933351252038885093e+01 -3.183294507495266146e+01
6.727352175614691454e+00 1.916353629032692751e+01 -8.537709494149240186e+01
6.335685870154638799e+00 2.112009382535045887e+01 -3.265489560286852111e+01
2.853208558656715521e+00 1.336081623083739522e+01 -1.742397452825409516e+02
5.001707934441415482e+00 1.681452584918383053e+01 -1.373683870453669158e+02
-3.271475349361491758e-01 2.104797208665780417e+01 -3.311244226307619698e+01
2.113857555971849322e+00 1.992751292132230390e+01 -9.162096266932319111e+01
4.039379675403841574e+00 2.151055229257289625e+01 -3.262837409138308686e+01
5.055435483519688411e+00 2.117831238798874338e+01 -6.154555455899173211e+01
-9.397520060154800348e+00 1.782316449632778443e+01 -3.001304456483231320e+01
-5.722512798125667821e+00 1.995049164216551318e+01 -8.839295276479441554e+01
-6.237607956787662999e+00 1.969105632769237957e+01 -2.985926060293466477e+01
-1.615116216792763959e+00 1.170863636446865819e+01 -1.604041426431652155e+02
-4.602310479139199551e+00 1.471753361206156363e+01 -1.287928256671473548e+02
-3.983603382511445301e-01 1.528096930787936003e+01 -1.521345175065036699e+02
-7.598059888106296622e-01 2.107793446198727594e+01 -3.477732350142439088e+01
-2.346837108823766282e+00 1.950485263616995368e+01 -9.124964321398842060e+01
-4.979624675013919699e+00 2.096446297616697763e+01 -3.173697493675908632e+01
2.344793885288090074e-01 2.085255802721489005e+01 -6.716622070846507597e+01
-4.784246836707944261e+00 2.105873568128085083e+01 -6.257599794922436587e+01
2.602353744129858981e+00 1.858215114626318254e+01 -1.158189332662068836e+02
-2.417771684676858435e+00 1.816169513001456437e+01 -1.166504776326080162e+02
1.994787474067359234e+00 1.752832033335957007e+01 -1.322307591920651078e+02
1.487149481732849887e+00 1.977241550446718321e+01 -9.749838873006279982e+01
-1.225853802709985452e+00 1.659613837780536016e+01 -1.343343090568759806e+02
-4.060094159777356548e-01 2.042709051129439146e+01 -9.668476644337725645e+01
9.900638255882476813e+00 -1.745911548758347109e+01 -3.000874635118528033e+01
5.965506487886066189e+00 -1.875466388637254767e+01 -8.900756568529071444e+01
7.155514168296890354e+00 -1.835250979519972248e+01 -3.062484681610929371e+01
2.042182165010791195e+00 -1.239729008282918343e+01 -1.619742102176491301e+02
5.273952130484322431e+00 -1.627114062897936009e+01 -1.293867660711856047e+02
-6.135735846943408678e-01 -1.867132909357254533e+01 -3.317125328141228380e+01
2.367030813012990453e+00 -1.977914291333664565e+01 -9.123854873025513257e+01
3.758673446070631918e+00 -1.957126511404446134e+01 -3.213981559515118391e+01
4.723841924336226406e+00 -2.006658336204026227e+01 -6.236788732025451765e+01
-9.238564484857246129e+00 -1.725727464281849066e+01 -3.234598317123460731e+01
-7.943958420849477342e+00 -1.711517068347645321e+01 -8.659584696402669124e+01
-6.558418127285897903e+00 -1.865508800297963532e+01 -2.827355168860642820e+01
-1.997580155597819873e+00 -1.361326230216360145e+01 -1.739796727105093339e+02
-5.532491730889343984e+00 -1.619457354869054910e+01 -1.369248513990840195e+02
9.317805029009849083e-01 -1.448765169299967859e+01 -1.509702129352160398e+02
6.454243716688663479e-01 -2.024756560695159635e+01 -3.072700032175319151e+01
-2.445669376682380047e+00 -1.902402422683278971e+01 -8.570903460685359221e+01
-3.656290352599159910e+00 -2.021703546483948699e+01 -2.866129498917307572e+01
1.546585563061621815e-01 -1.822260753230762020e+01 -5.952270554759510190e+01
-5.744981623980892849e+00 -1.826486883137131301e+01 -5.748371491308391512e+01
3.155569592180920591e+00 -1.734385595474659425e+01 -1.152413390970262128e+02
-3.754295905115477616e+00 -1.831316087572064788e+01 -1.166866122458392852e+02
6.384637828187039732e-01 -1.689477280168653550e+01 -1.330350109938741241e+02
-2.094000391601294475e-01 -1.947439109997766593e+01 -9.096579294988313791e+01
-1.178307776521056782e+00 -1.598670081630227813e+01 -1.318115864953698519e+02
1.027407126692005290e+00 -1.850288548994696924e+01 -9.075654849761616560e+01
-7.173578591176481556e-01 7.845652134211795747e+00 -1.891374782726871047e+02
-1.582649536484692920e-01 2.121300010379810530e+00 -2.185073320732099376e+02
7.542820066276724189e-01 -9.682186468849932837e+00 -2.150242388338897683e+02
-6.281378198681523140e-01 -3.585234143222204573e+00 -2.440978887581617016e+02
9.207226550576471880e+00 1.760592161970556191e+01 3.016545736160339786e+01
5.687919304093067119e+00 1.977111463051499030e+01 8.579949866729596408e+01
7.948234042393362841e+00 1.899482403090360094e+01 3.042442929182818645e+01
7.657901441654305641e-01 1.480305464656097669e+01 1.670597349742426729e+02
5.064514200666311972e+00 1.542924509500300267e+01 1.309259168674595628e+02
-6.829694690922265554e-01 2.124996929116191779e+01 3.305043952888411241e+01
2.160296699829913347e+00 2.037276902072940743e+01 9.612912906767051879e+01
5.310287651888160987e+00 2.049940426860830200e+01 3.150165269145242419e+01
5.113701185081104938e+00 1.826039350301195796e+01 6.036720360665206897e+01
-1.002969628930602575e+01 1.727207760729071495e+01 3.105480881453711461e+01
-6.459697966410044678e+00 1.821139845840789206e+01 8.763900881993940573e+01
-6.958637320307632379e+00 1.838578723842409701e+01 2.929309030741039521e+01
-2.508496127533701436e+00 1.399981691847814780e+01 1.648392391336713274e+02
-5.213414175549798024e+00 1.542197669897534951e+01 1.285539441750208027e+02
-1.439793530173965275e+00 1.602030027158293279e+01 1.616630246040407428e+02
1.911263071682727244e-01 2.283205831205616931e+01 3.390979830041869292e+01
-2.180678126786077975e+00 2.144143850706221244e+01 9.314389638437276631e+01
-3.680156792531596555e+00 2.004409090817597061e+01 3.164983115170278438e+01
8.874187841621782313e-01 2.254150478257483670e+01 6.843916338595607840e+01
-5.484660020357740251e+00 1.949963218239552987e+01 6.298301230019475128e+01
4.685287613754358205e+00 1.931955152369841855e+01 1.224313427600822735e+02
-3.156065907212291854e+00 1.847003758826014419e+01 1.223765411562253007e+02
2.546128671603266724e+00 1.805476331801157386e+01 1.407527503062449625e+02
1.653221955995124726e-01 2.217410654017050575e+01 1.023232869738963586e+02
-2.127900196583281556e+00 1.757223130670423217e+01 1.408070258669964403e+02
-1.509298857235381597e+00 2.147829203213204963e+01 9.796156947506426604e+01
1.016398701321540088e+01 -1.979900672014998975e+01 3.329477128762676585e+01
6.662732184823035197e+00 -1.783002305479838867e+01 9.180610822936269244e+01
7.914877525220240351e+00 -2.213714751609951392e+01 3.445993598903816491e+01
2.613623858858255655e+00 -1.380504007641853548e+01 1.625748860967967744e+02
4.831719983167122479e+00 -1.508199494571579535e+01 1.299890208818924293e+02
9.382671867373417740e-01 -2.234974655264878152e+01 3.466260586839796076e+01
3.609027045345215345e+00 -2.138960124712896516e+01 9.386238151930061235e+01
4.302807337832746271e+00 -2.168418544435668593e+01 3.341282964197074534e+01
5.319629109922014543e+00 -2.185269741896835072e+01 6.707019780939906184e+01
-9.292495482227758785e+00 -1.748023016936061325e+01 3.007306791339471985e+01
-6.223363021244614934e+00 -1.749748793134929770e+01 8.131799794670405390e+01
-7.913660071357038639e+00 -1.967176307686999692e+01 3.140304775775989654e+01
-1.844479439507673790e+00 -1.286016863627134299e+01 1.643390638082358066e+02
-5.932525532103245958e+00 -1.552635345321762195e+01 1.270446115369387314e+02
1.837224521826793522e-01 -1.578370897571891618e+01 1.560259102240570144e+02
8.531827029371428228e-01 -2.296719273949141282e+01 3.558012247072458933e+01
-2.076446309956727188e+00 -2.028295074794694486e+01 9.269346402832833576e+01
-4.227344817206450500e+00 -2.003131877392231530e+01 3.212348563925917233e+01
-3.175283537551985558e-01 -2.204874801150518948e+01 6.767127216340928442e+01
-5.258733955899585588e+00 -1.902432989870914781e+01 5.765665607361953704e+01
3.444879636191199967e+00 -1.830329998420285520e+01 1.206358812314226725e+02
-3.282830134828399249e+00 -1.845775104166604308e+01 1.189937745567003304e+02
8.517731408983241215e-01 -1.710058343302731387e+01 1.388712999712282397e+02
5.764461799728861635e-01 -2.165048803743759365e+01 9.884741901058225721e+01
-1.664005084334626128e+00 -1.751415189538617767e+01 1.359237653415053444e+02
-4.097306156098255714e-02 -2.021286150509801516e+01 1.018118002294371252e+02
5.657151183930275717e-01 9.199839899223622552e+00 2.117460605896089021e+02
-3.216387443073836366e-02 3.545141970683443056e+00 2.261732955546393669e+02
-2.153666328115742476e-02 -8.995430359111926677e+00 2.032508557016289501e+02
-1.483678604598725748e-01 -3.768614701535719647e+00 2.246442171832813131e+02
-1.283659566439998656e+01 -1.557586724983835680e+01 2.134381571297585367e+01
-1.775064464048180923e+01 -1.264566993289529506e+01 5.949831384441651494e+01
-1.247691185436302419e+01 -1.610443042319416307e+01 5.216803184236592728e+01
-2.055895105715597637e+01 -3.702968258587774120e+00 1.158345411584911773e+02
-2.017492029189012825e+01 -8.898117079382668493e+00 9.205908637626272650e+01
-9.105222068946932978e+00 -1.431213585297445512e+01 1.005293311386284927e+02
-1.580754519710743367e+01 -1.195988230685018650e+01 8.632174119386685618e+01
-1.184197786836695343e+01 -1.633815465644445197e+01 8.118527296909910262e+01
-1.589930800349450912e+01 -1.598088570357530536e+01 7.465180525197551731e+01
-1.239570882145264541e+01 1.561694470281235958e+01 1.810612024464766989e+01
-1.588437131494127108e+01 1.159481357580704675e+01 5.175241280577658642e+01
-1.072897263615929297e+01 1.552634155428022211e+01 4.686626915330772647e+01
-1.898139944019905911e+01 1.738339526735144247e+00 1.015460797461028051e+02
-1.912184656434228103e+01 8.260637584645083464e+00 8.395608938168365398e+01
-8.705857597257759650e+00 1.512285430097850103e+01 1.049276508930025500e+02
-1.400279948487480830e+01 1.152533593967201142e+01 8.043570814855115714e+01
-9.765498723099810263e+00 1.662215705804835508e+01 7.645437967113427646e+01
-1.426177882197121782e+01 1.420040776397617854e+01 6.630372382955611954e+01
-3.156975104644986985e+00 1.055691785687289297e+01 1.815222622188184118e+02
-7.508167009168832173e+00 8.173201035320143859e+00 1.731822590872008902e+02
-5.248244105902738710e+00 1.232365322760949233e+01 1.690843984543061254e+02
-3.034636088896836004e+00 8.506537714711702947e+00 2.085902902940687227e+02
-1.690320523136969655e+01 2.649666721249382739e+00 1.303967171588273288e+02
-1.179878694149549112e+01 5.798160537163407291e+00 1.605267174732721571e+02
-1.646451287202233260e+01 6.271605838994486426e+00 1.226263978021516579e+02
-9.049999951631631845e+00 1.334953314890792697e+01 1.298368115147491437e+02
-1.056313759305863620e+01 1.027822943454653526e+01 1.656351513595590177e+02
-6.316958812320940808e+00 1.239291297573895889e+01 1.500263632938860496e+02
-1.101110874648870919e+01 1.313878189220910464e+01 1.229617635357264334e+02
-7.458042867491302630e+00 1.124604970952545102e+01 1.723668578224534826e+02
-2.559367497926325896e+00 2.133784394804242979e+00 2.373170463347267400e+02
-9.454426024365352177e+00 4.351368959262754466e+00 1.903429646663021515e+02
-3.117210576417823287e+00 6.139428713644994318e+00 2.315701551639870104e+02
-4.870957419991438719e+00 6.142049186861672894e+00 1.969257953172541420e+02
-1.387083797411966835e+01 1.090779279432316962e+01 1.018853873002378805e+02
-1.220623811230005806e+01 8.172377944380468051e+00 1.552011132562263924e+02
-1.689022082760094179e+01 8.646519488837741463e+00 1.156167969714488066e+02
-1.235375486457483518e+01 1.093600327897686775e+01 1.069647606975025838e+02
-1.451486747978548486e+01 6.633203210622941270e+00 1.401727126284617100e+02
-1.121995892252022564e+01 1.201131447302405597e+01 1.363172416291725710e+02
-2.157623404028129244e+00 -1.150969074724615560e+01 1.931924233581893020e+02
-9.078938562913826615e+00 -8.782383350669256572e+00 1.921279796291958348e+02
-4.746480113408627410e+00 -1.143916250534611123e+01 1.661683089742772097e+02
-2.609274194301566041e+00 -8.009351833494884332e+00 2.075251409310773738e+02
-1.618080993706891491e+01 -3.614583816650350556e+00 1.383266252585845564e+02
-1.412981175309491277e+01 -5.145391582348444182e+00 1.742689561772759816e+02
-1.845599712253567404e+01 -5.464047273943039684e+00 1.365231805387568613e+02
-1.553476635854629961e+01 3.493964771599095687e-01 1.500188792400384159e+02
-8.583730120500462135e+00 -1.312356274750743879e+01 1.291667968061188674e+02
-1.090762732379864808e+01 -1.053302251389091104e+01 1.637604539593517075e+02
-5.948747714030418798e+00 -1.316316742833152809e+01 1.487521605357491126e+02
-1.088259539894426986e+01 -1.287096654557773867e+01 1.199199929991529672e+02
-7.342123830197848200e+00 -1.120504576314911915e+01 1.656465130378645085e+02
-3.503137425015622863e+00 -3.240425501703614319e+00 2.279318327801560145e+02
-1.017005173089865977e+01 -6.418082199695926526e+00 2.067404270839459457e+02
-3.591004352612111372e+00 -5.681923126656603706e+00 2.206500912964674512e+02
-6.187173660616624105e+00 1.344961960467647266e+00 2.119013746713547164e+02
-6.394956536961393212e+00 -7.152299641777914552e+00 2.073146116061993780e+02
-1.610866556610734079e+01 -1.196215376066752967e+01 1.092188268042207824e+02
-1.355971402753297639e+01 -1.060665411298950822e+01 1.643339370122076559e+02
-1.718151339549463685e+01 -9.245885229260311533e+00 1.224919745536313229e+02
-1.274484375532130009e+01 -1.262287044985302487e+01 1.101841844711343157e+02
-1.686262588518711425e+01 -8.652785927270812749e+00 1.564141871580154657e+02
-1.230324244030915715e+01 -1.218595269262771019e+01 1.407159748928342822e+02
-1.219210609733069539e+01 4.491695503165617609e+00 1.863344285820548691e+02
-1.069312135681054166e+01 -4.204852497930607669e+00 1.795442167155371180e+02
-1.345129520537711976e+01 3.023915010612208576e+00 1.652311598166944293e+02
-8.561594963368808209e+00 1.190764914241766226e+00 2.020049392390009189e+02
-1.558728280304120517e+01 -7.710873476445790908e-01 1.658954963487092016e+02
-8.868183624098708862e+00 -1.883309072778829085e+00 1.933646834071485046e+02
-1.471955464925411405e+01 -1.607650608827668037e+01 -1.946712957827458723e+01
-1.678408665282268686e+01 -1.418904498632043065e+01 -6.065384327346051663e+01
-1.405896297324520106e+01 -1.823092468906899910e+01 -5.595218058518248938e+01
-1.681025119094221054e+01 -1.383173652909672136e+01 1.295239189812901870e+00
-1.829562485381607928e+01 -3.679798548187210194e+00 -1.101506572068801688e+02
-1.952031251206738460e+01 -9.016668561055794839e+00 -8.528661487453061341e+01
-1.060036049103038103e+01 -1.536195780958335888e+01 -1.068521413272490577e+02
-1.521412283567653567e+01 -1.384038407578947982e+01 -8.764315069336619501e+01
-1.177009022753995104e+01 -1.722467120281293518e+01 -8.435063607246782169e+01
-1.454238615366692322e+01 -1.689059739322629383e+01 -7.387336827226982905e+01
-1.924536365411141503e+01 -7.380655158764774626e+00 3.845713263571460772e+01
-1.919865318329552295e+01 -8.512552311147150164e+00 -3.705585075560770036e+01
-1.763026723195291368e+01 -1.233061258355560064e+01 2.065238275080033858e+01
-1.700431514781978493e+01 -1.146637932423035622e+01 -2.023281837166161878e+01
-1.259346248187110540e+01 1.497372726171358792e+01 -1.928541390892522145e+01
-1.571861708114126799e+01 1.203122716621792421e+01 -5.434844316762608685e+01
-1.209485686555037276e+01 1.636792023552591147e+01 -5.113362691201691490e+01
-1.363025971560500693e+01 1.197827696590815094e+01 -2.858421207314895598e-03
-1.741046294409242989e+01 3.602404281957245935e+00 -1.038863942019759179e+02
-1.827306859967967867e+01 8.430098483642087359e+00 -8.388341919628314258e+01
-1.038342010149551697e+01 1.493570085836561390e+01 -1.046122971403144106e+02
-1.534127040281158116e+01 1.238197053088583743e+01 -8.234370191175321452e+01
-1.068086912331853533e+01 1.787345736014324160e+01 -8.214394894920154400e+01
-1.413976029364959430e+01 1.573759655094189647e+01 -6.932995052332086061e+01
-1.812932487657105440e+01 7.788576489657636159e+00 3.447404111847411912e+01
-1.736710170996308022e+01 7.461691410600175267e+00 -3.516212761250303487e+01
-1.564997913255343676e+01 1.304557857909809115e+01 1.856902068643552894e+01
-1.629140672679416824e+01 1.039604174670662573e+01 -1.933439458002479228e+01
-3.161763350300614839e+00 1.080591198460793478e+01 -1.789611955131095442e+02
-8.043610408856642024e+00 8.437753239542665540e+00 -1.794435008217079144e+02
-4.099777489749446779e+00 1.178177788648133806e+01 -1.642520431708815636e+02
-2.701447492350785407e+00 8.746297794120362568e+00 -2.009029850777742183e+02
-1.817207030477689145e+01 2.527330460890594210e+00 -1.327683942210347539e+02
-1.326722388686486198e+01 4.596852166331141021e+00 -1.608553238991803482e+02
-1.657242796270911711e+01 7.393774214039821935e+00 -1.275308891299712570e+02
-8.848962360953079198e+00 1.263051266935338113e+01 -1.294833658698265424e+02
-1.210976297930702827e+01 9.080443805143064040e+00 -1.639571212858304534e+02
-5.911874004214356937e+00 1.349716127500948382e+01 -1.500776074604590633e+02
-1.184432408682617144e+01 1.335620144744677695e+01 -1.213928991740644676e+02
-6.647762801284458511e+00 1.082134734238586660e+01 -1.626247857713148051e+02
-4.011059721997643379e+00 2.387643803951394528e+00 -2.127345910308515897e+02
-8.949477327593088560e+00 4.124649710704781036e+00 -1.967479072258813346e+02
-3.094994326757477321e+00 5.787152366171508966e+00 -2.164922400469297656e+02
-5.677825710270217208e+00 7.064438163237500845e+00 -2.054672354860620089e+02
-1.439829421296653855e+01 1.235282408472758675e+01 -9.728260883768864176e+01
-1.122402124983774030e+01 9.495565207559289789e+00 -1.509166552703164257e+02
-1.634677298059247974e+01 9.161258497974495540e+00 -1.165072517337622031e+02
-1.178056043712664902e+01 1.224339476121874881e+01 -1.083571553804272156e+02
-1.556417365879841697e+01 8.481876108816081228e+00 -1.424746445606182874e+02
-1.114733013041548659e+01 1.105900332949517839e+01 -1.371013497108883428e+02
-4.059907721431137873e+00 -1.154594943198541124e+01 -1.927460628559020677e+02
-8.773953254674502489e+00 -8.866953171842942183e+00 -1.907600521871092951e+02
-5.436590479331753656e+00 -1.393156601366005987e+01 -1.815586415804038438e+02
-2.301230809223926421e+00 -8.270836470245184202e+00 -2.084147619228285464e+02
-1.780597302901615464e+01 -1.981679364301438540e+00 -1.429739229156548390e+02
-1.415268846687933824e+01 -6.284561259130828859e+00 -1.723748983099805230e+02
-1.830192936915042168e+01 -5.771789274305714201e+00 -1.298338006853687148e+02
-1.507957580193850511e+01 -6.587193412965790529e-01 -1.607417624505578146e+02
-1.022678195318441929e+01 -1.423621563089122688e+01 -1.383554687759527724e+02
-1.123058035144171818e+01 -9.235729486212187922e+00 -1.616587098937208964e+02
-6.429662788241653715e+00 -1.431099267601601532e+01 -1.689256942519602092e+02
-1.100210385206228914e+01 -1.205064366156442901e+01 -1.230356182144561217e+02
-8.277822773756049912e+00 -1.206285388510607959e+01 -1.766365645590706208e+02
-2.437146455627389852e+00 -1.043013628188220521e+00 -2.233754973554807464e+02
-9.866757643467909844e+00 -4.487437421934632020e+00 -1.996809788813593514e+02
-4.441422195485029256e+00 -4.946105011232213577e+00 -2.187217445704596628e+02
-5.576782628752783744e+00 1.682527246956813660e-01 -1.934581265397474965e+02
-5.160870687231375875e+00 -7.100675247801245149e+00 -2.060188562545232287e+02
-1.464207708761958671e+01 -1.258560016585419206e+01 -1.027728999374727721e+02
-1.214188134639687888e+01 -8.630733057175458356e+00 -1.575836891523123882e+02
-1.646653376176294969e+01 -9.446480844351778927e+00 -1.205811135726536918e+02
-1.245010896809643874e+01 -1.184729547938638206e+01 -1.126484947468561728e+02
-1.504886172491288754e+01 -7.374043077081378961e+00 -1.440800665434173595e+02
-1.184022844205064295e+01 -1.113566485691825569e+01 -1.373323104355627891e+02
-1.185084664331320603e+01 3.762315564749958430e+00 -1.756316830277621079e+02
-1.231014829390375276e+01 -4.257063039492642531e+00 -1.922050851697182736e+02
-1.381122979840835718e+01 1.509299103540284515e+00 -1.747934798458843773e+02
-7.774283250871494744e+00 2.160311622172053081e+00 -1.878581339019109180e+02
-1.514662830187679532e+01 -1.140934718239371204e+00 -1.867569194427811397e+02
-8.940722398001712534e+00 -2.481360259781315580e+00 -1.855493751319138767e+02
-2.038597482910137515e+01 1.737429928458066875e-01 9.045172819879255144e+01
-1.833727846216111246e+01 -2.392927036809550101e-01 3.146822900083092023e+01
-2.233201417616198725e+01 -2.454195548441727492e+00 8.783490581139970743e+01
-1.971416189447619161e+01 2.128928107301677475e+00 8.256872232802321321e+01
-1.919911378772952659e+01 -8.354836462984031875e-02 -9.243983196273821079e+01
-1.989846319696837895e+01 3.877769608168708526e-01 -3.262468508292340630e+01
-1.877199590502089066e+01 -3.358025065580172441e+00 -8.313025532979955301e+01
-1.912772576487297016e+01 2.926765244157621293e+00 -7.752706991357395339e+01
-1.791493049615987943e+01 -8.506674347813097725e+00 5.604939957945792628e+01
-1.768658591161428717e+01 -2.551525841070702683e+00 1.947796071444711430e+01
-2.166682582054076178e+01 -6.484588076826669045e+00 7.621059874419579216e+01
-1.761172012767783812e+01 -7.054604647047776567e+00 1.728001024957396581e+01
-2.105144313516290566e+01 -3.577943266954822565e+00 5.446573660855008825e+01
-1.796163958770330282e+01 8.244448313978333331e+00 5.318589469683302440e+01
-1.884019278381461859e+01 2.925759947560492513e+00 1.909708067027650458e+01
-2.016078149509857909e+01 5.543623008944773112e+00 6.981194105466674671e+01
-1.800945224330749284e+01 5.853859905273355757e+00 1.689020181559123301e+01
-1.930270105070986730e+01 3.183355751442678905e+00 5.254821712552750768e+01
-1.825681874362549806e+01 -9.349076943756474023e+00 -5.257258289525361761e+01
-1.721256969890560384e+01 -3.183748067498497036e+00 -1.890120649939309416e+01
-1.973344392962185978e+01 -5.749717146727745920e+00 -6.876222011937774425e+01
-1.744918043319945511e+01 -6.093413020509640177e+00 -1.837643358852154662e+01
-1.938597836228262139e+01 -3.987752190868239843e+00 -5.064670720685737138e+01
-1.743357637679697092e+01 -7.044063086066577384e+00 2.965418469899982479e-01
-1.691590204014623922e+01 8.868452463204787861e+00 -5.368736186196236559e+01
-1.896599563687627921e+01 4.679804003412314728e+00 -1.982035135178153595e+01
-1.978769799063659462e+01 6.213520640351173796e+00 -6.900702352565768649e+01
-1.698846854181380195e+01 6.483723317119119756e+00 -1.858975689541918541e+01
-1.954030107269238314e+01 3.616274168720137627e+00 -4.966458050682962266e+01
-1.720015639301300681e+01 5.332117185125078151e+00 -1.421995291827144771e-02
1.267548330849700911e+01 -1.645848966915478684e+01 1.935522690021230474e+01
1.588970681493902504e+01 -1.171247529141327348e+01 5.484082334588901375e+01
1.178767990401498977e+01 -1.747319913468817276e+01 5.052202258094042975e+01
1.685817437125097129e+01 -2.749538028727230188e+00 1.024758046069182313e+02
1.786110803743295250e+01 -9.580271935389728100e+00 8.418858919316033962e+01
8.687876840500100784e+00 -1.563330924602837158e+01 1.051961180133710911e+02
1.525788924116765344e+01 -1.153770994449856779e+01 8.127954836844732256e+01
1.153580123292508297e+01 -1.749336334676719673e+01 7.756889613257580152e+01
1.421174030218567097e+01 -1.549304671456561699e+01 6.617996309994765625e+01
1.177983589571103984e+01 1.592313107391288085e+01 1.664860856737861994e+01
1.595293870341946807e+01 1.163188023619095723e+01 5.154106271547982487e+01
1.169047475146273030e+01 1.591307518663975529e+01 4.680539942043338897e+01
1.831596820408408632e+01 3.759540943910442579e+00 1.021092518701783973e+02
1.669014139383029871e+01 7.198264829239676921e+00 7.989322314457245966e+01
9.636737626034600268e+00 1.521224994041952705e+01 1.030300423423570635e+02
1.593981277832112298e+01 1.156736870760801317e+01 8.600666054369175129e+01
1.070690053596168312e+01 1.613949505160845277e+01 7.362484964374225171e+01
1.238116675438088343e+01 1.346623041382472330e+01 6.529206152990676060e+01
3.147541786670315922e+00 1.093075381368902299e+01 1.869274818187057861e+02
7.546235606602743395e+00 8.663604369647229575e+00 1.856184706928279695e+02
4.985259050769686340e+00 1.267016793680771691e+01 1.672946041477057975e+02
3.853086468884188154e+00 9.359277280146541145e+00 2.173954846258478426e+02
1.688213699512779087e+01 2.806766857463022902e+00 1.278859256588957152e+02
1.356373915736947389e+01 5.307778826554292451e+00 1.677123180751649443e+02
1.545975748353730772e+01 6.743268814938800482e+00 1.211585508859264166e+02
9.879583870092746523e+00 1.480286561169320869e+01 1.385588989147402970e+02
1.080053980543488557e+01 1.056012374232587092e+01 1.652992783826058769e+02
7.541079117896172690e+00 1.387161639574888206e+01 1.515591066212502938e+02
1.099196593502398045e+01 1.422705231434732021e+01 1.264640588058083779e+02
6.021276484514389793e+00 1.142277905512423253e+01 1.680572062222223622e+02
3.048623348981218673e+00 1.107241406424584795e+00 2.319645492475069943e+02
9.382560411837117087e+00 4.796239052727671037e+00 2.063564278645993113e+02
3.492901581137153322e+00 4.938467448825671013e+00 2.213935442691515902e+02
6.332258484602837356e+00 7.913065822475329192e+00 2.189292960829425567e+02
1.391369270147360382e+01 1.089730193087964238e+01 1.015486607820694331e+02
1.219186564570440545e+01 9.553556697310883195e+00 1.555518360420566069e+02
1.534265131788525949e+01 7.635454388921671054e+00 1.123373469809669842e+02
1.243280600852527762e+01 1.389939696811715919e+01 1.150705421772169501e+02
1.472463765087269572e+01 6.645165777953883968e+00 1.423183110027767384e+02
1.177174318379959850e+01 1.066713189946892371e+01 1.386912354208523368e+02
3.252950465635184862e+00 -1.014125200509725033e+01 1.787405786335257289e+02
8.508236784720818235e+00 -8.423210550882945569e+00 1.749240071274226693e+02
5.303058243475908817e+00 -1.308914880421502325e+01 1.719395510616402589e+02
3.535616976057490035e+00 -9.660002582632744250e+00 2.024965293963030888e+02
1.714128090877290234e+01 -2.336069478486673123e+00 1.307497559467952328e+02
1.300001677089416319e+01 -4.515059647570410561e+00 1.603077672158702285e+02
1.668261174314119799e+01 -5.675100286055077881e+00 1.217749833252066054e+02
1.505365011990274482e+01 -1.854601176483252831e-02 1.492415993171390483e+02
9.998350247223450893e+00 -1.435867788864222305e+01 1.330006717701414516e+02
1.052230003551045279e+01 -9.707844476946355883e+00 1.655065692580283496e+02
6.290157339096611899e+00 -1.378221761232601317e+01 1.530803156537567986e+02
1.189490336254696778e+01 -1.313873211736690294e+01 1.232498031533721701e+02
6.717250018930042366e+00 -1.251977274989137712e+01 1.721939735266974481e+02
3.575483440042880989e+00 -1.415320315135868201e+00 2.210119693100958784e+02
9.953742755319732183e+00 -3.799121204335410784e+00 1.906213025646801498e+02
3.637302048116411779e+00 -4.005537015843082749e+00 2.181327449189763286e+02
7.359954458876001304e+00 -1.558389597031900886e-01 2.300163555049879562e+02
5.072932665007815700e+00 -6.981999258462484370e+00 1.966174419837033440e+02
1.363016056801446751e+01 -1.186761020408573231e+01 1.025638064455449125e+02
1.216583476094402805e+01 -1.043692732491821218e+01 1.558794202442115875e+02
1.510864849909281382e+01 -8.601481249234721460e+00 1.170952358484220639e+02
1.259121771064870288e+01 -1.226709097879551713e+01 1.067446515044258888e+02
1.538961932359194584e+01 -7.942768654031500120e+00 1.405511988642655297e+02
1.178901482603499318e+01 -1.093033740589021541e+01 1.353248997747297722e+02
1.328278537290876571e+01 3.969641947565095474e+00 1.900187154274812542e+02
1.167637087440540888e+01 -2.896038747651226597e+00 1.880300746270334855e+02
1.347617378087270978e+01 5.637807709958995162e-01 1.671933870472528270e+02
1.008728660200742944e+01 1.098244531753153286e+00 2.228428486464803484e+02
1.326194687550183460e+01 -1.617084202476340549e+00 1.653896453426189055e+02
9.186816576261255918e+00 -1.872720059926720193e+00 2.159431232902902593e+02
1.427055119174530695e+01 -1.642130213955011797e+01 -1.796454154216174004e+01
1.641251602500710405e+01 -1.232532111425923738e+01 -5.408182718244143672e+01
1.353457468928596619e+01 -1.609926293569809985e+01 -5.177494852520320023e+01
1.476965506601277411e+01 -1.294978790311162697e+01 -3.773473571656950631e-01
1.848515141539526141e+01 -1.966326871012843203e+00 -1.035304437623959757e+02
1.790049920672732142e+01 -8.175853714471962519e+00 -8.432286253132194531e+01
9.908788790074018138e+00 -1.519159071463142041e+01 -1.056907782553855242e+02
1.492200232220296741e+01 -1.282945085646598038e+01 -8.384096103083506080e+01
1.165725666410441086e+01 -1.691688699162713405e+01 -8.247023035067971364e+01
1.343955851431689474e+01 -1.494024284697048977e+01 -6.942075287720608401e+01
1.768876342790974476e+01 -8.099927774109385581e+00 3.464703114547794627e+01
1.802261467534921735e+01 -8.349896736423685795e+00 -3.454293018287606287e+01
1.632648696907204666e+01 -1.090223524752928519e+01 2.025148712025373143e+01
1.643676307760051714e+01 -1.089950891552054912e+01 -1.931873811407257691e+01
1.372426875138772040e+01 1.595360688887872236e+01 -1.911446668404733273e+01
1.677572406611844613e+01 1.355428453339617612e+01 -6.074891126161510613e+01
1.253601049904447251e+01 1.761348278399117362e+01 -5.441175220885902064e+01
1.382886868050008111e+01 1.247232627783058767e+01 2.779391986762810296e-01
1.822976179113038597e+01 2.413427717073548084e+00 -1.059947264139641732e+02
1.747955076137525765e+01 9.733488474722541639e+00 -8.485561355273554796e+01
1.113163123553415623e+01 1.623198900939261691e+01 -1.130216230315834594e+02
1.706248338601653813e+01 1.350159461000251859e+01 -8.970578473384901486e+01
1.224944903309708799e+01 1.817311738134987209e+01 -8.860594705188080411e+01
1.554993590997705333e+01 1.777408900284664739e+01 -7.588385590218757670e+01
1.790916635610678753e+01 7.442014646665683131e+00 3.580295309864344233e+01
1.774140022426027841e+01 9.469508449727802812e+00 -3.691531663778692263e+01
1.638107656218975450e+01 1.047171599858589808e+01 1.815294023078658370e+01
1.749946540324927113e+01 1.241974452721716204e+01 -1.991859790029536370e+01
2.753217015525024625e+00 1.071138064175120164e+01 -1.857091018552234232e+02
8.479940021469289491e+00 8.195460661747999254e+00 -1.778121171598646697e+02
5.531712649489080036e+00 1.289463772093004046e+01 -1.759017950687315874e+02
2.366814131124164167e+00 6.188352170427948273e+00 -1.911794830184700231e+02
1.596237758109477589e+01 1.444112364065558651e+00 -1.308873880060281181e+02
1.356736461045504782e+01 5.204766961052076368e+00 -1.595933288571573598e+02
1.678251542339059554e+01 5.065693923498971074e+00 -1.232410266043600444e+02
1.008370546338250584e+01 1.380339664512476539e+01 -1.405723069480455081e+02
1.203278192941597169e+01 1.001347350374918932e+01 -1.715354993568810755e+02
7.786812201220349117e+00 1.469552632880692400e+01 -1.611533923043522805e+02
1.164931231828379055e+01 1.327731100790825813e+01 -1.241149950428446260e+02
7.193857869578609510e+00 1.168201279845951568e+01 -1.727761004189191851e+02
3.607487861223971137e+00 1.441602988073510616e+00 -2.135912347380563858e+02
8.217341295846441795e+00 4.500927128412711475e+00 -1.928603695716384721e+02
1.221654558902191434e+00 5.252165020355353597e+00 -2.043355744784666115e+02
6.059834312205301110e+00 5.921580773421406541e+00 -1.883640749131621988e+02
1.508430246103777961e+01 1.318487553191369877e+01 -1.052824672311480043e+02
1.106051324216975473e+01 7.693333714960485459e+00 -1.570426398816334768e+02
1.473274281370497896e+01 7.644643600995387978e+00 -1.133846723593274959e+02
1.310576627468427269e+01 1.303803018128612301e+01 -1.145944366549045697e+02
1.482951288899232978e+01 8.258823117529427549e+00 -1.389016450933985709e+02
1.231691375769430508e+01 1.218337699951987751e+01 -1.448439575675978972e+02
3.591546700687055615e+00 -1.146978607282904150e+01 -1.864696449178350406e+02
9.056096787088348421e+00 -8.298648397209749561e+00 -1.863302031371963494e+02
3.954018099279597909e+00 -1.250161612876022943e+01 -1.649411087019690285e+02
3.550186096916318146e+00 -9.673037872003821036e+00 -2.227369293080303692e+02
1.721346879599486712e+01 -2.204991299402361271e+00 -1.359341335277951828e+02
1.432782602901570357e+01 -4.886429307917102172e+00 -1.727565380550282157e+02
1.571338025627645862e+01 -5.914135263391839814e+00 -1.267739315011908019e+02
1.559573948851022962e+01 7.781369975452112620e-01 -1.534630634530110740e+02
9.730543192189792023e+00 -1.253239075184963447e+01 -1.307104614024606235e+02
1.141058506429405561e+01 -8.827586994157059053e+00 -1.635400316697688652e+02
7.313215497481437843e+00 -1.330421509834313731e+01 -1.503208259026619089e+02
1.059822338115259655e+01 -1.169105213270285049e+01 -1.210651076196677849e+02
7.101835392153301285e+00 -1.151497286087629313e+01 -1.637491257121793069e+02
3.176148463015962431e+00 -1.498966316627645901e+00 -2.314744625572379277e+02
1.169420382346466170e+01 -3.457149001997962046e+00 -2.070063745965837541e+02
3.789014683006366901e+00 -6.328128326773592605e+00 -2.405908299494815878e+02
5.995548761861921427e+00 -7.552874337810892014e-01 -2.098278472017675824e+02
7.129882078304156323e+00 -8.421066062897418547e+00 -2.249219011989688966e+02
1.404000902240107962e+01 -1.194006576634442141e+01 -9.954130755732639102e+01
1.159066932004960471e+01 -9.883663117642084828e+00 -1.503283783622377996e+02
1.658837534592228380e+01 -7.700462479037185837e+00 -1.155884271017339842e+02
1.040866370603011326e+01 -1.135059626754974360e+01 -1.101666671197188947e+02
1.375556937585965933e+01 -7.398423715081186458e+00 -1.423247402534780690e+02
1.188435028337908150e+01 -1.223196781913993725e+01 -1.368562359232523420e+02
1.152596138774561751e+01 3.879466036253508054e+00 -1.829679263896901773e+02
1.318788398032442899e+01 -3.944557656605373275e+00 -1.935447854028575989e+02
1.344105823240563602e+01 1.130677002527783248e+00 -1.655600275251733535e+02
1.003953263080584790e+01 2.294325601756494581e+00 -2.037313589789957291e+02
1.469942410081321071e+01 -7.507149991987555060e-01 -1.784950016871631817e+02
9.406891685842323270e+00 -1.175309577162046759e+00 -1.993128342558682391e+02
1.863516029689687059e+01 -1.360958237197529508e+00 8.618859845450681689e+01
1.950931042589070685e+01 1.379259189030893756e-02 3.078533830995025156e+01
1.954160536483707844e+01 -3.110813294500900383e+00 8.208574603918924595e+01
1.760204940367283655e+01 2.527347075967321111e+00 7.749400532578880529e+01
1.884298865750932350e+01 2.363016628806297037e-01 -8.650464443240488777e+01
1.960469556624125431e+01 1.532330270265574446e-01 -3.126114321358594594e+01
1.860340316383909354e+01 -7.487030000829671961e-01 -7.887148508439165084e+01
1.828921321888017459e+01 3.373684015502977029e+00 -7.894926647394322572e+01
1.716414767091366400e+01 -8.662372906079520263e+00 5.345809436182432961e+01
1.656547033471986552e+01 -3.660008673852061190e+00 1.855825571631529414e+01
2.048634698478449678e+01 -4.425021157580694364e+00 6.951354078037837780e+01
1.748407620391066430e+01 -7.340620589589637035e+00 1.859202734817661806e+01
2.001721949921311605e+01 -3.481098813164067440e+00 5.217883075063679854e+01
1.686747712318279113e+01 8.858061871413488220e+00 5.563971352309614105e+01
1.849772373038281614e+01 4.257270085263282766e+00 1.893921053947427779e+01
1.787349581104376739e+01 6.419665175660753675e+00 6.590871309991726434e+01
1.746119767254418065e+01 6.765753518640693187e+00 1.997142640519057366e+01
1.892452263510469379e+01 2.748808235382025789e+00 4.850351371274349788e+01
1.725143439506976151e+01 -9.254336821250982226e+00 -5.225534891239227875e+01
1.866579500052087326e+01 -3.283469101931222323e+00 -1.801518874111037505e+01
2.047746562396005388e+01 -5.004294678139398656e+00 -7.038844347527013667e+01
1.696915465561040293e+01 -5.894702122758168628e+00 -1.722975657476392186e+01
2.046797572005108989e+01 -1.917055620236439717e+00 -4.802301895507069673e+01
1.565306512133781602e+01 -4.226328397779020918e+00 2.943066935035382192e-01
1.914736174845866401e+01 1.025615165810167184e+01 -5.547246021984251740e+01
1.985769830496693444e+01 3.018654521954918124e+00 -1.995998236907852075e+01
1.906925089580184718e+01 6.371246358075664418e+00 -6.653233252554504418e+01
1.738649901046377977e+01 7.200849762767363771e+00 -1.832407536687017569e+01
1.934194484249868395e+01 2.438797286423400212e+00 -5.133066331359424339e+01
1.928400946719864706e+01 5.032655320565290857e+00 4.153000424908923072e-01
