1.409032493547500842e+01 -2.263020614542984887e+01 1.966718654489170784e-02
-1.410567268560968657e+01 -2.264536360733415421e+01 -3.722532442583852824e-02
1.409866217776936814e+01 2.262642090309047305e+01 -2.461616178740579086e-02
-1.405120445626095993e+01 2.255525037441736202e+01 -2.353111916479120810e-02
9.116169820680673080e-03 1.470925370571952406e+01 -2.298759475507767434e+02
-2.059578795982481766e-02 -1.473214917458124340e+01 -2.300284283290235976e+02
-1.391595175194958525e-02 1.484269298452390551e+01 2.306941459345772216e+02
2.291913533888450052e-02 -1.474756631461556289e+01 2.299355421551767620e+02
-2.304385865855358162e+01 -4.962574171771747845e-03 1.417602207653365554e+02
-2.311443479781217647e+01 3.171558885543376144e-02 -1.421339951772310428e+02
2.296633742953467205e+01 -2.128830064511542594e-02 1.413891789576591691e+02
2.299927164135279156e+01 3.457814373026273091e-02 -1.414809621249511622e+02
-1.618663511866002278e-03 -2.692133382228374217e+01 3.270517411749602338e-02
3.600875980067367015e-03 2.689395274988507012e+01 1.290686231719395151e-02
8.138504911652688634e+00 2.155560021253885594e+01 -1.352767971908595257e+02
-8.117215228922612269e+00 2.149802180426063103e+01 -1.348539116105490905e+02
8.122944547357834111e+00 -2.148809124771359791e+01 -1.347849931050016608e+02
-8.151326017574492155e+00 -2.151526770502741925e+01 -1.349670402404946685e+02
1.740816737662728014e-02 5.436599378168545382e-03 -2.713342041621236831e+02
8.114804532085278410e+00 2.154602128811346162e+01 1.350182980563699289e+02
-8.108948571760723922e+00 2.152353923742183639e+01 1.349146011461795638e+02
8.111852165187523056e+00 -2.157676627050633300e+01 1.352170005281085992e+02
-8.091136405636408568e+00 -2.144803780923274417e+01 1.345716841617489763e+02
-1.105214198997392979e-03 3.346250326698306261e-03 2.720630890446768717e+02
-2.171307504353568163e+01 -1.359225647276159066e+01 8.417236125612362230e+01
-2.157138304556580977e+01 1.348394916141819877e+01 8.357005920395970122e+01
-1.388046503178157387e+01 8.629955507714559104e+00 2.181391761567070091e+02
-1.399010055901104543e+01 -8.655760327321919689e+00 2.189387790053276603e+02
-2.165996895708072856e+01 -1.356264377228672302e+01 -8.395256758911324368e+01
-2.157833365329565822e+01 1.350525439172603015e+01 -8.360935354573300060e+01
-1.391484955589362649e+01 8.600031089266240159e+00 -2.183387311359876435e+02
-1.399071822054692049e+01 -8.595248434104517443e+00 -2.189689790035665169e+02
-2.627550968353589411e+01 -9.327577249016207050e-03 -7.524847036543170706e-03
2.158407444379942319e+01 -1.351188087005970573e+01 8.364868088519801859e+01
2.157794894705364541e+01 1.347521438300286434e+01 8.353148154174540707e+01
1.393543029393111432e+01 8.670954872693899418e+00 2.186183793953822203e+02
1.386566922725960538e+01 -8.647600178450440822e+00 2.182446219600822701e+02
2.157811232715773286e+01 -1.350205109343875520e+01 -8.360841927666307072e+01
2.165905568459833930e+01 1.354528695940115846e+01 -8.384098146136042828e+01
1.385810664698496630e+01 8.637133327278670336e+00 -2.182668548870005623e+02
1.400475502385856252e+01 -8.629528605801166208e+00 -2.189730102050732796e+02
2.626769638897982873e+01 3.268268431335398776e-03 -2.225616048027702180e-03
7.241481504250725010e+00 -2.576531748196316585e+01 2.576389529341594972e-02
-7.231176503517800391e+00 -2.571877273573813127e+01 1.350137548020461341e-02
7.230638430654379611e+00 2.569752934895822349e+01 1.704370283412833106e-03
-7.223093273307656936e+00 2.568412559476682233e+01 1.184492839580179998e-03
1.170468354118397869e+01 2.303056412150116472e+01 -7.092435458465995168e+01
4.358801585228094133e+00 1.884110594784191761e+01 -1.895388269161484516e+02
3.921663536195150623e+00 2.562114163716430681e+01 -7.179499727296033029e+01
-1.165965403365998654e+01 2.296904360241210341e+01 -7.076171536970038289e+01
-4.316968691911402978e+00 1.880984256962872792e+01 -1.889448222878952208e+02
-3.914537233444376874e+00 2.561868002117861209e+01 -7.181176946972713893e+01
-9.992342631425288335e-03 2.261819678798459066e+01 -1.423738291338937074e+02
1.166602141459413211e+01 -2.295016107098038560e+01 -7.074567842545528151e+01
4.300249417513987815e+00 -1.883251575408562317e+01 -1.889939158083955135e+02
3.922780651991064627e+00 -2.556232385246128658e+01 -7.162688369081885753e+01
-1.169593130220675015e+01 -2.296737152296204343e+01 -7.081096245940470624e+01
-4.329109316482972147e+00 -1.891097693320132223e+01 -1.896840728096064481e+02
-3.914952576907653636e+00 -2.552621876812308699e+01 -7.142165875909971362e+01
2.719802486376479700e-02 -2.261914651718911529e+01 -1.423418174897255710e+02
-9.879523507896344203e-03 7.794593555396732931e+00 -2.600589952404292831e+02
-6.151061698033953758e-03 -7.862550280047302387e+00 -2.619657412016617286e+02
1.165791399829704034e+01 2.295429994701163778e+01 7.063983712129163450e+01
4.334155606254507020e+00 1.886822482532251755e+01 1.892835805656705475e+02
3.921807341921847545e+00 2.560429371668117327e+01 7.179905047108633198e+01
-1.164875068689322468e+01 2.292601250539237157e+01 7.064060148563940800e+01
-4.346790536511233149e+00 1.886694890978888139e+01 1.892406509701780521e+02
-3.933149492860674723e+00 2.561461950214327388e+01 7.190727060264789827e+01
-4.100367533958751941e-03 2.270412165101295443e+01 1.430144598775511611e+02
1.170172090704251922e+01 -2.302689338941694785e+01 7.103437362208779859e+01
4.335458898360367463e+00 -1.884473192608268732e+01 1.891212165002922063e+02
3.937956332024099115e+00 -2.565660931447293436e+01 7.194698331349175646e+01
-1.165757828830550125e+01 -2.294882551787516434e+01 7.052845130349554381e+01
-4.278037149039497500e+00 -1.879791470066364667e+01 1.888559971303058660e+02
-3.924859090962597552e+00 -2.561670187397962195e+01 7.184867214985877126e+01
-1.753802465042068187e-02 -2.266335796096671729e+01 1.428213816427292784e+02
5.822942662180634332e-03 7.865224096068392790e+00 2.616972147794768375e+02
-6.801004398912798010e-03 -7.842217380613378808e+00 2.609742799663634401e+02
-1.859015453881805158e+01 -1.866348405746190409e+01 4.528669875438508541e+01
-2.342987075461214275e+01 -7.185168135175195481e+00 1.181964728798713224e+02
-1.588711570939407203e+01 -1.843281830796475163e+01 1.147490188133498492e+02
-1.844847583880800457e+01 1.852684593924734102e+01 4.493828624757676948e+01
-2.329635040723911033e+01 7.130698520330586376e+00 1.172922524152395880e+02
-1.583653635228074918e+01 1.836819325602856168e+01 1.144875946136654363e+02
-7.290586006131509755e+00 1.232202187379690628e+01 2.328666360753850881e+02
-1.904462879214190707e+01 4.704746303246997385e+00 1.866347138245790234e+02
-1.175747508258473673e+01 1.592786669402164001e+01 1.858377550064237482e+02
-7.524642754314323057e+00 4.569951948453486068e+00 2.583478251947565809e+02
-1.827318716274849564e+01 1.200771018670979728e+01 1.583351052219993562e+02
-7.309311616195553363e+00 -1.237233162469003922e+01 2.335164376209661725e+02
-1.914988853488677378e+01 -4.735542914285976401e+00 1.874090713947919937e+02
-1.175195408846158074e+01 -1.589444222177283272e+01 1.857260092747488045e+02
-7.527169843375523861e+00 -4.592674122581640539e+00 2.582501043776151164e+02
-1.839396842925841469e+01 -1.209205945852964703e+01 1.591196421480413221e+02
-1.481421227894207782e+01 -2.678479171452763721e-02 2.299035533672172278e+02
-1.858110085370570275e+01 -1.866144956717031178e+01 -4.532638272360378551e+01
-2.333533187899485739e+01 -7.176447863146898420e+00 -1.175101634882552446e+02
-1.591353068135443571e+01 -1.845172543263520026e+01 -1.149932122586024690e+02
-2.256559053123565661e+01 -1.352209284467474859e+01 2.649050958127103714e-02
-1.849047376433110301e+01 1.857141384709563425e+01 -4.507960132228268435e+01
-2.329337518700199539e+01 7.170056483098947275e+00 -1.173191053124406267e+02
-1.586716802758641620e+01 1.840660240297362904e+01 -1.148158443421617534e+02
-2.247374491598758439e+01 1.345767065309910215e+01 -4.991586280972920391e-03
-7.281061619328697887e+00 1.232365048358373194e+01 -2.327731401789467043e+02
-1.909836260424469856e+01 4.687558491955506668e+00 -1.869979355211365544e+02
-1.172966862376583919e+01 1.591887522417359335e+01 -1.857183692269177584e+02
-7.473262354591298617e+00 4.580900288466178694e+00 -2.574933452574330772e+02
-1.821989237411799678e+01 1.204012999702913689e+01 -1.581460665318409440e+02
-7.357122986444904811e+00 -1.238708572774707584e+01 -2.337266519802016091e+02
-1.921703943038387052e+01 -4.712336419426808476e+00 -1.878467909455661413e+02
-1.178620360314132753e+01 -1.595897352450528750e+01 -1.861896278492517354e+02
-7.474181987205944289e+00 -4.552140171760354903e+00 -2.577259858838397122e+02
-1.830972049104037325e+01 -1.211221365938929750e+01 -1.587239858717418599e+02
-1.478236368743168327e+01 -1.794214735498000229e-02 -2.299726648071765283e+02
-2.565983002230818144e+01 1.203272446482810164e-03 7.443639025134775977e+01
-2.564888507528236516e+01 1.894156194087467590e-03 -7.444562019070120584e+01
-2.524903408183636699e+01 -6.976255725716028699e+00 4.620821113280381809e+01
-2.515955376876413396e+01 6.925225891982666582e+00 4.600297565129363164e+01
-2.515579895824054546e+01 -6.945198283828840857e+00 -4.598352533139863141e+01
-2.514965285846868781e+01 6.929870029598316883e+00 -4.601444072980754640e+01
1.848736356831692618e+01 -1.858806181699301874e+01 4.501510778972917137e+01
2.328012419872198180e+01 -7.139063778139359329e+00 1.172970153207624264e+02
1.585047964214637339e+01 -1.839689591365421606e+01 1.145615870169482520e+02
1.847318886688175610e+01 1.855122125123786248e+01 4.495129562362769349e+01
2.323948286692254328e+01 7.102704842615930048e+00 1.170037031502991454e+02
1.586084679048085988e+01 1.842326041790668611e+01 1.147571535002902152e+02
7.304082523747640998e+00 1.236465848949717383e+01 2.334023564422771528e+02
1.907196238559188117e+01 4.714533316466366308e+00 1.867397029505813748e+02
1.177856405089257663e+01 1.597796410996749827e+01 1.862154074770606087e+02
7.579310501025568136e+00 4.585963245324305326e+00 2.590508821099152783e+02
1.830515294600013831e+01 1.206119349324984391e+01 1.585443120494766163e+02
7.292550981919597497e+00 -1.234316301672570937e+01 2.329227094067514088e+02
1.906880013221516279e+01 -4.742334842988959132e+00 1.866434667187740786e+02
1.176360602804017930e+01 -1.597592055425015545e+01 1.860604302278479167e+02
7.491192265674732731e+00 -4.560696396777504269e+00 2.579822437478767938e+02
1.826716368887662867e+01 -1.200998314177609672e+01 1.583530957761822719e+02
1.487813455146136477e+01 -2.131286025638270964e-02 2.304348865592372135e+02
1.849709015002326140e+01 -1.857376938839218639e+01 -4.507631900839781025e+01
2.329522037273135382e+01 -7.146366142491523021e+00 -1.173342269622570342e+02
1.587258305256458257e+01 -1.840558497542273386e+01 -1.148213803900302423e+02
2.248475321641311808e+01 -1.347099971879806013e+01 6.370832052134437276e-03
1.857503318822302063e+01 1.865179859918089633e+01 -4.529540041036499076e+01
2.327725595749776843e+01 7.152843567380806178e+00 -1.172422032115886310e+02
1.594804724077621394e+01 1.849280903602741688e+01 -1.153626260211221819e+02
2.254337313026438849e+01 1.350936465117902685e+01 -4.052507478832119425e-02
7.284060518466657363e+00 1.233431836354451150e+01 -2.328535864253479701e+02
1.903913178253992911e+01 4.735496122009204889e+00 -1.866497248749670632e+02
1.180747138878086844e+01 1.598704816911395099e+01 -1.863290640863568797e+02
7.450546943658447496e+00 4.561973910406622146e+00 -2.575528528722936699e+02
1.827583524712281360e+01 1.207510205145915982e+01 -1.586273176550202493e+02
7.328153761137555122e+00 -1.238859093398577471e+01 -2.336259402479718403e+02
1.919171781111897701e+01 -4.720208296653654934e+00 -1.874828940030502622e+02
1.173635419239503719e+01 -1.594982534861771306e+01 -1.857985082852233916e+02
7.565654896376503125e+00 -4.595280696941387966e+00 -2.587474631244099328e+02
1.824217002889206540e+01 -1.205930297072136170e+01 -1.581952217270423091e+02
1.481732048283626924e+01 1.632651025120339036e-02 -2.300385751282779836e+02
2.557576440297215470e+01 9.595146252289559613e-03 7.424954174873735724e+01
2.559850923882017426e+01 1.745303884745300765e-02 -7.426216813126802663e+01
2.515155686457763196e+01 -6.937976311934058948e+00 4.600073424865207983e+01
2.516227715855921687e+01 6.931858725147060696e+00 4.600263051288089144e+01
2.515272801193385632e+01 -6.934561404222309378e+00 -4.601606779078980480e+01
2.520297974368325100e+01 6.957148964457812390e+00 -4.607431578041313003e+01
