1.476552071009370195e+02 -2.385897167687009244e+02 2.752557686306389417e-03
-1.476104446617674455e+02 -2.385643783991979774e+02 7.438534888074126725e-04
1.476852234047410093e+02 2.386102259947411426e+02 -3.769019215102482022e-03
-1.476818536248592011e+02 2.386619623650021538e+02 1.448982054258941225e-03
5.042772960334758817e-03 1.489706792800392918e+02 -2.567001390892394141e+01
2.519863108721411005e-03 -1.489735544383624415e+02 -2.564994996695978458e+01
-1.262966546185786835e-03 1.489404437765844307e+02 2.565358779884056162e+01
9.326155892146954438e-03 -1.489738620379718839e+02 2.565912617628836756e+01
-2.389861608691620063e+02 1.075059597896550617e-01 1.576741148629341005e+01
-2.389707843212615330e+02 -1.936257548990620581e-02 -1.576736622845790237e+01
2.391109344230661691e+02 -3.069082511455274026e-02 1.579240887440128382e+01
2.390686943730804614e+02 1.116561865332156914e-02 -1.578349843451497136e+01
2.043566897488956549e-02 -2.800791138971346754e+02 5.840662359599282607e-05
-1.826454872379554284e-01 2.803370991615394701e+02 -2.296521277371558166e-03
8.663955860621038596e+01 2.272761979859761823e+02 -1.494844587777626010e+01
-8.678742168102104415e+01 2.273865394044351547e+02 -1.497301443975033486e+01
8.679305621434373563e+01 -2.274096839978365665e+02 -1.497771739717803818e+01
-8.666594710417429326e+01 -2.273514346948641389e+02 -1.496027993204171835e+01
-2.561838888880248362e-03 1.602275719521790466e-03 -2.953684313249538107e+01
8.677059810738202827e+01 2.273289820616722920e+02 1.496403775408008840e+01
-8.670040548776650269e+01 2.273225349719293433e+02 1.495787179958110791e+01
8.668225831929048297e+01 -2.272785877156849494e+02 1.495463047996833161e+01
-8.676613690713558924e+01 -2.274156957907217986e+02 1.497251865322570019e+01
-6.183765872602627230e-03 -6.030906125907291478e-03 2.950746026684705470e+01
-2.265224772637993169e+02 -1.401486626858220745e+02 9.232358523217701674e+00
-2.267955026889565886e+02 1.403129016815328214e+02 9.259824253665271954e+00
-1.414900790761493568e+02 8.731835739831227272e+01 2.444241244372014066e+01
-1.414138669914678701e+02 -8.726381544201190366e+01 2.442991710353621571e+01
-2.266926470289968449e+02 -1.401862643854757664e+02 -9.249595353885510463e+00
-2.267397020700556141e+02 1.402734452597428572e+02 -9.251845829027958601e+00
-1.414427131798573782e+02 8.728801340379928320e+01 -2.444077261802664935e+01
-1.414302607628642363e+02 -8.728696367804657541e+01 -2.440902651451674998e+01
-2.809113025898843716e+02 6.776145577283707033e-02 8.100055518762762667e-04
2.267840567157238922e+02 -1.402238074370957293e+02 9.257627824887430634e+00
2.267812957116168775e+02 1.403086746350854241e+02 9.258013797513527265e+00
1.414383703789330582e+02 8.727880168198797151e+01 2.443452623635232968e+01
1.414880705149253117e+02 -8.731899234277149446e+01 2.443874338035891469e+01
2.267273715477166718e+02 -1.402855789032680605e+02 -9.252381248714668160e+00
2.266923573526908342e+02 1.401607890183136647e+02 -9.250137759268636017e+00
1.414792643398188829e+02 8.730796016780396940e+01 -2.443458706057944951e+01
1.414208814343842562e+02 -8.726213711557147690e+01 -2.442602422960085207e+01
2.808920007229107796e+02 -3.246882276829139019e-02 -4.748191929897074620e-04
7.672052221251605886e+01 -2.695748674358556514e+02 -9.207764316481674427e-03
-7.669083079315856821e+01 -2.696168051469952616e+02 1.098726642339792510e-02
7.669449074713185155e+01 2.697875322551813611e+02 9.319888076270802305e-03
-7.682097399949665828e+01 2.696772081280035422e+02 -1.004305116744306364e-02
1.216821119883939275e+02 2.419445056598405017e+02 -7.765576560457708055e+00
4.533743696780147303e+01 1.955017945397897563e+02 -2.111913604184827520e+01
4.535923475146223893e+01 2.663040688037651194e+02 -7.858834182627325582e+00
-1.217284604543464752e+02 2.419086952913646087e+02 -7.815281698741017635e+00
-4.541384396137338086e+01 1.956727999033874994e+02 -2.111744136287695994e+01
-4.543607259170847357e+01 2.661884019652773077e+02 -7.892701450185541923e+00
7.746640215301535404e-02 2.399747478914120506e+02 -1.573068219491511144e+01
1.217282367031664592e+02 -2.419758664611045731e+02 -7.817688257578342181e+00
4.541559772043273568e+01 -1.956729844871306341e+02 -2.111541046774333452e+01
4.544027719190260939e+01 -2.663180867310891244e+02 -7.907496764163232328e+00
-1.217033323204800297e+02 -2.420544962172810699e+02 -7.772782125095527128e+00
-4.532621502839120353e+01 -1.954888492893032890e+02 -2.111694472061435590e+01
-4.538454571960260608e+01 -2.664776925438700346e+02 -7.878626884949134990e+00
-8.564604375609116693e-02 -2.400100767081215736e+02 -1.573497704752549886e+01
-1.010625256149287957e-02 7.592721549092797773e+01 -2.847511400882504873e+01
-9.480696191981184684e-03 -7.592773654776226522e+01 -2.840531067745177296e+01
1.217517081093522791e+02 2.419466210098806016e+02 7.825649177384174315e+00
4.540837196156993372e+01 1.956548351062071731e+02 2.110786759413308999e+01
4.542590587712771111e+01 2.662327571989673629e+02 7.897125391591669263e+00
-1.217852088189858080e+02 2.420954880478518874e+02 7.780133251046712495e+00
-4.535545973153128330e+01 1.955220075699191113e+02 2.112789710397500542e+01
-4.541507853742115230e+01 2.663325115217546681e+02 7.860799393609217312e+00
-1.148835035040422226e-01 2.399086394234807642e+02 1.572007998271702078e+01
1.217448722481056649e+02 -2.419207491773260301e+02 7.759642268654425301e+00
4.535565879775133880e+01 -1.955369157291470117e+02 2.113253916768106322e+01
4.542025974800964150e+01 -2.662618388449760687e+02 7.855471312785331506e+00
-1.216969525900031499e+02 -2.419145412082417579e+02 7.817889845782948655e+00
-4.541496045663372172e+01 -1.956956573810935254e+02 2.111976827946346447e+01
-4.539525914294051745e+01 -2.661730351470507117e+02 7.899832931942409431e+00
1.082645626651938947e-01 -2.399502398856859600e+02 1.572463229595451928e+01
2.961908531314462120e-03 7.591656216604688723e+01 2.840407217500764503e+01
-1.156164786843908929e-02 -7.591569496404814288e+01 2.843634562714186131e+01
-1.946297497998925508e+02 -1.968308729520416307e+02 4.787489278756435596e+00
-2.416787024900895062e+02 -7.282592343665288581e+01 1.300931050117562116e+01
-1.641638771555759604e+02 -1.924160865868301471e+02 1.271460711303835289e+01
-1.948374932745367403e+02 1.969233770897911597e+02 4.843511205625309124e+00
-2.419582865174811559e+02 7.313403224501202260e+01 1.298682979265845816e+01
-1.641133248133663756e+02 1.923452849523224302e+02 1.276096522000177025e+01
-7.327445696730417524e+01 1.226015289869070699e+02 2.600463530799599354e+01
-1.979150594343998364e+02 4.536310909478460474e+01 2.085745290575435007e+01
-1.212769053954827569e+02 1.659116201969791575e+02 2.070265522019408522e+01
-7.478901276904809947e+01 4.249168599724644935e+01 2.817261388694130275e+01
-1.927080583237942335e+02 1.203628231394172730e+02 1.762803859603658907e+01
-7.325963226390970817e+01 -1.225642183414529427e+02 2.599199865396440146e+01
-1.976502530902911587e+02 -4.531353848169995047e+01 2.088034126059363160e+01
-1.213367686865764341e+02 -1.659851787497353826e+02 2.067331749845140010e+01
-7.475377183236992096e+01 -4.247956779557277684e+01 2.816899156789330050e+01
-1.924728186087426138e+02 -1.202749255545427332e+02 1.762186738961499799e+01
-1.453406367129107934e+02 -5.536119483635116266e-03 2.568556261791818685e+01
-1.947264644738115749e+02 -1.967265708630139613e+02 -4.833776370684070400e+00
-2.419314108733000523e+02 -7.305879045287198892e+01 -1.298254399049552177e+01
-1.640286057124976651e+02 -1.922809397658591593e+02 -1.274669783283667002e+01
-2.388430181470067737e+02 -1.473881425534616483e+02 -1.808878469931070061e-03
-1.947562781277372039e+02 1.969682636177062705e+02 -4.796799918751520231e+00
-2.418357878223674788e+02 7.293476231040381208e+01 -1.303075945348331643e+01
-1.642572155339723565e+02 1.923872605559360522e+02 -1.271785953972803540e+01
-2.389272512026363984e+02 1.474812570776878999e+02 6.222398698592147316e-03
-7.325590311770619678e+01 1.225829524780427704e+02 -2.601342307224389927e+01
-1.976692753087145604e+02 4.534137331549253247e+01 -2.087995963148180678e+01
-1.213550875038984884e+02 1.659977997013138804e+02 -2.068375974146478313e+01
-7.477900435502417054e+01 4.249265275218692040e+01 -2.820462841543953658e+01
-1.926400898667166359e+02 1.203310228712304593e+02 -1.764908574831429533e+01
-7.324950447293851141e+01 -1.225684990301941895e+02 -2.597824578212369317e+01
-1.978076535299155694e+02 -4.532934393877089718e+01 -2.082312255303614634e+01
-1.212244284768661799e+02 -1.658800852952280707e+02 -2.068649917952792094e+01
-7.477594660717625175e+01 -4.248761222642013280e+01 -2.820184368789191964e+01
-1.926288896386875251e+02 -1.203198218994958069e+02 -1.761304421553508703e+01
-1.453373416482523623e+02 8.212798437034906848e-03 -2.568352966357475253e+01
-2.697953038749923280e+02 9.082549746919579836e-02 8.163642619828774372e+00
-2.698369036493848512e+02 1.003154941753072425e-02 -8.164460467241021036e+00
-2.669547573626709323e+02 -7.369583871931638441e+01 4.868562698803378552e+00
-2.670375697474664776e+02 7.379742587409610621e+01 4.850459989957300877e+00
-2.670527690669613321e+02 -7.370876643361721392e+01 -4.845639516873174735e+00
-2.670704347443068514e+02 7.381831613458770391e+01 -4.874094010014406564e+00
1.948190006348022223e+02 -1.967789757044353109e+02 4.836549916804639082e+00
2.419914497349382998e+02 -7.305869010307665690e+01 1.299817763799160453e+01
1.641005918426658639e+02 -1.922811013148738084e+02 1.275722334701765881e+01
1.948123599255723946e+02 1.969995823786902633e+02 4.807802536863479581e+00
2.419255100748482619e+02 7.294418751585584459e+01 1.304349246095582870e+01
1.642643774600752522e+02 1.923858048395646279e+02 1.271954832956125969e+01
7.325135765977837821e+01 1.225712350177855967e+02 2.599116957734960209e+01
1.977367966278030451e+02 4.533037157637505032e+01 2.089963050841625147e+01
1.213228924542247995e+02 1.659316336510549093e+02 2.067083739708909462e+01
7.472010415035387609e+01 4.248369566908205996e+01 2.813445130071226430e+01
1.926278308198043021e+02 1.202756790353247709e+02 1.764196720204354918e+01
7.327331996006022052e+01 -1.226001129056609074e+02 2.600204912973632787e+01
1.979271981465581973e+02 -4.536201234137805471e+01 2.086350157980964681e+01
1.212634075828833460e+02 -1.658935230382775785e+02 2.069961387053192681e+01
7.475114755863936011e+01 -4.251142087413714421e+01 2.817145340420243826e+01
1.927249862593339174e+02 -1.203499875640106040e+02 1.762964479546104357e+01
1.453322172073065701e+02 7.941103825000616788e-04 2.567098900989848431e+01
1.947547772335191496e+02 -1.969749056905648388e+02 -4.795511188728493579e+00
2.418511316728000793e+02 -7.293967808844719514e+01 -1.303512775017603076e+01
1.642515425633462200e+02 -1.924059012241901598e+02 -1.272123773576484318e+01
2.389154586204262785e+02 -1.474371972512799971e+02 7.169620232097989945e-03
1.947462940605796007e+02 1.967333654995436234e+02 -4.840001586313920079e+00
2.419798847373259889e+02 7.306113343173907992e+01 -1.299314514123695652e+01
1.639862576328176829e+02 1.922002838474588486e+02 -1.273469412229568576e+01
2.388986603223648899e+02 1.473569419979010036e+02 -4.035681922695154820e-03
7.327029963741287588e+01 1.225858903638171427e+02 -2.601007909870348556e+01
1.979079257353891137e+02 4.535776163465882860e+01 -2.085563316757825092e+01
1.212406604970332324e+02 1.658631898300957914e+02 -2.068190357828356696e+01
7.478735736744938833e+01 4.250092347483838040e+01 -2.821410635989649762e+01
1.926770376519302772e+02 1.203222988737975641e+02 -1.761677194096980159e+01
7.324945550127385729e+01 -1.225464851424543014e+02 -2.598020974525520543e+01
1.976678284405735724e+02 -4.532900851037096857e+01 -2.088421656622087497e+01
1.213585056080931253e+02 -1.659927923094306266e+02 -2.068319700675137440e+01
7.479388480458925414e+01 -4.245478529231209563e+01 -2.814153768935324607e+01
1.926487614336985814e+02 -1.203290636078183979e+02 -1.765078723099836466e+01
1.453333863469329401e+02 -5.532815806382051366e-03 -2.568093700766991816e+01
2.699160259900555161e+02 3.046637037500253813e-03 8.169954676651453696e+00
2.698962964183962754e+02 -1.894866938295400663e-02 -8.166667444310187207e+00
2.670529595392771967e+02 -7.374867906237497550e+01 4.844737835885458921e+00
2.670397588760264966e+02 7.376258399475214844e+01 4.870181127034602042e+00
2.670538762669618222e+02 -7.381991361512461935e+01 -4.869831683945431422e+00
2.669781313390965920e+02 7.368522807326199597e+01 -4.841744323647915849e+00
1.132480098198498553e+02 -2.565182009015272797e+02 -7.460458733626603584e-03
3.873456901546339992e+01 -2.775374396263773633e+02 -5.385692786276125889e-03
-1.132018283935184826e+02 -2.565321184960483833e+02 1.026272907395741132e-02
-3.870863202953709958e+01 -2.775469238937893692e+02 5.353099624496047808e-03
1.132720749478653772e+02 2.566076640354381198e+02 7.914728985101050426e-03
3.855381474416535070e+01 2.778950772271155643e+02 3.711542874955684693e-03
-1.133095447872275372e+02 2.566136368190355483e+02 -8.817395736568919146e-03
-3.890217382482848052e+01 2.777212469674278168e+02 -7.254599331550028347e-03
1.360085963920678296e+02 2.424745788755536182e+02 -3.907785887227031463e+00
1.051269968338876453e+02 2.369438679148595099e+02 -1.146096605749106523e+01
1.005109510217336748e+02 2.590466525948610297e+02 -3.927883980691220245e+00
2.300851651775788298e+01 1.741007603193023670e+02 -2.366035756600753359e+01
6.670275513865327355e+01 2.133746592530622763e+02 -1.821217755360085633e+01
2.295506282804471354e+01 2.766857798637229280e+02 -3.980099684527568460e+00
6.653194907730298269e+01 2.496386480869267928e+02 -1.152365583447586062e+01
6.173687762891756847e+01 2.708952540843732208e+02 -3.971511441641374152e+00
8.447767985940596702e+01 2.570113337937830806e+02 -7.903546743278251796e+00
-1.360258983512724456e+02 2.425506089166695745e+02 -3.957393161633374845e+00
-1.051634479095083066e+02 2.368148813405127839e+02 -1.150495091414837390e+01
-1.005826744499683372e+02 2.590585790704784017e+02 -3.965599319107470766e+00
-2.302096428111912729e+01 1.741547476542154982e+02 -2.366659622460648649e+01
-6.680849535272439255e+01 2.136434803097142492e+02 -1.819613998176857095e+01
-2.331827364905491098e-02 1.986188467617297420e+02 -2.141129395435351057e+01
-2.314637070694123722e+01 2.765980767607217672e+02 -3.990509961566034658e+00
-6.655258453281345510e+01 2.494168946996304044e+02 -1.157933615311542930e+01
-6.188407791627177090e+01 2.708355537655684202e+02 -3.992211862063002936e+00
-4.518344852701512010e-02 2.695680214303912976e+02 -7.980667414000980564e+00
-8.452681338147063173e+01 2.569269840970778773e+02 -7.936680617633905754e+00
4.401263250924858283e+01 2.369642112377686090e+02 -1.553155931756508323e+01
-4.392078382165877315e+01 2.369933667909294002e+02 -1.554574533992545149e+01
2.270588553980652335e+01 2.194539922993103289e+02 -1.862586340859885325e+01
2.296322009732308800e+01 2.558154946929969071e+02 -1.193964754984730803e+01
-2.270150698892419427e+01 2.194665710397235330e+02 -1.861662409837593302e+01
-2.293221807887988462e+01 2.557631439996754636e+02 -1.196154904157850041e+01
1.360358581552302155e+02 -2.425863149604617774e+02 -3.955826026975347354e+00
1.051596897970946713e+02 -2.368611242371701451e+02 -1.150976712705650229e+01
1.005745060100967407e+02 -2.591257949585062192e+02 -3.965691522385726309e+00
2.302793353653893504e+01 -1.741451713866724731e+02 -2.366035656091268891e+01
6.681569947901463991e+01 -2.136425189404088769e+02 -1.819700338117261040e+01
2.308844365306606505e+01 -2.766642979953752501e+02 -4.002300858096477398e+00
6.655264762524093669e+01 -2.494750423162124378e+02 -1.158789180332860091e+01
6.182889788894797078e+01 -2.708913850486476349e+02 -3.997150507366888927e+00
8.451788562232617608e+01 -2.570151788091366143e+02 -7.943965953745283137e+00
-1.359723247040712977e+02 -2.425894251189369584e+02 -3.903563150839206131e+00
-1.051512523488107718e+02 -2.370213665901332263e+02 -1.147321977046666852e+01
-1.005192713106778655e+02 -2.592514124993447240e+02 -3.933920673086227282e+00
-2.300259173687293313e+01 -1.740977531932581996e+02 -2.365434450415158452e+01
-6.670221929715324904e+01 -2.133802022811087511e+02 -1.821393250865767044e+01
2.252916288324886829e-02 -1.986144979480520192e+02 -2.140842357312079614e+01
-2.303210004030085045e+01 -2.767360254513490645e+02 -3.994987747281472767e+00
-6.655164156863160940e+01 -2.497676815035651714e+02 -1.154191543673385567e+01
-6.175117744287648947e+01 -2.710270656232488022e+02 -3.983746439390484451e+00
3.244737587453642991e-02 -2.697734518554202054e+02 -8.002672545793616976e+00
-8.451994729732925293e+01 -2.571650987085058659e+02 -7.917042634487116537e+00
4.392594321365331211e+01 -2.370191736195221495e+02 -1.554997970358025405e+01
-4.403183233029977117e+01 -2.370065128973458002e+02 -1.553773240250623466e+01
2.270604245371706753e+01 -2.194664768871426475e+02 -1.861742254951636966e+01
2.294194597441797256e+01 -2.558719595481209126e+02 -1.197498588573147948e+01
-2.270424848942649376e+01 -2.194519471774667636e+02 -1.862645115554425246e+01
-2.296414601788134746e+01 -2.559551298355841311e+02 -1.195750828121541609e+01
-1.027339281389345708e-02 1.130000421363911016e+02 -2.741583430172065050e+01
5.707755830725517982e-05 3.837553461072151606e+01 -2.931216680004754949e+01
1.438806372412962387e-02 -1.129348231294339371e+02 -2.734518227177181871e+01
-3.269094240163623183e-02 -3.829974651460808843e+01 -2.922348426869442406e+01
1.360316765262862191e+02 2.425269694729004186e+02 3.965484633591358943e+00
1.051747497177446746e+02 2.368308851263677468e+02 1.150887733282292658e+01
1.005822272391074392e+02 2.591281585508795615e+02 3.970723586213422696e+00
2.301896558453976027e+01 1.741440022124508005e+02 2.366274360899782891e+01
6.678878168195915066e+01 2.135724506358289716e+02 1.817717211304115210e+01
2.300913649359567259e+01 2.766554784775342455e+02 3.987564387557238188e+00
6.653753750207678763e+01 2.494053868335500397e+02 1.158218113945007666e+01
6.180371154566248748e+01 2.709303939889226740e+02 3.990076025372253365e+00
8.454217666336987236e+01 2.570068082088516803e+02 7.944924854242512602e+00
-1.360507591796629754e+02 2.426358212264493375e+02 3.915814554454440710e+00
-1.051907725298501219e+02 2.370276647058888386e+02 1.146720998315243101e+01
-1.005756851736810802e+02 2.591493048102144598e+02 3.936503826664935257e+00
-2.301638375936398617e+01 1.741153790559890240e+02 2.366500172292474247e+01
-6.675296905696269789e+01 2.134476157746126148e+02 1.822608983235416247e+01
9.507349069679430636e-03 1.985445121839289015e+02 2.140027574238009933e+01
-2.310204633316818246e+01 2.766447984603836971e+02 3.980581833403430636e+00
-6.656337630944270245e+01 2.496433962334400860e+02 1.152160408348887266e+01
-6.182039258247387892e+01 2.709033151027576309e+02 3.976604219855309985e+00
1.069920149192281691e-02 2.696208361708477241e+02 7.983970200974114029e+00
-8.455529276520442750e+01 2.570731664557836780e+02 7.908151395763248104e+00
4.390678212634141886e+01 2.369524432151221447e+02 1.553461427220179480e+01
-4.405577534994415601e+01 2.369047403633368276e+02 1.552683068095301344e+01
2.268660516075033939e+01 2.193862135411494592e+02 1.859966047762851815e+01
2.291202731719702612e+01 2.557400695653227558e+02 1.196155142871331556e+01
-2.271659219674562635e+01 2.193710590824333337e+02 1.861512908008838352e+01
-2.299564002391230844e+01 2.558304578260428457e+02 1.193847563103751419e+01
1.360378003840833685e+02 -2.424169772916000909e+02 3.900518910888286062e+00
1.051747435504166077e+02 -2.369393607489444094e+02 1.145498775263139279e+01
1.005643060019059050e+02 -2.589812657468709176e+02 3.922380098081043265e+00
2.301782375557793614e+01 -1.741234156364153023e+02 2.366766190753109100e+01
6.674538929436231172e+01 -2.134403523309208026e+02 1.822450464762790645e+01
2.306769318283863157e+01 -2.765275586366650487e+02 3.984033520308146503e+00
6.656800384950983585e+01 -2.495990119628037007e+02 1.151309720159391681e+01
6.178789212565388311e+01 -2.707664290687878861e+02 3.971003426593840313e+00
8.454442438993504538e+01 -2.569510696852634624e+02 7.893035132395680442e+00
-1.359776127450379022e+02 -2.424998345072626762e+02 3.955513924384877811e+00
-1.051490347710293776e+02 -2.368927940089891990e+02 1.150977307790982707e+01
-1.005363779865948715e+02 -2.590279048292443917e+02 3.963842469045553152e+00
-2.301942937219583030e+01 -1.741667249097427259e+02 2.366850569949045635e+01
-6.681548691853659250e+01 -2.136541491886890469e+02 1.819635581995236961e+01
-1.223545718430164332e-02 -1.985891587384761863e+02 2.141170653918605993e+01
-2.305692631861579045e+01 -2.764559898226464725e+02 3.994747249732890637e+00
-6.652056928705368932e+01 -2.494367274780485957e+02 1.158209942126576664e+01
-6.179274430632214177e+01 -2.707559955808050631e+02 3.993780951691281889e+00
1.031486164869249711e-02 -2.695659283997140392e+02 7.984987113972959349e+00
-8.451086471207855766e+01 -2.569901445113480349e+02 7.944125263335491738e+00
4.405008061046894596e+01 -2.369479186014003176e+02 1.552976994288761503e+01
-4.390473782509342016e+01 -2.370105837232096917e+02 1.554185973167945178e+01
2.271805487596235551e+01 -2.194177432335593494e+02 1.862199806554610859e+01
2.300480506557533289e+01 -2.558163898437271371e+02 1.193382894073209499e+01
-2.269538274440915870e+01 -2.194639527657732287e+02 1.861447106476580160e+01
-2.289349969730562151e+01 -2.557312331379294505e+02 1.195880331478846870e+01
-2.365559821781183444e-02 1.129394850170588427e+02 2.734970028045150414e+01
-1.308289787364386343e-02 3.835978794084036281e+01 2.924601310078711336e+01
-2.680312815495310141e-02 -1.129734273679308387e+02 2.737366569422978202e+01
-2.191976375872695375e-03 -3.835601913483833414e+01 2.926462459895071078e+01
-1.727181889295900703e+02 -2.197536903799037873e+02 2.408087838188220697e+00
-2.126694776728106149e+02 -1.701414389632890050e+02 7.060728887435792522e+00
-1.601876914684368671e+02 -2.221169795813828500e+02 6.381049144472264345e+00
-2.425222000100535809e+02 -3.672802715686744079e+01 1.452654825024725405e+01
-2.363752470787883055e+02 -1.075180127714285447e+02 1.123097462131296354e+01
-1.269026178572619017e+02 -2.120096921717722580e+02 1.401296448253428650e+01
-1.975920309534217552e+02 -1.682658106605445028e+02 1.110648655153929099e+01
-1.446742825850386964e+02 -2.198649037368320478e+02 1.036220288673475132e+01
-1.814219730200446747e+02 -1.969871649733129004e+02 8.848024300967901823e+00
-1.729666299954345732e+02 2.198606995275887357e+02 2.452476542414603333e+00
-2.129852491062597153e+02 1.702738425596393768e+02 7.129877094514788460e+00
-1.603130757197859850e+02 2.223572919635832932e+02 6.392878611283259183e+00
-2.427915107617945409e+02 3.701448851024543529e+01 1.451005003887954103e+01
-2.366442973469402489e+02 1.077973272252989716e+02 1.121708862197541734e+01
-1.267255581980952854e+02 2.118950314000285857e+02 1.403257873512696996e+01
-1.977124734278720553e+02 1.683160526052207899e+02 1.114891486856716618e+01
-1.448335772772639416e+02 2.199761582984361041e+02 1.038482842996246802e+01
-1.816599703665169443e+02 1.971566476740736391e+02 8.888011559138384143e+00
-3.692740283688254266e+01 1.370468290292627671e+02 2.607624226565696901e+01
-1.083739124023865656e+02 1.060982141635867890e+02 2.546639038380076769e+01
-6.080224565040629159e+01 1.616949116434070675e+02 2.393543874309492026e+01
-3.702036722071748898e+01 9.958888803028538916e+01 2.760146993208602240e+01
-2.206267327155599389e+02 2.280251075362912161e+01 1.847458710254252878e+01
-1.716607400991070449e+02 6.710348241180993512e+01 2.287287270643728476e+01
-2.226545726869281907e+02 6.009562256917055123e+01 1.714203203008194976e+01
-1.054253298195066861e+02 1.991536567875150752e+02 1.807150885450401390e+01
-1.343307139015020653e+02 1.285745512656438052e+02 2.287937512514945837e+01
-8.341567384573308175e+01 1.820798476946166033e+02 2.113350793096060443e+01
-1.438993119025784324e+02 1.810445025212403038e+02 1.693527655263170928e+01
-9.786952505619831300e+01 1.461061302874955175e+02 2.365468282769960595e+01
-3.861364762342157775e+01 2.001364683127271604e+01 2.916872897336692816e+01
-1.094339320756496363e+02 6.483184646747510271e+01 2.677226099586912866e+01
-3.709236040359644448e+01 6.165243828625611400e+01 2.852677275130470846e+01
-7.338441905265716514e+01 8.434830513496187621e+01 2.741807966078435399e+01
-2.121486632074707757e+02 1.318285441226761634e+02 1.361419555020203731e+01
-1.687481024544020727e+02 1.058370404787716552e+02 2.128645677567958217e+01
-2.197741369372614315e+02 9.720484963285667845e+01 1.548167184911228844e+01
-1.806051924268920459e+02 1.580761618927981829e+02 1.541094745076758876e+01
-1.978195613187207016e+02 8.342066458755078884e+01 1.944212726876582309e+01
-1.584914386553007546e+02 1.445897529751729280e+02 1.941186297603237776e+01
-3.691680489368038565e+01 -1.369956327663529976e+02 2.606097172894845926e+01
-1.083279924968055496e+02 -1.060626540232375703e+02 2.545076663466616296e+01
-6.080847121227850494e+01 -1.617346249404491516e+02 2.394061768082529440e+01
-3.705701092811077757e+01 -9.955453361402096846e+01 2.758385605274752805e+01
-2.203756881009196888e+02 -2.286733191336472615e+01 1.849128141831973338e+01
-1.715377707501955342e+02 -6.705614796937247490e+01 2.287539483787225336e+01
-2.223715004652668199e+02 -6.008231864797662780e+01 1.713432131566896288e+01
-1.999997524760485987e+02 1.717906435852602220e-02 2.115016981786001793e+01
-1.055018278033463019e+02 -1.993576448547930795e+02 1.803134704001838884e+01
-1.343178293897339017e+02 -1.285898241203523469e+02 2.286978808092377591e+01
-8.346368847498031585e+01 -1.821803434852410533e+02 2.111837709973475796e+01
-1.439146452411641235e+02 -1.811370374784235935e+02 1.690590094190343962e+01
-9.788467946482461457e+01 -1.461747087515131795e+02 2.365352125359434865e+01
-3.859527329244654226e+01 -2.004766298989956397e+01 2.918080084558080500e+01
-1.094314271962768146e+02 -6.481052872029249556e+01 2.675148649639569953e+01
-3.709712278375538830e+01 -6.163902847828227038e+01 2.854324898946045508e+01
-7.475766598497601478e+01 8.610031284810717306e-03 2.848213009716117483e+01
-7.339134653779508710e+01 -8.434354560099485809e+01 2.740601584036969030e+01
-2.119804206558910096e+02 -1.317509532119340463e+02 1.360647773286837570e+01
-1.686071235910951316e+02 -1.057787626546310094e+02 2.128840570118550701e+01
-2.195711330943754547e+02 -9.715564543650204143e+01 1.546496952398241831e+01
-1.804928546526021194e+02 -1.580854463404769774e+02 1.538487751725101305e+01
-1.975773494656527589e+02 -8.336010979548996147e+01 1.944957140659220940e+01
-1.584186408117277267e+02 -1.445355518390225598e+02 1.939702100805763152e+01
-1.439966962619380695e+02 4.396149848317424613e+01 2.537356417989170865e+01
-1.440187681014865859e+02 -4.397435073696163244e+01 2.537433279661633279e+01
-1.756489890573976709e+02 2.272037892619844257e+01 2.354274332594171071e+01
-1.106240978059820890e+02 2.191865782206530255e+01 2.731686604128639928e+01
-1.756507902569970554e+02 -2.272767209324357651e+01 2.354273505540723832e+01
-1.106342189072293962e+02 -2.190291075637777141e+01 2.731421899455970248e+01
-1.728114016903709853e+02 -2.196448232059586019e+02 -2.451154692829185855e+00
-2.128038807604796716e+02 -1.700592958252659059e+02 -7.125093204373063038e+00
-1.601624624086967685e+02 -2.221712788751521259e+02 -6.379416060907180608e+00
-1.973710581385799117e+02 -1.993952028904205918e+02 -3.394710962267721670e-03
-2.427440729581653613e+02 -3.691402379924585375e+01 -1.450677799598804896e+01
-2.366280610192332574e+02 -1.077287510168858091e+02 -1.121360612928359579e+01
-1.266813675278872893e+02 -2.119025424819404577e+02 -1.403018167244648673e+01
-1.975688504693414416e+02 -1.681794998682499909e+02 -1.113338876746828632e+01
-1.447112820274931551e+02 -2.198493095672329503e+02 -1.036979172232337376e+01
-1.815049689366349526e+02 -1.969722196063446802e+02 -8.866851493248478988e+00
-2.357062499171542811e+02 -1.455099601351412559e+02 4.665814292349547365e+00
-2.357373537017792273e+02 -1.454862825765031005e+02 -4.692951162049522118e+00
-2.190259422022503486e+02 -1.738773781349904368e+02 2.420980486187437997e+00
-2.190307512416373470e+02 -1.738710144410171949e+02 -2.444364262683344169e+00
-1.728584019161912693e+02 2.199379365656325263e+02 -2.417836262675946202e+00
-2.128987681321379455e+02 1.702951856720416970e+02 -7.083899331698534141e+00
-1.602649353372226528e+02 2.221924051410875904e+02 -6.386830073416978948e+00
-1.974128120132620836e+02 1.995182060414724390e+02 1.066964471450299219e-02
-2.426531170848649310e+02 3.684954510130512517e+01 -1.454286213935420946e+01
-2.365674627303358761e+02 1.076248779504099247e+02 -1.125454826942686459e+01
-1.269259021669122092e+02 2.119271451166213183e+02 -1.400944944241652657e+01
-1.977480155636866073e+02 1.683256661265374703e+02 -1.112065201895946487e+01
-1.447481578546783965e+02 2.198403691545142919e+02 -1.036435669535957516e+01
-1.815638594659364458e+02 1.970471488075192497e+02 -8.857584450730064063e+00
-2.358504786120631138e+02 1.456403564935853296e+02 4.699865327879755306e+00
-2.358369079585137342e+02 1.456124740093957257e+02 -4.673466736582263081e+00
-2.191345099499863807e+02 1.740223157102265645e+02 2.443167848976670165e+00
-2.191215908551340021e+02 1.739863728617021081e+02 -2.425893927964053454e+00
-3.691898823737999180e+01 1.370416179521243123e+02 -2.608956216466775047e+01
-1.083366581911900397e+02 1.060753901974924531e+02 -2.546868419735891820e+01
-6.080544344809836588e+01 1.617217727571990906e+02 -2.394353572498819460e+01
-3.705495104257506256e+01 9.955595877560227791e+01 -2.761780242192439161e+01
-2.204068720684639686e+02 2.289982067576755043e+01 -1.849832231224984724e+01
-1.715627880477217673e+02 6.708987304639815363e+01 -2.287692952584056272e+01
-2.224885833628815703e+02 6.015255863035308437e+01 -1.715569469762460741e+01
-1.055092521566680261e+02 1.993548645337911012e+02 -1.803774923288967713e+01
-1.343216461976612663e+02 1.285953016442482522e+02 -2.287733102934625862e+01
-8.346821068364748442e+01 1.821799827854349019e+02 -2.112243805130007246e+01
-1.439643244552096064e+02 1.811159550610800011e+02 -1.691696866735080818e+01
-9.787881191087898003e+01 1.461646466404290265e+02 -2.365905745460449694e+01
-3.860955350075699499e+01 2.003917047897852655e+01 -2.923477571081896897e+01
-1.094325015385754796e+02 6.483928036513403015e+01 -2.677776614677044620e+01
-3.709429956523960925e+01 6.164484913666323962e+01 -2.857869789147125061e+01
-7.338255127753890861e+01 8.433894705653590051e+01 -2.742823179787125554e+01
-2.121226619440498951e+02 1.318368367597706197e+02 -1.363080993506419603e+01
-1.686562822393207171e+02 1.058430004976777212e+02 -2.131157519809922363e+01
-2.196846232856867687e+02 9.722209552836892499e+01 -1.549097585467607807e+01
-1.806058308100694205e+02 1.580888068197175471e+02 -1.540332217247428481e+01
-1.976638012808538747e+02 8.341777592988782430e+01 -1.947032790916542666e+01
-1.584902448305194582e+02 1.445700991441631231e+02 -1.941662917203441907e+01
-3.690978489985714361e+01 -1.370061284171146951e+02 -2.605401082369677113e+01
-1.083316393118881251e+02 -1.060559651202297573e+02 -2.543299602160815454e+01
-6.077019961439381035e+01 -1.616420181274778827e+02 -2.391209050641932166e+01
-3.701721394141307542e+01 -9.956397853781885487e+01 -2.760246874168251807e+01
-2.205163525227598598e+02 -2.277841285324619847e+01 -1.845478141807677019e+01
-1.715855176523305374e+02 -6.706601339249668570e+01 -2.283337465820751433e+01
-2.225612849519249608e+02 -6.004730764814408417e+01 -1.712520518666061875e+01
-1.999121567784603997e+02 1.530028745872380035e-03 -2.112563681490282264e+01
-1.053418438595444258e+02 -1.990718982739100795e+02 -1.805599017700429343e+01
-1.343280506770520901e+02 -1.285701341184522448e+02 -2.286134854621318269e+01
-8.333989432989605461e+01 -1.819783289570122804e+02 -2.110751439498210758e+01
-1.438533034708230218e+02 -1.810356447077759015e+02 -1.692909787801324839e+01
-9.784717890867557344e+01 -1.460841503789456510e+02 -2.363319955114458182e+01
-3.862129617621906874e+01 -2.001358197462126753e+01 -2.920137957783175509e+01
-1.094499365817937360e+02 -6.482759366527811551e+01 -2.676686611878630018e+01
-3.708161424720235999e+01 -6.163018734330315596e+01 -2.855074564749130062e+01
-7.478172811113145713e+01 -6.620637013769780851e-03 -2.853847874753776637e+01
-7.336288683838833435e+01 -8.431708589129536335e+01 -2.741044080798671700e+01
-2.120976430220695192e+02 -1.317867133721677249e+02 -1.360596121129782610e+01
-1.687124261744350804e+02 -1.058041742398943654e+02 -2.126044753078473448e+01
-2.197168896678807357e+02 -9.715900891197300382e+01 -1.547015928689745223e+01
-1.805119810582783657e+02 -1.580131032403012625e+02 -1.539728800904080863e+01
-1.977611158797350868e+02 -8.337984986789868458e+01 -1.942237324575306090e+01
-1.584258093108295498e+02 -1.445532441167498803e+02 -1.939839766816888300e+01
-1.440126660294050396e+02 4.397581470853963026e+01 -2.537921944523149875e+01
-1.439836083762960470e+02 -4.395515735965543058e+01 -2.535641318236091735e+01
-1.755635144668711973e+02 2.272856346094105717e+01 -2.351857152392739891e+01
-1.106650873070980197e+02 2.190048717690928726e+01 -2.734233941461162942e+01
-1.755481432800294499e+02 -2.270742740461876963e+01 -2.350410035762435257e+01
-1.106727281393043114e+02 -2.189504392523647525e+01 -2.734299883871370795e+01
-2.565833409712992079e+02 9.067073922893988114e-02 1.207555677760175961e+01
-2.780634585080077841e+02 7.334234670526505739e-02 4.110468752868249531e+00
-2.590963350274701043e+02 -3.690468531826275722e+01 1.071721894182692481e+01
-2.592356448733848424e+02 3.706691140077700197e+01 1.071598911454181291e+01
-2.565810387857163164e+02 5.044731842262883958e-02 -1.207957364144515822e+01
-2.780691394938243661e+02 4.031534210538199187e-02 -4.110614018767938305e+00
-2.592279072411451466e+02 -3.692598935275234595e+01 -1.071631359499016689e+01
-2.592872545653136740e+02 3.703243738259096318e+01 -1.073427809518164366e+01
-2.500001469721235026e+02 -1.083625473363481859e+02 7.137343817720415373e+00
-2.773560288483400313e+02 -3.729269202493731683e+01 2.471837489895242435e+00
-2.567559854981126364e+02 -7.396943969956770104e+01 9.001133859824772543e+00
-2.562212371718944155e+02 -1.119795285995903384e+02 2.462518252067177560e+00
-2.709728729965955267e+02 -3.714501402819198006e+01 6.569243752065268893e+00
-2.501530299008737472e+02 1.084912777356912841e+02 7.147066888475250401e+00
-2.774121129366939726e+02 3.735083873274684407e+01 2.443986296030340455e+00
-2.569084983131032800e+02 7.415036995779544782e+01 9.003563537055974564e+00
-2.562558953267888455e+02 1.120556924165409924e+02 2.465048721695695999e+00
-2.710554680116584336e+02 3.733556170700343557e+01 6.566161045898327941e+00
-2.501286477781915210e+02 -1.083763086298569505e+02 -7.142319186495917904e+00
-2.774263140791660476e+02 -3.725332659904902499e+01 -2.442454112041797298e+00
-2.569223778639519082e+02 -7.405398822946246185e+01 -9.000705062707012871e+00
-2.562206170557533369e+02 -1.119915129589382730e+02 -2.463871269338434367e+00
-2.711133178311688994e+02 -3.723438010638752615e+01 -6.563052878765786247e+00
-2.705654725909391800e+02 -7.461921654632764955e+01 9.483103657805448672e-03
-2.501456673665374808e+02 1.084591180526975762e+02 -7.152963547366730346e+00
-2.773747804773838652e+02 3.739017387311088925e+01 -2.473756915258317868e+00
-2.569646256841703575e+02 7.409080050248013549e+01 -9.019597045902127519e+00
-2.562766630247662647e+02 1.120406252854890852e+02 -2.465625213897592261e+00
-2.711404753335859255e+02 3.723854825994569495e+01 -6.578233195263779365e+00
-2.705970866123629435e+02 7.473428535070696910e+01 -9.632943281954034487e-03
1.729495739789271340e+02 -2.197237387260067010e+02 2.448906150124766423e+00
2.129641556239568274e+02 -1.701462773735787835e+02 7.123933037259885026e+00
1.602726142938488181e+02 -2.221462009170495264e+02 6.376052331108629900e+00
2.428480572753819047e+02 -3.692527885105007357e+01 1.452893593966223662e+01
2.366661281541555581e+02 -1.077408275127722419e+02 1.122041021405759942e+01
1.267204703240233385e+02 -2.118564312420885472e+02 1.402975491481275405e+01
1.976966514696930801e+02 -1.682309546142835757e+02 1.114569058854710093e+01
1.448045063438541717e+02 -2.198587317789850033e+02 1.037157167442256522e+01
1.816053772260724202e+02 -1.969926040676054981e+02 8.876751466616351394e+00
1.728577504982465598e+02 2.199456673973425609e+02 2.422908120953607192e+00
2.129426713231998463e+02 1.703361383622696223e+02 7.090268230606852740e+00
1.603637546015044109e+02 2.222895281965665220e+02 6.402768492642563203e+00
2.427647402277721369e+02 3.683864347936350470e+01 1.455988015097612376e+01
2.366464661819841240e+02 1.076527002395555570e+02 1.126286604314526940e+01
1.269253162018747361e+02 2.119046501157185673e+02 1.400795981319966899e+01
1.977414267898666367e+02 1.683158422756092136e+02 1.112493860143205282e+01
1.448229157199594681e+02 2.199613117874222041e+02 1.037357698953600682e+01
1.816708121518508676e+02 1.971570308656733630e+02 8.868664573925357786e+00
3.691243567893108235e+01 1.370140861105167005e+02 2.606429506665327622e+01
1.083436277328692228e+02 1.060692851030102588e+02 2.545273677526871836e+01
6.080608046144063650e+01 1.617169579073909347e+02 2.393654329339960540e+01
3.707493892690620640e+01 9.949763422111418265e+01 2.754858469606934435e+01
2.205039188401489128e+02 2.287999721155199850e+01 1.852321118907817521e+01
1.715779895242381201e+02 6.707145267388099796e+01 2.288652513406365685e+01
2.225617471383937698e+02 6.014007683739098553e+01 1.717208931849633302e+01
1.054557189525995256e+02 1.992484948490880470e+02 1.801350259101660356e+01
1.343164617788527551e+02 1.285789694763154500e+02 2.286886986946158373e+01
8.345198885652433773e+01 1.821343073050346959e+02 2.110973322432754173e+01
1.439249728920001417e+02 1.810343155169817919e+02 1.689833864847640044e+01
9.787948732972607502e+01 1.461551255484320961e+02 2.364912083491308437e+01
3.858305449263498588e+01 2.004464383110864745e+01 2.916764253579776778e+01
1.094472861308369573e+02 6.481569757818472510e+01 2.673600847417353776e+01
3.709716549144089726e+01 6.161114651487381622e+01 2.851585597621999923e+01
7.336036746770558636e+01 8.431332098517312090e+01 2.737225008492033140e+01
2.121144137723578069e+02 1.318060572284962007e+02 1.362988000682092249e+01
1.686375670270963667e+02 1.057906050954064767e+02 2.130439765060735979e+01
2.197611506269561801e+02 9.722036981856724935e+01 1.550068583301586678e+01
1.805598298525769394e+02 1.580045074076657841e+02 1.538843073118125915e+01
1.976845015478278071e+02 8.338756778940826564e+01 1.947583072827319484e+01
1.584841329955779656e+02 1.445074248812112501e+02 1.940601527261270576e+01
3.692690477278154049e+01 -1.370515546703629184e+02 2.607907622155248006e+01
1.083832936115865238e+02 -1.060976581152330738e+02 2.546248889373752533e+01
6.079665111411136280e+01 -1.616825922524587327e+02 2.393371809433877218e+01
3.704586176470310477e+01 -9.957919007756905216e+01 2.761775518349847047e+01
2.206579612794174921e+02 -2.281348957835750468e+01 1.849083214768624117e+01
1.716632188438310322e+02 -6.710484189724165560e+01 2.287394251376512599e+01
2.226827705303203970e+02 -6.008345770342830860e+01 1.715304838412233579e+01
2.000300176373405350e+02 -1.158916607592542017e-02 2.115976985229053398e+01
1.053956594597880354e+02 -1.990968577018603298e+02 1.806511201065753980e+01
1.343305311387152301e+02 -1.285761747449140842e+02 2.287815328959185379e+01
8.339975263913963488e+01 -1.820520398191417826e+02 2.113023158645107458e+01
1.438999144388197919e+02 -1.810235691308920138e+02 1.693427531985772561e+01
9.786775214213407992e+01 -1.461083666116826407e+02 2.365382344864999098e+01
3.858066014458626114e+01 -2.003537015166189050e+01 2.920171869573718837e+01
1.094383456920745914e+02 -6.483830268860631918e+01 2.676423498574850157e+01
3.707649525865642914e+01 -6.163809737378714004e+01 2.855754557564592133e+01
7.477006480994928950e+01 -1.234511746696294408e-03 2.845120799652618260e+01
7.336329728166002440e+01 -8.434642128534844119e+01 2.741738418616497697e+01
2.121648447384133931e+02 -1.318020877577638998e+02 1.361618873804997421e+01
1.687503296895234257e+02 -1.058337892030920813e+02 2.128767223351481164e+01
2.198002497946132223e+02 -9.718396780213183206e+01 1.548735883176079575e+01
1.806119085980406851e+02 -1.580523514834600860e+02 1.541132939085422571e+01
1.978326722915352605e+02 -8.341292406948471694e+01 1.944646633689776394e+01
1.584979556370807643e+02 -1.445808020257381088e+02 1.941169374349722432e+01
1.440010015463354023e+02 4.396256574146620721e+01 2.536310532060696588e+01
1.440082497948035325e+02 -4.396835434033089030e+01 2.536840032042176674e+01
1.756472387318040376e+02 2.272464902453561564e+01 2.354656593275892718e+01
1.106485450741842556e+02 2.189304760394955451e+01 2.726638110593530229e+01
1.756510876984438596e+02 -2.272423463705407798e+01 2.354402389235747961e+01
1.106357327328267246e+02 -2.192577972016504972e+01 2.728603786757840410e+01
1.728659577925574240e+02 -2.199211694005966535e+02 -2.414643056278493738e+00
2.128906595069782384e+02 -1.703078853276106770e+02 -7.083170449631823296e+00
1.602701629235675398e+02 -2.222302857016217104e+02 -6.386577542030868138e+00
1.974224562707678103e+02 -1.994537304490199574e+02 1.182253727125191604e-02
2.426783891778322015e+02 -3.684898805430123758e+01 -1.455042536005743692e+01
2.365683858796163577e+02 -1.076277329308570074e+02 -1.125716728446833415e+01
1.269211178839139649e+02 -2.119407395437897605e+02 -1.401356119591111415e+01
1.977416045760478767e+02 -1.683425729584438955e+02 -1.112260538908602570e+01
1.447436003983530100e+02 -2.198864725537144693e+02 -1.036625809347561145e+01
1.815608831380987169e+02 -1.970805665625040319e+02 -8.857726899215551342e+00
2.358439733697788938e+02 -1.455530169934281162e+02 4.696261626938814437e+00
2.358254319414929228e+02 -1.456035152225690581e+02 -4.671100530564352482e+00
2.191396743704735570e+02 -1.739290475529573712e+02 2.441273298675566750e+00
2.191174020639269884e+02 -1.739529813129077240e+02 -2.424062670665930064e+00
1.728996521558218831e+02 2.197544873966000978e+02 -2.455221280050815746e+00
2.128306713958010903e+02 1.700397948621297814e+02 -7.120705126518742212e+00
1.601765619333092445e+02 2.220945464914211129e+02 -6.375351734132354231e+00
1.974312722374477005e+02 1.994886227059467387e+02 -1.233644912593298039e-02
2.428342895123504661e+02 3.691724288131985787e+01 -1.452254456232962454e+01
2.366472282561701377e+02 1.077139116575644522e+02 -1.121523289755867125e+01
1.266435381782385292e+02 2.117935638731726158e+02 -1.401405039342950865e+01
1.975416006052475950e+02 1.681160606170705023e+02 -1.112619842174220963e+01
1.446812172700491885e+02 2.197791101971563705e+02 -1.035872378506816638e+01
1.814850571372891466e+02 1.968927435285802403e+02 -8.862555440360557313e+00
2.358301103554545648e+02 1.455476351427595034e+02 4.669680987397217820e+00
2.357328991757184440e+02 1.454481718461951800e+02 -4.693833874350644919e+00
2.191616484729693752e+02 1.739617785253668103e+02 2.427968971616242477e+00
2.190940995269954499e+02 1.739111836675081122e+02 -2.441343783243186127e+00
3.692207676561110929e+01 1.370189575495929262e+02 -2.608478397313918506e+01
1.083686497396982702e+02 1.060836717633635118e+02 -2.546313862411727769e+01
6.078935688166728823e+01 1.616739296900030354e+02 -2.392614630153073207e+01
3.703333022780057604e+01 9.960754936613082577e+01 -2.765539982340713010e+01
2.206198421388667441e+02 2.280025269805956967e+01 -1.848008380353157420e+01
1.716602896083882399e+02 6.710009833503994514e+01 -2.286545315059322192e+01
2.226298007636910086e+02 6.006809035362203275e+01 -1.714388138760002533e+01
1.053412412912978766e+02 1.990453079089757580e+02 -1.805017103969217018e+01
1.342903117182239043e+02 1.285495224762641158e+02 -2.286247368399971336e+01
8.337696781407763069e+01 1.820187299642398386e+02 -2.111235651544232184e+01
1.438439676394872606e+02 1.809757176242837602e+02 -1.691780974917315561e+01
9.786776158287270277e+01 1.461155741956068539e+02 -2.364709321983581347e+01
3.858763291271966267e+01 2.003337913060351738e+01 -2.923401858378949925e+01
1.094356370348652945e+02 6.483591376348876167e+01 -2.677708869776072831e+01
3.708307341834745330e+01 6.166002239205263180e+01 -2.860324347239161114e+01
7.338462935209852844e+01 8.435921956620617834e+01 -2.744587047261590484e+01
2.120894643195670142e+02 1.317569718288078491e+02 -1.360424846246412933e+01
1.687308961424737674e+02 1.058184026928937271e+02 -2.127532492008946718e+01
2.197845138170742132e+02 9.717861302984765359e+01 -1.548330690752857564e+01
1.805231254448748075e+02 1.579801587963287659e+02 -1.538990210676247905e+01
1.978209774661528684e+02 8.340937893858158247e+01 -1.943845473333244200e+01
1.584354903165695134e+02 1.445062379201466740e+02 -1.939257213922201473e+01
3.691784054351641231e+01 -1.370057477231977998e+02 -2.605582807772708165e+01
1.083176816889008052e+02 -1.060543822493698229e+02 -2.544661219663655416e+01
6.081234225333692223e+01 -1.617142505191695250e+02 -2.393623500960718076e+01
3.707031940970366435e+01 -9.950704008297314829e+01 -2.754470500987971349e+01
2.204207206169140818e+02 -2.289617338551094505e+01 -1.850631287918284684e+01
1.715284863584146535e+02 -6.705725032198949975e+01 -2.287003783246274580e+01
2.224987362613646269e+02 -6.015069644010958427e+01 -1.716050148037209766e+01
1.999730257957171773e+02 8.750321873428798178e-03 -2.114685019634760010e+01
1.055125969939605284e+02 -1.993490197414532190e+02 -1.803873821676300793e+01
1.343302258553161437e+02 -1.285931106425742314e+02 -2.287222201244756903e+01
8.347264864260893091e+01 -1.821795809545343729e+02 -2.112140956463274222e+01
1.439640690078108491e+02 -1.811112398283526090e+02 -1.691870677356284958e+01
9.788829616632342834e+01 -1.461632941353884405e+02 -2.365283917970628025e+01
3.858446802132851872e+01 -2.002757775739140556e+01 -2.917097849931113274e+01
1.094337096012426542e+02 -6.481946752914743115e+01 -2.674970853904005708e+01
3.705735268526745330e+01 -6.166540821935983985e+01 -2.850562721404120481e+01
7.476340208606175963e+01 3.834882553598462085e-02 -2.848978137765847407e+01
7.335624097941496302e+01 -8.429140714540656631e+01 -2.736163475354399921e+01
2.121223233958519359e+02 -1.318395946150440068e+02 -1.363349622762081381e+01
1.686696885447286434e+02 -1.058365625348925931e+02 -2.130864638988117932e+01
2.196946878320234475e+02 -9.722565183700768898e+01 -1.549390793923622134e+01
1.806093048469680298e+02 -1.580874748365382061e+02 -1.540610770704386567e+01
1.976702413523744895e+02 -8.340855282405387072e+01 -1.947283493911340813e+01
1.584963810992665856e+02 -1.445644395512069593e+02 -1.941621813354579018e+01
1.440052383300709948e+02 4.396461646827388137e+01 -2.537174620355818178e+01
1.439677355575076376e+02 -4.395859847316461355e+01 -2.535991260590855134e+01
1.756431691980585583e+02 2.272115813688854402e+01 -2.353359262621434311e+01
1.106192110940039157e+02 2.190123251548551409e+01 -2.731978664010524938e+01
1.755789659280310389e+02 -2.271903361887251194e+01 -2.352509329877293354e+01
1.106418165160656883e+02 -2.188364413352121929e+01 -2.730999896691783135e+01
2.567135386246181952e+02 4.770150581014577507e-02 1.209429392837659023e+01
2.781233313903339308e+02 -1.784093497889631397e-02 4.109897688061707299e+00
2.592845815594951659e+02 -3.693687594802866414e+01 1.072279282505374987e+01
2.593463186717720532e+02 3.702893189494582771e+01 1.074343839533610279e+01
2.566740370723101705e+02 -5.260303143251612162e-02 -1.209010162294726598e+01
2.780717364720138676e+02 -3.806803393586626061e-02 -4.108011472820553678e+00
2.593141853267969168e+02 -3.703502594964933792e+01 -1.073845931838431156e+01
2.593277123958491757e+02 3.692640997090477128e+01 -1.072471130423385155e+01
2.501588662656861572e+02 -1.084088829856262493e+02 7.141977308565527593e+00
2.774262454116832259e+02 -3.733223429136538130e+01 2.439985900152075615e+00
2.569354259348130540e+02 -7.404996286332287525e+01 9.001654717005759920e+00
2.562421291652524928e+02 -1.120187670980535444e+02 2.462793836390025248e+00
2.711085783803016511e+02 -3.727538296929609629e+01 6.563182779364661101e+00
2.501493129557599673e+02 1.084276862512477209e+02 7.149986528752660497e+00
2.773552380439274998e+02 3.733255538821165942e+01 2.471146182982263628e+00
2.570227144812704410e+02 7.409238119368559694e+01 9.024252473605393732e+00
2.561894746029836938e+02 1.119395148302669583e+02 2.461516399751689121e+00
2.711723211953038231e+02 3.721173602765786370e+01 6.579513475765478070e+00
2.501374880184895346e+02 -1.084642984912607488e+02 -7.150773616633824048e+00
2.773611361593915490e+02 -3.740857414115767909e+01 -2.471635324000467371e+00
2.569714533310919364e+02 -7.409446304495317293e+01 -9.020316929543751527e+00
2.562537295836270914e+02 -1.120401760366584654e+02 -2.462574831027581013e+00
2.711396399060275257e+02 -3.726092034608493009e+01 -6.575841768709396185e+00
2.705849956195689288e+02 -7.471576281378759177e+01 -9.482530951348313794e-03
2.500894641916770240e+02 1.083245605775536546e+02 -7.138963444813136938e+00
2.773151930018452163e+02 3.722764347881863500e+01 -2.438931461029641756e+00
2.569799243396835209e+02 7.404519523225847877e+01 -9.003170562702310420e+00
2.561627967456225861e+02 1.119119522682268837e+02 -2.459148176878684922e+00
2.711282832551167985e+02 3.722964921638972413e+01 -6.562347228973401947e+00
2.704642671130030180e+02 7.461936069959176621e+01 1.041917863904005120e-02
