1.347477264556736680e-03 -2.355431666171028775e-04 2.878755482946535396e-04
1.099150337534036004e-03 -3.613966860159637559e-04 -2.611538342235133082e-03
-7.124795002818929725e-03 6.143229810338429655e-04 -8.867447742841247371e-04
-3.447378014474677607e-03 1.743989292641742695e-03 -2.529972936878579180e-03
-2.549780956964723365e-03 2.592140278825814589e-04 -5.729634501980417245e-04
1.483645218035258700e-03 -7.991826169890258597e-03 -3.646708799595561662e-04
-6.309804748699952316e-03 2.183274260695383055e-04 -6.018892188976176800e-05
-2.289245837327992181e-03 -7.697403742518627544e-03 -4.555319518161124849e-04
-9.035768571354111170e-03 7.200409382898099141e-04 -4.705376555024910843e-04
-2.537917868330632435e-03 -8.282697132219438846e-03 -2.203878305915865383e-03
-6.166757548006462399e-03 1.770647549416198493e-04 -9.146549104943797488e-05
7.574641534922454001e-06 -1.053782115085670143e-02 2.213989772471964840e-03
2.070209688363446043e-03 6.856715261946671591e-05 1.963856906973053236e-04
-3.917151737262424297e-04 1.470405600975978984e-03 3.335586178886815927e-04
-2.270162684602448130e-03 7.842059795212665376e-05 -1.861961624470893266e-04
-7.986001896219548611e-04 2.555720787797075011e-03 -3.496419885149612745e-04
-7.226929699791132368e-04 3.621916041380398492e-05 3.689620032493221393e-06
-5.443126945606076251e-04 1.803601498680335469e-03 -2.756634165426845068e-04
2.002235102498205448e-03 -1.478358925759864530e-05 2.546864072540173550e-04
7.830743093836618415e-04 -2.674496795102238988e-03 -2.900689889162820327e-03
-1.636527025627119601e-03 -1.983007972662380498e-04 4.310700204719094099e-04
1.991265750180049900e-03 -7.878067888350158074e-04 -4.867033231688645475e-03
6.190786876824176839e-03 -1.252424947600283209e-04 7.153975722041486414e-04
2.209483372125464924e-03 1.156134185157843336e-03 -7.577102802930181166e-03
1.249564731174078284e-02 -9.234183440614829319e-04 3.721073817855799232e-04
3.285239877944613404e-03 2.290373393299410462e-02 5.828758840816552524e-03
2.944407882094684029e-02 -2.161724266205223947e-03 3.333984685196520522e-03
1.267037973138488045e-02 -6.315648098442106124e-03 -3.568258356267743105e-03
-9.264403719775278490e-03 -2.330207007514573103e-04 1.546403546503542737e-03
6.559038152440461837e-03 -4.225765568145693762e-02 8.312730786310860986e-03
-8.715374203420685802e-04 -3.135454820771090608e-04 -4.479371857350215782e-04
6.656296089813097845e-03 -1.162464614845473525e-02 9.080764967496794335e-03
-1.365167334837729621e-03 5.397275129493603330e-04 1.539011722849327013e-04
-7.911556050429707429e-03 2.151907645031305577e-02 -6.115372302444058508e-03
-4.137097598921767386e-03 5.521965055212182255e-04 -2.135337455376515965e-04
-1.792477753235746131e-03 7.728535158436303926e-04 7.551417365353775275e-05
-5.757877103615782841e-04 2.245179140733608719e-06 -4.452761479071553653e-04
-3.004067340966323015e-04 -9.627203924047311734e-03 3.309355127922447310e-03
-1.973219968694182608e-03 1.910450260332499216e-05 1.040141893199518974e-04
1.924774337740306181e-04 2.749758853131083723e-03 -3.151542998774313920e-03
-1.039745620839601232e-04 -4.092698210695182304e-04 -9.683658289882368913e-04
7.774359640738117729e-03 -2.800948759527021464e-02 6.479566528297798708e-03
9.905307007873568464e-03 -3.188490917153965175e-04 1.260530496663280105e-03
4.894410396019254362e-04 1.140425621991204494e-02 7.333527911328030892e-04
2.207882801971412096e-02 -1.038567705185526949e-03 2.081654938924200164e-03
7.816496300782210804e-03 -1.262121470428280087e-02 -1.231184718504807919e-03
5.391607483723334041e-04 -3.269218593374591383e-04 4.979886528623619262e-04
-2.344439555884347479e-03 9.333755746974670923e-04 -4.775585987532517292e-03
-4.185088628554941605e-03 -7.304601165519549865e-04 -6.586580385698013324e-04
1.039924430167680006e-02 -3.178119938769777969e-02 4.865792395565684235e-03
1.005944884877188277e-04 1.193184381719620776e-04 4.515466060594429637e-04
-1.401680528387966177e-03 -2.590866944148986686e-03 -3.697575675425786518e-04
-3.966367392666760375e-03 -3.681612280817606053e-04 -1.192627230840496814e-03
9.382044245238892535e-03 -1.492256465687512128e-02 1.331574206876571381e-02
5.682093481892718477e-03 2.029265770259393743e-04 4.493281398338798589e-05
-3.263517710392593342e-03 1.501923472605413631e-02 -5.421224845358492937e-03
7.520479597452850266e-03 -3.634032639898603437e-04 5.176705457615162972e-04
4.767900962907867420e-03 -3.172485035282350541e-02 6.179753828806744224e-03
-1.631160016977689208e-03 5.799345258729679412e-04 3.357782921092222913e-04
-7.336406569951365794e-03 1.835677086611964270e-02 -3.159710474772918064e-03
3.154490896229118074e-03 -2.724203854467587092e-04 3.139248230505538566e-04
1.642930947782621177e-03 1.178435263943710884e-03 -1.728107264904246970e-03
-9.746383386724353018e-03 2.130814296327165035e-04 -9.939056776796292153e-04
8.546216491190923581e-03 -1.261079648674122075e-02 2.026807087354760145e-02
-9.040952132497981006e-03 -4.383987322166206686e-04 -4.729443370127056016e-04
1.344391959937632497e-02 -4.155740003307883956e-02 6.959555159157756500e-03
2.417846800566157174e-03 6.523124216072106758e-05 1.931770089415382080e-04
-1.118943616627682790e-03 -6.275839976774571019e-03 -2.062410179675581469e-03
1.241604337303017953e-02 2.905124914536347724e-04 9.296300897219318985e-04
1.441149898198867789e-03 -4.797421791243312687e-03 -3.885001732658687097e-03
4.180670873397285964e-03 -4.305890297569333475e-04 -2.190819706382994298e-04
1.560873086120759994e-03 7.674019713527741905e-03 -3.600189115238322524e-03
-5.277872612653116899e-03 3.622002865879108682e-04 -4.114768483519589152e-04
-3.666433687327756534e-03 1.316208762223992608e-03 -3.904378493256760538e-03
2.056144432025808558e-02 -8.502578956314512607e-04 2.289268703802069260e-03
1.015601806379634771e-02 -2.861040814548103037e-02 -5.526783768487528344e-03
1.215989163836470911e-02 1.872620469476320854e-04 6.801717549763698634e-04
-9.687380580766664570e-03 6.054295560672988408e-02 -1.623928961004797791e-02
-1.036906914787143587e-03 -2.941673253498025640e-05 4.903823500121255469e-05
-1.739880296753035412e-03 5.251111706322078229e-03 -2.637409042958106537e-03
-1.552021812343895753e-02 3.289351752492709132e-04 -8.511227986543357538e-04
-1.011870983371820909e-02 4.070020063294750579e-02 6.915419588584722534e-03
1.985184547123260146e-02 -6.924367705315199323e-04 1.422200373638916014e-03
1.694610020241978489e-03 1.199782493664868117e-02 -2.228146749344970916e-03
-6.969905601858017614e-03 6.036181585181812134e-04 -9.937749334569881410e-04
-1.012328301405170973e-02 2.565086618737806579e-02 1.705068445011565046e-03
-1.377934768034866191e-02 -5.290612870316895901e-04 -6.514115722532800960e-04
7.212439809755327204e-03 -1.783722449669954135e-02 6.340378966136393790e-03
3.067408550703486052e-03 -6.514923044005807400e-04 6.202142853592598846e-04
9.179789536996538213e-03 -2.335190462631738309e-02 3.605043521856001170e-04
-9.448750104393914204e-03 3.481321183106580574e-04 3.484695297545153340e-04
-3.540105444143362267e-03 5.254477799704782882e-03 2.253207494061432517e-03
-8.832763207571734526e-03 1.206477683768479190e-04 -9.376493955474589706e-04
3.873790193132939982e-04 -7.569656969062466684e-03 -3.386685326983557374e-03
5.877394749701037122e-04 -4.752011164931562327e-04 2.259802188420303006e-04
2.058382632726570884e-03 -7.541512749296216001e-04 -3.985383276197811478e-03
-1.048589169639199681e-02 7.282032890530156476e-04 -5.910959744354791698e-04
-6.772951658447424333e-03 -1.620195268296050145e-03 -2.630333376732559535e-03
-4.442326475004454954e-03 -3.553613689646911581e-04 -8.407991467815009463e-04
5.751663090959799329e-03 -6.978768728654385738e-03 -2.354436981267477545e-03
-2.432301671612713788e-03 -4.146136134167233774e-04 2.086947804402840311e-04
5.611390009347763837e-03 -1.937996399871975278e-02 -8.739623094413552897e-04
-3.918823114172127579e-03 -2.081727071226663686e-04 -3.772326779744852236e-04
-1.027351632765594828e-03 1.298519662923052105e-02 1.536835207030069154e-03
-1.161347735039987977e-02 2.461550550299358448e-03 8.158981177389394886e-04
-1.407631837048952013e-02 -8.535293660553498404e-03 -2.132190097544267929e-02
-6.867157692039735015e-03 2.758643295345847464e-05 1.947656967618108552e-04
-1.754764863972997765e-03 -1.302464444995341322e-02 -2.569115288096327464e-03
-5.097729212832769266e-03 5.597739381478087414e-04 -3.406424398098323748e-04
-5.980973414070039212e-03 1.089005917284529418e-02 -9.550149744668917423e-04
-4.589141321070716595e-03 4.301984270767456216e-04 -6.040302625086984558e-04
-7.010077645958272090e-03 1.180421046770135582e-02 2.257546138977448071e-03
-2.851365311376382271e-04 -3.319027741992836423e-05 -2.673650980873747422e-04
6.728999592833644636e-04 -5.441116563484018308e-03 -4.771042252519785108e-03
-4.799623910903911476e-04 6.693954542527822912e-05 -1.601719458888991297e-04
-4.830547218108861406e-04 -1.404305350801751640e-05 -7.388434287199735712e-04
-2.863298640101404838e-03 5.122116534913127590e-04 1.609595411901259859e-04
-8.672166297396852186e-03 2.042448319482183597e-02 -8.542771934171035017e-03
6.771365176250450542e-03 -3.503076298138154722e-04 9.052818685385261152e-04
2.980006858660028818e-03 -4.169092627602581994e-03 -8.083076556244852065e-03
6.681933430312658045e-04 2.848759064343199358e-04 1.541275184183672591e-04
-5.550407091823399402e-04 -2.613555603020359733e-02 -1.457991498103460883e-03
6.904335162627152356e-03 3.230673305734704142e-05 8.776051376944483430e-05
2.266421543586737922e-03 -6.420133582385174550e-03 3.628378261299286490e-04
-9.047228102909934955e-03 7.217690081597932968e-04 -1.396246483886538770e-03
-2.749364583868684105e-03 5.415804538521043487e-03 4.313803708414989599e-03
8.622819435503728883e-03 -6.516800732853946475e-04 4.618410502375100597e-04
4.205709827155908187e-03 -6.977005872462792649e-03 5.622221960571175715e-03
1.113058017419483146e-02 -5.505407420604768384e-05 6.992642730410216553e-04
7.282607707664115210e-04 6.683078277157351171e-03 -5.441871222069832176e-03
-7.887205669914977221e-03 5.579662277172088222e-04 -7.125629327729136224e-04
-5.739918368565884513e-03 1.384022843619871906e-02 -5.012463406193336767e-03
-2.765148807241088035e-03 2.469384194165379987e-04 -3.706394837484952814e-04
-2.230811343455949957e-03 -4.495127143144613154e-03 -6.170169393075916088e-03
-7.808543737802989965e-03 3.593852570050617523e-04 -4.295580747268759147e-04
-3.487579418922501055e-03 8.764990179012232402e-03 -2.115217441342204067e-03
-1.226154513961885554e-03 -3.032485805041248528e-04 1.210800932631606486e-04
6.149137321267875850e-03 -1.149553105600354883e-02 -2.766214053400709765e-04
8.685858068894852790e-03 -9.347383336644073636e-04 1.031664782703442269e-03
7.237362695321326346e-03 -1.842854412849363396e-02 5.427367369203902475e-03
1.552692628899542127e-02 -2.130195825700400072e-04 1.508602829568781454e-03
-6.455619489049113603e-04 7.269959289147000930e-03 -1.268098976849848201e-02
-3.956606624783862332e-03 3.668796218629881553e-04 5.320223941007017759e-04
-4.447769541882099810e-03 -8.089034107471572378e-04 -6.409693778994810659e-03
1.526523505949250667e-02 -1.111498091011085647e-03 1.303688640574011265e-03
7.473159656114478772e-03 -2.608408714877972785e-03 2.634789114430102341e-03
1.368299476723356181e-02 3.590905271124782919e-04 -1.427855508654848286e-04
-3.917440850518526599e-03 9.433380647619926326e-03 -1.291077017626319524e-02
-1.669163862019934583e-03 -2.527233173383492282e-04 1.090864280216560876e-04
-2.145828364962010931e-03 8.340677968997086897e-03 -5.982671032657849684e-03
-1.593970334054688534e-03 -2.388921163410716395e-04 -2.643681893136024604e-04
5.286295692875014191e-03 -8.621046816086655115e-03 9.208710566169212366e-03
-1.792726564772746493e-03 -4.506934388279269614e-05 -7.010312747276104157e-05
-1.096147294390193653e-03 1.338682976123507437e-02 6.196305350451961113e-05
-3.588392883281330274e-04 -5.653596110309826259e-04 -2.153566930369138434e-04
8.763082275261249721e-03 -2.365422639391576848e-02 -3.904781501273076830e-03
7.372063229770510658e-03 -6.070703764252754174e-04 6.723340959385864114e-04
1.968633939089793790e-03 2.089231458257117570e-03 3.096119178345307314e-03
4.974313407433552346e-03 -1.998515254792274272e-04 7.316569857521743481e-04
-1.365847283070757701e-03 1.247717319101676950e-02 -3.029724173641543550e-03
5.132143132640740874e-03 -2.147844187990857788e-04 1.803378559316342765e-04
5.036424209639215992e-03 -1.492742344527473765e-02 2.092259755039966272e-03
9.354050528432288417e-03 -6.468581946218383318e-04 7.093240330287246126e-04
1.025306042519886617e-03 2.251990149014127668e-02 2.127833878315345349e-03
2.123674894755443396e-02 -1.964552323189697712e-03 3.760800680532652707e-04
1.429025296549689406e-02 -1.890852200912577011e-02 -1.944823415925658536e-03
2.644384226832964795e-03 -2.544805971429254013e-04 -1.701495527104519238e-05
-4.642586427267622086e-03 -6.832014863722723520e-04 -7.053255739286909062e-03
6.025279799902922249e-03 1.660876526624167166e-04 7.905991737530162176e-04
-1.400266264197211038e-03 -3.480173827749399439e-03 -9.130371847140097627e-03
-1.074021751955583394e-03 -2.808209390829513596e-04 -5.339636276006023844e-04
7.183194890252665374e-03 -2.628161474405602341e-02 7.660596879801373667e-03
9.957437640514835153e-03 4.370856181961937058e-04 1.270915699044106954e-03
-5.136949452386325478e-03 1.684685834155769460e-02 -8.335028626972513371e-03
-6.638322808600506534e-04 -2.664201441310667419e-06 4.575759572148098528e-04
3.043542500598764907e-03 -1.379312765403516855e-02 1.257835437860524539e-04
5.363792838196978878e-03 -9.995283420864762951e-05 2.543547805476702108e-04
3.252158475278076229e-03 -8.424048871063957028e-03 6.059285360923683493e-05
8.585866133486993535e-04 -9.372531622082433444e-04 7.158363053370687479e-04
1.113919654331908295e-02 -3.762893566838240722e-02 -8.062796451151426442e-04
7.804762828060720714e-04 3.063030142652525649e-05 7.791579702275258103e-05
1.527131092863833958e-04 -1.336263834743055138e-03 3.269417709211491340e-03
1.130844666736378727e-02 -6.847831221222662988e-05 7.610306158353638203e-04
5.907825393681170358e-03 -2.254810116445984600e-02 -3.897788259367278318e-04
6.348330217540629726e-03 -7.276257127043928713e-04 -1.277046254286382096e-04
6.559523127697114431e-03 -5.909709906852344055e-03 -4.776764883033181482e-03
-5.288117236849963418e-03 2.000251851799976889e-04 -4.763417689103006903e-04
-4.136244207641787845e-04 -5.849612122336208565e-03 -4.256208664010881909e-03
2.384887505726349458e-02 -9.152150133108385814e-04 2.368735695237977282e-03
1.321148510874356821e-02 -3.499859610069798455e-02 -3.709340121453336744e-03
3.855344333269259544e-03 7.156431383599573537e-04 1.868286607242266814e-04
-3.266858179817220664e-03 2.244958642603963814e-02 1.164405505951267322e-04
2.204011903767305863e-03 -3.217025892129432921e-05 2.749190372778451867e-04
-2.208992258665365069e-03 9.865206034787410427e-03 -3.811002774288162198e-03
-1.061127838768442452e-02 3.500981059403425119e-04 -7.350707971471831092e-04
-9.681776153014668221e-03 4.317917051141576673e-02 3.829486749256050216e-04
3.117319402588414681e-02 -7.354558304094880108e-04 2.981383265995918644e-03
-1.189548478327391058e-03 1.057641233072221729e-02 -1.182196263138423666e-02
-3.417628786570556330e-03 2.081309188497857017e-04 -2.027524426842628358e-04
-7.547817132453151813e-04 -4.504948035225851688e-03 -7.925992413934582334e-04
-1.031601030560940283e-02 6.025157083444144558e-04 3.507303497473604655e-06
-6.547618362345992461e-03 3.457868427524997401e-02 4.562027416433047516e-03
2.970040494053825461e-02 -2.651234224737212056e-03 1.792480277636405994e-03
1.074421347865630932e-03 7.581015900401584517e-02 7.012806988545085968e-03
-9.209314395554244435e-04 -2.997070926008386406e-05 1.700779353670206864e-04
-1.804133208421348188e-03 4.364767111696436254e-03 -5.694385773068722477e-03
-3.850215903648359847e-03 -1.899252968722768380e-04 -7.696570804609306499e-04
-3.286492744881018210e-03 3.230597706276991388e-02 -3.714480154072796443e-05
7.169347655748728280e-03 -5.388950991562090238e-05 -3.826763686839041324e-04
3.354783771703430016e-05 -2.594143290010185281e-03 1.868252309969272839e-03
-4.351518621710954819e-03 3.002606976703250507e-04 -5.295025531699938063e-04
-5.648891948228202189e-03 1.778338311590512560e-02 -1.704295349767368916e-03
-1.459213816649426385e-02 1.600632483275484137e-04 -1.825665683236868311e-03
-1.370474948011059626e-03 8.260416283260702680e-03 1.941025481396523034e-02
-3.021522083555059149e-03 -5.185120505024612067e-04 -4.749397043945930699e-04
1.837153015465537277e-03 -3.477158643765285856e-02 -3.241021851473398913e-03
-8.712907713785796732e-03 -1.112431291693178118e-04 2.926795571717345388e-05
-1.855887803041534386e-03 5.106945604959631756e-03 4.776640885877785373e-04
-1.087044926260635758e-02 6.338001682010520549e-04 -7.794959369077001342e-04
-6.102250031275590660e-03 1.615134304672118104e-02 1.469956743249290583e-03
2.773820392817645899e-04 5.778724587250543606e-04 -2.701152709458911824e-04
-2.563939180110028342e-03 -3.453692968935852953e-03 2.433927743427301282e-03
-9.339864946308463686e-03 2.410148133826360995e-04 -6.540934667571994196e-04
-2.503484710957259909e-03 2.915930318818192070e-03 5.154479874521054536e-03
-2.903079738339920703e-03 -4.562067961765710854e-04 -2.224264434426548439e-04
4.586225591671265131e-03 -1.356634246746765346e-02 -7.572532683433489363e-03
6.416467533887641912e-03 -6.786573270042371014e-04 9.835388999045522988e-04
1.997277604766492520e-03 -7.169748122689501013e-03 -3.904818014375425767e-03
-4.243870690510517969e-03 3.750271411815475717e-04 -3.490931307033006943e-04
-3.586746755330754571e-03 5.915426517564428485e-03 -1.967364305913242421e-04
-2.386613197021591332e-02 1.089463706096930641e-03 -3.117137669722369435e-03
-1.694998101521719494e-04 -1.458369231631517597e-02 2.029320222730868553e-02
-9.086045789924132240e-03 -7.834653989914250848e-04 -1.227900228991966967e-03
6.556348142813990705e-03 -6.510165657241662185e-03 2.447579963673825187e-02
-1.123083185681755282e-02 3.236855031979821856e-04 -6.540235966181232822e-04
2.164535912877524858e-03 -2.551683900504568905e-02 7.209060075320846556e-03
4.052067230796152497e-03 -1.629483281241576181e-04 -5.102481282584819984e-04
-2.732984575980311991e-03 2.077886195159842075e-02 -1.103788082289884620e-02
-5.120244686003909418e-04 -3.524687456287674291e-04 -4.343651199118646507e-04
5.257885738957243822e-03 -2.161523983662632167e-02 -3.935696003124639249e-03
2.122681947862205785e-03 -1.042224473681024974e-03 6.087741422054087671e-05
1.331739752696374339e-02 -1.824091071003234796e-02 7.719518604294062572e-03
8.961465693141277503e-04 -4.279774893935241989e-04 1.775111920730547692e-04
2.648895530505629512e-03 -1.209091802435485405e-02 1.578690712371651683e-03
-8.080810692722577987e-03 2.433539460153451121e-03 -1.561887970629099315e-03
-1.566868820445596611e-02 2.762088532515887332e-02 -2.013649898559045047e-03
4.660379306881672935e-03 2.551562109359857815e-05 -1.007366379832972737e-04
8.115151858114524452e-04 3.720986819958368910e-03 4.205890128808150341e-06
9.935175347108584146e-03 -4.422590811050793264e-04 1.333042595126058454e-03
1.254589213725899356e-03 1.232848885470548550e-02 1.169091625337034812e-02
-2.701240421135852124e-02 1.895698626422488015e-03 -1.020430932803251863e-03
-1.327277101864815512e-02 -7.183896272900888030e-03 1.780261129661655324e-03
-2.250881376161274153e-03 6.583580561408562334e-05 -3.795381678837149160e-04
7.049256709882548849e-04 -4.780680583416308145e-03 7.319054305917915045e-05
1.102476071947202990e-03 -6.334561768438406928e-04 -9.799686477825544917e-04
1.839604124503819473e-03 1.823820460425730179e-03 4.930103582000774746e-03
-8.399888019910518866e-03 -1.675350158877390340e-03 -1.145624422510577774e-03
1.631136995953468699e-02 -5.862536469603199518e-02 1.522654163467423299e-02
5.614968987845962711e-03 2.818619452887550451e-04 1.065478113969845083e-04
-4.324936865217101668e-03 1.210914216829549368e-02 -7.778054228163491096e-03
-8.796551665028851108e-03 6.288311487456256770e-05 -7.326783094296477651e-04
-1.672203018262749530e-04 1.948047161371191426e-04 2.328239534716653077e-03
1.837563841523335781e-03 -3.262723377175822618e-04 -2.312145904818887392e-04
5.528767047076412616e-03 -4.899385705165963840e-03 -3.600417687678367663e-03
5.938497350143454208e-03 -1.553504867975002133e-04 3.507432434282491693e-04
4.766248354726681353e-04 -3.211432895504304566e-03 -8.493328181612559268e-04
-3.525852569903288949e-03 4.559053122380793519e-04 -2.607105741443294534e-04
-6.504577086183444164e-03 1.936702283546491363e-02 -1.976106184696879795e-04
5.384251069504384507e-03 -5.806815953902794971e-04 2.736260698537113152e-04
7.514370613076283567e-03 -1.559085987468298781e-02 1.923030460182018411e-04
8.332368009952136056e-03 -8.662040119889399814e-04 4.774899263823746687e-04
1.306503328116562657e-03 2.332662477449225918e-02 3.806182802483652847e-03
1.701232962566295512e-02 -9.826116225993162742e-04 1.612293736301524411e-03
8.510051564018329684e-03 -2.566318446012246304e-02 -1.011524502780531722e-02
-1.899477027277956739e-02 7.609719947290439698e-04 1.318608586206508441e-04
2.860109220051372091e-03 -6.468224018272425435e-02 -1.218133522263387981e-02
7.169317266886454480e-03 -8.899404645013671462e-04 1.239708218195385760e-04
2.377538656645607033e-03 2.413276682253596636e-02 7.223238984831893000e-03
-3.796642573495052474e-03 -3.938200979592366632e-04 -2.658048993113607504e-04
1.308462058712686615e-02 -7.842993312011990736e-02 5.026665982687755860e-04
-1.646417826601857815e-02 4.414293463275041282e-04 -4.746278679100090873e-04
-4.589847979308022026e-03 -3.036379233601520580e-02 -3.434895602009218393e-03
1.006347938907538493e-02 -2.675498033655118735e-04 1.050315584195000550e-03
-2.423605364348103888e-03 1.055282991034558505e-02 -6.744254298745757173e-03
9.037693021875556343e-03 -3.981009473491732564e-05 1.056928810499575388e-03
-6.230910635065110186e-04 -3.715847974653834623e-03 -6.687178860183471546e-03
7.845561331923713369e-03 -2.766340094624024273e-04 1.229333417667777305e-04
5.849012812533916457e-04 7.841834189709693051e-03 -1.952455976853156329e-04
2.070209688363444309e-03 6.856715261946655328e-05 1.963856906973051068e-04
-3.917151737262407492e-04 1.470405600975977899e-03 3.335586178886840321e-04
-2.270162684602445961e-03 7.842059795212643692e-05 -1.861961624470893266e-04
-7.986001896219536685e-04 2.555720787797073710e-03 -3.496419885149633345e-04
-7.226929699791131284e-04 3.621916041380418821e-05 3.689620032493241722e-06
-5.443126945606079504e-04 1.803601498680335036e-03 -2.756634165426845610e-04
-4.301703558881151031e-03 3.023855434471477014e-04 -1.042677112548511843e-03
-5.205593737826768761e-04 1.023244053342431750e-02 4.670906005984734252e-03
1.815002084334536858e-02 4.032677536069291524e-04 1.318011444785832957e-03
-5.236284850763414482e-03 3.692320045370259957e-02 -1.206033648353997852e-02
2.681654734627227869e-03 5.868056734341408395e-05 6.430088011091697042e-04
4.235824245044932275e-04 -1.483840830680416625e-02 -1.315845803163974599e-02
-2.721647259427171367e-03 -9.437834331774792515e-05 -5.689620934925274185e-04
7.245997114297685364e-04 -1.605434850555798520e-03 3.647424940851302488e-03
3.888853768959081580e-03 1.433051360946462028e-03 -4.393101728391357380e-04
-2.266375956863966173e-02 5.948926726264016501e-02 -1.297172089402184696e-02
8.971455035664833641e-03 -5.175380051428493666e-05 1.067587336539195650e-03
-1.690281609915776596e-03 1.414920606727866279e-02 -7.705569644226044693e-03
-1.204110362372724091e-02 3.950503761761660435e-04 -1.366612406794272217e-03
-8.400794787803885768e-04 7.004082005156911372e-03 5.077437320087403380e-03
1.564884011750319187e-02 -4.705670743057797597e-04 8.974290262833206156e-04
1.132333800081634576e-02 -1.378774961262086395e-02 8.953459973749860676e-03
-1.134763762752341934e-02 1.383790874608021616e-04 -9.981549763512422707e-04
-1.968839053655642001e-03 -1.589956258406311287e-02 -2.461695170155488079e-03
1.109945188776794583e-04 2.140055138773349665e-04 -4.962553440661368262e-04
1.419513565517472437e-05 -1.126906016323557004e-02 -2.479320462263238673e-03
1.036029865140376816e-02 -7.741975354155186846e-05 8.615469265841510212e-04
1.625866891868900030e-03 -2.547630428399565443e-04 -1.372978475129888083e-03
9.133501565385818491e-03 -5.675909267558675551e-04 1.155862701260034972e-03
3.115126521280485537e-03 3.026285135719510803e-03 -4.152257302551132061e-03
-5.972333070938145791e-03 -1.633727950927651258e-04 -9.404393951552521063e-04
-7.965933355867142957e-04 6.279526549227539001e-03 4.610467423298282748e-03
-1.761209586438726915e-03 -5.581445543426464401e-04 -8.432763280948013355e-04
2.180135607718976416e-03 6.830010311927332996e-03 -8.272905938030679709e-03
5.786085331455069827e-03 8.144663174632531862e-04 2.000650864912126054e-05
-8.105521721002992633e-03 5.882199914083632852e-03 -1.913090531144371817e-02
-4.648607139170131929e-03 3.760567247090305714e-04 -6.808112999838273000e-04
-2.643182843779067447e-03 5.879953190809280097e-03 8.627812890802633809e-04
-8.281467466641759994e-04 4.013894345362112011e-04 1.923964824159453857e-04
-6.132106594857276299e-03 2.155187561720697115e-02 6.336423526030636466e-03
-2.277964863065477916e-04 8.788682302599589834e-05 3.148304121234524362e-04
-3.216985516335773513e-03 2.272502290885024256e-02 7.493856899924544734e-03
-1.424759479400944774e-03 4.947126392053886141e-04 -4.357279123218459017e-04
-6.093128588967702472e-03 1.878460547428601954e-02 -1.222135577794820297e-03
-3.726804028412325238e-03 2.654388025469297391e-04 7.344060211382399776e-05
-4.810402741065646429e-03 1.149359307856720816e-02 -5.205062179100347283e-03
-2.461885256552697951e-03 -1.987212851868339026e-04 5.766617428714903562e-04
1.975795157307362257e-03 -1.740756240877520608e-02 -3.339809047419482410e-03
1.677781058253794561e-02 -3.101684717373674738e-04 1.082687959527939021e-03
4.361174616017851093e-03 -3.107977242558239601e-03 -2.876680481760339036e-03
7.366749710118756025e-03 -6.116564980472443151e-04 4.256008866680661626e-04
4.486743716553595607e-03 -1.076458249558626644e-02 -3.494114191568341472e-03
3.742135897389173987e-03 -1.658382361426147603e-04 -2.616884969149216918e-04
-4.945160581640718755e-03 3.078261247854215815e-02 -8.498650773922426099e-03
9.830240716717751626e-03 -1.014321336163326445e-03 7.596914427651257256e-04
1.071823573319765494e-02 -1.412929389170080458e-02 5.022695616503162520e-03
6.222599353067131620e-03 -2.558065620291349526e-05 2.554795291736368466e-04
1.806863981203898862e-03 -4.177846242492152043e-03 -6.050786095246086030e-03
-1.127508523056528151e-03 6.639888812989046350e-04 -1.406795223385185530e-03
-8.779816894584239334e-03 3.981273663407552954e-02 -3.949848810421364292e-03
6.117622853712001560e-04 1.600333521595232128e-04 3.667167789939395619e-04
-9.978298021343294348e-04 7.897955974783023303e-03 3.096953511548379556e-03
-1.246032779364987476e-03 8.371158730118371215e-04 -1.202691405789023025e-04
-9.884234594079667827e-03 2.356976776542294219e-02 -4.315692720376418552e-03
3.323068913747972888e-03 -2.681870705250815148e-04 -8.360760915949147542e-04
1.423204531727610255e-03 -1.460159014057860541e-02 -1.042319939828192411e-02
1.624391902982032015e-03 2.511874624300809819e-04 7.682615285798847322e-05
-5.737054370119285809e-04 2.732271802358279301e-03 -2.890901190737123986e-03
-4.001849923244309160e-03 6.098724505371974115e-04 -3.194867703551080023e-04
-9.081973696489232736e-03 2.514454436445868676e-02 -1.607851929864219463e-03
1.825394308466672492e-03 -2.602048373711520098e-04 -2.508812354412048883e-04
1.114572217735696098e-03 -1.531974069184279669e-02 -5.182820821917032139e-03
-1.718516899511308331e-03 1.222651110509540050e-04 -2.168904042085836967e-04
-8.599935945258433551e-04 2.353411920148902083e-03 2.365340954042294882e-03
-4.163947757081330227e-03 1.498384382373746989e-03 -2.529173272892661821e-04
-1.241973621940229561e-02 3.178078790529045849e-02 1.824143140522996526e-03
2.704256524556942522e-03 1.440120328860157450e-03 -1.069893339833058975e-04
-9.357942741640376885e-03 1.820778457725230962e-02 -6.630898300153325459e-03
-1.387142896648058382e-03 2.694630281936718488e-04 -4.513113364571819694e-04
1.776218263008609989e-05 3.744486285162012596e-04 1.774660353473481774e-03
-6.548923537239560895e-03 3.611171786631306143e-04 -7.747141040210496097e-04
-5.795548586463600098e-03 1.312995949296727645e-02 -1.266463641510593297e-04
5.308991874500832743e-03 -8.770953804923585853e-04 -3.954728311579372999e-04
7.437725436946906674e-03 -9.113773492281823305e-03 -4.753787744724604671e-03
1.752891466313797816e-02 -1.323839224325228797e-03 1.138425671182256892e-03
9.670086427674412857e-03 1.058124822504966436e-02 5.373230700777042838e-03
1.639517210740010222e-02 -4.380755907577209632e-05 1.342338801762636095e-03
-2.821476664293155485e-03 1.243987930774162649e-02 -5.912117405369101721e-03
-3.141543954462750268e-03 1.249699146568723253e-04 -7.755721341699650488e-04
2.618636307106373025e-03 -2.201615586947003322e-02 5.382319705844704726e-03
4.228671677318815436e-03 -4.034719993539358403e-05 3.108590135192491693e-04
-3.379215104255782476e-04 6.636441689894842511e-03 -3.881297388312230051e-04
9.554391372882058532e-04 9.998794103867436438e-04 -2.215933395130452021e-03
-8.821380210604759520e-03 8.402129676402114375e-03 -1.444582612741494507e-03
1.826493480981776496e-02 2.153869301041244980e-03 1.886326036469041130e-03
-3.156486847133258000e-02 7.925901488297190656e-02 -3.246095702203995181e-02
-6.009765500245583701e-04 -7.147685936676080858e-05 -9.032932159990926350e-04
5.738702258933294116e-04 -5.330916333353323024e-03 -3.970945483036575395e-04
-8.505525091123908657e-03 3.138688159034916034e-04 -1.659789281646260623e-03
-1.192808968648961018e-03 2.916095698203774369e-03 3.951447520196330748e-03
6.002994354968780276e-03 1.346673231366340854e-04 4.872433056431233291e-04
-1.209257145322716330e-04 2.785439265405657318e-03 -3.236133874777576743e-03
-3.457105266783320509e-03 3.070375744834274306e-04 -1.218755701785023508e-03
-1.793374191158887470e-03 -3.244184344605142815e-03 -1.718821380283303262e-03
-5.834184477864381817e-03 3.632958123605736908e-04 -2.173531339887444609e-04
-3.788974606405481893e-03 7.018415402206674286e-03 9.413161087138674282e-04
5.650640488071027347e-03 3.360434516670091944e-04 5.437549389161567626e-04
-3.746874064846224175e-03 2.123205277904337621e-02 2.103570380106186029e-03
1.119036145240779462e-02 -7.978269437319586432e-04 1.508032866908306504e-03
2.847922576094943144e-03 1.205969185148629379e-02 -4.858053215109816442e-03
1.983763322146377128e-02 -7.687969490268666169e-04 1.680728239208422858e-03
5.347671679373528809e-03 -4.111199959929013291e-03 -5.346887986466548892e-03
1.091103878651467074e-03 9.065241876728114510e-05 1.369170458988998784e-05
-3.640490176772079312e-03 -1.325369464778585263e-03 1.202144093140914078e-03
8.021038349052978661e-03 -6.607426085843727537e-04 1.178126739147487834e-04
1.370908324551711353e-03 1.999042610138084680e-02 3.490672634836009935e-03
-5.709649129767255769e-03 1.474205316305454185e-03 -8.674672217710956493e-04
-5.271311113677712087e-03 -3.974525082322293013e-02 1.665915768465683683e-03
-6.017882667761043081e-03 1.475411303473866086e-03 -3.192811135708899239e-04
-1.208048278597298464e-02 3.734068149489049721e-03 4.124167393417691417e-03
3.131380879037603138e-03 4.874879396540782780e-04 -1.113687150358114663e-04
-5.122517116526293865e-03 1.222351641616037897e-02 -9.829104370696796142e-03
-1.491770592615621624e-03 7.796632608129429581e-04 -4.849137945469179619e-04
-7.784238014652959149e-03 2.770902458553343300e-02 -7.520252194977884372e-03
-2.561496953766423390e-03 -3.921551044367582207e-05 7.935730271584998411e-04
1.361046238263858947e-02 -3.986860813711064211e-02 3.993039730434679198e-03
2.516318204805711913e-03 -1.794766008567322355e-04 1.146130104974453967e-04
1.772781438160523455e-03 -1.294771871234659359e-02 -3.008424028242031971e-03
2.409746934564347288e-03 9.690383648277547859e-05 3.912740244672801388e-04
2.731947398179991778e-03 -1.033901642826959288e-02 -1.601965312868066423e-03
7.345697738422558333e-03 -6.336146775645705399e-04 1.733075466628827528e-04
4.386471993785455263e-03 -4.268409449743844515e-03 3.412789168651047828e-03
3.583599629080277266e-03 -1.031959801386251457e-04 5.330576211629948222e-04
-1.689079209730907135e-03 8.667463247256292080e-03 -6.834358436048772190e-03
-2.620504620768110155e-03 9.696363188449125606e-04 -5.580124578934402696e-04
-5.887858942057176345e-03 9.131715170742750118e-03 -1.551030750430772327e-03
-7.584351017551151097e-03 4.715259003485660835e-04 1.720451747663793302e-04
-5.454485991689758326e-03 -2.373471492309913583e-02 4.758566767804008404e-03
-1.142261800131875484e-02 2.927834146601727538e-04 -1.161774169327545224e-03
-8.096303517395482801e-04 -1.420511247166377812e-03 3.475905625413416421e-03
1.529184565889462298e-02 -1.083601177315604049e-03 5.327563273212685118e-04
1.679760906943485524e-02 -4.088214484389308956e-02 1.010087824128021519e-02
-1.547086573125299250e-02 1.146984651669638589e-04 -2.055085503242084187e-03
1.326920873289455603e-03 -3.016950242821930112e-02 -2.707241477792422368e-03
-8.104765508438812206e-04 2.401760208054703419e-04 9.280184598436388250e-05
-2.069112622947074688e-03 4.823609784037828120e-03 -3.198552672560717527e-03
2.275126375506340490e-02 -2.781237182689438544e-04 1.091873906877513555e-03
4.895751446784079620e-03 -1.761522144807841500e-02 -2.720574088892973620e-03
1.576889260957120217e-03 -9.266284037923334244e-04 6.584911387386213752e-04
9.803978206316444483e-03 -1.121649019981864337e-02 5.601526006588779553e-04
-3.642088049380962349e-03 9.400623906815003608e-05 -4.868523047337832040e-04
1.463070742808329295e-03 -1.192558376383915340e-02 9.625696444220144276e-05
2.588924034160951237e-02 -1.566278127512967140e-04 2.120714088362716555e-03
4.305859211776740664e-03 -9.657040512769537316e-03 -1.310207790383528239e-03
1.597918806265173587e-03 -5.795679415708868132e-04 4.094010076841334868e-04
5.494056333091431807e-03 2.249048942501915942e-03 -2.502946981292298971e-03
-1.842706283461157920e-03 3.186870535186075754e-04 -9.851484732663665610e-05
-2.617547657387237544e-03 2.690298073501201366e-04 -2.444509544177395511e-03
-7.464520261688067579e-03 1.084755440036655298e-03 4.104703893402011569e-04
-1.924085233831270697e-02 7.652893896607504409e-02 -6.837989567588733004e-03
3.207818998481216238e-02 -1.530120173241282695e-03 1.032011823451284369e-03
5.009535047107360403e-03 1.810975739151772165e-02 -4.178202690339437309e-03
-1.163970916545056496e-03 2.326741462406874085e-04 3.127319087055404592e-05
-2.977869336184957652e-03 5.734996443484638787e-03 -3.641493905864608138e-03
-8.712801126872988730e-03 5.948840072541804972e-04 -5.033437747831161994e-04
-8.316483239908221275e-03 3.837913856065217760e-02 -7.397984887948249894e-05
2.676519877501893144e-02 -4.500942832024691295e-04 2.973425352030916596e-03
-6.020090246183819500e-03 2.290746312153419187e-02 -1.009314105602951601e-02
-1.112432916962755210e-02 1.102621187594819262e-04 -9.617380504365434643e-04
-2.186812585635796152e-03 4.480854429909350567e-03 6.662444307810089054e-03
8.628003700536279784e-04 1.170433397820534564e-04 6.208443083176721274e-04
-4.514412036100857312e-03 1.555515532853467969e-02 -1.318211166855876200e-02
1.234487739929420076e-02 -7.736218171391093593e-04 1.205639900038281637e-03
3.600908119505798373e-03 2.111273411494370145e-03 -1.179698931966130515e-02
-9.675787819162527670e-03 1.112278781916675903e-04 -3.594250829632383523e-04
-1.541482043624248363e-03 -5.729963700218571737e-03 -1.719456227843594968e-03
-1.366084052064731741e-02 4.277749580248527139e-04 -1.143945621015193858e-03
-2.302580764495278966e-03 -1.642950215876935694e-03 9.239935283239717606e-03
6.597732932128151824e-03 2.245196743143474793e-04 6.170955013810748005e-04
-5.526129714314031820e-03 1.438964061655566284e-02 -1.096879232251124839e-03
-2.903437507568961719e-03 2.098550035307998954e-04 -2.341586803739637013e-04
-5.561520658092954832e-04 -2.549864469770575515e-03 -3.809772677965475324e-04
-1.378899158434391571e-02 1.282372711385651714e-04 -1.646227426094461471e-03
-6.643910803817392038e-04 1.299293366552138791e-02 1.001950871063137655e-02
1.099942948350508126e-02 -7.071361555799019621e-04 -3.198940737195767048e-04
-1.110582883271985866e-03 2.760280250833148027e-02 1.752037220110256102e-02
-9.109219118527479495e-03 4.802028195783922346e-04 -3.011897887334163536e-04
-2.908313648769345582e-03 -6.861505396216832295e-03 -5.105177340739204019e-03
-1.885258379544677270e-03 2.851858364811348748e-04 -5.318013034680121529e-04
-4.719309340633495026e-03 2.275316179394205537e-02 -6.576030094575814264e-03
6.358976628364177222e-03 1.879750491253270178e-04 6.943407473120882930e-04
-2.288900432279753622e-03 1.624931901130712356e-02 -5.371339169484850781e-03
-9.708308719111792160e-04 1.749331629230107491e-04 4.938198943438446920e-04
-1.760256122834841013e-03 -1.617949517096842378e-03 -3.219462784743861664e-03
-7.440400779826516521e-03 -3.457060609933465360e-04 -4.076074043430763169e-04
5.082766751265386553e-03 -2.568232565543768220e-02 1.561494722667094428e-03
-5.493831915115373471e-03 -3.650427619568685778e-04 3.003307584555120653e-04
3.907139639956357449e-03 -3.654492845140496632e-02 -8.796693893859370379e-04
4.782825433230064767e-03 5.806509770818436486e-05 8.376478928982769752e-04
-2.918071603925348045e-03 5.589125867025222794e-03 -2.285521665975634008e-03
-4.291242446444052533e-03 -3.612034536963203580e-05 -1.562892318215927320e-04
1.147870485285678449e-03 4.521718472124567831e-03 8.534482069040547937e-04
7.116726074886729715e-04 3.162345833582951363e-05 3.818252175440091985e-04
-1.758427327861184723e-03 1.509741319504174194e-02 -2.325839018351205168e-04
-2.578315515945708760e-03 -3.414435214117806446e-05 -5.226799925314523860e-04
-1.074332607473326524e-03 9.474368412037203341e-03 2.975432398646276656e-03
-1.236697615011449550e-02 -3.357402123698068064e-05 -1.045911096089960270e-03
2.056968310149987454e-03 -1.274850655301699824e-02 4.962559820853915289e-03
-2.244776140712124220e-03 5.664933182852364361e-04 -4.325251232386233095e-04
-1.524337699453499418e-03 -1.074181390729137854e-02 -1.058839907550430080e-02
1.826410819274622635e-02 2.977976727529972265e-04 9.147957677197645363e-04
-4.724189721376185515e-03 1.585544484457408754e-02 -1.004400893034147410e-02
-3.289814610017638679e-03 -5.540225620817481591e-04 3.690038800344450738e-04
5.480570002923392144e-03 -8.053257239396470826e-03 3.136354959767417936e-03
-2.278382907094194700e-03 -6.399217819363319827e-04 4.829167441020281587e-05
2.231768687691888103e-03 1.162727246146066061e-02 -3.445264803047898543e-03
1.314840580742071465e-03 -5.247945601638619954e-04 5.207330162447864437e-04
7.654612114798531666e-03 -1.899957653826582493e-02 5.185131120857931243e-03
-3.710435363196258542e-04 4.797560890357424482e-04 -2.603808129623789991e-04
-5.576724758653288545e-03 1.083719011682577824e-02 -1.619867314588113684e-03
-1.420661970291706936e-03 2.744163970952498400e-04 -3.231732106056799808e-04
-4.468136830906107096e-03 1.310449402874654459e-02 -2.530882022623804663e-03
1.591496879338145454e-03 1.676739847441435609e-04 9.726587778772719786e-04
1.283555384649790561e-03 -2.602574246502733710e-02 -1.073762511443949715e-03
3.697641334828961207e-03 -2.477264565536223609e-06 6.825338525747479210e-05
-2.864343685517999234e-03 1.517154050598042495e-02 -2.756390466249560717e-03
-9.189578904501142283e-04 4.428762169697261818e-04 -3.628122062703907505e-04
-6.062026330424229517e-03 1.119635134802483140e-02 -3.548622248320963050e-04
1.082190297003913235e-03 1.361537252802212661e-05 7.169898983384855387e-04
2.854819769239402838e-03 -2.983620919111161854e-02 2.613979215627916346e-03
2.550351294369161605e-03 2.669796397894536543e-05 -7.184346961214451007e-05
3.696693146443257721e-04 2.420330483899654772e-03 2.769372065190348758e-03
-2.553649149799124343e-03 3.136990271692299392e-04 -5.450011432803067088e-04
-3.820491000092993833e-03 1.131913770482110594e-02 4.353071093801002579e-03
-1.738383657841050976e-03 -6.758403665086810778e-04 -3.287037578920796749e-04
9.360908923262536985e-03 -1.231070990218738857e-02 1.134095482584472278e-02
2.791238181360128443e-03 -4.785772258341443493e-04 3.873084345783382124e-04
7.502909576101958120e-03 -1.910321981860444579e-02 8.779206879244516940e-03
-1.254002151088969702e-02 2.099708553723079150e-03 -1.897483043954647369e-03
-1.724732077717838069e-02 3.339702626233798793e-02 1.166746548920007120e-02
1.121797764249900242e-03 -1.402661949955943260e-04 1.147357921024940450e-03
6.552610830148090405e-03 -3.155068330838529250e-02 3.569634480589696426e-03
1.039620338873158308e-02 7.804889193446015033e-06 3.273273428570492617e-04
2.046724459820837855e-03 8.198015962735831497e-03 2.248164710222130922e-04
-1.229994539284002099e-03 5.174060502567707359e-04 -4.756845749697062673e-04
-3.148956095379495598e-03 1.463300947739557337e-02 7.499205177511963569e-04
7.011353543186936085e-03 -4.176409732620910836e-04 4.091646492713155864e-04
4.154976664459594446e-03 6.588981742882605956e-03 2.392570035214250899e-03
1.425941904441309881e-02 -2.219340354356817528e-04 3.575353294621054631e-04
7.541611588569904333e-04 3.116110301219118112e-02 1.169971454162785189e-02
-1.088698116067532071e-02 1.787529132643138818e-03 -8.153024450384646930e-04
-2.388995949593582246e-02 5.519343416576302785e-02 -1.699178105718955611e-02
1.456599699560387961e-03 -2.419101001607253283e-04 8.333077309533622190e-04
1.171294995453221180e-03 8.182207878993812133e-03 2.252735631886053965e-03
-1.255233630054152427e-03 4.992831365127051082e-04 -1.675482797279839156e-05
-6.384680556437893374e-03 1.621243592522085553e-02 -5.358259687357594435e-04
2.498489189288386619e-03 -9.978713990079872420e-04 4.704275139961936305e-04
1.129491206661958382e-02 -1.942431367861746638e-02 5.377437830622224316e-03
6.694981924034188597e-03 -1.550332102545743350e-04 1.939319989247200110e-04
9.846995569210419564e-04 1.473279472915358344e-02 6.419843495443647644e-04
-9.854832439706751046e-03 -7.121355579742245749e-04 -1.822009148532112693e-03
9.633907409779181655e-03 -2.392983650007442925e-02 1.756836234534403171e-02
6.509657948691391360e-03 -1.149583548339859875e-03 2.298368337240419904e-03
1.104044602974789575e-02 -7.262166846047459975e-03 1.285551555709620736e-02
5.837926429775194825e-03 -2.221836355120005921e-05 1.408410900839796118e-04
9.218855093433786724e-04 1.146682968614414974e-02 -2.697491786379271591e-04
-1.283317743974908033e-02 6.565246814106608791e-04 -2.238097924617211878e-03
-3.756408652233192945e-03 -1.006595017675289069e-02 1.126768895376490699e-02
1.564677129305554540e-02 1.841071281975604004e-04 1.511816728075324450e-03
-1.387023801085968469e-02 5.304739441744439621e-02 -1.800253772692858578e-02
1.202286258340638271e-02 -9.443084079168873740e-04 5.690427185073175173e-04
2.510158006444122760e-03 2.017860121612460519e-02 3.182769607917943638e-03
7.181829043263669374e-03 -1.325358476405731709e-03 3.145036417006680197e-04
1.427518689201976061e-02 -6.695235198274807065e-02 9.032907181686114463e-04
5.872452148378995516e-04 -1.500301491648455996e-03 8.157040241232380159e-04
6.208965779503213163e-03 -3.550972290897712325e-02 -6.110977986414307950e-03
1.509750087693193139e-02 -1.310066456599801726e-03 3.563162194169992945e-04
4.632522373340238094e-03 1.001817303761512110e-02 3.591373234780851579e-03
2.887578941083037906e-02 -1.483774238461520699e-03 2.135504895068379531e-03
8.001985439351329277e-03 -3.727827476263856875e-03 -4.599626348615329201e-03
5.441694522339166236e-03 -7.486853008850152726e-04 -3.159354949209788096e-05
6.448168600626803283e-03 -2.458029959653774965e-02 9.246543867319363327e-03
3.263293570620913377e-03 -7.558798973996659620e-04 3.393608127382456577e-04
2.625467381435238681e-03 2.003153199636625512e-03 2.423415092107540723e-03
6.814385034642343091e-04 4.982882900392492879e-04 2.894885085828095644e-04
-5.832967911244492723e-03 1.840682687775783977e-02 2.224382114228476133e-04
7.218310758898984804e-03 -3.085315669133898396e-04 -2.197273386867068458e-04
3.549015589216242186e-03 3.291023423236219200e-03 2.135183390962484742e-03
5.778558427799818618e-03 1.573995336050018883e-04 -3.369074012472155800e-04
1.205363785267780366e-03 1.439901942718242733e-02 1.381914713613484639e-04
8.871904584525143467e-03 -7.790320494872413765e-04 6.832236567559820100e-04
2.853199694504653713e-03 8.272351136299781194e-03 -1.417429569644044606e-03
2.615615819628434521e-02 -1.478140058059785461e-04 2.395760939889022764e-03
-2.371769394735220166e-02 9.710692685206818997e-02 -2.815983784214497188e-02
-5.464581536008887271e-04 3.759842106261495481e-04 -2.663921351157769722e-04
-1.077299414875824762e-03 -4.350275552507237679e-03 -2.979335665337282720e-03
1.464193467821096710e-02 -4.762427341229566913e-04 7.549099338504637602e-04
6.107538471983789755e-03 -1.248622883623831496e-02 1.223024956406346987e-03
6.529574580490866975e-03 -4.875608718494287529e-04 1.317119055086468215e-03
2.422571487695784898e-03 6.255311532459063330e-04 -1.559942111917811533e-03
-2.853187100273065976e-03 3.004789456862186434e-04 -1.644295865660568554e-04
-1.849442421961848245e-03 -1.480906395188865288e-03 -2.350077618935061084e-03
2.542729782547856199e-02 -4.419923501265966533e-04 1.865924624605493770e-03
9.317926966310223491e-03 -2.788875996058236620e-02 -3.245977153382360782e-03
5.426605744331752627e-03 -1.144994270479977698e-04 5.701995019131282129e-04
-1.807874882627123194e-03 1.898131491009940816e-02 -8.754425638613262672e-03
-4.763333671087184758e-03 1.673487573012351739e-04 -2.548592080677704991e-04
-1.535245271822369487e-03 6.819990193727971765e-04 8.443445305764894467e-04
-1.610275066821195353e-02 5.742064082940025139e-04 -8.814732741262001686e-04
-4.715672969331083028e-03 1.896527711958741202e-02 -2.069765110812979772e-03
2.060150296457212427e-02 -1.155717997070432844e-03 1.923518664948521955e-03
1.163766198893788914e-03 1.841399483009425672e-02 -6.876902566867224877e-03
-8.471290301353835359e-03 1.469093943120168208e-04 -4.562035741338439513e-04
-5.644266181730625770e-04 -4.259249011172901687e-03 6.208449257757063522e-03
-9.325306846720074483e-03 6.356644559604609883e-05 -1.463664730221326052e-03
-2.988266768137580291e-03 3.298287416466898214e-02 4.134829532189923662e-03
1.267354181461842998e-02 -8.119555463939373118e-04 9.014054960753279310e-04
9.343263644587682798e-03 -4.165788379642553635e-03 9.631804615034197936e-03
-7.683497255743209665e-03 1.917888169424677492e-04 -8.902197600069384955e-04
-3.086165709449542171e-03 9.933995638667848793e-03 1.776265708337582995e-03
-1.864507765095796410e-02 2.059371458002002588e-04 -1.175389640535282791e-03
9.873445406397146629e-04 -3.695415140825052645e-03 1.394955651731369026e-02
6.827657723395824142e-03 1.690848786802068380e-04 -3.519111265484463087e-04
-7.341205519428154955e-03 4.211629642517828592e-03 -1.318195323047619688e-02
3.249478213113935008e-03 5.158488044391406919e-04 -9.235993061211368398e-05
-5.090828899876424611e-03 1.217799857174876009e-02 -3.140060958622074589e-03
5.347782541587473362e-03 -1.513663541911633784e-04 8.841507931447883419e-04
-4.650800712058688995e-03 1.085814700650673120e-02 -8.208983814740045820e-03
4.559886665079672732e-03 -3.352807678012013903e-06 3.724930383514227315e-04
-5.956397631077015725e-03 1.611444594841096589e-02 -9.747411691669143063e-03
1.468545813674650147e-02 -8.204299495453808155e-05 7.562865858047009742e-04
-3.176083346550930865e-03 1.439076687337801155e-02 -5.379331771814347893e-03
-1.010648079195545362e-02 -4.514985858405365024e-05 -1.252679524354584145e-04
9.793454602300647339e-04 -1.141086575392185470e-02 -3.214190113106689829e-03
-6.677398055713573699e-03 -2.114123527298402512e-04 -2.700852222401407192e-04
1.121331562877630290e-03 -3.768916650490067820e-03 -5.389440347978227512e-03
-2.681210426902942093e-03 3.584640570742119088e-04 -3.300587188756550112e-04
-5.005105951729590247e-03 1.960261261610763209e-02 5.869926969944490314e-03
-9.312394345902293017e-04 1.464592643752582728e-04 1.262531828093160780e-05
-3.249368446184076539e-03 1.492782123478313648e-02 -6.671361873224424194e-04
-2.301963922543862669e-03 6.497718781985577620e-04 2.492915405287494273e-04
-5.956735570355095079e-03 7.153734533845788890e-03 -7.644751626896453128e-03
-8.355719654178880070e-04 2.945524522003332849e-04 3.087246278145539457e-05
-1.453302892046742095e-03 7.254887670562448461e-04 1.667074662300104025e-03
-1.543284628344832998e-03 1.646084371446089297e-04 8.217473419179982053e-05
-2.480908859648500372e-03 8.086642967479462651e-03 1.319186292174714514e-03
-3.637092434548079133e-03 2.419134985989755151e-04 -1.694038973090127010e-04
-6.879278427397762536e-04 6.016718730346483704e-03 1.732687782337672408e-03
1.644578453893789580e-02 -2.225007646005548951e-04 6.104845533718766468e-04
7.713830289719694061e-03 -1.902458319671505860e-02 2.405866647811071273e-03
2.902507628782639588e-03 -9.120284155212780332e-04 3.568537235317700536e-04
6.690996761883186150e-03 -1.658646336621171641e-03 4.658399243215871621e-03
-1.035638587592728374e-04 -5.127203897492523324e-04 -4.525537154537306178e-04
-2.662611213301183631e-03 3.217238334860669791e-02 -3.773002088366617318e-04
1.276496961077859885e-02 -5.296191885990640452e-04 5.753938001108625452e-04
7.488255560533465215e-03 -1.507471064535143707e-02 4.208849485798484523e-03
7.389140156680602291e-03 -4.632016404794332687e-04 1.350077913346960437e-04
5.387593000086276021e-03 1.130672458003739635e-03 -2.903688412366830975e-03
-2.765546504115997881e-03 5.859670994436468484e-04 -1.584756801066958742e-03
-5.775311659455615101e-03 1.867539113593360070e-02 -4.132418211657911365e-03
9.421278876861255425e-03 -6.614122520335368382e-04 1.952597306363699093e-04
6.578447925876273507e-03 -7.923226931306454057e-03 1.095809482405264712e-03
-2.652261590442413148e-06 4.509259685646510325e-04 -3.514726454113273812e-04
-1.545683503477318817e-03 1.571474117762246357e-03 -2.265868307955009459e-03
-7.356749207696426131e-03 1.074775204631414063e-03 -2.424260315640268393e-03
-1.116218405247227340e-02 2.010931922550805023e-02 -7.062741756884918440e-03
8.663158162870474716e-03 -8.924955531293048226e-04 2.383557483640870531e-04
8.767539133161491791e-03 -8.710425950938870121e-03 3.019443346538087415e-03
-5.119187514847506511e-03 -1.519344743269571488e-03 1.168457970550101791e-03
1.406248176084325639e-02 -4.626420563128115504e-02 5.817057744983485969e-03
-9.868265670133316222e-03 1.054345548298683734e-03 -1.505326522710988832e-03
-9.767356416147430359e-03 1.689457561455310133e-02 8.562444340288027575e-03
4.516977197224557143e-03 -3.448542733689189885e-05 8.714687826504020863e-04
-3.636653870096085567e-03 1.388393353731629323e-02 -3.392823177079289272e-03
6.740432397289002238e-03 3.819892890952789164e-04 9.162924712091297412e-04
-4.016307730265658918e-03 8.233855502477172711e-03 3.729409938278783814e-04
1.176669384010538624e-02 -1.032428195782124618e-03 5.589243528829914136e-04
7.015532335677455121e-03 -1.334654703103100920e-03 2.688513104928499280e-04
1.218848909728176711e-03 -3.895599098114177071e-04 1.054430158312388453e-03
5.393223257060395480e-03 -1.344215987486922607e-02 1.206065437983710586e-03
6.425407497336152463e-03 3.860111382641461322e-04 2.723563637663502322e-04
9.372361268221394157e-04 -3.224037391844524619e-03 5.123764622865287395e-03
1.093992217712095802e-02 -5.199370186309765825e-04 8.316687213881824052e-04
4.113598236981029737e-04 8.546240528838930199e-04 -5.194558121842448618e-03
1.988182220684729662e-02 -4.769730709519737905e-04 1.730808371096540996e-03
-3.904951284753054291e-03 3.328628810557009848e-02 -1.386724390553884835e-02
2.572045605130714868e-02 -1.315834321313890526e-03 2.450320735771326433e-03
9.808090323692239890e-03 -1.174323299349220792e-02 -2.764938494074385775e-03
-1.628966295075209467e-04 -5.146764890449507385e-04 9.663122157709929652e-04
5.737802121051432946e-03 -2.837070221714018195e-02 8.946180175657972300e-03
3.459430620476303900e-03 -4.363156936067282042e-04 -3.307092215523221640e-04
3.420597170736991433e-03 -5.227515688301963455e-03 1.814276747651511314e-03
-3.184360124587543635e-03 -7.052641948352273132e-04 -2.999619123108114875e-04
1.413436984952430413e-02 -3.858715645995750704e-02 6.463750198328975516e-03
1.319257920026103113e-02 3.680478613693877448e-04 8.851691397993086260e-04
-7.472043883630298533e-03 2.523649767308912967e-02 -2.338169171215666396e-03
-1.115902168343511002e-03 1.263554908103666115e-04 -5.712799795103124358e-04
2.933629270089415340e-03 -1.117117385929469915e-02 1.618266927957804713e-03
1.125950514904694964e-03 -2.276300354749722851e-05 4.530997764002592893e-04
1.591884371455237670e-03 -2.577434382811819979e-03 4.345295057377249540e-03
3.508988831634833258e-03 -3.634922368942160309e-04 2.422905609429530432e-04
1.161036078865201101e-03 6.018729091296633887e-03 -4.222127362564976304e-03
2.070209688363443875e-03 6.856715261946666170e-05 1.963856906973054049e-04
-3.917151737262430261e-04 1.470405600975984405e-03 3.335586178886813216e-04
-2.270162684602446395e-03 7.842059795212654534e-05 -1.861961624470896248e-04
-7.986001896219574632e-04 2.555720787797071542e-03 -3.496419885149657197e-04
-7.226929699791150800e-04 3.621916041380426952e-05 3.689620032492940178e-06
-5.443126945606082756e-04 1.803601498680330048e-03 -2.756634165426861331e-04
5.506373304279698830e-03 -3.254189492135333567e-04 -3.727485131370951010e-04
3.200281764905973437e-04 2.326912632732398845e-02 8.953318155790271349e-04
1.621419657530302066e-02 -1.085868007681504988e-03 1.113230055676845938e-03
9.155703324460780571e-03 -2.223800686508805094e-02 -1.137767807725797650e-02
-2.953743890431556607e-03 4.193881303204688026e-04 4.287230774255876373e-05
-5.852363011990272673e-03 2.445065670236946410e-03 -5.511666194628204313e-03
-1.626604606913202231e-03 4.775856056770354241e-05 -9.167025745952849056e-04
-2.797730342136294131e-03 2.533391040152564375e-02 3.025197242311423399e-03
1.382880005929254703e-02 -2.852622525935724629e-04 8.721253315284253340e-04
2.528344203931752205e-03 -2.488947806080873092e-03 -2.614590657910187237e-03
1.021491401727990820e-04 -2.016627189880193169e-04 8.582428313744570707e-04
-4.553242477878708706e-03 1.184947432868894979e-02 -1.448219683073028070e-02
-4.801337105309055019e-03 -2.324413077800185998e-04 -9.264520229661466974e-04
-2.871082966003529833e-03 1.896337299676334812e-02 -5.093556813332642940e-04
2.260507384947274892e-02 -4.656753393667271870e-04 1.493363719310960777e-03
6.925622277404754751e-03 -2.242414666030099687e-02 -6.829062748282656650e-04
-1.050828420461556430e-04 7.165455969928717682e-04 -1.031245830947512997e-04
-4.936516105025155407e-03 7.292566016452024097e-03 -9.222459137613431626e-03
-3.562840836119447827e-03 2.148255684197460363e-04 -3.922209628037342903e-04
2.085100941587696155e-03 -1.313713646716540250e-02 1.958385989278245681e-03
-3.271520865188619950e-04 1.388751231409783831e-03 -5.187794920772277347e-04
-1.747731897882463803e-02 7.103759874760108561e-02 -3.213677780366064156e-03
1.971135258745576602e-02 1.977604415244523656e-04 1.461936160658630331e-03
-4.675044977348997467e-03 3.851758705782838688e-02 -7.101037240623594548e-04
-7.778005751750575146e-03 -6.263835373390702621e-05 -6.966898963355393302e-04
4.846673381910141876e-04 -4.071619188495563188e-03 8.413200085922854787e-03
-1.500626931352700734e-02 5.396141278189514959e-04 -1.070794792403637627e-03
-5.378516957728800632e-03 2.688998912851100001e-03 -2.715252325388540361e-03
5.704992704665327700e-03 -1.218316808533934786e-03 4.694692844102715118e-04
1.029992622017507527e-02 -2.989833741341366841e-02 -2.844525926140523738e-04
-7.775263013741592205e-03 -2.440462416308190191e-05 -9.164299786060360132e-04
1.004999698580854748e-03 -1.250744812608347439e-02 5.050058889983665388e-03
-6.081215583389988286e-03 4.551672880117065261e-04 -2.209289175720409275e-04
-5.202449378784721953e-03 2.614717728194626903e-02 -4.085963022078087370e-03
5.915606298059910423e-03 -7.584649787159456705e-04 1.171705193653462939e-04
8.506327766040912286e-03 -1.524025964600483028e-02 2.855577011217454685e-03
-8.966514137320786768e-03 8.552343351495017565e-07 -8.710386204322527514e-04
-1.044796709843126949e-04 -2.675524454231992168e-03 5.290025683007028821e-03
-3.034739265005806635e-03 5.001437220985216958e-04 5.414131690225475061e-04
-2.329678036116694662e-03 1.208459765070724057e-02 -2.813404373495040269e-03
6.440605421003321902e-03 2.720771475804147576e-05 9.402113455674872104e-04
1.747529265556897055e-03 -3.851707577891441952e-03 3.781959229028473372e-03
-5.880284466918499903e-03 5.252587456580446595e-04 -4.188397025245199547e-04
-3.605882722695813707e-03 4.850347345539421373e-03 1.538252893424930977e-03
-7.983716293118722079e-03 5.128659560776683592e-04 -3.817081638176466479e-04
-1.963142721930639586e-03 -3.623621186138097170e-03 5.672605415246677156e-03
-4.001297357607661379e-03 -4.185358704652286958e-04 -5.827760000760462845e-04
-1.393721832526584672e-03 1.180116491297970686e-02 1.440882671551321423e-02
-7.754525947867013137e-03 1.833289340630503937e-04 -5.095751571132741721e-04
-3.387515423970950592e-03 3.459348363487375292e-03 2.385351557988846499e-03
-8.872906070128083744e-03 1.270686689040306403e-03 -1.153325324723168677e-03
-1.155840070951443151e-02 9.030624468693839932e-03 -1.117915990919325468e-02
-9.122301600159564167e-04 7.181556103289573473e-04 -1.163331491369704995e-04
-2.428966975227713106e-03 -1.867499389599214937e-02 -5.439199892999150784e-03
-5.042571484430489678e-03 4.033046609633327310e-04 3.579819570785814807e-05
-3.861076555525571902e-03 9.503698902598797446e-03 -2.347267430793820425e-03
-4.158058754882605276e-03 -1.507195711306227805e-04 -7.019476625147207842e-04
8.022666535114626567e-04 -1.572727789753133442e-03 1.474827306611788428e-03
-1.707102348338794713e-03 -4.417191535291868990e-04 1.149684819656750668e-04
5.365421663242336478e-03 -1.260051950721403739e-02 7.973463299258163467e-03
-4.708416766073283792e-04 4.019611355196589129e-04 2.592315861970265873e-04
-6.598112829652210375e-03 1.328516321068878674e-02 7.407114361453583443e-04
-1.081989017815369403e-03 -9.778370630078819618e-04 -1.166752055433134929e-04
6.263965888748373317e-03 -5.110082973933508660e-03 -9.890018285380144415e-04
1.505879573905004798e-03 -9.042627153496198954e-04 4.525052127910769869e-04
3.302410409896033763e-03 2.457035804749017199e-03 4.150873050398124278e-03
3.176295060786966159e-03 6.493882261389787285e-04 -4.920924885420418539e-04
-7.339984616640437415e-03 2.174134372724043085e-02 2.163765915592684354e-03
1.405542406809908102e-03 -5.597244715515002633e-04 5.844840487839440303e-04
-1.754656224928450919e-03 5.669875789089916240e-04 -1.252334406735381052e-02
3.420526777259185955e-03 -1.372721905738994580e-04 -1.002436716269558417e-04
-6.199404105663091497e-03 1.658232988419832202e-02 -1.104926659360319120e-02
-4.211149133683983123e-03 -1.004357665001711242e-04 -4.372969811991439569e-04
-9.057232507004252513e-04 8.458115824922425932e-03 6.501980211067894368e-04
-9.560907480425623328e-03 1.264207782073888120e-03 -1.022442007728051848e-03
-1.035218133351259624e-02 2.263558122065777861e-02 -3.753572985854965530e-03
-4.795477862488179213e-03 7.212873721034536618e-04 -1.292190270983991241e-04
-1.115384382452251806e-03 -1.863231266470329051e-02 -1.339778842598326677e-02
-4.187168493210446127e-04 -2.713196910777747675e-04 2.545907149286112800e-04
-3.721043514129490333e-04 8.809204552024448021e-03 -2.193509341783970220e-03
-1.089804805151919735e-02 5.337316038526605452e-04 -1.321123710370863914e-03
-4.184138171000984646e-03 1.676142439152531870e-04 -2.573061132567397782e-03
-2.315514426780904795e-04 8.564763497121075835e-05 5.413382824921267366e-04
-2.560581729866860234e-03 1.293595298203906174e-02 5.424695903928846048e-03
4.854655516770538942e-03 -6.677419441104019606e-04 8.678045470452116616e-05
9.510675774412181635e-03 -7.323987556566818359e-03 2.176766826413117743e-03
2.813433976291024319e-03 -1.618700815424600065e-04 2.425480500620207872e-03
-3.800709594724839459e-03 1.274334544076908236e-02 -2.681061590082750232e-03
-1.413606984922319981e-02 1.258458930182792396e-03 -4.499293926423193063e-03
-5.798686205897947074e-03 7.994570073546666475e-03 2.703695218762023483e-02
2.553967826822060774e-03 -6.143112293115892287e-04 1.472994615009276835e-04
2.484868139788351353e-03 -2.444300133961956924e-03 -5.099527447078832688e-03
-6.495645679951523449e-03 5.355977097471010043e-04 -4.724712124681093193e-04
-7.431656577849365605e-03 1.499762737592174461e-02 6.114291121035571536e-04
1.150531794082145084e-03 4.351222081223544459e-04 6.745075384182427686e-06
-4.187761645227804259e-04 -3.412544060017730797e-03 -8.665590405121279330e-03
7.759988165328279494e-03 -3.612439706971453009e-04 8.371845821144696231e-04
1.938445527473648972e-03 1.581215196949336058e-02 3.322370908629622118e-05
2.621498854921034565e-04 4.570878804471753543e-04 1.441580200670238053e-04
2.656807678740674954e-03 -1.396267933029058002e-02 2.697029093049686972e-03
2.149305032783664898e-03 -4.824236047993808773e-04 -1.206730048010575592e-03
3.395252958247979309e-03 3.579323643982063041e-02 2.356701136948130201e-02
7.511427844293750572e-03 -2.674624019198513451e-04 8.075844460547241610e-04
1.238184908073666421e-03 5.829189521174725150e-03 -4.578393908541395592e-04
1.614131358991106879e-02 -2.306593008614410412e-04 1.583424240615685088e-03
1.410626987224844302e-03 7.134040125593575817e-03 -3.732944412293918816e-03
2.769855850792917341e-03 1.725280517929052770e-05 2.684906985631611734e-04
-2.250157550718683789e-03 1.402072538443298712e-03 6.014105351711636002e-04
1.211169871173910575e-02 -4.608105785964544676e-04 1.678334351410735439e-03
4.950474082766010905e-03 -7.532743274303785579e-04 -2.555637363324906979e-03
1.870226170691617271e-02 -4.281929087427112715e-04 1.740028114709326040e-03
3.272270648097104929e-03 5.260578967588161632e-03 -2.400186470011763783e-03
6.992218748081984944e-03 1.054499329103434583e-04 1.653186054475582747e-03
-5.593665960652419210e-04 1.560802459250860887e-03 -3.366970329181203508e-03
8.036945288984841465e-03 -7.791766411317916675e-04 4.009314425886566832e-04
2.198900244689259032e-03 2.307781436674086889e-02 8.930931342820552787e-03
3.297899539417975534e-03 -6.470485987011736009e-04 -4.708398052697979150e-04
8.090407640780597834e-03 -5.149939108705078178e-02 -5.693711670595777430e-03
-1.310763315020758296e-02 8.340904777916283153e-04 3.818937528597130589e-04
-9.100414558951450475e-03 -2.057386418055581409e-02 -2.220854594986541343e-03
9.164736999607918724e-03 -4.837510635752736640e-04 6.288714477589457284e-04
1.406128693085042028e-03 7.126515180343658343e-03 3.356335146512173274e-03
2.444958334750698889e-02 -1.222977002315838585e-03 2.744666274321747382e-03
1.105696495408256368e-02 -1.363957290056919645e-02 -1.118846670383970981e-02
9.318246318109520143e-03 -3.063895050077584947e-04 1.905624037746913744e-03
-5.193816354962009843e-03 1.014550161063342351e-02 -1.850948408581262403e-02
-3.342612456955338816e-04 3.104395158022745091e-04 7.290879363767197681e-04
-1.338620881886201002e-03 -3.812687354929049192e-03 -8.261596897004031340e-03
-9.175313380823904574e-03 -1.767167726269336435e-04 2.106970064131132915e-04
-1.995688690009009801e-03 1.246740488085194961e-03 -9.002939706372969182e-04
-8.226712724884890568e-03 -9.965828341889334044e-04 -5.333657492868134221e-05
1.117084623149028691e-02 -2.476518317747078077e-02 1.928192754390498781e-02
-1.099266730532305874e-03 1.434787045094938177e-04 -2.428065604726365422e-04
-1.217707086611270187e-03 3.561531576826891098e-03 -4.489008428229248021e-04
-6.701403636869560435e-04 2.114253435557323681e-04 2.679265793843367679e-04
-3.771106483874463698e-03 -3.418370065395255619e-03 -1.216221753807725584e-02
-6.786802205367744277e-03 2.102078647038423988e-04 -1.661680400579955072e-04
4.616285931991481739e-03 -3.502813892774385429e-02 -6.785514446958071984e-04
4.409633039940716141e-04 -2.914227226998979212e-04 -7.007226323807789039e-04
3.555222187877461661e-03 8.009088896672764829e-03 4.489570794617741417e-03
1.004258297827350342e-02 -6.350875266635299526e-04 8.517059968064478407e-04
5.661146861803946495e-03 -1.855871838664274352e-03 -4.248493307831443383e-03
8.800883225764867535e-03 5.700972503344149678e-05 6.873757974863391705e-04
-9.772111042870032169e-03 3.178642333716058532e-02 -1.550697289341851706e-02
-2.339639335986721212e-03 3.396948348219206619e-04 -7.555182335982309812e-04
-2.543657694236341107e-03 8.902752205357423662e-03 3.072819881243333585e-03
-2.753412375625859197e-03 8.049532475188779686e-05 -4.654876334364133994e-04
3.508248053209645292e-03 -1.224381102004581771e-02 1.488067255046414796e-03
6.801747365676171983e-03 -3.757553996373201675e-04 6.510554460340129941e-04
3.536433828090532194e-03 -6.141871209991903342e-03 -6.779237987564263462e-03
-3.574497738526823294e-03 -1.910202024043394613e-04 -2.414094953111521656e-04
5.892337417105254944e-03 -1.967308031257098203e-02 3.015980540898896122e-03
1.650362348848389031e-03 -4.886105608708198392e-04 2.684504938182780912e-03
-6.339168291938472588e-03 2.951715920704987839e-02 -1.822234696709710416e-02
-1.200507642486659497e-02 -8.342704902667471417e-05 -1.130735031872163229e-03
2.143562267562492026e-03 -1.688234894160203087e-02 2.124629496425277722e-02
-1.824550189759560799e-03 -4.560971101979817421e-04 -5.304300799109501734e-04
4.344144717609669908e-03 -5.994990833184877382e-03 4.430948804809159945e-03
-6.102624619316214701e-03 3.922720727795535843e-04 1.220233096550171108e-03
-1.381977619247516664e-02 3.563496270835105756e-02 -1.091380296396059386e-02
-1.617222520388792578e-03 1.403163367017075608e-03 3.843505318075310004e-04
-1.465437368981758505e-02 2.507991798753720150e-02 -7.255251984261704146e-03
1.538224899759093114e-03 -3.338552654412315843e-04 -2.769783653609541544e-04
1.875640359470663989e-03 -3.987778474545254637e-03 3.369722944635418840e-03
1.692285869761649131e-02 2.536587093018125190e-04 1.540599010236236473e-03
-1.005708688750502934e-03 -6.639567426777011165e-03 -1.503979616026950190e-02
1.986257148745748310e-03 -2.916530309364706239e-04 -2.297547845273323493e-04
6.678025457108206081e-03 -7.716090981289179355e-03 1.923088844582397227e-04
-4.615921918984031494e-03 -1.148050847541283535e-04 -5.470608605899905837e-04
-1.711815209641780926e-03 1.147084669758813465e-02 1.172019761396409952e-03
3.092392136065047481e-02 -1.306698911186451612e-03 2.309668760948869418e-03
1.295177756452301973e-02 -1.880777507603232854e-02 6.244399751213442016e-04
-5.714889412029982088e-03 -2.254265718412218691e-05 -9.989915585072108202e-04
3.705133310711376544e-03 -2.488005118725299114e-02 -4.783804962233450912e-03
-4.555618159684988316e-03 1.140341220814589281e-04 -5.620013309306416292e-04
-1.004558704341179144e-03 -1.666473105315921695e-03 -8.064508256609772836e-05
2.437950881735282196e-02 -6.295927400817002409e-04 1.878343639988195018e-03
1.352735872449549979e-02 -3.745281815353602994e-02 -3.746430120418310986e-03
5.806904283019448040e-03 1.046905474497259077e-04 5.389574278144125411e-04
-4.158806622852422551e-03 1.306273735257010467e-02 -7.904546110096296804e-03
-7.184042945542558171e-03 1.151178032288307541e-04 -5.607466739001212407e-04
2.005540270815091806e-03 -1.165155730752880439e-02 6.758865643813919029e-03
-1.591236673937061752e-02 8.690337642319396257e-04 -1.069449316617884999e-03
-1.160524333485326784e-02 3.999606186384409984e-02 2.604094243322601591e-03
9.591266598706672114e-03 -4.199608332665061804e-04 1.095426419247359957e-03
2.853459724452349269e-03 -2.189781528470840892e-03 3.596811659184822284e-03
-7.768844458640333621e-03 2.794839028328255023e-04 -1.023106208121092814e-03
-1.546670338513062189e-03 -6.018530916697765673e-03 4.615377308294468447e-03
-5.040120201207896194e-03 6.804329945894731918e-04 -5.450059969016902029e-04
-9.471581483393732778e-03 3.862794536709075743e-02 -1.941964990570223520e-03
1.397678409116607720e-02 -2.289968486647637634e-04 1.679245512257201934e-04
3.156620223414360535e-03 5.715541467856345009e-03 4.183823669965838592e-03
-6.932955934768490237e-03 -4.721000530917692992e-05 -9.454583380249951879e-04
2.158334277225815688e-03 -5.885403270587803888e-03 5.726570256073463053e-03
-1.388632038267449643e-03 -5.597112346293143040e-04 -9.103771352419944441e-05
-1.588325611009329310e-03 2.274843625522491100e-02 3.428073647365487836e-03
5.194454550395378838e-03 -1.289750001913758746e-03 -8.185824551218434143e-05
9.257523247671799876e-03 5.653961332097249756e-03 9.704025467269809455e-03
-8.824067549452987991e-03 3.015402999053925018e-06 -8.376473148730352635e-04
-5.747377236031583729e-04 4.875476154262369487e-03 8.129985776763616265e-03
-5.026942186845789230e-03 1.206929462768188167e-03 2.443151729936772119e-04
-1.022980479109345496e-02 5.649850459057124442e-04 -1.791806321772538083e-02
-8.794343502934847887e-03 8.375363369134583395e-04 -2.696829599612578753e-04
-4.672665831482616591e-03 -4.599115149749618929e-03 5.616736653894360311e-03
-6.900720735523162286e-03 3.040241879271399564e-04 -4.384764826093671096e-04
-3.227147884217994485e-03 6.999377390306438414e-03 4.473286196659643360e-03
-5.717412184528728077e-03 -1.745044279209271220e-04 -1.095056640579178419e-04
3.119434318609552292e-03 -1.174209807751535294e-02 2.016026092996370559e-04
1.866164370467148078e-03 -6.755437715942223462e-04 6.660572319031081087e-04
7.962654490437098484e-03 -1.557424929730183601e-02 7.630319667905434942e-03
-4.882645960641237258e-03 3.986380278659077021e-04 -4.641730628602441528e-05
-3.672831000778776448e-03 5.731261263982114461e-03 5.445449060271313540e-04
5.360218583513209250e-04 -1.333301884856160843e-04 1.919471750407198037e-04
-3.631504426726102613e-03 2.273328558947784392e-02 2.359444727160312470e-03
6.931458203088371357e-03 -2.794093202889741563e-04 7.891336243424752024e-04
-1.592924487713528970e-03 1.706267504971416271e-02 1.223302431475752376e-04
-7.580871226770042291e-03 4.277070213867448494e-05 -8.862681038551674731e-04
-1.563623714171613003e-03 4.734130163225928889e-03 3.374437012008318915e-03
-4.939226959224991657e-03 4.897291540563943231e-04 6.944834641572521011e-05
-1.035657479436215105e-02 1.995002396800381328e-02 -1.205872644768731308e-02
2.794603408181767570e-03 -5.646571967805565691e-05 4.162210331785124394e-04
-3.337442345682881551e-03 -2.510530840748113456e-04 -3.289501260928959659e-03
-5.167572114822621514e-03 -3.269565262643603148e-05 -5.815818714158076368e-04
-1.875705032611383943e-03 7.901648191953328931e-03 3.548109096401115634e-03
-7.197173353340031998e-03 4.665707428133725795e-04 -8.100914189028960745e-04
-8.651784679075801704e-03 2.044187125834660834e-02 -1.208730975829973471e-02
5.167842919896414866e-03 5.229554037646749840e-04 6.538904825712708825e-04
-7.623780914097446314e-03 5.940235862729312775e-03 -1.782621293011965938e-02
1.211174892991467161e-02 -4.285425720174263365e-04 7.023608656681445527e-04
7.680707469834667858e-03 -7.323114756409953262e-03 9.174442302761029455e-03
2.972589335097521653e-03 1.538205540222772612e-04 -6.389262852133021416e-04
-6.453008532628584128e-03 1.802084881545457313e-03 -8.911119863433205474e-03
1.590830523211095001e-03 -1.632813277491304994e-04 -8.930604957305590241e-04
-4.745104616742519890e-03 1.394116525697892787e-02 -7.761947413484721232e-03
-8.159197001793451866e-04 -1.369623057458667966e-04 -7.838793775939896253e-05
4.582341059867884279e-03 -1.815767662813787611e-02 4.159757419259738943e-03
1.682731553853036377e-03 1.511775726310126550e-04 3.911344402553806670e-04
-1.871909346893606448e-03 6.746626694130221542e-03 -8.553524029980059300e-04
7.006320522555266979e-04 -6.838554533435281947e-05 -1.375372170091762483e-04
3.627753331926796432e-03 -5.137297132463459343e-03 1.960189939289590320e-03
-2.754005581633009458e-03 -1.239096986359618084e-04 -3.144755189097005145e-04
7.276629900116716142e-04 -3.508549250994151807e-03 7.385253871339909557e-04
5.309191429386598757e-03 3.875128459829891864e-04 7.493546233135059886e-04
-2.694567711490967847e-03 -2.916900566089970521e-03 4.560577611396413869e-04
2.725435307837449552e-03 9.031934876804837754e-05 3.650685747360143366e-05
-1.213434287616112564e-03 7.020792028033588997e-03 2.392691610477010265e-03
2.747887410967596832e-03 -5.358684190220138095e-05 -1.065231081440131365e-04
-1.309674186540066526e-05 3.188086921410191767e-03 -5.195291692993705274e-03
-3.044326660410355719e-03 8.462044964130489367e-04 -1.315784574342341879e-04
-8.644519102061508364e-03 3.533384619510217262e-02 9.896320729450662750e-04
-1.623678165962977229e-03 6.535156254443005375e-04 -4.501108627165620736e-04
-1.887140043040718817e-03 -2.731035678163798268e-03 -4.081778170061223232e-03
-1.807516199366065437e-03 1.210968675537088654e-04 3.920349803276028215e-04
1.609829765078571039e-04 -7.353048427231449052e-03 -2.866385618927861593e-03
1.829201846781578747e-04 5.391018644602622173e-04 1.318067342834883336e-03
-1.295641837275859258e-03 -1.964995936370616050e-02 -4.868377694888400523e-04
1.078963259010571121e-02 -4.963505515714543119e-04 5.697090197758758728e-04
6.362879607478017646e-03 -6.210399488963761101e-03 -1.926977019593576184e-03
-4.072012266186960348e-03 -3.626481382173449329e-04 -2.956907147424086874e-04
4.845033936862158490e-03 -1.392927479516191218e-02 4.366492047446083116e-03
-2.761158165479683877e-03 5.457948708572561529e-04 -1.885584839558505118e-04
-6.413978586971988242e-03 1.131610731663210828e-02 -2.100232833677906710e-03
3.305671517958989544e-03 -5.323494819151875466e-04 7.894282291589804247e-04
6.039319738082693512e-03 -7.440952786218924409e-04 1.129721565155330891e-02
3.196520110616500772e-03 -4.939686104113829093e-05 3.100998491978313441e-04
2.235145113032255444e-03 -8.577461653495286080e-04 -3.263305484245871031e-03
1.091819850234809373e-03 -1.321035302806311789e-04 3.523976468234802013e-04
3.797549675554131731e-04 -4.440151985551562923e-03 1.113968613990255974e-04
7.843843186057500652e-03 1.113248772992905529e-04 4.001027850829397920e-04
4.136987366726083267e-04 8.931638491051624429e-05 -5.273161190673045229e-04
1.457812004471113407e-02 -8.720510287268438097e-04 1.116911032141473673e-03
2.742719388682644463e-03 1.659917315417037617e-02 4.362226933853222480e-03
1.700563612756713153e-02 -7.843874949108581686e-04 1.510569491282204172e-03
7.032770680239786194e-03 -2.455201955456110668e-02 -4.726497347063855271e-04
-9.210136203514085202e-04 -3.729609710831655739e-04 6.213604199054377324e-04
6.729663873989804451e-03 -5.346686895649563342e-02 4.895453618194641442e-03
1.103680065666045110e-02 -2.183633917079703772e-04 7.368510533598490470e-04
-7.401165711869659705e-04 4.779161299612290359e-03 -9.393748106234018486e-03
1.885199166316310626e-02 -1.422303333042799697e-03 1.237695713172267363e-04
9.436681752896646652e-03 1.456114362862885353e-04 -5.728025255944671143e-03
1.683310124685213688e-03 9.718184527384352272e-04 -5.803028321595712739e-05
-1.647537404407377684e-02 4.251666107223994046e-02 3.184198997890090501e-03
5.524379845174909494e-03 -3.160428246820434599e-04 3.931780244365201855e-04
-2.143809040135259475e-04 1.013683477186574575e-02 -5.152563972004764632e-03
4.373796821033224154e-03 -8.926396276859977722e-05 -5.024027121686534684e-04
5.740787695229065089e-03 -2.306766305363430747e-02 -5.648512636465237782e-03
-1.350260522024616765e-02 5.263124480777764055e-04 -1.613805632836096300e-03
-3.102314268646527880e-03 -5.712175647752195957e-04 2.135631672461709221e-02
1.391043031987542996e-04 3.662345949526384830e-04 -6.260298157820862576e-04
-3.423209134110940209e-03 7.583752249334211291e-03 2.526566966190017804e-03
8.155351563772809606e-03 3.586383453673509195e-04 1.731946640845042880e-04
-3.082139997482302284e-03 2.479190467498369743e-02 5.428140632315996139e-04
6.149788413217710699e-03 -7.165853852996112786e-05 -3.507429006785521639e-05
9.029386159912057910e-04 -8.719420150734893613e-03 3.451735421612037863e-03
2.070209688363443875e-03 6.856715261946666170e-05 1.963856906973054049e-04
-3.917151737262430261e-04 1.470405600975984405e-03 3.335586178886813216e-04
-2.270162684602446395e-03 7.842059795212654534e-05 -1.861961624470896248e-04
-7.986001896219574632e-04 2.555720787797071542e-03 -3.496419885149657197e-04
-7.226929699791152968e-04 3.621916041380437794e-05 3.689620032492970671e-06
-5.443126945606084925e-04 1.803601498680330265e-03 -2.756634165426860789e-04
2.070209688363445610e-03 6.856715261946670235e-05 1.963856906973053236e-04
-3.917151737262423213e-04 1.470405600975979200e-03 3.335586178886814843e-04
-2.270162684602445528e-03 7.842059795212664021e-05 -1.861961624470895435e-04
-7.986001896219576800e-04 2.555720787797071542e-03 -3.496419885149655571e-04
-7.226929699791152968e-04 3.621916041380437794e-05 3.689620032492970671e-06
-5.443126945606084925e-04 1.803601498680330265e-03 -2.756634165426860789e-04
6.507393132919247428e-04 3.208223071011302371e-05 -3.561746337205465881e-04
-1.719156116555078419e-03 -1.024162282180103405e-03 5.370323187139004360e-04
2.293337120823776137e-02 1.031122487106586605e-04 2.039038247991571250e-03
4.791520848802910404e-03 -1.750539664755699013e-02 -3.779208577510525992e-03
4.094976115494865911e-06 -4.170058279111256384e-04 -3.259057918994272491e-04
3.376638587978382511e-03 -1.621372284597550825e-02 -5.736614272152423984e-03
-7.331552598337484454e-03 4.555116015955977971e-04 -5.905188799682309321e-04
-3.642258178704780355e-03 1.799223969516221017e-04 3.956280748359934413e-04
-1.260414737303047934e-02 1.530002064130144696e-03 -2.506653362694664846e-03
-1.046832814925728085e-02 3.912099385269243029e-02 1.073006090948951108e-02
-1.122739859585155688e-02 5.556184001903443151e-04 -1.672775108226460172e-03
-6.735164676576681046e-03 9.383945619152778833e-03 1.148940977571394004e-02
-6.484355073025749316e-03 2.396412170233505352e-04 -4.739007939403390088e-04
-8.877029612614313267e-04 4.627796407030918512e-03 2.472688763935958559e-03
-9.614555905558812288e-03 1.216612799083016932e-03 -3.223742049676572678e-05
-1.260992791149328877e-02 -1.515040734615301149e-03 -9.119783696747096879e-03
-4.173222667027922349e-03 8.126395377325915104e-04 -8.619485526787707720e-04
-5.465346309220083833e-03 1.030056646076311921e-03 1.699422533317527725e-02
-2.885670915226446614e-03 1.033791812716472296e-04 2.056213558767452975e-04
-3.377195432758625313e-03 1.844695915974002565e-02 -2.276301660709258677e-03
-9.588135836636924036e-03 1.203471052411680259e-04 -1.164861367040188282e-03
7.682758502840201804e-04 -2.506830001283065056e-03 8.078012939273501725e-03
-2.540025250267438292e-03 7.273148345489847781e-04 2.393170617012263350e-05
-1.588431192781473468e-03 -1.238367058768217142e-02 4.942260872418278647e-04
-5.155671610887342139e-03 -3.116089445033540023e-04 -3.812188233598699295e-04
7.471020107001500254e-05 2.641140828320356036e-03 -1.436613523567494043e-03
-4.326317705435706908e-03 5.881964537627148255e-04 -6.402603404334352929e-05
-8.348962300248539276e-03 1.893318827288098527e-02 -2.551275724981000564e-03
-8.714875921572950946e-05 1.979533687325842409e-05 4.500451960656710144e-04
-3.641904618403890223e-03 2.726510845706520136e-03 -9.843137677293761073e-03
2.893122370450653910e-04 -5.388526400288166582e-05 -2.980145322180257641e-04
1.794012462841128048e-03 -8.050306486176118589e-03 3.369991571885609313e-03
9.545734356067930512e-03 3.371246398528247564e-04 8.208100330295690396e-04
-7.537615843160418768e-04 1.717616205562138860e-03 -4.423954868630256172e-03
5.260271660413748385e-03 3.453200600660964997e-04 -1.149293243409966840e-04
-4.894094140845049040e-03 2.069296692464430570e-02 1.244442679497498533e-03
4.703349100294350956e-04 3.539524061225351667e-04 3.886682973576065822e-04
-6.881834432031447811e-03 1.303678266133897513e-02 -9.081161732688278893e-03
-7.803335765724594628e-03 5.972683217696198748e-05 -7.046718593217775025e-04
-4.216434065571774380e-03 1.843860048801143625e-02 5.331199410658554044e-03
-1.073922156243443038e-03 -1.223743004494342408e-03 -9.529073759059331333e-04
1.461871299174243369e-02 -2.169561107852716400e-02 1.303148907175298923e-02
7.578413641614668069e-04 -5.056716178826936494e-05 4.161450356094982409e-04
-1.824139755677963793e-03 4.475079675873866285e-03 -2.385199385057971792e-03
-2.486864233334871045e-03 3.418900823681494320e-04 6.416107718957730530e-05
-6.226698341138833456e-03 1.417837670634700294e-02 -9.094728663087005933e-04
5.359514630836246206e-03 -1.327844605611456499e-03 -9.161780052753054973e-05
1.297641353737112764e-02 -2.035509912137832902e-02 3.651802995411899608e-03
-5.794367983196850244e-03 1.991138279476354755e-04 -2.573105025543723180e-04
-1.359644432449430779e-03 -7.776272105551447662e-03 2.152928963495561246e-03
7.864635006939814420e-04 1.067170491365363941e-04 5.877818849009532965e-04
-2.112776078977399077e-03 2.557030542303971327e-03 5.079980836864997438e-04
-1.025319722776454803e-03 -6.173541129865877221e-04 -4.684147461177663166e-05
5.932310121075344729e-03 -1.296981137988629032e-02 7.644455817189252551e-03
1.843934575777376322e-02 -4.844197317487161300e-04 1.915948939929448293e-03
6.673387636547734904e-04 2.274709098384223097e-02 -4.795071206321686874e-03
2.035883722856041828e-02 -1.044151203057132413e-03 1.171790961020990895e-03
6.804151558722099438e-03 -6.756019664172289475e-03 -4.069283570782381032e-04
1.011655916619815833e-02 -5.739619451496356418e-04 1.148963931665922115e-04
1.349732791787459788e-03 -4.867282075120062633e-03 5.325199218112325154e-03
-4.144013605023173482e-04 5.439911077987822328e-04 1.105425349570874575e-04
-4.986591559602247641e-03 5.197479815749370471e-03 -8.548308917493497097e-03
2.519087780219084367e-03 2.639935355994798248e-04 -5.225102890394630554e-05
-7.137213166108366535e-03 3.069965945307812777e-02 -5.789198753639009445e-03
-6.716727907233410386e-03 9.995612345978007601e-04 -4.506063994652339914e-04
-1.554088324038477385e-03 -1.871242741284131691e-02 3.296130516060483823e-03
-2.361197152225623375e-03 -4.165464443321543011e-04 6.140315419068487299e-06
4.396550645679821179e-03 -8.802104216226158337e-03 -1.687807051645941149e-03
-2.093794788923646847e-03 3.168350359115731517e-04 -2.748313280114276559e-04
-5.181863950177455040e-03 1.646234090155533625e-02 -1.274156197015098059e-03
-1.013761534661835988e-02 -9.339449845056417522e-04 -3.108812170433801697e-04
1.188516291191358577e-02 -1.720992733392289267e-02 1.703918745471722992e-02
-4.800647256456324827e-03 -3.762133953756688614e-04 -5.934398155567203233e-05
4.316669881293112680e-03 -1.613708069295587480e-02 6.419914545341203274e-03
-2.906585037965761769e-03 -3.432376147593499058e-04 5.779029508013219362e-04
5.318388684804679608e-04 -3.459100052779212099e-03 1.495422525271466237e-03
-3.984488220041547055e-03 -4.904092378342486333e-04 -2.064559128571877636e-04
9.736794240770372394e-03 -2.205126261474254015e-02 2.157827384096853637e-02
2.146389121164021807e-03 -1.675036439971170797e-04 3.309229184821745810e-04
8.962353862958696415e-04 -1.564108946268721835e-03 -2.053036921845053254e-03
5.745020580564264186e-03 3.528697960876192325e-04 5.641074651451267324e-04
-5.167338987520637798e-03 9.815129176073335293e-03 -7.510140455642673983e-03
-9.938023252505361494e-04 -5.758449682657277397e-04 6.246465812271683599e-06
8.125717494371614141e-03 -2.540706849373898166e-02 4.322501615170792205e-03
7.171170269349744913e-03 -4.017866110046569225e-04 2.449978115001819924e-04
1.581120555827625123e-03 1.591629300395902905e-02 5.580447877572237633e-04
5.916442759504070802e-03 5.828102780430603758e-04 9.904082236972802308e-04
-6.590416754124214446e-03 1.761454144366786378e-02 -1.605378342075794440e-02
-8.235466112743658473e-03 7.624341564102568016e-04 -1.829846815833817159e-04
-1.299351260838900457e-02 1.183119171019594677e-02 -7.520392515501296907e-03
-2.245610108999142925e-03 -4.487887319111548250e-05 1.884891720358308027e-04
2.476078478130811465e-03 -9.418588620454252519e-03 3.597788692368056318e-04
-9.613146171256352346e-03 1.849416751603412314e-03 -1.310653887549471800e-03
-1.100910851741502064e-02 1.256838200621255425e-02 3.449231768881639865e-03
-2.516095235687209209e-03 4.638860205659462409e-04 -2.258345208865221269e-03
-4.705783777079535976e-03 5.701333469403013256e-03 4.395393846262335424e-03
5.222388561434327531e-03 9.311274920920510449e-05 1.072611191410188162e-04
9.195763911065563947e-04 2.508559122654191974e-03 -4.554987470398627852e-04
7.190231127679812088e-03 -1.245512612201916166e-05 2.475471448358156838e-04
3.869535549912917621e-03 -2.115785628683979416e-02 -4.792692039821203065e-03
4.031761017800295985e-03 -5.376810754133540867e-04 9.224465956469842616e-04
1.334724578482823082e-03 1.926990558747096233e-04 -2.643257002095454437e-03
2.094932226170140646e-03 -1.886719794892462859e-04 3.627231614090285208e-04
-2.264393599949708364e-03 5.031580370647350392e-03 -6.977238715655252263e-03
3.392611303042646770e-02 -6.347150774570369837e-04 2.585210235998034161e-03
7.893429142500487522e-03 -2.825713192052219103e-02 -9.714898820260033097e-03
-4.813867118452881504e-03 3.765881161341663773e-04 -4.547230695640551218e-04
-4.688587604898039780e-03 1.170160442222961152e-02 3.427384339928111600e-03
3.981772504009786448e-04 -6.636282293302976816e-04 -3.815061384722998050e-04
-4.203422437982733801e-04 1.852466210181101872e-02 -3.386513878734175552e-04
3.006310677122277578e-02 -9.543593466153442841e-04 2.358729399033439918e-03
1.204707187952362354e-02 -4.045534029400189857e-02 -4.965163894455859074e-03
1.571316545766683268e-03 5.060298011143120030e-04 4.570317697922678482e-05
-5.267458266414083538e-03 3.036812430069991183e-03 -1.034555529967576791e-02
-5.140521641946897008e-03 1.319289261715594908e-05 -8.223766753727065329e-04
2.756246834819385885e-03 -1.039957677780086603e-02 4.900368312766295933e-03
-1.757427839818912277e-02 -1.016868483621700394e-04 -1.245857078203475550e-03
-2.597108885042209107e-03 2.778624744604415607e-04 -2.555968596620781033e-03
6.077203343109565704e-03 -6.292270541656405040e-04 1.641907299193565498e-04
1.044534314026341823e-02 -2.428609640166402156e-02 1.013856725837711074e-02
-6.825839975838040793e-03 4.408852968040193141e-05 -6.690470645121435449e-04
-1.050229633486680176e-03 3.167976826465183915e-03 5.649675560458263402e-04
-1.178837282956735413e-02 1.210910348565903943e-03 -1.132037594909686634e-03
-1.003596791296147879e-02 1.218966694028591861e-02 -2.749981201171738856e-03
-3.455245866488103074e-03 1.435703218836776262e-04 2.092800533814705513e-04
-2.013993011955474317e-03 5.544987540126007641e-03 3.675886883492931762e-03
-6.403948732974997990e-03 -3.907561321060278557e-04 -6.171107586119366478e-04
4.926189865256356236e-03 -1.381432981097799502e-02 5.236815512718599047e-03
-1.520129721898717942e-03 3.454490774406600642e-04 5.466698073250518151e-04
-6.450342258139992423e-03 1.819393958942931364e-02 -7.029982658434284250e-03
-3.515734533706609899e-04 7.337076762822829961e-05 3.553748591631019802e-04
-5.369550134800470326e-04 -7.841392480720148564e-03 -5.349217173458519110e-03
7.700116150900925991e-04 9.787715718361520226e-05 1.603042438050714027e-04
-3.059274698575578308e-03 1.299368124270284738e-02 -1.689703065223657936e-03
-8.036273429749166836e-03 -8.853799608514116137e-04 -7.933498875668024402e-04
8.958057496864171507e-03 -2.885952459299343312e-02 4.796621442582626842e-03
-3.422865731372293652e-03 -1.150967820354315647e-03 -6.783157217815969199e-04
1.130265118331946414e-02 -2.453516128487075523e-02 8.553546978242220281e-03
6.739438716242466751e-03 2.601931981318339991e-04 1.297001670801938619e-03
-3.647872354249257886e-03 1.456613288505661380e-02 -8.610322564202577134e-03
-3.617287828315436920e-04 3.935832407493411195e-04 4.774374236567364722e-05
-2.463460692158407628e-03 -3.398637726696939962e-04 -5.229746760041821541e-04
1.037081732682702080e-03 6.084258016951535168e-04 3.953994000201321987e-04
-5.972415408210474119e-03 1.637732563195529525e-02 -4.691042292959024529e-03
