8.431553359743172368e-03 -3.661962763733608850e-05 6.012351536578019627e-04
-1.382489471384901365e-03 1.041176783554846261e-02 -6.310258283407716579e-03
3.399973932573924044e-03 1.297549010035151150e-04 1.501932743284881112e-04
2.172722970480016422e-03 -9.478334011005758522e-03 -7.850169778210049076e-03
-1.341332524701160326e-03 3.980661073221617710e-04 -9.923017271063734948e-04
-7.187255282662876645e-03 2.077882010163713267e-02 -5.828044654596574968e-03
-2.454026065485385554e-03 2.483762886326394042e-04 4.505864832459813697e-04
-4.608230280065581455e-03 4.069326752207847071e-03 1.845968342633858375e-04
-4.057194007507054952e-03 2.095032294590555599e-04 -9.762537664281399803e-05
-5.422481927729229205e-03 1.261297309734718715e-02 2.066833545694028718e-03
1.555559906784473876e-03 4.648003851388992562e-04 4.406233755712126517e-05
-3.596113475075267060e-03 8.211969962444849030e-03 2.255829309251546132e-04
-3.433542564311159364e-03 -2.770406862824005816e-05 -3.815335088527342894e-04
8.055572819891756477e-04 -9.502458565555810602e-03 -1.400680625756489661e-03
-5.379452665367074650e-03 6.844491769430525010e-04 -6.087741540380172279e-04
-8.378547817552055646e-03 2.556590931358825036e-02 2.239134559546248140e-03
-5.750574993743662496e-03 8.446165333585468546e-05 -1.022315946398981738e-03
4.810910877281957855e-03 -1.173443734726483702e-02 1.025050154213537172e-02
-3.728869051432780884e-03 9.068160909800202429e-05 -2.074678224509839694e-04
-9.953773559591317256e-04 -1.329979918659251114e-03 -1.667427377015368983e-03
-1.230563406884211709e-02 7.258535801638807405e-04 -1.070991580904197878e-03
2.446258620782987715e-03 -5.012718988605589093e-02 -1.644964386971397696e-03
-2.916606673008148316e-03 6.074723288027788007e-04 -1.949286599925112787e-03
3.466389595334893638e-03 -1.584777664133266151e-02 1.542308727920693040e-02
3.106255503589778859e-03 5.517247416628114250e-05 -1.876021632807792889e-04
7.397833747275652091e-04 1.056608575542884211e-02 9.110238940773295957e-04
-1.022551154349385025e-02 -4.682998822427425489e-04 2.479350833982135911e-04
1.785566116462881242e-02 -6.599072186782221905e-02 8.923721913183088952e-03
-2.424892096744234518e-02 2.130022055111921615e-03 4.469795958814276604e-04
-1.259839273160234460e-02 -1.667868258688101971e-02 -6.199774246022268440e-03
2.335586680746443763e-03 4.176405428401226173e-04 3.122574821991295048e-04
-4.050417454248236848e-03 1.072227929010233227e-02 -3.843910860047216899e-03
2.578790761582948256e-03 -5.552507947609199154e-04 -3.127406918705964494e-04
7.888458556952505918e-03 -1.874557458898750209e-02 5.523349301954983033e-03
1.281437982801682945e-02 -1.060064651357589711e-04 1.333166935336690690e-03
-1.778912964168386738e-03 1.276923667425002018e-02 -3.904868552933720652e-03
-5.831559823746287159e-04 -2.428877125286650379e-04 3.677820097645563883e-04
1.611153416691501442e-04 -4.721911045630623922e-03 -1.555667427980187908e-03
-1.704012573097306348e-03 -7.146903931826000065e-04 -2.902658971591442301e-05
5.652492980426836351e-03 -2.065878590309801546e-02 6.610783989819538249e-03
1.166089803420921299e-02 6.902207659764620154e-04 1.560261409523779758e-03
-8.224358601954879361e-03 2.871488301446371502e-02 -7.786643213788836670e-03
6.337443813043724256e-03 -1.438112604998935569e-04 -1.957244814145349572e-04
2.697851136638474106e-04 2.005046391500683867e-02 2.021689772024607996e-03
6.988886493690810164e-04 -1.230476799266348948e-04 1.112748729731823571e-03
3.878757062901457085e-03 -2.075004417845729282e-02 -9.054651169794326535e-03
-1.398506977505455974e-02 1.072937438120406210e-03 -4.515717286882297687e-04
-4.787982899858237926e-03 -9.879211527844416335e-03 3.784836383629709353e-03
-3.330839553519954633e-03 5.521278006711527724e-04 1.637642006916345343e-04
-1.574644320678102172e-03 -5.310189501058183541e-03 -3.395236426101152453e-03
-1.735972492073486681e-02 4.053259455353216967e-04 -2.566130552702060568e-03
-2.227893736739615382e-03 -2.057360195178252471e-02 1.356274693163580895e-02
-6.105512251835023760e-03 -1.725101493146447874e-03 -2.335529410544314941e-03
1.583282109421488629e-02 -1.656406071293741247e-02 3.144569406266812389e-02
2.456420222195606490e-03 -4.625887210099621262e-05 2.443146958454050924e-04
-1.207507087563680290e-03 1.366113281868548343e-02 1.909469303337834245e-06
2.876973366384226569e-04 2.979131971227822547e-04 7.934079347727607040e-04
-2.604851618188712935e-03 1.080686981759933565e-02 6.748530979843948147e-03
-7.782448606810436938e-03 8.840937153976793222e-06 -1.217434719435788381e-03
3.413614274645758104e-03 -2.677037827187138744e-02 -2.719354015060671242e-03
7.193247862238609340e-03 -7.239035408040214899e-04 3.764903333966990780e-04
3.222772371723103737e-03 6.152995878194939157e-03 -2.378760639030470195e-03
6.338272194399087803e-03 -1.913244490353578197e-04 4.759729465904153885e-04
3.506176503831928606e-03 -7.740272393348065355e-03 -4.834043026922878530e-03
-1.196822180056950936e-02 8.120623431205394732e-04 -6.027942496486182137e-04
-3.010103449726302723e-03 -1.973800707477450442e-02 2.091818505489688798e-03
8.117830498989550558e-03 9.130028147017192793e-05 3.958334745457353383e-04
-2.893716823361641623e-03 1.838257128521570555e-02 9.807203989829253407e-05
1.584013838441691163e-02 -4.442843690678967717e-04 1.225557273851271035e-03
4.374449449134891477e-03 -1.223799577604952130e-02 -4.875776273510979558e-03
3.790816509527613482e-03 1.401196829205218005e-04 2.203943905255309444e-04
3.391008235015799833e-03 -1.373285312828541327e-02 -7.174867439158018681e-03
3.362877429252634966e-03 -7.542003492033242523e-04 -1.406934238515223506e-04
1.421165636564427313e-03 1.331435479048410746e-02 9.302812317625748766e-05
3.284487289980010660e-02 -8.016423231370589739e-04 2.532436165879710897e-03
1.166338188429560940e-02 -4.164622939687361025e-02 -7.846329738991415781e-03
2.323752489176397415e-03 -5.907025751683484384e-05 4.368039704561708258e-05
-1.935067227363538537e-03 -2.552767664908427419e-03 -2.994027214770308976e-03
-3.838296326978411950e-03 1.296462278841221342e-04 -2.087909729695685591e-04
1.556525698529189795e-03 -9.753471798406600918e-03 1.630232363051946484e-03
-1.856287771667560621e-02 4.345270699610364034e-04 -2.092234323518060105e-03
-5.520570242669578694e-03 1.824491982161811562e-02 5.510239940398013909e-03
1.225735189338158365e-02 -1.316141213798427802e-03 3.863223261313500400e-04
9.235644058107780191e-03 -1.783613062109314085e-02 5.193165939479455623e-03
-6.189488692005080776e-03 4.841273911954597012e-04 -9.390007842037558080e-04
-2.346933134179579172e-03 -3.648369926387547775e-05 4.834744973325358873e-03
-5.751745006991697967e-03 3.706891236057627791e-04 -1.453598581425788764e-04
-7.907080735017946171e-03 1.898547702091285885e-02 -1.308917835687670173e-02
1.596234514225645940e-02 -1.858938787328546192e-04 1.522742122556545096e-03
5.199688608666713438e-03 -7.183544688324623902e-03 -8.074843016466368151e-03
-4.935429401879387265e-03 2.916970697415890729e-04 -4.249935806618212802e-04
-3.300926134996858777e-04 -9.384913411822149235e-03 5.632024872977642663e-04
-1.485636380338900900e-02 1.655910871151263127e-03 -1.590039533086669331e-03
-7.028099125880880697e-03 2.053218260947347815e-02 7.560870491580056960e-04
-1.040288433432584071e-02 7.482846260986109922e-04 -1.063696355102990241e-03
-5.445821516808726018e-03 1.925482281776211800e-03 8.790843249530010811e-03
-3.635782476457660815e-03 -7.241439996499046379e-05 -4.093764687298248432e-04
1.658136390221612126e-03 -2.634037639134848442e-03 1.213443816877904109e-03
-3.955926230311566059e-03 -5.397709235370710002e-04 -4.794010135702253604e-04
1.583346280655915624e-03 -2.763637514403553819e-03 -5.173522120928864421e-04
5.619915156462557820e-03 -1.050868382614525073e-03 -2.706639188068995757e-04
1.320346480059053466e-02 -2.767904380943253875e-02 -1.566932269815590924e-03
-3.482183951886953723e-04 2.444361575118333312e-04 -2.350707393586427612e-04
-4.144823943773156584e-03 1.453460823470792765e-02 -2.452342949571510548e-03
-3.548632990767950236e-03 -2.240178821902840062e-04 4.164280027825050120e-04
-3.615700582638365409e-03 2.089560823835964580e-03 -5.272218433932393013e-03
8.276025109002023775e-03 -6.713177701102739960e-04 5.932452603381840103e-04
-7.366626302220836281e-04 5.580776442631203357e-03 -1.201063885285666433e-02
-4.588505078820249473e-03 -3.573944155995833127e-04 -2.745435861029374815e-04
5.403811373632574216e-04 5.928962823818389669e-03 2.586068351118228853e-04
-7.752575598788276172e-03 7.842635553787502545e-04 -6.246155720044089220e-04
-1.087823383570855201e-02 1.126609431534811301e-02 -9.216823450046813040e-03
2.456110832521016165e-03 -9.378832816205398548e-05 4.593770764124332009e-04
-6.187471139175765474e-03 1.788377232412027493e-02 -1.841550717120615105e-02
-5.134055027632653326e-03 4.397834582283371247e-05 -2.103112206080713609e-04
-1.658395952600666542e-03 7.908346171685901732e-03 -3.267468018611542364e-04
7.304125158846975358e-03 -4.456145651714604056e-04 2.140708640419097374e-03
-2.829182179470480542e-03 3.500568356424341165e-02 -1.393556549212389938e-02
1.885927285208156921e-03 3.720762592286814283e-04 1.640975218583020528e-04
-9.062922666016206760e-03 3.138326879729722019e-02 2.443905603754083309e-03
-5.064429363659098127e-03 -1.133594307552653838e-04 -1.459485002829811855e-05
-7.996692607254843104e-04 9.968171451811294603e-03 2.744912272867565308e-03
4.335375135469459254e-03 8.905138220811118464e-04 5.734166419661285716e-04
-1.420008218255423144e-02 3.307181153515371258e-02 -1.733544930297852352e-02
4.591205742541959456e-03 1.081886721585344213e-03 2.470187412221862971e-03
-9.526399787269939842e-03 3.039954786230263453e-02 -1.765461653108855652e-02
-6.409399264247385777e-03 1.618487032593982251e-05 -6.064408072261257606e-04
-1.054094070414596891e-03 -1.485020066005910896e-03 1.307032263957050300e-03
3.615910540911261919e-04 4.516921385081954302e-04 -1.895007365520653226e-04
-6.734336713647135798e-03 2.961474670439090753e-02 -7.377786710605985405e-03
3.455679667847212991e-03 -7.319487721371524536e-05 1.322302268124170678e-03
-1.582468238763563460e-03 1.485787172930390365e-02 -9.773039444246825816e-03
-2.558197834083457585e-03 2.724504278715899740e-04 -5.158821619601450074e-04
-3.427119470560786255e-03 1.504397759338707043e-02 9.749095224868843321e-03
1.703676401756809350e-03 5.954334182183820476e-05 3.265945506948703309e-04
-2.489382513489615464e-03 6.136762623928889923e-03 -3.331972511126853834e-03
3.473570004169678534e-03 -3.443057854545460671e-05 2.546350180747296646e-04
1.829076784880761955e-03 7.110293630882501791e-04 2.433138270831121473e-03
1.535194645551355395e-02 -2.625268287545637954e-04 1.346949264689300922e-03
2.497287989903808174e-03 -3.084044312892880637e-03 -1.393504092868634277e-03
7.115672324364533466e-03 -4.649125485939034283e-04 2.165900456742773060e-04
5.031505427128276677e-03 -4.423792363902891503e-03 1.006415192586468561e-03
-6.279071779219631095e-04 1.397607992017049544e-04 -7.826645360216518419e-04
-3.779694372493770313e-03 1.291364480939951286e-02 7.468166990258467280e-04
-1.025399280765068501e-03 2.205287376234584614e-04 -4.067576760554542895e-04
-5.279553348004145663e-03 1.122976510541958371e-02 -2.267039218878344042e-03
2.189815611564571024e-03 6.756121261108848325e-05 6.809581585764703767e-04
-5.580135371153623850e-04 -1.586031655976557694e-03 -4.278341082667915115e-04
1.724900413792790745e-03 2.663500732466440434e-04 1.760147426468995418e-04
-3.611932488283017741e-03 1.868213316993684592e-02 -5.244557920208420265e-03
-4.646957723737235244e-03 3.215509553356637497e-05 -4.387481307174630391e-04
-3.665915380179952682e-04 -9.031924008599262130e-03 -1.233846220888052455e-03
4.087484656801980594e-03 -5.124316982767879950e-05 5.094262972410031846e-04
1.713084687720303582e-03 -1.008192681018601350e-02 3.393553606638525545e-03
2.878923589790599851e-03 1.824114195338294420e-04 2.938970518577134852e-05
-5.786749129025065691e-04 1.112961649883534992e-02 3.635976017398383480e-03
7.103975998265602346e-03 3.762762709161836250e-05 4.826991115228565499e-04
1.107867646841025847e-03 6.629801492031094090e-03 4.536234292476465455e-04
1.296428657665666881e-02 -4.232159641996647778e-04 1.004749427897007417e-03
3.025345164256195915e-03 -5.101818732755437208e-03 -8.750410522020257015e-03
4.818720618581705251e-03 1.569968262354654205e-04 -7.598701758214517453e-06
-6.333208794857831357e-03 1.930063192864922214e-02 -7.465834357419935847e-03
1.317541979492748740e-02 -4.137010206446915112e-04 1.706394966553577159e-03
-6.321273637762620575e-04 1.803983289053666741e-02 -9.495771082389423481e-03
1.735485384919970833e-03 -9.172564717107407548e-05 1.345668344446930022e-05
3.489723511336312832e-03 1.077928621223668559e-03 2.860079966330736963e-03
-3.923741657862907066e-03 3.346813467729561919e-04 -9.838761661385584875e-04
-6.421982374820260457e-03 3.341105199170523593e-02 5.593091917400597884e-03
2.136212673462198949e-03 -2.236068184087512505e-04 1.147566537653399703e-04
-8.154316810321247705e-05 3.087485262294587581e-03 -4.661572387128146491e-03
-2.262109215575675361e-03 1.829622812045618614e-04 3.459863741113989818e-04
-7.843574987383535035e-03 2.808187768982722127e-02 1.058370616120206820e-03
6.081954035690219102e-04 6.881323791030554164e-04 -1.486746423378620518e-04
-1.181453499737289414e-02 1.797029635794913233e-02 -1.100697120263749353e-03
-2.506951457324281193e-03 -4.258598964814878972e-05 -2.166527407275346058e-04
-1.897669171700738962e-04 -4.023129722048528027e-03 -8.167336069105219894e-04
-7.628889986799757168e-04 1.146743546072480184e-05 2.698983826496432776e-05
-1.189789745528974617e-03 -5.303327765740274181e-03 1.163246402969477390e-03
6.518464757871092127e-03 -1.185067584875462016e-04 3.410665107662653323e-05
6.244567681065195906e-05 1.666333377431984675e-02 1.117724806745443080e-03
-3.736507960466418227e-03 2.175106107230362395e-04 -2.258561121847798311e-04
-1.846292454945790487e-03 -4.329881110147838601e-03 -1.987079048814279977e-03
7.469590425396796258e-04 4.195031851998601118e-05 4.299883836341009038e-04
-7.599474865666014291e-04 -1.952793360400830250e-02 -4.596021416183732923e-03
1.039781199560666988e-02 -5.828409579093554033e-06 9.344093538727410919e-04
1.408656861541616578e-03 1.112418262590342266e-02 -1.671348215155846499e-03
8.924183008927156352e-03 2.514438288299877811e-04 8.162709411740907191e-04
-6.890126602817215305e-03 3.728168903358295566e-02 -7.999763845912881421e-03
1.028012067839687016e-02 -1.542946462154554110e-03 1.153139160272990266e-03
1.106503203788289195e-02 -5.116596739109693752e-03 -2.509507505265376210e-03
1.301968935274889876e-02 3.039507147956869298e-05 1.370222521345159251e-03
-1.193091918382107111e-02 5.259860341126007532e-02 -1.824612936392834561e-02
-2.847359659587050428e-05 -4.596466132672789428e-04 4.334290109507662678e-05
4.648259429847825808e-03 -5.203522768240776905e-03 1.334531934588342175e-03
-5.364355494836464460e-04 9.777228181693403165e-05 5.202809674255651391e-04
-3.086108523619558036e-03 2.052058616470709210e-02 9.433656070448580028e-04
-7.916206446245232023e-03 -1.067466273193421432e-03 4.241189017618864293e-04
9.897210136057691190e-03 -3.662656934188224245e-02 1.245942932864004850e-02
6.553163796308185927e-03 -4.772285092927317993e-04 6.255617276944499009e-04
1.808015125622219714e-03 2.554146065827309509e-03 -2.113628895790753415e-03
9.249724046168127448e-04 -1.723580978791319155e-04 2.360735975706160380e-04
4.953296401004037529e-03 -3.848398519091271539e-03 7.904755376811862383e-03
4.551335944946654881e-03 5.729221180673733840e-04 8.601034301133436786e-05
-3.306781524101712290e-04 -1.081568110505858743e-02 -4.218641826926370665e-03
5.045332049507121955e-03 -2.356032390643334612e-04 4.018404102999835383e-04
-2.384308278363649481e-04 4.563296104245426199e-03 -7.590176015694218405e-04
-3.485349180585879149e-03 6.097759177792639457e-05 -7.339740633438300490e-04
1.415180870104395475e-03 -1.309317878500086164e-02 5.934847063548855453e-03
-5.014671481013599670e-03 2.061893836981208705e-04 -1.137121547260115748e-03
3.753616908738367525e-03 -1.946800891066417447e-02 -3.542741053550677315e-04
-1.132596418645809462e-03 2.486324101415323231e-04 -7.720916829327992108e-04
1.806116188536944275e-04 -4.678857992975451129e-04 -1.039840894218061677e-04
1.927354778688383351e-03 5.585701750451122893e-04 7.692667858518383592e-04
-4.742186712577466448e-03 8.129434881060545320e-03 -5.492695813506912571e-03
1.442223794696190003e-03 -7.202121752617766850e-04 3.707608517479221190e-04
8.662190355732842656e-03 -2.317943262055150930e-02 2.170285018437896705e-03
-7.722454588380539943e-04 1.102092083883583827e-04 -3.186398698114435300e-04
-1.691170587216402760e-03 7.000963514813697552e-03 -7.486110613417474831e-04
-2.342394438188061170e-03 -7.007459484496565000e-05 4.460771343063911140e-04
1.567451219092524375e-03 -1.460128979119056092e-02 9.897337592884032642e-03
4.293371580761446565e-03 -2.723745158431005800e-04 5.488385402550548372e-04
4.214231854992799356e-03 -1.045952072559458088e-02 -8.674862764703269655e-03
-2.574495460890379025e-04 -1.297753073212049935e-04 -1.537782399713004573e-04
1.212599867904902212e-03 -7.608119596016153091e-03 -1.132279165366970475e-03
-1.075533216291393260e-03 7.350946661536569143e-04 4.680718273795965011e-04
-1.940734302326325642e-02 7.580100585362765930e-02 -4.511571843733994808e-03
6.410444395202928060e-03 -2.061821994672462591e-03 3.910857675696211011e-03
9.236499520882686387e-03 -1.554471595128580769e-02 -2.570719037215112024e-02
5.622203998505654124e-03 -2.231899463536008918e-05 -1.047651473552915335e-04
-4.214368587152591758e-03 3.276450180912690580e-02 3.364270140986288116e-03
-5.325396357641594761e-03 2.445785838966559218e-04 6.857469284286927484e-04
4.486483718695705690e-03 -4.282043621076580403e-02 -8.820709949356931104e-03
-7.789790454471623091e-03 5.345543525532097349e-04 4.296606637991704728e-04
-2.314936153412115987e-03 -7.001016788864418763e-03 -5.152289297604502240e-04
4.319597464823312868e-05 -5.320695167657100077e-04 1.660035098256934516e-04
7.150009573162098217e-03 -1.368777375681795062e-02 8.741593170482780430e-04
-6.600077650595731135e-03 5.021900955149058952e-04 -1.744096319522664938e-03
-3.712991748511117792e-03 -8.214519698288476075e-04 9.254683168004360083e-03
-2.234025761672132557e-02 -1.004482421007001081e-04 -1.842867735784982190e-03
1.761240082310832483e-02 -6.736666859952321340e-02 2.676031149445655399e-02
3.109891319520875080e-03 -2.411525736039882122e-04 2.445885672348608719e-04
-5.234432836984531396e-04 2.348365735365738182e-03 -5.138614337126561592e-03
-4.788448899272122750e-03 6.609831238978223101e-04 -3.696213063522699855e-04
-7.462547725851379800e-03 1.525239093674860165e-02 -1.244576983776994605e-03
2.889352118192029494e-03 -9.837476341633538679e-04 8.367102352783649909e-04
1.727459898308054964e-02 -2.631313858365521077e-02 -2.947994932844380522e-03
7.636976190377316523e-03 -3.195152698517850481e-04 5.937348970439292137e-04
2.298322504308689205e-03 5.028215287174923540e-03 1.278455011292747292e-03
1.874349162771046101e-02 -2.416536411035628547e-04 1.338255291059996634e-03
4.435026897614120084e-03 -2.066001542979199745e-02 -5.861987117878142070e-03
8.929151763998346980e-03 -2.690595204202332613e-04 1.151861891671958826e-03
4.834930243040944228e-04 1.204921097176643932e-02 -5.489143918695092370e-03
8.050452925611962986e-04 -6.246786208143190449e-04 6.035190104193788535e-05
6.047117230897054371e-03 -9.950388513025276022e-03 1.247016002693653557e-03
-2.133502717406138283e-02 5.181145963122075863e-04 -4.555509931093112454e-04
-5.166058060375079350e-03 -6.138609280595510101e-03 6.612443237448382104e-03
-1.721238782417399207e-02 6.654499218895831500e-04 -1.140509997322169781e-03
1.948195454699613687e-03 -3.639185912146709195e-02 1.124891098630712710e-02
-2.339620814607299738e-03 1.632017325933503207e-04 3.525415861572729452e-05
3.043442713036674779e-04 -3.017533915140221176e-03 9.020747550589342098e-05
-1.388539985144718499e-02 5.576976625835454405e-04 -1.286081812329955155e-03
-1.060753772226341075e-02 3.825041402563959109e-02 6.918780111251302684e-03
1.716856861061855435e-02 -1.343615132580907017e-03 1.266988461580768758e-03
6.293419929529982249e-03 5.797599200985670449e-03 8.204721621701136641e-03
-4.492228121732787932e-03 4.942491530696244573e-05 -2.057749330947462841e-04
-3.540903260835116936e-04 2.822883777175154950e-03 3.425620757827878022e-03
-1.700544188797891917e-02 5.216085098739228244e-04 -1.975978054715992350e-03
-4.774449801465155581e-03 2.967669616056139298e-03 3.371053780194819931e-03
6.393225065395506494e-03 3.159049879627832957e-05 -1.818523648381541874e-04
8.310685181328127807e-03 -3.582273183007715633e-02 8.988746119171650562e-03
-1.015778460422791379e-02 3.790507722895171926e-04 -5.937654288111565096e-04
-1.457290702419360064e-03 -1.469787036866007472e-02 4.568794674503691769e-03
-1.446857933333688812e-02 -3.417527163740428399e-04 -1.195604238174412118e-03
1.832816268955084898e-03 -2.181050737046284771e-02 -6.113260277976858247e-03
-4.398972704969760644e-03 -9.449788050012852131e-04 -2.276663790780307506e-04
9.942821634361446309e-03 -5.410706538582147479e-02 1.560250191001852143e-03
-9.888312115424052490e-04 2.168963605401710197e-05 -8.023138607845133573e-04
-1.436518456781702867e-03 1.366905975594030244e-02 7.719203841265452268e-03
8.365595201882404216e-05 -4.685301925113206749e-05 4.361559116487090252e-05
1.077165550359986444e-04 -1.301317013978097077e-03 -4.301507604640470057e-03
1.448362366419627409e-03 -1.542482462392716532e-04 -4.261601078665900894e-04
1.887086326112817798e-03 2.262851559952405375e-03 -2.321604389984321861e-03
-2.421019493726366597e-03 6.591861399029102478e-05 -4.911092664050563166e-04
-1.125433015000881732e-03 1.209021474266156609e-02 3.907797785855563963e-03
-9.800983063398759423e-03 2.726901270727498036e-04 -6.145482292917679983e-04
-4.113519427066523364e-05 -2.566098823001325760e-02 -3.408594873105877127e-03
-3.807380077530027936e-03 -4.709478849136195834e-04 -1.237779700409201607e-03
8.555835119810048517e-03 -2.345506079678736852e-02 4.285636150101448417e-03
-5.502295462673834070e-03 -2.078979599903988252e-04 -5.029742106241192733e-04
1.831109531416109286e-03 -1.010463594047023884e-03 2.556750322461609059e-03
-2.002032103994868042e-02 -2.449409864477888193e-04 -2.577829938506039607e-03
1.022000365960598102e-02 -3.383290476027923238e-02 1.453980221443231316e-02
-6.688984235951101788e-03 6.739444431036641092e-04 -1.216576060787363670e-03
1.269799279302140285e-03 -2.714978163976240408e-02 -3.083054176665732393e-03
1.784053366854187334e-02 -1.051551510188562799e-05 1.526796260716905933e-03
-5.493399840115610264e-03 2.436546919238662470e-02 -1.233213280885274779e-02
-6.230619092725513640e-03 -2.493124368005373778e-04 -6.797468981614219249e-05
4.901429902021145826e-03 -2.766400945904787939e-02 5.320738144184338284e-03
-4.641958136033691971e-03 2.173889874401981840e-04 -3.248345447952006248e-04
-3.157467698852482133e-03 3.372082102313777880e-03 1.495331286679059532e-04
9.890335649658660300e-03 -3.823888227119914135e-05 1.248407925850843680e-03
-6.105919496317855320e-03 3.735527327786560686e-02 -4.956203900365764754e-03
5.115669892090608621e-03 -2.035403610442584475e-04 -2.783326105891513469e-04
3.440034710174250804e-03 2.690628288016101884e-03 6.974772609055289452e-03
-7.178554257868889187e-04 2.151802989637712296e-04 -1.058588416373254949e-03
-5.541258954284452969e-03 2.412506564103574294e-02 6.295893311104874823e-03
-1.124315227363460604e-03 4.750572800582848602e-05 7.377687647351345666e-05
-2.540397500015295889e-03 1.469386853310204874e-03 -7.435532619515901808e-04
1.919793437994164742e-03 -3.433555296855871075e-04 3.270106568433753464e-04
8.050590631133942897e-04 -4.944941371664057610e-03 -4.333377093478625250e-03
-1.283487033219412124e-04 2.370017864005331560e-04 1.803030419903530737e-04
7.816715558266239348e-05 -3.617700348650224312e-03 5.870211994359848980e-03
2.944293148295680919e-04 -6.388585837346645157e-04 4.388928989221015488e-04
5.959893084015398766e-03 -7.080800048210354053e-03 9.291692633077771463e-04
7.304954132738728650e-04 -2.723328646854639851e-04 5.942537265517995083e-04
4.027026628217962091e-04 1.162811385455874216e-02 -1.082099767946115981e-03
-9.538697595512507857e-03 -2.802936878350068689e-04 6.109165354898629316e-06
7.466598108818373221e-03 -2.978112781845106138e-02 1.550346993637427041e-02
-1.994407996176100501e-03 5.074543981788403333e-04 2.067726810675250815e-04
-3.365480316635210251e-04 -4.748059644881501284e-03 -5.978045528677229138e-03
-1.591490417341948202e-03 1.994181220892564908e-04 -3.305189719187558400e-04
-6.534571163886342300e-03 2.171640651479082515e-02 -9.640731494944001188e-04
-4.654826661814546671e-03 -2.207652877091572166e-04 -4.834154175388089263e-04
4.040562334576412729e-03 -1.102406264412109788e-02 1.148595181509304113e-02
5.363122344197152232e-03 -8.161712343669807676e-04 3.417483744243151288e-04
3.171253764824371116e-03 9.903072909042400992e-03 -8.586123817565899071e-04
6.736246265984422409e-03 -2.213734522590117852e-04 -2.237801436755621452e-04
4.363145036249281052e-03 5.785678470132308779e-03 5.888131828409619989e-03
1.543094692719283907e-03 4.698227971686175231e-05 6.249600372152914292e-04
-3.094738450580304060e-03 -7.666254278753655092e-04 -1.487626369101404528e-02
3.036510486145626436e-03 -5.255814663128737397e-04 8.043326062411482614e-05
2.725046622329379067e-03 9.055368457358695458e-03 4.747655609496186958e-03
5.683041293880673056e-03 -8.667260905819614827e-04 9.828742532635445853e-04
1.259548737373927460e-02 -2.404775643788781628e-02 6.849792491045099060e-03
-5.386530406981324993e-03 7.085592690224808230e-04 -3.584298773194684361e-04
-2.025139478107602573e-03 -7.063125390474685530e-03 -4.057772404290408731e-03
1.100171504410995399e-02 -5.059305706869780643e-04 3.853799420556220257e-04
4.468632676275723949e-03 4.263213073454609654e-03 -1.060526338998572272e-03
1.240478075206412345e-02 1.357444400401598347e-04 1.438710766632101496e-03
-2.761460268294777323e-03 7.740434729944722318e-04 -1.405681333631907635e-02
-8.796750878418057792e-03 -2.366014752138009478e-05 -6.768965428240931483e-04
4.465094511959880053e-03 -2.287573723103181189e-02 9.759415983232974656e-03
2.495185489111442344e-03 -5.447356833514771512e-04 -3.566973846453758840e-04
6.550993987400788483e-04 2.140844984493860820e-02 1.226662966670292315e-03
1.740905912523161084e-02 -1.654378729028845724e-05 1.752076071036765860e-03
7.261250232521145910e-03 -3.769383464609812884e-02 -7.643616339014061394e-03
-4.680665468066448317e-05 8.708415297467291417e-04 2.197599873263682941e-04
-7.361328973571622074e-03 1.057472846210637599e-02 -9.747968622408471201e-03
-1.456896459326925729e-03 -8.893829965657422312e-04 6.345539368842736602e-04
9.672095606643631507e-03 -1.963874412617703027e-02 4.510626237747795628e-04
-8.308827442414257539e-03 6.602731491185543766e-04 -1.259472204100295671e-03
-1.304768266870880850e-02 3.499685198119369123e-02 6.244430497462685227e-03
-2.011231671072446006e-02 5.283556674130635011e-04 -2.964018375117907778e-03
7.008393522781108248e-03 -3.981341885116391338e-02 3.816178579847576829e-02
4.314022020244084876e-03 -3.488777580797183982e-05 5.940244072438599079e-04
-2.698295970931640936e-03 8.519951810712486293e-03 -6.057910465000411991e-03
2.976439984429853428e-02 -6.862593431281507200e-04 1.951480881959814437e-03
6.597553518735651580e-03 -2.525933164721540225e-02 -9.767889413187253594e-03
6.144840054097881060e-03 -1.710117283815156854e-04 9.990166297359243542e-04
-2.790482099622569687e-03 2.063643385498431168e-02 -2.622100799742492321e-03
1.077060437752740000e-03 2.263150532247700138e-04 -7.997329267296756847e-05
-3.590787713632546518e-03 2.537307421365740320e-02 -3.968197824163372661e-03
-3.498100752449093132e-03 -2.976772019946962952e-04 4.227227425814295567e-04
6.474914835679805754e-03 -2.140552645017430519e-02 -1.677388147221892751e-04
9.079670450053006769e-03 -6.423789283468606288e-04 1.151122047285851316e-03
9.463069425944348537e-03 -5.415429213559684075e-03 -5.208852489318065160e-03
-8.192741950054765673e-03 -7.892884624396707266e-05 -7.249442033236187279e-04
-1.044506169630429662e-03 -3.931539092573166534e-03 1.455003684385457879e-03
-7.962828992061505781e-03 2.186187606622979739e-03 -1.376566431626060922e-03
-2.247232664020836282e-02 5.065433673851973961e-02 -6.156817765532031188e-03
-2.712451954465460065e-03 2.030625326294062394e-04 -5.649563059357046429e-04
-1.352240080238918587e-03 1.687560641850924898e-03 5.810326794365769550e-03
-5.325356756705718758e-03 -2.746866212444593102e-04 -2.920010697810957357e-04
-6.311367264420340460e-04 6.381021812915833348e-03 1.265707476590266847e-03
-8.338477205643873846e-03 1.060378739419171133e-04 -1.275643842833166890e-03
-2.630872861716860005e-03 1.056491511524600786e-03 -7.918787085712808427e-04
-1.276922032882035415e-03 -8.362778953187170218e-04 -1.700373009460709591e-04
4.861946391214783461e-03 -6.970313819237388547e-03 1.135602475025919303e-03
4.436551939032000761e-04 1.836217427427678118e-04 7.697389803515526045e-04
-3.253808905786098431e-03 5.141997247799258257e-03 -7.379559866941404894e-03
-2.578654948765744023e-03 1.675335278494801457e-04 -4.470133791154337188e-04
-1.276189229014688562e-03 -6.553057285636302090e-03 -1.448185827548411145e-03
6.624076987041440778e-04 1.058795640512456729e-04 -4.660201722712181379e-05
-3.603201982787844699e-04 1.810798356324459270e-03 -2.178542610445016476e-03
-4.857811910520225263e-03 3.244759026460018476e-04 -5.730886128820563297e-04
-3.588271355417540966e-03 2.457784662150316966e-03 3.466973832751909460e-03
-3.549433028846019599e-03 5.130052398312089004e-04 -7.916604377236796696e-05
-7.546809142665828612e-03 1.909673744504196760e-02 7.770585652379024492e-04
-3.614419106643426954e-03 6.444528181281713314e-04 -8.272633490756905105e-05
-8.694550771952341134e-03 2.321308528673940094e-02 5.205274052540452209e-03
-2.282356796159946272e-03 1.105146192988795185e-04 -2.893043064091037038e-04
-2.290268023411927163e-03 8.137773880231846668e-04 -2.546136506065270044e-03
2.310069096771331498e-03 -2.479817977984923993e-05 1.303932809898264281e-04
-2.706702884237080324e-03 4.758787840865628211e-04 1.792951824395060557e-03
2.818700040238306982e-03 2.146940704022585957e-05 -2.732415242612364959e-04
-1.407182016133658089e-03 5.488724641720983156e-03 -3.255623047769254288e-04
-5.641651916814828180e-03 4.216835634298272701e-04 -6.499041562343137656e-04
-1.722088040890339599e-03 -5.198870478000443447e-03 1.202774293463902688e-03
-5.971164352036206768e-03 -5.247843219664499563e-04 -6.035717711213742318e-04
7.871928605511915172e-03 -3.402039856149835506e-02 1.225489275086820602e-02
2.710250934762820519e-03 5.041923416590703795e-04 1.037874961441943736e-04
-3.832438262392374399e-03 1.602800855440532010e-02 9.804457577722463547e-04
3.341958926165314488e-03 -2.696037406875627027e-04 -5.294490389978192754e-05
4.140125587075392782e-04 1.053604582200754619e-02 -3.109902799443042473e-03
-1.240771215598189146e-03 2.506562104447303610e-04 -1.451940030382450767e-04
-6.105231661564375356e-03 2.960837543910391570e-02 -2.476526887236000108e-03
-5.225084741121216979e-03 -6.298509398903920191e-05 -1.214458849548652637e-03
4.102552495956802731e-04 -3.943160692124583798e-04 6.288777179142421986e-03
4.326908815804792613e-03 -6.986704707407937615e-06 1.242999074465862136e-05
-1.849095287416020706e-03 8.304396528226428223e-03 -5.115699431308078256e-03
2.284187488939715995e-03 -3.092808138372723603e-04 -1.328017311641994350e-05
8.435077535933241388e-03 -4.449834238491922993e-03 1.080656576974408332e-02
7.744480698088957935e-03 2.987840215627706299e-04 5.780284918064525126e-04
-4.847519444527811916e-03 1.977405822046953733e-03 -9.465692808941997965e-03
5.635032536930982203e-03 2.050476408258427793e-05 2.373827586668376434e-04
-4.109601313618778569e-03 3.094633568222247486e-02 -1.310890002283979531e-03
1.246256817373246964e-02 -1.459697316821004578e-04 1.097146337217583733e-03
-3.773168389844546756e-03 3.347003850534208819e-02 -7.495693552716495289e-03
-4.915732359300439142e-03 3.400400302306265995e-04 -1.026784675343684608e-04
-6.351704727678207305e-03 8.832211410764791507e-03 -2.978441352963880420e-03
1.716326236730454310e-04 -9.047955599213641700e-05 -1.132824888513131933e-04
7.769776442552708069e-05 5.445883339685095477e-03 2.160544552971221249e-03
7.899009807686754522e-03 1.568172953006986749e-04 2.583560768054107230e-05
-2.532420822495100310e-03 6.759917330702595352e-03 -8.839992585280381093e-03
1.144811072382551434e-02 -7.947584951034724439e-04 9.363417263929210048e-04
8.369213566582961450e-03 -8.995100239861012576e-05 1.328277988059453803e-02
-4.343583776466618251e-03 9.135597064823861957e-05 -3.780379553487103099e-04
-2.980892984320522403e-03 1.308247358615658926e-02 2.942531661366459394e-03
1.400334589520717439e-02 2.191209996233248192e-04 1.422898184814714445e-03
-7.214298929359246743e-03 3.774399935897079089e-02 -8.686384474154179580e-03
3.179219490277695450e-04 -3.325904584552908869e-05 -2.933477727421211680e-04
-2.839208330788328769e-03 2.366709007399497508e-03 -5.788634059197675374e-03
3.210927310513994864e-03 -9.000011849907233602e-05 -2.136879357577171380e-04
-3.912129693914279094e-04 1.872006198861077275e-02 5.499019720041089208e-03
5.702132792612195009e-03 -2.939052845802227892e-04 2.580379519097775881e-04
4.599634845362469276e-03 8.292505920224154184e-03 -1.293160185808757932e-03
-8.208319800920299211e-03 2.490458793636287195e-04 -6.386526066370392914e-04
-2.215823392793400681e-03 1.386949280037683748e-03 -5.382498688144766313e-03
4.840336756959177401e-03 4.128340036319054843e-04 2.111015542414675507e-04
-5.439602827344398699e-03 2.138769829170146519e-02 -2.901747526485908783e-03
5.332482100391658028e-03 -4.784036214865923530e-04 1.844848348055438698e-04
7.871528046328669231e-03 -1.889312491296330637e-02 1.825648716179620844e-03
-4.372948060357947572e-03 -1.077636233140757873e-04 1.117631319938074521e-04
-2.485476344090382190e-04 -1.028999860092398577e-02 -1.518117101633638605e-03
2.955833052815891576e-03 -4.279564915666100693e-04 -8.949347002691144040e-05
-4.303192027110790130e-04 1.889051552732623485e-02 -1.629619588410426406e-03
2.899536320081028476e-02 -2.573630661961100446e-04 2.348413500758441807e-03
6.273065513611831429e-03 -1.967373181939329266e-02 -7.761071661364927696e-03
1.006305928414584017e-03 4.256140877077929001e-04 -3.297913359900951896e-04
-4.351353253815708547e-03 6.037226573541510863e-03 -2.222134691030455689e-03
6.653023368178078399e-03 -4.519603930047192113e-04 1.782500939846645835e-04
1.888848264568800507e-03 1.676108525404948273e-04 -2.669746563152365637e-03
2.829079348775548688e-02 -6.078395094939927773e-04 2.798861827398448510e-03
9.023730456737674363e-03 -3.101507613863446408e-02 -8.184525844247707987e-03
1.231010680649639345e-03 -4.346664573878133899e-04 -2.729693876538429400e-05
4.268206711496765234e-03 -1.932838985631786868e-02 -2.035993661411656611e-03
-6.480161268981937325e-03 6.400198296361309797e-04 -4.987246956193082262e-04
-3.654794127221540866e-03 1.404140840135825827e-03 8.143017984598708344e-04
-1.392469563986380859e-02 -2.414846802145668905e-04 -1.091847091975123654e-03
1.138260374860429198e-04 -2.822436447195340002e-03 2.591271515702505465e-03
2.932154342452399521e-03 -8.650855549054408539e-05 1.419397741196372050e-05
5.915334605302422291e-03 -1.327606766664624072e-02 7.490509045331113225e-03
-9.500345240912835137e-03 3.043293858134505162e-04 -8.382986530580684680e-04
-2.376956610628142615e-03 -4.188413646569330399e-03 5.048299856061887192e-03
-7.058288603510075917e-04 -9.850350778012545785e-05 2.184248948791723318e-04
1.399560588058313413e-03 3.284567232200401223e-03 -1.020560269449870966e-02
6.263008169052531118e-03 -4.091381695413848088e-04 7.996948174645163165e-04
5.730150738879023764e-03 -1.219854463386299027e-02 -7.841780813813999497e-04
-5.217240609661607381e-03 6.885585808722319637e-04 -3.359201433784400571e-04
-3.889481317412946376e-03 -5.280165527749936059e-04 -1.493980654144870220e-03
2.173941776939680975e-03 -1.255885079900283642e-03 -2.578842028347920392e-04
8.181045151845244348e-03 -6.999487773619409402e-03 2.499821670580668845e-03
2.884908170313905170e-03 -7.315361484365464446e-04 4.806983576868340338e-05
9.302187562860013761e-03 -1.833471924919970533e-02 7.549042474497524554e-04
-1.061043142750963623e-03 2.736281486651479444e-04 3.463726804636701757e-06
-3.705136456201844029e-03 1.265371499831315430e-02 -1.919103164726009871e-03
-5.942063125795593592e-03 3.044648467028868979e-04 3.271647502670369878e-05
-4.087603934772248739e-03 -2.493156075649639609e-03 -3.312004158345548382e-03
1.511466223162194825e-03 6.003539434325500489e-04 3.716083752687690187e-04
-6.334496474772591257e-03 1.715334596693119870e-02 -8.962768020484093018e-03
1.241294644098840877e-04 2.916562230871892931e-05 2.703620972296251327e-04
-1.225061359480031841e-03 6.472033201235618746e-03 -2.549971541176263793e-03
7.209968803950803041e-04 -9.175240479456078443e-05 -1.183461608440978825e-04
-5.617745941403346280e-03 1.644877372185734460e-02 -1.294677557437864598e-02
4.024352622078268375e-03 1.965914568822103164e-05 4.291833197447810812e-04
-3.363435511513518730e-03 1.342510368079691783e-02 -1.334361308112358771e-02
-2.752098242532227072e-03 6.839797754636860270e-05 -2.862832635383724092e-04
-3.420362704391204361e-03 6.906416727898843054e-03 -9.633552068793777186e-04
-1.128971529448231058e-02 3.979171158150689256e-04 -1.081261037438485065e-03
-3.458616426129398989e-03 1.735385923712082223e-02 1.297661012742468319e-02
-1.002592689637341918e-02 3.939278447188387933e-04 -2.401208407242568389e-04
2.414459400248841758e-03 -7.008894383556983805e-03 2.214851301644870513e-02
-3.647395133395242225e-03 1.986869402166645086e-04 -6.496626785847142054e-04
-3.105165830813678713e-03 7.701552978967753614e-03 5.575796881710128571e-03
-4.491425082448906488e-03 4.455762499500079475e-04 -5.686669110317436491e-04
-9.796590107636098804e-03 3.188365987204316854e-02 1.390501697800214462e-03
-3.728429631399886052e-03 5.533345222978984512e-04 -3.686914489830071156e-04
-5.605672660413083506e-03 8.356210235233035508e-03 3.151523206783760078e-03
4.303642227273344993e-03 1.816602456086381830e-04 6.738613237307266787e-04
-3.664154184823934565e-03 1.414288493493473693e-02 -6.250022506657315971e-03
9.488581361468571493e-04 -3.214658418065923689e-04 1.293421634652563686e-04
3.892848301170885074e-03 -1.890314299487364088e-03 1.601931346806892030e-03
3.878398023884171465e-03 -2.807509909531215016e-04 4.303600442766834138e-05
2.898865605736932870e-03 5.010434063179053377e-03 4.207365636149433714e-03
1.053857259055654243e-02 -3.780368690918002594e-05 7.808786611798850799e-04
-2.843118037065939241e-03 1.873454567041254668e-02 4.107843486578247548e-04
-2.555971169035982891e-03 -4.696911364025883884e-04 8.744546916233415920e-05
2.710222041378149583e-03 -1.175822790296466268e-02 6.026856600420203713e-03
-1.062279248559208980e-03 1.610262057609993707e-04 -2.768527125302504711e-04
-1.232777901456932109e-03 2.254329090382142537e-03 -1.478647693475333832e-03
-4.466555635535643734e-03 -3.639417307116300966e-05 -3.324793092699970896e-04
-2.775685131878077427e-04 -1.166524414404042365e-02 1.190943086739048098e-03
7.696991421377637893e-04 7.410547929558577377e-05 9.326232342140051155e-04
-1.386051511247843662e-03 -1.009233147096136145e-02 -6.706003278746084685e-03
3.931900708711974848e-03 3.038471431342071706e-04 3.897455800277672879e-04
-2.925460116191949678e-03 1.240141297552468588e-02 2.368813403594908357e-03
-2.714161594392090326e-03 7.973185948749700151e-05 -1.811091647545811701e-04
1.290816939301809695e-03 -6.045393870153069858e-03 -1.440089811794967702e-03
-1.043496365092482165e-03 -2.273347856860613928e-04 -9.308496491719454521e-05
3.596042970955037107e-03 -2.200600617845175494e-02 6.230970300740937967e-03
5.747323348427445244e-03 3.001458145485281625e-04 3.022233860432814987e-04
-1.770696853483239366e-03 1.209814389663380063e-02 -1.990789130279535610e-03
7.431915493432022547e-03 3.496730041117218114e-04 7.666454904586571294e-04
8.514937241737598455e-05 1.369300109173308619e-02 -2.313862482830041003e-03
-7.454490338480691640e-03 -8.114620592248201342e-04 -6.678952664798282765e-04
1.104878042596108174e-02 -3.273838453915210028e-02 1.374619476077072744e-02
9.660732439566983940e-04 1.650632070703974381e-04 -2.495640580579193911e-04
-3.415160253232402913e-03 6.137188281012762557e-03 -2.137938117204411358e-03
8.218376257067259733e-04 -4.887758431943714163e-05 -3.880839635727216172e-04
-1.414482881188107184e-03 6.656390349699272888e-03 -2.582925159801365087e-03
-5.377062086822234459e-03 -3.244166036789036377e-04 -4.582265876883746900e-04
-2.661255317066653272e-03 2.691818009942802473e-02 6.552054735269386906e-03
-2.298712797700091430e-04 -3.119409149035859679e-04 -5.453691462526234855e-05
4.880486364717394158e-03 4.059549898052210691e-03 6.059711462047708865e-03
-3.018811059002696109e-03 -1.188463552990591966e-05 -3.914032838755359452e-04
2.259266867652583687e-03 -8.950573455398715128e-03 -7.132883317817371397e-04
-5.733868655746329670e-04 2.718227958683813034e-04 -1.735199990371388400e-04
-1.021516272392397270e-02 3.378424196025332088e-02 -6.368732529128169444e-03
-1.127423277943898072e-02 -7.397637158794781453e-05 -1.425803911063621039e-03
2.237314836064444902e-03 -2.334546138200574092e-02 6.834761995809744521e-03
3.606832926638065678e-03 2.709888431039692361e-04 8.344925272935142368e-04
-8.085467484840033400e-03 2.892801471056219431e-02 -1.002043554071965943e-02
1.404991838562807266e-03 4.969529055489035983e-04 6.709407874861362739e-04
-9.014459356297417625e-03 2.456907626377963574e-02 -5.082649049951752651e-03
5.006133700180278624e-03 2.229884245467550919e-04 1.844487501364905011e-05
-4.930726384934925807e-03 2.726004825158200029e-02 -7.256285618834612799e-04
1.515266528454890013e-03 1.370539169656434346e-04 3.969503743394438549e-04
-6.612326159361471035e-03 2.407702947497503826e-02 -3.801521094480400697e-04
1.118733727013655407e-02 1.461145799218684788e-04 1.871653267592894923e-03
-2.972316606115308138e-03 2.664215817406532724e-02 -1.557398422934035305e-02
4.809697045925246175e-03 3.572432091977599533e-05 8.562039631241038411e-04
-2.360017134417731564e-03 8.198363151576952557e-03 -8.550471848320978160e-03
-1.588550456364766278e-03 3.255098788257058148e-04 3.652141876066904267e-04
-3.277417308856022272e-03 4.584901962485366314e-03 -1.987158615707707628e-03
-9.856274222412410909e-04 -3.657840282583388856e-05 -6.904780114768445517e-04
-1.976291020113306665e-03 -4.219603806307305367e-03 2.073396910865242960e-03
2.681949994230083990e-03 -2.201752427061156475e-04 6.326441971730601289e-04
4.636122703943191398e-03 -1.145884580855610971e-02 1.973402268768937196e-03
8.106474921172505260e-03 -2.098209451895866398e-04 4.994025121105455118e-04
-2.154963932667096523e-03 1.777192787594463266e-02 -6.985517033383532165e-03
-2.006561557427253249e-03 -5.181614965616022223e-04 -2.157376951809437601e-04
7.462000342029749891e-03 -2.887368682701714484e-02 7.214356675765197166e-03
8.482198779901056317e-04 4.385293647067242413e-04 2.275622632383404688e-05
-2.424050297400299342e-03 6.046487793720134885e-04 1.001543135586442819e-03
-1.309829316187226776e-03 -1.002253587611888984e-05 -1.705117827440540699e-05
-1.587351241680518129e-03 -3.641037561454401814e-03 -3.555636948664711930e-03
-9.803036971062393471e-04 -1.235778737197074095e-04 -3.525263718209705301e-04
2.028785818010231563e-03 -1.668847980014398144e-02 4.567900272715600708e-03
9.844229260991991387e-03 7.897687803021941066e-05 1.362226041653831444e-03
-4.532446739455585176e-03 2.306179780896758583e-02 -8.973348462059445307e-03
-2.002179407687049682e-03 -2.595526826510988682e-04 2.500806361063438862e-04
6.514529510421168408e-05 -6.748952334936312095e-03 3.322748197777246771e-03
6.893818404819431356e-04 3.266589277873451760e-04 4.989853162097965950e-04
-2.372272755382812646e-03 1.492355902530080516e-03 -4.690128557201939975e-03
7.867588312029733660e-03 -7.069171827933136290e-04 4.224350439840864231e-04
3.845539152338085104e-03 -2.498487876616411595e-03 8.193249053646795010e-03
-1.887714493675964880e-03 -5.596002279411601372e-04 -6.317704398171956068e-05
4.769319642526559898e-03 -1.769817835692143529e-02 2.880368015376988215e-03
-1.621297270086288463e-03 -4.656387252358079750e-04 4.699997191873900044e-05
1.172224109233319144e-03 -1.828013451206946015e-03 9.046935545789463844e-04
-5.671610158227756091e-03 1.515791115288328203e-04 -3.623474973017970242e-04
5.726947773240294304e-03 -2.357272711189454042e-02 1.503939809091820942e-02
-4.035848601096041080e-04 -5.626792975564468870e-05 -2.211724637461368178e-04
-2.587719680472671743e-03 1.492440832679666970e-02 8.105389831033353630e-04
8.959743627841500191e-03 -2.121221501837006803e-04 -2.157675873912755487e-04
3.059528076560312938e-03 4.051302516362619011e-03 -3.908779297094762233e-03
-7.308315340955433281e-03 1.086588090583296383e-04 -1.871941468452561694e-03
1.723079522873982583e-03 -1.858112922147401452e-02 4.839689733827043719e-03
-4.156354976523268623e-03 3.679228155903354128e-04 8.250806011380929254e-05
1.576524832257517831e-03 -7.350521265542989124e-03 -2.095926861465157798e-04
-1.303331076702878531e-02 7.201970657567807743e-04 -1.475400985830961111e-03
1.455422228598698183e-03 -1.858810885542335964e-02 7.297008687360244036e-03
-1.176842301012026061e-02 -6.941653427104850504e-04 -1.996350579803856870e-03
1.484877091492896144e-02 -4.164534157625014721e-02 2.929046408830764461e-02
5.028322531593846199e-03 2.120955188539038871e-04 6.122843487786085821e-04
-2.936006617005222207e-03 7.688123850973305543e-03 -4.044492627916497669e-03
2.630093104505304598e-03 -4.949844686365221288e-04 2.041479904614631807e-04
6.777613745138917623e-03 -2.251358781434240064e-02 6.806071959492033044e-03
-5.877507172536384833e-04 7.425679506595358678e-05 9.933301790763623593e-05
-1.343404756958098010e-04 -3.518181961430735805e-03 -6.245498978572502913e-03
9.209688739540686231e-03 -6.845325668411957921e-04 1.075845116470505736e-03
3.279228128587252308e-03 7.928430082100389187e-03 3.001815955826619801e-03
8.715222537839279957e-03 3.410617216852518483e-04 3.258335049538352377e-04
6.582272524803946083e-04 -1.945652923510806168e-02 -3.835292017110752613e-03
3.827116031440007480e-03 -4.079830725182932369e-05 3.620043789448233003e-04
1.216966784887943799e-03 -1.103400284955486114e-03 -4.767796013791699913e-03
3.081846780479034439e-04 -2.104991050678905909e-04 6.394216747936272687e-05
7.379905614524673091e-04 -7.372860649730454512e-03 -2.896755461213515719e-03
-1.379427745987271865e-02 4.135890769019117189e-04 -1.185302250480454360e-03
-2.670939355493113891e-03 -6.848089336833894022e-03 4.299812248179287096e-03
-2.834433669354243304e-02 1.540825407366410577e-03 -2.753571975625780481e-03
6.660039537842020463e-03 -7.171518000153274952e-02 2.320792002475224186e-02
-1.322586907648454907e-02 5.392285291372371676e-04 -1.256881266362975570e-03
-1.508616841965624775e-03 -1.627217720794546865e-02 2.845717213825984040e-03
-1.437225486749169707e-03 -3.212710231785065665e-04 -9.802880387259490461e-04
4.015688905822825498e-05 1.667462525109552132e-02 8.843253494000996064e-04
-6.565594923154891190e-03 -3.222395256051715715e-04 -1.322178781420543748e-03
8.088644048052531441e-03 -2.480676807842642842e-02 7.961752270007444246e-03
2.070209688363444742e-03 6.856715261946663459e-05 1.963856906973054592e-04
-3.917151737262407492e-04 1.470405600975972478e-03 3.335586178886835442e-04
-2.270162684602446395e-03 7.842059795212661310e-05 -1.861961624470891369e-04
-7.986001896219537769e-04 2.555720787797072409e-03 -3.496419885149634971e-04
-7.226929699791121526e-04 3.621916041380478452e-05 3.689620032493672015e-06
-5.443126945606107693e-04 1.803601498680326579e-03 -2.756634165426819589e-04
-5.042756386761739623e-03 2.446819737909691501e-04 -4.865538223644041418e-04
-5.857933397179501157e-03 5.541726695969639849e-03 -3.360738615188093876e-03
-1.431495078060677877e-02 1.313116531518316796e-03 -4.629152311490859241e-04
-1.095710289354512312e-02 2.435228378794652981e-02 8.288916928938315498e-03
3.438512999786725536e-03 -7.731307050297601784e-04 9.405744096467371154e-04
4.522807113670371075e-04 2.744559384680206673e-02 8.125603122873685524e-03
-1.945008014356601001e-03 2.153227574632057069e-04 -2.539566875129765141e-04
-3.241143244730186786e-03 5.777280463141193888e-03 -2.728763437406314229e-03
-1.786944758853844508e-03 1.629563549277101772e-04 2.685323076146951468e-04
-3.400734771310457219e-03 -4.073152054563542943e-03 -3.139893946606609875e-03
8.258889172672357476e-03 -2.348423806727666097e-05 6.887840874306803279e-04
-3.565201835923420808e-03 1.445629647315598183e-02 -8.126632946703127303e-03
4.606741844385974470e-03 7.850866759379548573e-05 4.027731574982498352e-04
-3.395796571725194501e-03 1.781953393153046586e-02 -7.061881105525066871e-03
-1.249612901106008592e-03 -2.197773494251225104e-04 8.200713738891138044e-05
3.928973765613032708e-03 -1.783625947257358457e-02 2.313745237563190772e-03
5.275670692198054616e-03 1.431799065244112072e-04 2.629625439863984555e-04
-6.925107553562415532e-04 1.201649356642362290e-02 2.009624069349850734e-03
-3.171715797017732926e-03 4.643692021533398157e-04 1.342800236608855560e-04
-3.493164920630183624e-03 2.266071792148391297e-03 -3.675502341028552816e-04
-5.539706609977053386e-04 -6.427261163761879142e-06 -2.644604152542734030e-05
6.141025614450183485e-04 -1.401241782219224625e-03 3.441778362382907040e-03
-1.610904286842578686e-04 1.422362598245900233e-04 6.082747749377092825e-06
2.862514429900835013e-03 -5.946409498084524736e-03 2.370550073369256765e-03
-5.205155809330040857e-03 -8.173084852505416685e-05 -4.854083677372768801e-04
1.361615014631844395e-04 -7.051732556690322971e-03 8.857771633762547177e-04
-2.629650142837225424e-03 -1.514273548307121069e-04 2.285123791434068795e-04
1.418399244296802931e-03 -1.527582278118318551e-02 2.283115800689253510e-04
1.583815989175242503e-03 3.821468781535100156e-04 -6.159040785666487555e-05
-1.985839765759015753e-03 6.919818934310141730e-03 1.971742142461942703e-03
1.076482862511974649e-02 -8.611556495861276764e-05 1.526649601279864155e-03
-1.171609207938091330e-03 5.712581505021034102e-03 -3.431790727644701104e-03
-4.523095730570848155e-03 -7.135856982136384689e-04 -3.681492128479224623e-04
9.422129475441144361e-03 -2.889292789849592577e-02 1.282695046122563944e-02
-1.201336816309058224e-03 8.570482814226529876e-05 -5.539887314487451555e-04
-1.205290030089916807e-03 2.480518215636207374e-03 5.307487429588706894e-04
-2.178881931510198971e-03 3.614847233208588534e-05 3.115572559764987447e-04
-1.338283327291009189e-03 -9.968648488455941585e-04 1.169504382469841418e-03
1.077277417182501184e-03 -2.117768221772235466e-05 1.476978282955029517e-05
-1.114071519708333992e-03 -9.574191791799385731e-03 -2.983613874698875807e-03
3.632196862454805785e-03 -8.235162002092092856e-05 4.529119167887173309e-04
-7.456502533175931842e-04 7.048544467703378967e-03 2.107831561198207811e-03
5.168180680748476336e-03 4.091327411506967895e-05 5.391550042825542753e-04
-4.737884244395024549e-03 1.133341007456129500e-02 -4.509276907546406511e-03
-1.216513715929235179e-03 4.155356155365112726e-04 3.055997208763531169e-05
1.492847093162032017e-04 -8.575778574032220242e-03 -3.418052586332459564e-03
-1.447524423025175816e-03 2.757858348328289140e-04 -7.899985266438680357e-04
1.972279701125049037e-03 -1.487131522431071363e-02 -4.319424034649701170e-03
-1.171656957526607786e-03 -2.872626576563798093e-05 -3.726021557495497400e-04
-7.692181621484795459e-04 -5.018062753970508640e-03 -5.220872026435840595e-04
-1.417790213151901664e-03 4.088716603858999314e-04 -3.883437423744359913e-04
-4.124067815156401071e-03 5.649470647008658641e-03 3.261482298989341107e-03
-5.403862938371226804e-03 7.459051165661406864e-04 -5.543315607525492418e-04
-3.216623766105186286e-03 2.776656927716269867e-03 -1.126557309897004903e-04
-1.031027775447161243e-03 4.685485479379838860e-04 4.061675009107285073e-05
-3.740778826158912707e-03 8.895805588559690252e-03 5.876617294662239265e-04
-1.710446460016529441e-03 -2.243297649988367382e-04 -9.085136521599438395e-05
2.393695725929946734e-03 -1.096457247944560703e-02 5.109074852549596744e-05
-6.250101985901869786e-03 1.845093224675180656e-04 -9.755669671966891434e-04
-6.600750860261567774e-05 1.800521079493581922e-02 9.879728286146687022e-03
5.041363358311141268e-03 -5.238443121077145451e-04 -6.882630720716998926e-05
1.311525319238123367e-03 1.362377873756308484e-02 -5.734934665575183201e-04
1.659990240888691362e-02 4.133399440103672530e-05 9.018345509408645568e-04
1.556254729296022415e-03 -2.246873170071489803e-03 -3.894637853964790647e-03
-5.752988282778301321e-04 -1.983364103554785670e-04 -9.092555304213071178e-04
5.558583587211427673e-03 -9.849403230663663147e-03 2.020142465796966047e-03
9.176291810565553528e-03 -5.812409155214635567e-04 2.934105087115697471e-04
3.663836756362174891e-03 -3.637857941161056624e-03 -1.984160751497434597e-03
2.222032274068086455e-02 -3.125449465022579667e-04 1.849608478521548756e-03
3.666973889790485670e-03 -1.333696919585236618e-02 -8.248968523510695483e-03
-3.106754010403966950e-03 5.400641814809240774e-04 8.230032522090098557e-05
-5.460183779977190871e-03 1.519743557378481526e-03 -3.817236979693428489e-04
2.147000462836220341e-03 -2.437779575735514112e-04 -7.994854108695463460e-05
9.572704293375097458e-04 1.636320459931665588e-03 -1.646070571831589370e-03
3.127488094753756720e-02 -5.627000480455755099e-04 2.755500815296467627e-03
7.389778555233541060e-03 -1.836581880732505306e-02 -1.167876171973255064e-02
2.085601531886232402e-03 6.615183689715690551e-06 -2.276081725732616366e-06
2.430020030156858097e-03 -6.184306749597758522e-03 2.336012779040238510e-04
2.070209688363445610e-03 6.856715261946643130e-05 1.963856906973053507e-04
-3.917151737262420503e-04 1.470405600975978116e-03 3.335586178886816469e-04
-2.270162684602447696e-03 7.842059795212704678e-05 -1.861961624470894893e-04
-7.986001896219583306e-04 2.555720787797071542e-03 -3.496419885149663702e-04
-7.226929699791121526e-04 3.621916041380475741e-05 3.689620032493570371e-06
-5.443126945606105525e-04 1.803601498680325495e-03 -2.756634165426820131e-04
-3.222031123301364978e-03 2.796817885520723208e-04 -2.017721407476651694e-04
3.382210568936918921e-04 -4.635008798235902214e-03 1.892607371664462371e-03
-1.280132620855953425e-02 1.781836533911436947e-03 -1.728032650532462106e-03
-1.296818158180007736e-02 7.510042695299535588e-03 2.092203242385294940e-02
-5.824676647997119490e-03 2.371519548226251606e-04 -8.809154719224556677e-04
4.243759994172171396e-03 -2.450857195925798537e-02 1.293519831812075388e-02
-8.197552594586573051e-05 4.167499997325215975e-04 -9.097935522102282768e-05
-5.117120094629116350e-03 1.430107568416893842e-02 -6.263662924205446250e-03
1.119828682511961240e-03 1.269595624019150795e-05 -3.069359789725808856e-04
-1.486469270976212851e-03 6.715425411752157236e-03 4.276057822729448905e-04
1.109249372934047358e-02 -3.331397851860477821e-05 7.983222676658282679e-04
-2.713437372414790813e-04 1.468074959930495450e-02 -1.160854943809956630e-02
4.650404389381094985e-04 1.612172306473686747e-04 -8.469683286292848897e-05
-3.587490425148950803e-03 5.800587302636424879e-03 -6.443988064397115564e-03
-5.043615522334245725e-03 1.616425222627906671e-04 -3.324554140701533830e-04
-2.989992937821468397e-03 1.520977041655408556e-02 3.719341840104637038e-03
2.575164834069222555e-03 4.436905234665650729e-04 5.400980684088518575e-04
-7.158426656598483769e-03 1.623636541159590926e-02 -4.130260569515013455e-03
-5.381715348716265522e-03 5.357106442822117884e-04 1.649899631814746165e-04
-4.380995131730851429e-03 -1.482346122949713399e-03 -1.953662055676354259e-03
1.266662526950344467e-03 3.227414967769933266e-04 2.263660513572702507e-04
-4.139503852716885056e-03 6.282518662041951599e-03 3.594495247513098193e-03
1.566318072636307371e-04 2.531380314448083198e-04 8.699046260907906600e-04
-4.734133951437708148e-05 -2.483463305108702182e-03 -4.358861576591851854e-03
1.434423381946349756e-04 1.879888690385249155e-04 -1.718794007030426314e-04
-8.406564479290051491e-04 -2.026166257649697836e-03 -5.997925472679995276e-03
-5.205821831666903980e-03 2.448523362476187713e-04 -6.062585704505826399e-04
-5.286390007801611973e-03 2.053809115826446888e-02 1.431320022272618568e-06
7.499744498095429514e-03 -7.797136940686337503e-04 2.355594082616787894e-04
2.342156618322971569e-03 2.501294081006185180e-02 9.819238165126448203e-04
2.963950206597634317e-03 -8.349385327009132413e-05 1.180870941324084207e-04
-1.733810580989077936e-03 1.093793366048372885e-02 2.246619433642716779e-04
7.273821611729486269e-03 -5.581763549466470156e-04 7.657252476405295881e-04
5.816247475985148949e-03 -1.391269926808727693e-02 -8.104192642962268142e-03
5.041015816982187016e-03 1.680762336395168807e-04 -1.083512495984536878e-05
-3.452494966660807352e-03 6.666192496174364220e-03 -9.069917272668617109e-03
-2.329158670442828434e-03 -3.496068393156247863e-04 3.821871480596070468e-05
4.493067864585946133e-03 -5.387060006867140476e-03 6.003635190549678688e-03
4.583036107984722260e-03 1.892324549321068583e-04 6.106061255108010538e-04
-1.091549252506374308e-02 4.624989300862299840e-02 -6.180815562097327978e-03
2.325118583377563854e-03 -1.800354913304982526e-04 8.413242550186505759e-04
-7.190957293632557062e-03 4.251012402991120875e-02 -4.205823301874595660e-03
9.401981993846406441e-03 -3.812726324781362617e-04 2.474624450515088264e-04
2.625389323263992939e-03 -3.978379218651170723e-03 -3.014833591822767625e-03
1.487354561925048092e-02 -5.527991556270872575e-04 1.548620694531802847e-03
4.304154617926601520e-03 -7.349565670564679916e-03 -4.273925713430857393e-03
6.703500039682426005e-03 -4.919494772391015246e-04 4.083964799741954233e-04
3.325288293168079251e-03 -1.441035986054328005e-02 -3.537143067207458320e-03
4.964674592891650355e-03 -3.439802257441033385e-04 -1.894152255303704901e-05
-4.616455038743399325e-04 1.652464488654306618e-02 -3.103812125643201636e-03
1.945769581512779220e-02 -4.478067099900277358e-04 1.433452593291844896e-03
7.250004745535011327e-03 -1.305047427894798565e-02 -2.089142090316283094e-03
-5.453273461019086422e-03 5.242994272206180292e-04 -2.100939073897128018e-04
-1.497377849103084324e-03 -6.881998575712081588e-03 1.209434572948612542e-02
-3.570058938700843270e-03 2.242654309524958790e-04 -4.722767194865750166e-04
1.217769407251930586e-03 -3.488697758297196975e-03 4.212750523173041696e-03
-1.438979496067937201e-02 4.299939414767893660e-04 -1.482312525296504164e-03
-6.015354603961872368e-03 1.696741591439077101e-02 9.026136073502477250e-03
6.196161186741609532e-03 -8.848945398750337858e-04 4.263266182843916587e-04
1.438093953625618759e-02 -3.689793236933313486e-02 1.723805921510122158e-02
-5.683499038059930918e-03 -1.052156448599645550e-04 -4.247933179653608248e-04
-4.804082033921837228e-04 -5.997673609509573261e-03 1.013213777215017609e-03
-7.586153386482155300e-03 1.053893724074624451e-03 -3.443818885368203956e-04
-1.196573126791263680e-02 4.267506430730905187e-02 -4.708622825058333267e-03
1.117646230351562742e-02 -2.886137994742355752e-04 8.508228051590639805e-04
3.342733739169096449e-04 1.197342631933897249e-02 -4.505064756843930873e-03
-5.922053327882443458e-03 9.111396524507211006e-05 -3.339079014169377157e-04
8.604374577314770995e-04 -7.697583056257676498e-03 1.806197550330496723e-04
-1.632804357495990302e-02 2.389830621381841720e-03 -3.177865759040880266e-03
-1.578790620295193736e-02 2.975109976356708069e-02 1.635711310343553743e-02
-6.160913679699042342e-03 -2.584908697446622501e-04 -1.419722410909995914e-03
2.490621377280574991e-03 -8.716864514960686455e-03 1.102410398449358078e-02
-1.510699740422741678e-03 3.679009446928542689e-04 -1.877684336111783169e-04
-3.499679919505314235e-03 4.713685089178593773e-03 -3.003744209939898831e-03
1.672798396526665099e-03 4.488129491040974365e-04 -3.709908199379432494e-04
-6.714580684431768580e-03 1.851793883298898449e-02 -8.680679645493410632e-03
1.766241635938707501e-03 4.051336882368871436e-04 -2.488298288712378122e-04
-1.835289312457229292e-03 4.454750984309355753e-03 -5.979737020409971182e-03
1.144107951642150392e-03 -2.068176315007052798e-04 -8.480627801194502258e-05
-1.054552344844841534e-03 1.836778326668192778e-03 -1.651556224167490330e-03
-3.814950194194619698e-03 3.074963285930273384e-04 -2.123705087924573584e-04
-4.050540262567465209e-03 1.128620586629416021e-02 3.547398045906006644e-03
4.449628217743572048e-03 1.054255760441007129e-04 7.464910659353166198e-04
-2.630942169541266272e-03 4.299838094808752266e-03 1.256479064879074568e-03
-3.260038038759527964e-03 -2.073120253416465024e-04 -3.268963343802416171e-04
-2.908095651037569205e-04 -4.921439814937375937e-03 -4.029194499393193296e-03
9.682910751002852872e-04 -3.786425513061116542e-04 -3.987520834750895183e-04
1.438850519198757970e-03 -4.556458286659332765e-03 2.744773055940015472e-03
4.888724045644717714e-04 -6.182879865444532511e-04 4.294536723262724507e-04
4.399195712036266595e-03 -1.054505773543949233e-02 -5.390531560614784251e-03
3.084220500743867308e-03 -3.056450050808894904e-04 5.443526120939073606e-04
-3.137046240524411149e-04 1.268392133622552216e-02 -3.713184573294769312e-03
8.362730670926689933e-04 -5.216397481924190012e-04 3.268313304821864052e-05
-1.726877563627983296e-04 1.322293922470422003e-02 -2.414901513870421589e-03
5.030698652032978939e-03 5.952070248917671908e-04 1.250243913881048368e-03
-5.220568086926042836e-03 1.620907575489895225e-02 -5.464749229498503183e-03
-1.564235905590159476e-03 -3.438084152840972297e-04 -8.532614776345705818e-05
-2.192568995364413929e-03 1.005542652276259635e-02 3.535777759682985719e-03
4.322807732807208703e-03 6.900295840838246986e-05 1.464094952669050403e-03
-3.547518939751072038e-03 1.570080745350020679e-02 -6.139743986266390195e-03
4.276713589768974672e-03 -7.956253542438803230e-04 1.053594274232791893e-04
2.689452104968111622e-03 2.152712593738989599e-03 4.388255980828112933e-03
1.967506472825403339e-03 6.996315981866820834e-05 4.707991802733943465e-04
-1.504018650925697869e-03 1.207040357814630031e-02 -4.058668611450765538e-03
-1.526699698661358002e-03 -2.652786610384656957e-04 4.891503519436705407e-04
5.607719924719387593e-03 -5.187980182228464111e-03 2.172104264134133191e-03
4.734537805985347507e-03 -6.838249391681074096e-04 9.500421540246978443e-04
2.018958646307501825e-03 5.343782873272205636e-02 -8.497016136049792556e-03
-3.506213783223766870e-03 -4.824392977511846904e-04 -3.029743790103418995e-04
2.564420159949103856e-03 6.762905434361615731e-03 3.600171199459344541e-03
6.575319690465175962e-03 -3.766723215033716560e-04 5.183916187385783757e-04
1.202615232777768392e-03 -4.531113513064341687e-03 -3.921407148388473402e-03
8.638969518688727200e-03 -1.346025276543127633e-04 -7.804223265689854121e-04
1.125379812437884465e-03 2.611559260578534200e-02 -1.297363417011223458e-04
1.926859261321782306e-03 -5.457440938783563941e-04 -5.819213788817319787e-05
9.192855398980166390e-04 1.976774172138728511e-02 5.305358518637680147e-03
-5.365761441443998685e-03 2.094103863372233018e-03 -1.434780025234700263e-03
-1.148949927490335900e-02 1.659959174282589836e-02 5.259229801025093291e-03
-1.109238655476114770e-02 1.819610169574239350e-03 -1.409450256368082605e-03
-8.189480149963863226e-03 9.679855044947215451e-03 8.335641069948555165e-03
-1.684490331331270439e-03 1.353814542282487745e-04 -3.013414363658779480e-04
-1.820807569346955240e-03 7.376356180229642553e-03 1.374598979145002153e-03
7.869736649873299711e-03 -1.258095283094224151e-03 7.337941579622611794e-04
9.004509074695724383e-03 -1.172673088380031189e-02 -1.526335476062147360e-03
3.160717621612431512e-04 1.492388965810154816e-06 -7.879315508201535558e-04
-4.672515714998536421e-06 -1.734287425483739759e-03 9.426392288731790664e-03
4.728856733158987545e-03 -3.509363522511810664e-04 -1.502082144242243436e-04
1.983946179181470763e-03 1.801745685392648340e-04 -1.653508362392914219e-03
1.657361686097626879e-02 -7.093277073762687193e-04 1.374665793033109842e-03
7.309787245269574497e-03 -1.562737117751929194e-02 -4.557555901199035128e-03
3.483128748241053584e-03 -9.720490522554603788e-06 2.660376171123929800e-04
6.137401717901333226e-04 -1.419526591006449456e-02 4.311843211348388109e-04
-2.658748775383397520e-03 2.246953356243122125e-05 -3.554295125674376463e-04
2.128936044659062148e-03 -7.437142432460488312e-03 2.413314566271348993e-03
-9.817010633937119091e-03 2.128794386175317460e-05 -7.708172282161283168e-04
-4.897133332650475436e-03 1.902696889973576333e-02 6.163462573424502086e-03
4.938276490152176783e-03 -7.640378107405288192e-04 9.647564890783812998e-04
9.528518955773996116e-03 -2.176355240379758069e-02 9.239436170244154020e-03
-1.784754934169052168e-03 5.678770170252603767e-04 3.381575876648669726e-04
-7.081482428438315262e-03 1.409960574584078440e-02 1.518635728003788279e-03
-3.774979567388923960e-03 5.146296694524124049e-04 -5.219408748684148348e-04
-7.002547999013406313e-03 1.463028832273945319e-02 -2.599854659637530329e-03
1.756108482930875125e-03 8.580830550785072293e-04 3.623355712277673236e-04
-6.744852768003334505e-03 1.086594286642532901e-02 -5.355775677179867855e-03
2.445186095241037080e-03 1.982086500861078397e-05 -2.126774976052857899e-04
-3.815015750420659366e-03 1.115373520420001249e-02 -5.645332929722246540e-03
-4.959869308893004487e-04 2.054187019622199769e-04 -6.791825720563947301e-05
-4.074580412380659523e-03 1.103478017718775329e-02 -2.844469301721176766e-03
8.836165806401827250e-03 -1.076070345396480665e-04 8.329779918545526362e-04
-2.363373984059280453e-03 1.470032680649119988e-02 -5.489430277584536957e-03
1.283166304133113794e-04 -4.256776455211858318e-04 -2.469010659502974148e-04
2.584961379340795957e-03 7.530820560713168035e-05 -5.182179099074122903e-04
2.248232377763349776e-02 -6.767484736865825995e-04 1.856157108871121092e-03
2.909793899855396722e-03 1.062664915310814438e-02 -9.007110378158149355e-03
8.387252489637474218e-03 -2.826531594813056630e-04 3.704928423171723268e-04
6.629994819275363428e-04 1.165324343791902979e-02 -2.772551301221940021e-03
8.999694494059691519e-03 -3.343268705408275997e-04 6.286804192800872710e-04
3.064842798944332914e-03 -5.929108378066062605e-03 -3.123166053658496186e-03
1.850333332216469451e-02 -4.019183196930261985e-04 1.699512957922001081e-03
4.906452036024824132e-03 -1.142670707761622197e-02 -1.125156611491555381e-02
1.148824017449303139e-02 6.950607627162679134e-04 6.744177856397195851e-04
-3.919464186176665338e-03 -2.856260339634719442e-03 -1.461813088602979468e-02
-9.551751216164432526e-03 -4.162302312255014916e-04 -7.275238797694074918e-04
6.411464936163095360e-03 -3.272682717047567524e-02 1.724229241507725142e-03
-8.358223261690170963e-03 7.495650803791790041e-04 -1.626069772944300964e-03
-1.119764513627279599e-02 2.177261629133511733e-02 -6.179185622393841559e-03
-2.859095724617274469e-03 -3.710060752769243474e-04 -9.967999435061089975e-04
3.443066853723000982e-03 -1.675404011935527696e-02 1.996071623285827063e-04
5.015659499771545765e-03 1.854651612329559149e-04 2.911726167778678977e-04
-5.026804549122145492e-03 1.387051994303143375e-02 -5.095136693232460261e-03
2.047321000295092026e-03 -5.589264962278708143e-05 -5.184824063145070105e-06
-2.261733632195888667e-03 1.673624009635057627e-02 3.436186064088652499e-04
3.557241285103118680e-03 -6.959130521174577456e-05 7.819881506290358910e-05
-1.219559973014849733e-04 2.169113331887468753e-03 -3.306766484338578404e-03
7.432436150836741265e-03 -1.794050229782066797e-05 4.794031037282770434e-04
-4.450515147936667630e-03 1.901778629294060760e-02 -1.219238028275682756e-02
9.272929180144421149e-03 2.872756055508829051e-04 -1.436584654562911983e-04
-1.327525595744897743e-02 5.776620752671567105e-02 -1.090997554207082804e-02
-6.122931722612362819e-04 2.315540684430279100e-04 2.821558797248340748e-04
-2.501053784855635388e-03 4.116645495354581512e-03 1.061409027607805936e-03
6.001175977121639762e-03 -4.836350685895433876e-04 6.655468709076115853e-04
1.013422329242689903e-03 8.635621948143721097e-03 -4.285274917674562582e-03
8.228187735375102480e-03 -2.165383383544434819e-04 5.153833073090671995e-04
-3.671286787111583110e-03 2.437612773912377698e-02 -4.327140581740689627e-03
-1.177470110858863227e-03 4.430610964641123247e-05 6.376707803048336717e-04
6.131847449017090168e-04 2.067091227441595572e-03 3.535131957774978527e-04
-1.085140607048852394e-02 6.637075041052366460e-04 2.504451242939624567e-04
-2.074198695538661142e-03 -5.147151092960123957e-03 1.730269714078946355e-03
-3.345216074032978347e-03 -5.979209010809230333e-04 -9.189824192885227025e-05
1.338430676859376752e-03 -7.940626381450901355e-03 2.788686302457058170e-04
-1.385171793862240847e-02 -1.104004425415519228e-03 -1.654985240664652796e-03
1.420061377140948225e-02 -2.306108196046875031e-02 1.060714752559452183e-02
1.559555743140204117e-03 -1.599859591725619808e-04 6.807653865827388616e-05
1.063045075894699688e-03 -6.972273733869356800e-05 -2.040095524732770272e-03
1.466508848794049157e-02 -7.192034681615874780e-05 1.534707895556469432e-03
1.830638542253415013e-03 -1.227929656539467757e-02 -8.612075459527928148e-03
-6.614119595953728108e-03 8.210741648905872745e-05 -6.571396632927329652e-04
-1.206439259486824240e-04 -1.838085153112007817e-03 1.137765082859130636e-04
-1.767944092157614031e-03 -1.217365288604235003e-04 -3.154202805872868159e-04
1.216950934696221093e-03 -3.568973074336053396e-03 8.347199589268372837e-04
-2.060782822538237413e-02 1.704459987046717979e-03 -2.435545826943243813e-03
-1.314245083760767763e-02 1.935799073097883502e-02 5.082380648387908526e-03
-6.783458894170147670e-04 3.394373544360982514e-04 -2.688494090185280724e-04
3.250874492771502373e-03 -2.954864378532690711e-02 4.019305722526090099e-03
-5.949232286316756373e-03 -8.534600781271621875e-05 -8.307793547048928674e-04
1.958910431355443890e-03 -1.125851520279858541e-02 4.540583754948482147e-03
-1.789691941399945132e-03 8.507807053229029300e-04 -6.442727964235831026e-04
-1.131229629836802419e-02 3.892248656242796451e-02 1.673154756910738995e-03
1.043464331305490704e-02 -2.170499404019113733e-04 2.725595743069412135e-04
4.747366712384639385e-03 -6.075304410561536278e-03 8.930884316772146753e-03
-4.690921173723741795e-03 -1.769834700985900696e-04 3.782010872669934291e-05
4.004263068345064076e-03 -1.690964918996237798e-02 3.599569133226197164e-04
-6.627896002324741402e-03 5.716803783698280652e-04 -6.673417060086722120e-04
-8.591309257342073097e-03 3.457305558843309229e-02 -4.421526985315695629e-03
4.135556410988307056e-03 -1.038393525792018733e-03 2.112460270154080887e-04
8.917116410980254274e-03 -1.367506719096468065e-02 5.587428123854114650e-03
-6.338748126057449153e-03 -3.250111601332597295e-04 -5.719335088805022451e-04
1.658252805431151928e-03 -2.470799828514638492e-03 7.249534675363607239e-04
-3.809560554337166043e-03 -8.143424571500617465e-04 -8.385798134769588581e-04
6.522244790533850145e-03 9.409969183141585897e-03 8.530678151487050206e-03
3.759374378685773500e-03 -9.852723703945890591e-04 2.958735540915174511e-04
1.021361992116621639e-02 -1.324920088549937786e-02 7.069822852954214983e-04
-5.883557732187632769e-03 2.542697516302468131e-05 -4.673827244329562414e-04
-1.288825431279355714e-03 6.977339705859383033e-03 7.977725598697936243e-04
-1.101804106175064205e-02 1.579186137582594407e-05 -1.546336028538496154e-03
3.553236088355820471e-03 -7.186149745173518559e-03 1.169483418193692503e-02
-3.052998048705463183e-03 -6.685513519260704012e-04 -6.715635340692690820e-04
9.050065729684942176e-03 -1.874546643326756301e-02 5.687881236563342366e-03
-6.677956249474675809e-03 8.727833957270932606e-04 -2.418882076244933889e-04
-5.723468731222895386e-03 -1.169158882923627876e-03 -8.523448836328349765e-03
-4.402411022461351527e-03 -5.732662487497550705e-04 -3.218726317492382740e-04
1.829429249410091142e-03 1.089607721499576826e-02 1.149822453474060382e-02
-6.101524953386426977e-04 -4.399634603911380028e-04 2.835986890387779975e-04
4.823523496990295839e-03 -3.105408792853891087e-03 3.293905605648122115e-03
-9.881569421417020840e-03 4.116405327294131097e-04 -1.732633483185056552e-04
-1.704424778310706205e-03 -7.511530465253245421e-03 5.829259748563963249e-03
-5.422248507351269675e-03 1.028287000554366736e-04 -4.611725012041401842e-04
-3.188342004380864854e-03 1.869640658051235221e-02 5.833335495388884684e-03
-1.069621589124099617e-02 4.368385150498557863e-04 -5.315048775510452031e-04
-6.192982335078772108e-04 1.292952326036744684e-03 1.492802355301385553e-02
6.908972302236319292e-04 1.006031888413581312e-04 -4.841705739869726650e-05
-1.303971219929521766e-03 -6.498525583511693612e-04 -9.100789424613068418e-03
5.109483759910007916e-03 1.062707433522714663e-03 -7.473423465910607709e-05
-1.971947422779187983e-02 6.265723352250816836e-02 -1.888603867627800664e-02
6.867661909946779983e-03 7.727069361987625676e-04 1.856911566634880661e-03
-4.086130785258831367e-03 3.823796545866305248e-03 -1.225214684101677727e-02
5.373366743237929614e-03 -4.205939549684718434e-05 3.400663487626034119e-06
-3.756627268224841439e-03 1.399944079531171941e-02 -7.493291613525483036e-03
1.614055202091811258e-03 1.070923487330981442e-03 -1.119440463565810713e-03
-1.477783686989374637e-02 3.848808595787357734e-02 -8.358395100212114015e-03
4.614212418226848467e-03 -7.254828485792862158e-04 1.760097921161285451e-03
4.899001562085221299e-03 -1.240040787368408516e-03 6.778365341438419159e-04
5.172604157806387666e-03 -2.671069876624115186e-04 3.366035629634567109e-04
1.765964880489254499e-03 -1.225980267737090956e-03 -2.880798174607820342e-03
1.811958279004448466e-03 7.946910202373796278e-05 4.365809991851205452e-04
-5.276455610772814043e-04 -4.213676865871872866e-03 -9.818062224864674420e-03
1.082668883684628422e-02 3.356364911472858696e-04 1.036811495052510817e-03
-1.962872365390821170e-04 -1.393665078330398079e-02 -1.153769052966724731e-02
-3.209890947173695778e-03 4.119750610683064161e-04 -4.099561648000548449e-04
-2.613017571505458440e-03 -1.113092148407439190e-02 -4.710105863811060896e-03
-1.927480914568802496e-03 -8.634897987574104736e-05 -4.775116538480899449e-04
7.525840371903881826e-04 7.454330462123060635e-03 6.363316619905240792e-03
-1.510350611435164040e-04 -1.116817812269648227e-05 -3.500703940135040755e-04
3.195696513671350721e-03 -1.481827951129144165e-02 1.775727774286173320e-03
-2.797285746640998101e-04 2.416052086539863838e-04 3.975525451084899946e-04
-2.070199157142755403e-03 1.971072792670485168e-03 -4.396263967518368454e-03
7.343295030873157013e-03 9.668316553780461307e-04 5.850328783405932698e-04
-1.693374546310768072e-02 5.048145495882178785e-02 -1.753541689265836548e-02
5.860523079315642023e-03 -1.560856864033805663e-04 1.214496338818439256e-03
2.512179629062469884e-03 2.348099840518890792e-03 -2.191953723991665187e-03
-7.177319451371779293e-04 -6.725106033774881881e-05 -1.842111716012492307e-06
-9.465001927788327949e-04 -2.710430646590052551e-03 -3.124961490014619044e-03
8.385883782992917257e-03 5.251604486266187033e-04 3.475275819869734061e-04
-9.755728328497239796e-03 3.325551262132920433e-02 -1.027453929049241405e-02
-1.366401573874943874e-04 -4.461214582776573657e-04 1.092993426135750414e-04
4.409726542026726551e-03 -1.251456654098526480e-02 3.496334124986484300e-04
-3.362634918059810877e-04 5.021488451277645411e-04 -4.812696667134723429e-04
-5.547870372584038159e-03 8.285914907807273924e-03 -4.200975441868180955e-03
-7.553392051068231160e-03 3.138491241148448629e-04 -1.273763689060230121e-03
-3.466198845672153594e-03 1.571250697864470455e-02 7.193322477836073918e-03
2.734586285873476155e-03 1.717265674841407627e-04 2.768571495398396403e-04
-3.069205108286985478e-03 2.653271654262079424e-03 -5.282936408294906794e-03
1.681613373591348600e-03 3.819605474842556123e-04 6.387289054442306336e-05
-3.746890407082149356e-03 -8.776637075097625711e-04 -1.265713389070738729e-02
-3.002835828385052967e-03 -3.067511009524038438e-04 1.355760050592686415e-04
8.905073273241843760e-05 2.226295480814360211e-03 -5.025473558754906846e-03
4.131617189727973538e-03 8.618781237499440525e-04 3.141104932663956514e-04
-7.067075700446704030e-03 6.514119453877088330e-03 -1.062451058486754522e-02
4.767540020258683418e-03 3.150969246970732052e-05 2.036425600702406998e-04
-1.401311974585515074e-03 1.086570567060743875e-03 -1.083507656813416375e-02
1.955960254897181564e-03 1.982101419031376656e-04 -8.860709779262340019e-04
-5.614314901487396474e-03 1.294056778356121595e-02 -7.110194546575427516e-03
7.938980233427116173e-03 -2.535022908493494466e-04 1.297181167701967012e-03
-1.234062733326405422e-04 1.333261336408788841e-02 -8.248087150120347877e-03
-2.509351901501256075e-04 5.537003107942484788e-05 1.505387575932831386e-04
-8.415399864437899139e-04 1.003389661403260216e-03 -4.288471527466648781e-03
9.544489062469691714e-04 7.081474906453304706e-04 2.372630610400637725e-04
-1.560966222911097136e-02 4.610006049095764086e-02 -1.469115048551194666e-02
1.138786433090620102e-02 -4.622252592467205809e-04 2.362685387019413698e-03
1.504753723977447603e-03 9.902906481362484109e-03 -1.444486878411098407e-02
-1.848966664324790338e-03 -5.377687429334958562e-06 -3.148736309193444030e-04
-7.966437688298551225e-04 -9.058730645053927454e-04 5.769286446708249454e-05
8.677564369987134920e-04 3.453699312857437184e-04 2.920338632460537688e-04
-1.398116298196664699e-02 4.286872757776642034e-02 -1.702659677624825119e-02
-7.205057754115482037e-04 4.920684695388985582e-04 5.627172609986558606e-04
-5.276145536413898857e-03 -6.408542458256065617e-03 -9.918270752283358735e-03
4.888672717712547319e-04 -3.864295680662381289e-05 -3.736065454218462107e-05
-4.436791501204848825e-05 1.828715433217502091e-03 -2.511514686604250732e-03
1.323193081576844697e-02 -1.763041891817676479e-04 1.457697443198231139e-03
2.597470510779200346e-03 -1.049242036117281791e-02 -5.645961568729320271e-03
-9.039966240070214116e-04 6.706374189382867000e-05 1.575838593791691576e-04
3.306415061246047995e-04 -3.622476960654396217e-03 -1.316068263120642994e-03
-2.991373418498375139e-03 -6.175243391556535857e-05 -6.583660283578730886e-04
1.355219277838457274e-03 -8.505467711241738310e-03 2.197137551106129964e-04
-3.588544115146011151e-03 1.022771129450027097e-03 6.718171537219998733e-05
-1.503234198476136041e-02 2.843013999035020820e-02 -1.957610487029017368e-02
1.345850880278672175e-02 -8.888632806070819944e-04 1.431028510664804267e-03
9.109745058955509567e-03 -1.849052580986833283e-02 -3.983207616673381524e-03
-2.689698488010215920e-03 5.455537079635967629e-05 -2.680317508594185416e-04
-1.782788171973274808e-03 5.546960488552823282e-03 -9.620287605364891180e-04
-8.006354689182373094e-04 4.795916938725843046e-04 6.944716999886496166e-05
-7.694789837839132764e-03 2.086278542807416814e-02 -8.629279053760770474e-04
3.324480902553704834e-03 1.482558661607101275e-04 2.419993936935374720e-04
-3.054599715448559193e-03 1.560407954837314190e-02 -4.051453079771381882e-04
-5.760132582644658487e-03 -7.589761360000035414e-05 -5.406987998201608862e-04
6.999259044875332696e-04 -1.224295613390995413e-04 1.254226143998061517e-03
-2.228061682222666744e-03 9.759965488309066363e-04 -2.953179103346308294e-04
-1.036246765742137275e-02 1.210780432477465661e-02 -1.290935914490982418e-02
-9.506339430462838053e-03 6.858387814812670971e-04 -7.924547546816775555e-04
2.766504898402478204e-03 -2.939056438779696565e-02 3.319987548233676276e-03
-1.289928038983954438e-04 1.554148014760371624e-04 1.023270770981584354e-04
-1.504301499417908493e-03 6.076970005736403654e-03 -1.433107819830596943e-03
-5.129261434225073843e-03 6.013712825440199316e-04 -8.621247746781842596e-04
-4.600471681701852160e-03 8.751696787387408527e-03 3.324917479002957674e-03
5.265762871127755221e-03 2.211944648801977831e-04 7.815277579015054033e-04
-1.506015194362523776e-03 1.340208653130187111e-02 -3.992632871678783273e-03
3.137469885024588977e-05 3.756218833311199745e-04 2.321761480678185459e-05
-3.406700784715646548e-03 -3.176177465474508844e-03 -1.110076225232824350e-02
-2.792920500117913180e-03 4.590318396963191400e-04 -3.461398625022191417e-05
-9.153744092418173925e-03 2.563950564495407966e-02 -5.520738428792050338e-03
-3.724321039381449979e-03 4.402475108959342295e-04 -3.483914366768036362e-04
1.047298798874580529e-05 -7.167592398541303665e-03 1.553545886625032433e-03
1.146429145363981293e-03 9.620910763974768742e-07 2.356857432140826341e-04
-2.625174031782347020e-04 1.992601091887890186e-03 -2.369544035263380227e-03
2.421505152208710925e-03 -7.044144901735809733e-04 2.391643764089489751e-05
5.145988171878143440e-03 -5.959414308806953650e-03 -3.457484862546527943e-03
1.107789799667404686e-02 -3.793203265385792101e-04 6.838893105963648415e-04
4.501726319526533002e-03 -1.242535480861220974e-02 -5.268994115932592454e-03
8.693485119176506265e-03 -3.243824499706477772e-04 7.379393395503442863e-04
2.781665998998134656e-03 -4.605133448987986516e-03 -3.476406032573364606e-03
2.671297924496399134e-03 -1.697980239661552081e-04 1.179524621339627147e-04
1.313549960816462209e-03 -6.908378999513574079e-03 -7.891111975072303414e-03
9.321388931949104589e-03 3.758625046154502559e-04 6.981208802127117363e-04
5.094111348086488144e-06 -1.305866282276723495e-02 -5.107636072580464676e-03
-1.382724457204936993e-03 -1.037532739625905091e-05 -6.507122747711463332e-05
6.976226300139110590e-05 2.209908440510909011e-03 -3.771282611707213461e-04
6.188563927565188076e-03 -3.382602270670506586e-04 7.376685372914387967e-04
2.713638480977806182e-03 -3.629627453975360629e-03 -4.801322950575170889e-03
1.360643354701531436e-02 -5.184281697849378763e-04 7.068337070079298758e-04
5.925042637988513737e-03 -1.501963329244842410e-02 -5.256039851345943939e-03
2.397263066862844860e-03 -2.568459329028635867e-06 3.368002296713015092e-04
3.693092187970593659e-04 -1.097520058149283832e-03 -1.181463976283018621e-03
1.320742503836616795e-02 -6.292563748586266908e-04 1.404213307261700750e-03
5.596220163536592962e-03 -1.048804891799355078e-02 -5.212558232272827656e-03
3.164282251848224165e-03 -9.459929617718759991e-05 1.622230773768495245e-04
1.050451597212270511e-03 -1.666851646525006935e-04 -3.161668088213101611e-04
-1.009996525246780082e-03 -6.095075270023606051e-05 -1.120871254709534777e-04
-2.420882783845178503e-03 1.211346674542131650e-02 -4.240248164873187432e-03
-8.743722242873204833e-03 7.193164198331268230e-04 -3.668937422184408680e-04
-1.384047937635579000e-03 -1.553471848821880684e-02 -7.565542918185005645e-04
-1.898936459026823653e-03 3.498866649835008719e-04 -6.436658799528771364e-05
3.277546849259047740e-03 -7.407308238046305358e-03 8.760267043578758624e-04
-7.000728308642299984e-04 1.495106339606351240e-04 1.722224478250584273e-04
-1.628613933450311730e-03 1.301703567473431154e-02 -3.335644184753833673e-04
3.697358040430102390e-03 -2.991920103163534482e-04 -3.575236041039034016e-05
-2.391809624480554022e-03 1.970252953009055119e-02 5.101070530492640242e-05
4.364815243543869287e-03 -9.841188982861602715e-05 7.010009552539986409e-04
1.412660809745374096e-03 9.252813875902959895e-03 2.917663446285685192e-05
5.780536309351629563e-03 -1.492782034924114822e-04 6.461705925148572213e-04
1.999735839629580153e-03 -4.828603309437990744e-03 -1.820665138416093865e-03
7.977903626792640090e-03 -4.394243761416589435e-04 8.272148084992644434e-04
3.828481716481830794e-03 -6.721002333610988887e-03 -4.185594350514076911e-03
7.792051906791454784e-03 1.988170380140855901e-05 6.695911594286589478e-04
4.766800712337436181e-04 -5.174331706141000603e-03 -4.682952327954008342e-03
-4.231317938902228598e-03 -3.511007081112593763e-04 -3.284402485859304788e-05
3.164466411782562803e-03 -1.557459102229940629e-03 4.560569771403428542e-03
-8.337469671175375824e-03 4.271486837938007946e-04 -3.914069544684452111e-04
-6.813998879964080699e-03 1.447741436460521849e-02 -4.756434596846029227e-04
-3.132978113745250870e-03 -4.977224282763803185e-04 2.876245953511277135e-04
5.662498003622721231e-03 -1.317901223937254993e-02 2.526884294138425496e-03
2.070209688363446043e-03 6.856715261946653972e-05 1.963856906973053778e-04
-3.917151737262432971e-04 1.470405600975986356e-03 3.335586178886812132e-04
-2.270162684602449864e-03 7.842059795212691126e-05 -1.861961624470889743e-04
-7.986001896219549695e-04 2.555720787797074577e-03 -3.496419885149619792e-04
-7.226929699791121526e-04 3.621916041380478452e-05 3.689620032493672015e-06
-5.443126945606107693e-04 1.803601498680326579e-03 -2.756634165426819589e-04
6.899006168642060448e-03 -3.107592469901105173e-04 1.684254295638591345e-04
-1.597030220285399447e-03 1.728982066588648919e-02 -7.148496145237811204e-03
5.904922352011914358e-03 -5.792072820372251574e-05 6.412462374641219806e-04
-4.815669547659768082e-03 2.944245626973852545e-02 -1.046705710244558336e-02
4.697633842490762587e-03 -4.017378827947826886e-05 1.028263505226915172e-03
-2.511076436024087168e-03 9.798910722263799201e-04 -1.129599172899719423e-02
-4.161230503566338938e-03 -1.535366783926252394e-04 -1.531457067186401094e-04
1.244156417006280369e-03 4.681299468737976262e-03 5.243614272432677720e-03
5.951173370726580217e-03 3.494772007849649906e-04 3.099427343918353299e-04
-6.693931357244500661e-03 2.767997598560443043e-02 -6.766481864313906441e-03
3.408595493100950746e-04 -1.177847060310777952e-04 2.091654622338049233e-04
3.392069188707478623e-03 4.655125526872591103e-03 7.285349074846931595e-03
2.551831248265174108e-03 1.439428510249126346e-04 4.197812155991909912e-04
-1.744565965422567415e-03 1.556877491479812491e-03 -8.746974633496116050e-03
-4.089843482370643553e-03 3.829758249423481815e-04 -6.379963444335304658e-04
-2.920096840082883095e-03 3.122028369413695379e-04 1.196591677892736190e-03
3.647319103792806810e-03 3.614515029350007127e-04 5.203030068289542405e-04
-1.560277149449227187e-03 -2.133277165782334738e-03 -6.877376092316849626e-03
-7.129801122166918789e-04 -7.511589342525456939e-05 -2.243564581353044509e-05
1.458977643634438038e-03 1.858800569850569372e-03 2.559004987377285975e-03
6.300631466394489982e-04 6.496949479753667475e-04 1.195478792104357835e-03
-9.713001339768764092e-03 3.396948304587679712e-02 -8.462680416990315743e-03
1.139568010379217108e-02 5.836530921679398964e-05 1.978387755589137553e-03
-4.990784623263323609e-03 1.785253712021234174e-02 -1.184787269932681061e-02
1.571832504220426049e-03 -6.927325713661697032e-05 3.405994453671569141e-04
1.484265694105940062e-03 -1.607038434898039108e-03 2.783700794077256270e-04
9.251490739696915933e-03 -3.446298552242735031e-04 8.228320574355664063e-04
3.895479442739703708e-03 -1.033951565042252364e-02 -4.565991881573024797e-03
1.394006130124612886e-02 3.156831591331384491e-04 1.033470216291223522e-03
-3.049329417422586659e-04 -9.247617224195236671e-03 -4.980440061098709466e-03
5.794343298647676443e-04 -7.042275000496991087e-05 9.918098147304447477e-06
4.291991547479950255e-04 7.026224511661200572e-03 -1.995752195590409696e-03
4.538089453882771868e-05 3.926854330108127920e-04 8.835126482948233492e-04
-4.626130233867439302e-03 1.435744935610429665e-02 -1.374161876912181543e-02
4.692525651272112103e-03 -3.507316579960326197e-04 7.856896665308879969e-04
-1.761713646600206141e-03 2.773043977133968913e-02 3.347095268240125117e-04
5.145706610189986104e-03 -2.131107808792338581e-04 5.814840799944075329e-04
2.318165921478499477e-03 -3.710674135760444730e-03 -1.513348463827530284e-03
2.884655191070903315e-03 -3.724448611317123653e-04 2.591175896537945477e-04
2.955394118060287317e-03 -4.771225356492081980e-03 -3.745153035910876900e-03
1.077052056998561991e-02 -1.601579814400434299e-04 9.315288330466060243e-04
4.071785615879739209e-03 -1.452977347176352685e-02 -1.140109811605480783e-03
