-3.606080343953614431e+00 3.670460779303305276e+00 2.604014318548515394e+00
4.591616699410208113e+00 4.496414134266395024e+00 2.748393142935268707e-01
-4.572433365247262849e+00 -4.449938485009731437e+00 1.577896354543176560e+00
1.262449437620354331e+00 -5.338350275160382630e+00 9.446977613024207798e-01
-5.422784275272160004e-01 -1.301322884497649213e+00 5.459730700696958650e+00
6.358429428166244568e-01 2.324017196381756190e+00 5.203936558099901966e+00
1.047708304593164136e-01 -3.201055578876222274e+00 -7.824521032613829696e+00
3.694847485833878231e+00 2.571677147127222174e+00 -7.007156315841873706e+00
4.351308822939314425e+00 5.501147197426109470e-01 -7.584001250000031114e+00
3.526113346080807176e+00 1.659593899289030672e+00 4.567644009398544647e+00
-5.497141279768254840e+00 -7.005618409353746578e-01 -2.977855895752196780e+00
-4.623161310738013619e+00 -1.582900072939183334e+00 4.976773836328802325e+00
-1.354717402565686735e+00 3.718962004764033047e+00 2.326508574159568132e-01
-4.497400481276787043e-01 -5.289567027494233464e+00 -1.480478594444935847e-01
-2.253501495359057749e+00 -2.537181877496765825e+00 5.615363062048484011e+00
6.978252797459534307e-01 -4.410420457811460082e+00 4.580451860621196580e+00
-1.140792509521642906e+00 4.805400346542682222e+00 4.147075353630054195e+00
3.680238517540334264e+00 2.383256191908088795e+00 4.638372495388909833e+00
-1.659717041579080510e+00 -1.320989729273968960e+00 5.452764817924606433e+00
-1.807624916802367698e+00 -2.039080829538761463e+00 -6.133683950265850449e+00
-2.012646499008426404e-01 -4.986889804088271205e+00 -3.752917586152082485e+00
8.984142605179377961e-02 5.005109324199827903e+00 -4.103404977876047077e+00
8.687982674498215818e-01 3.240366672657083669e+00 -6.682643952276977828e+00
6.782187900471211561e-01 1.293242293401028586e+00 -7.842412247467305697e+00
3.859340584456980139e+00 3.898108873856186651e+00 -9.353460052426876281e-01
5.763926168024753771e+00 -1.618173292312295786e+00 -3.084986653884520980e+00
1.949397729391290524e+00 -3.275318411804671204e+00 -6.252369081783745841e+00
3.373132697833032712e+00 -8.053253957824409170e-02 -6.546755437450973325e+00
4.280519105949624148e+00 3.853120473953399738e+00 1.959335309247275170e+00
5.382716335350179016e+00 -2.608178018467851800e+00 3.366468915612648161e+00
3.019508776444699283e+00 -2.097841641907380872e+00 4.019502856220032783e+00
3.527865583634830493e+00 2.157658449204956419e+00 4.929516557430913437e+00
5.788210427525340762e+00 6.881857519249653388e-01 1.373651783349805200e+00
-4.485359029664818920e+00 1.809565893797504543e+00 -3.150141964963582009e+00
-7.462035793092662850e+00 -3.183233706530133045e+00 -3.094764352061235790e+00
-2.319347506292947614e+00 -2.257190669872598754e+00 -7.516033114270892490e+00
-2.740280841845633475e+00 1.708995749317835156e+00 -6.524094454189696357e+00
-4.822699740199198004e+00 2.939520622037226971e+00 3.884476314220799420e+00
-5.705715842862983500e+00 -2.566174813253729869e+00 1.734049959879150116e+00
-1.124234571073994493e+00 -2.032830609222336271e+00 6.490538309962536445e+00
-3.632061035333185028e+00 3.732097593028784743e+00 7.920375380323381620e+00
-6.115043305543464314e+00 -7.113867441270280700e-01 2.229338997228366148e-01
-3.448394410249036479e+00 4.098544396647229249e+00 1.470464166452877253e+00
1.574724697762717618e+00 4.762515339936677528e+00 9.597564077874727317e-01
-2.292074049786513523e+00 -3.548082059178900849e+00 1.042154995744945190e+00
1.772418099980836326e+00 -5.761989196970040972e+00 1.263202801160453914e+00
-2.920151841831625905e+00 -4.432154503314611915e+00 2.432071362363755096e+00
-2.250178827112011337e+00 -3.810132835612103364e+00 6.949946193771476821e+00
-2.541655774121462930e+00 -3.974566820663494759e+00 4.387483727056494587e+00
2.518325843338137915e+00 -5.406015951970890576e+00 4.434364445289448176e-01
-5.711332862889114681e-01 -2.843130477096876163e+00 5.187432570252073383e+00
7.606579393071023487e-01 -4.681047247781312315e+00 3.416208381137906258e+00
-8.115593066948303402e-01 -4.648866471787894028e+00 4.533394169653262473e+00
-3.628374397782078375e+00 5.841342473505157784e+00 5.103752941027925871e-01
-1.678350709772203686e+00 2.639082806997743891e+00 6.613512720353346808e+00
-1.956637977993594735e+00 4.741145947751665091e+00 1.090876952378565967e+00
4.174211004678409331e+00 4.131990591068300134e+00 2.394701782264360368e+00
1.851146495878616793e+00 2.234434833167336265e+00 6.298707440035918204e+00
-1.368991857931395106e+00 3.748396452119589384e+00 2.511749668446608741e+00
-5.857558547733306142e-02 1.428704676443388388e+00 3.763112457416882162e+00
-3.475432989183776522e-01 -1.067829872089414822e+00 7.216057564310380812e+00
1.008796338995089359e+00 4.492501044554614298e-01 5.694594409694387238e+00
-3.328466149736119650e+00 -5.680293860915269555e+00 -2.197428637841613241e+00
-1.332951686253769141e+00 -4.362505319425652672e+00 -5.502358670161765275e+00
-7.589872182370621667e-01 -6.329452534399171881e+00 1.566872545978689191e-01
2.462866080117316780e+00 -2.966342176562168476e+00 8.021933098692423103e-01
5.675315670119758238e-01 -3.311117216423450138e+00 -6.187317067368161005e+00
3.928867428265334083e-01 -4.852092821058865191e+00 -1.372756829778223331e+00
-4.557224858464875017e-01 -6.191677580503652578e+00 -3.017458818596615799e+00
-2.197210654713212197e+00 4.882310302903551502e+00 -8.639182625701451457e-01
-8.400543311636872179e-01 4.801941258788057887e+00 -5.282237732430486332e+00
-3.305039303334042167e+00 4.999741992564921134e+00 -2.116970247699025975e+00
4.313303535962807800e+00 5.179679780587095550e+00 -1.917266480697707109e+00
2.623007640426605058e-01 2.486406433189188636e+00 -7.447712060303365966e+00
1.551862004386649119e+00 5.786529153321766650e+00 -1.524548793782828815e+00
2.343491318120001665e+00 4.361176122457917081e+00 -3.634259601993196753e+00
-2.293841562619529095e-01 -2.777052391743999316e+00 -7.520288010088693298e+00
-2.878284340506222505e-01 1.832474664169815970e+00 -8.596163445922650581e+00
4.457923410698762190e+00 4.080849453456481868e+00 -7.162095074894422320e-01
3.666939986534335283e+00 -1.454861049070813872e-01 -2.593438168108357367e+00
1.928379174934649720e+00 2.116397800861083756e+00 -4.726286491549910096e+00
3.632206057073482874e+00 -3.914060229271260738e+00 -1.846531161471654192e+00
5.283251185227486602e+00 -2.925117324298986965e+00 -3.848156019822768670e+00
4.523319973817444328e+00 -4.654790548860190391e+00 -5.525884844514966865e+00
3.007317456507101916e+00 -3.604037692550523975e+00 -7.081528666895277269e+00
3.449380574235481944e+00 -6.754916373985460076e-01 -6.457336804157335131e+00
1.963893535459748652e+00 -2.625449531798166092e+00 -6.547597966455626306e+00
7.928287582665883848e-01 -1.973977223580297036e+00 -8.439819655821752420e+00
5.731408164255528348e+00 -3.139167884393564201e+00 -7.486462463074651907e+00
2.298186686350631280e+00 3.450399923739614128e+00 -6.215992819177921902e+00
4.975456647688601741e+00 1.803380637516747154e+00 -5.469809979939965316e+00
2.734964114630639376e+00 3.294979564735192046e+00 -5.036172293175760650e+00
2.217360366965824614e+00 1.265311094917566326e+00 -7.757004451820717073e+00
4.727126206511255369e+00 2.086407873167321458e+00 -4.903335278593504043e+00
2.547962926037228737e+00 -2.328409502678687737e-01 -6.082985980152732175e+00
3.753369807740012387e+00 2.802522202219286385e+00 3.373407063701935993e+00
3.922794782856942941e+00 3.489136904172809750e+00 5.799756644568136998e+00
1.870206324153478539e+00 4.120611063964688903e+00 4.947328965003463530e+00
4.420033299578272512e+00 3.860594979987991504e+00 8.615233056659163946e-01
4.782400010099727261e+00 -4.708016757372009309e+00 1.056100852536118628e+00
5.345992310194781716e+00 -2.662818015922445714e+00 5.349351754228837130e+00
3.467431147706273364e+00 -2.524828813271954520e+00 3.513140228451240077e+00
6.676028942032120383e+00 -4.247627861920739711e+00 3.167987641112672836e-01
9.715831119966650276e-01 -1.990361975471312217e+00 6.102025829893799269e+00
5.080013372338005873e+00 -2.070279885170623668e+00 5.705381048226401575e+00
2.281653644082890064e+00 -2.589604228317738066e+00 4.640601001846260232e+00
-1.085755577876100358e-01 7.077440050487301959e-02 7.877187778925525130e+00
3.450846469952548290e+00 -4.996478674802666275e-01 4.803767173077086561e+00
2.082954181660242821e+00 1.603516775345405820e+00 5.803512859193092233e+00
2.239364861045968880e+00 1.975282652913242343e+00 5.101631667429823658e+00
1.144015402792658342e+00 5.345379849534709571e+00 7.131773188275771780e+00
1.608033663129277979e+00 1.188272396060656710e+00 5.825744158125974792e+00
5.609453629609078895e+00 4.200885992727901863e-01 5.269060852887541557e+00
2.048144321649459698e+00 3.241644297761650861e+00 5.589615026755601512e+00
6.374478267478910887e+00 2.020639248702930768e+00 -3.660214636048858772e+00
4.945811318782070920e+00 1.895796187460307980e-01 2.894757329790445421e+00
5.620445837268538192e+00 1.136150157905151170e+00 -4.429070299471308814e-01
4.939421917200085943e+00 -1.971582211982562338e+00 -1.353901889988878393e+00
6.141121673983337637e+00 2.314468621475007648e+00 2.862681170543999620e+00
4.694977361241048364e+00 -2.192600602398198539e+00 1.434150455177652494e+00
-3.054082366446671859e+00 2.920837782280117700e+00 -1.098406396989858091e+00
-5.736231801846439105e+00 6.846074819920079917e-04 -3.985390480374777500e+00
-4.167720723074108236e+00 3.248467432441294989e+00 -2.988644146591772355e+00
-5.389200420790244195e+00 -2.856464971843584610e+00 1.045326316596569161e+00
-5.464912369806535608e+00 -2.010601575287818132e+00 -3.749078819686223696e+00
-3.610645922795784557e+00 -3.300541476107461847e+00 -3.410829144579861083e+00
-1.819388906613392365e+00 -1.105527248751880132e+00 -8.822455323156292550e+00
-3.428237629740030989e+00 -2.144040716963437454e+00 -7.784388767535562081e+00
-1.964541943276276736e+00 -2.882308242443802460e+00 -6.307290684626696731e+00
-2.677479495279604382e+00 -1.565930426773959327e+00 -7.706319777924147907e+00
-5.599098650235452723e+00 -1.773516379865445192e+00 -4.049188208539226785e+00
-1.163307396823242801e+00 8.781140398390772095e-01 -8.208320068638634837e+00
-3.766762059283589981e+00 1.011028992328504711e-02 -5.976527542625270861e+00
1.116344218354008017e-01 3.073965079666339140e+00 -4.780970494674274818e+00
-6.583732377780436573e-02 -1.895951171628190046e+00 -9.332478575462040737e+00
-4.132168215572801451e+00 2.088915513343247099e+00 -3.934985255490114131e+00
-3.320419346201182620e+00 8.031247444185013462e-02 -8.324768506131299262e+00
-2.359422434583981154e+00 5.565850039438904773e+00 1.385626540554023345e+00
-2.863388297592518228e+00 5.005337986034356090e-01 1.588393671593317125e+00
-3.699334347942933032e+00 2.680429268220377192e+00 5.339336991954021450e+00
-2.511676470853268395e+00 3.178976246336699063e+00 1.474360533354898140e+00
-4.889677558230631327e+00 -5.297484869134600594e+00 2.075067960430223013e-01
-3.688872315853313211e+00 -1.128139704269254473e+00 2.719547671004556300e+00
-2.090296025837977911e+00 -2.958008314997204735e+00 3.015141087417587240e+00
-3.416443055859211597e+00 -3.577614280911517231e+00 5.050870968776660641e-01
-1.535970192681925361e+00 -1.619146317562567328e+00 5.918853062626273420e+00
-3.516608048704590761e+00 7.165091390950922845e-01 7.581305795422259131e+00
-2.104193820415927618e+00 -2.699508951788400779e+00 6.638593037499656901e+00
-4.988093770879366562e-01 -9.074577738400896321e-01 6.939573656330496831e+00
-2.422469622185785099e+00 -1.893452939415202430e+00 4.844644456899342977e+00
-5.625685868450496230e-01 -1.053650858619939040e-01 7.517456359502629581e+00
-2.197213715215129870e+00 -1.093728580788101867e+00 5.623184455424360628e+00
-2.952355755134792759e+00 2.667817479947773851e+00 4.624234142769552136e+00
-2.657574575587508203e+00 2.396630619327119849e+00 5.953575223096492230e+00
-1.300223505608490981e+00 2.017590387890599024e-01 5.597176728070989427e+00
-3.222886680213744359e+00 -1.902072323970128487e+00 7.688529316404329350e+00
-6.123732761862159535e+00 -4.955770995048448813e-02 -2.279431252458719470e+00
-5.500555165273708802e+00 3.351812848075420570e-01 1.077180486048445962e+00
-6.031644248446460743e+00 1.316711413841671563e+00 -7.312000854139423245e-01
-5.944825388646172826e+00 -1.981323203999135085e+00 -2.070716229246511997e+00
-4.328421306323789963e+00 1.804804202090095622e+00 3.128134259751870427e+00
-4.449568041452983458e+00 -2.110710899466981427e+00 1.350989634142381268e+00
-5.044173164486728922e+00 3.934544691315357223e+00 1.659014800748903617e+00
-9.405579904259582236e-01 5.303942037523868613e+00 1.613494536006346403e+00
3.155137615680647212e+00 3.242667820351748720e+00 1.056996448975287217e+00
7.208734961791964935e-01 4.927033165351279109e+00 2.917500364666978374e-01
-4.319050805470984855e+00 -3.156036394046790150e+00 1.288660634546153760e+00
-1.341642277485165957e+00 -4.474101421105920906e+00 2.728487845133912071e+00
1.711687339529510909e+00 -6.033018615417137021e+00 9.545432320028748308e-01
1.377240867194871710e+00 -4.909795478669874313e+00 2.248449669859535482e-01
-2.115289016083945040e+00 -4.697523544394869077e+00 1.448163560053307819e+00
-1.450591723123396015e+00 -6.249100638392752316e+00 2.712207081025834299e+00
-3.328769956493340842e+00 -4.697263681961852733e+00 2.073497929011671737e+00
-1.319307085080872355e+00 -2.451542327133197308e+00 7.632767420699220651e+00
-1.922053250584460748e+00 -2.158464381729761516e+00 4.649375328553497333e+00
-6.944042615942161989e-01 -6.252440840657200738e+00 8.179905184865680079e-01
-2.315728866099036054e+00 -3.109418753787048573e+00 3.164061452544937758e+00
-2.463795247833611590e+00 -4.950054721454685058e+00 1.661485773133311250e+00
-3.462396375542677873e+00 -4.971596852271170874e+00 1.985499423337121039e+00
3.750509566777780801e+00 -4.201298481234860382e+00 1.581900319034750257e+00
4.040330859249867679e+00 -4.978999858464596251e+00 1.553226088148405459e+00
4.260636406365013507e+00 -5.020514164141034463e+00 3.037820765696966685e+00
6.422700653565144302e-01 -3.298926099155155001e+00 5.788407866663696666e+00
1.408035041928589637e+00 -4.633660751024081925e+00 5.176303358382901898e+00
-8.301310985193661729e-01 -2.955469833571173766e+00 5.049129690228042477e+00
1.321068329686121645e+00 -3.486722790564403152e+00 2.718878466736736055e+00
1.299361652329358074e+00 -6.408382487367327407e+00 1.613170593443332912e+00
1.629359063146228692e+00 -6.842595173861150570e+00 -5.886041855792386590e-01
1.318364817407098988e+00 -4.076273529822274533e+00 1.979077114128814596e+00
1.228318296714146385e+00 -4.890851217361464442e+00 9.748506229677698087e-01
-1.233211466918243460e+00 -3.634480532060386349e+00 3.687437009645656349e+00
-7.945180007611397643e-01 -4.025511642685133396e+00 3.351022156231082239e+00
-1.298684127853850567e+00 -2.205100722919556944e+00 4.803638937627932926e+00
2.758141280949820140e-01 -6.434799605658569455e+00 5.609255055138665291e+00
3.304206763872044594e-01 -4.036358864347622699e+00 6.465980880702169031e+00
1.969765649893269466e-01 -4.768091922745480105e+00 1.102037547958551800e+00
-4.325322997594431840e+00 3.070308592719573682e+00 -2.054629951732341031e-02
-2.377227800535340663e+00 3.856884710688692319e+00 2.983528330425255337e+00
-2.914586516673161487e+00 3.234205582942559776e+00 9.823688264311077889e-01
3.067565008492998957e-01 1.496768519684369636e+00 6.344595878466601668e+00
-3.171283631558996063e+00 5.250159302211356405e+00 3.951784808964509121e+00
-3.634327344666449799e-01 4.797165105098104121e+00 1.868638406179368161e+00
-1.180324077708819308e+00 4.200461582928607385e+00 3.322004850409260968e+00
-1.085308723668724218e+00 3.641978092188620675e+00 -9.255397387560038158e-01
-6.734330482967008091e-01 4.105999332580331007e+00 3.451701716436809120e-01
4.022853369688064618e+00 4.822966199491039774e+00 3.083297855155595180e+00
2.558549216207991694e+00 3.559157238454956129e+00 4.125445286752232654e+00
9.593613272882611787e-01 4.172956420477196282e+00 1.216366253308876821e+00
1.916708846211576889e+00 3.587984445754488494e+00 5.695875554152119769e+00
1.737745433990335098e+00 3.061719872227328221e+00 3.304855445987815887e+00
1.458579770693481326e+00 3.406863084512960160e+00 4.764971577860682928e+00
1.413816340157171725e+00 4.929537214933587208e+00 9.657964154299361059e-01
3.973557198387854594e+00 2.569143242097982949e+00 3.776954904684773684e+00
2.956888762267995130e+00 3.343532082874530076e+00 1.742565054758056453e+00
-7.159163787904235798e-01 3.342821801943548721e+00 2.717166670825859498e+00
3.103772197481812878e+00 5.439460631429176907e+00 2.507094139454154824e+00
-1.131341638832259466e+00 2.549894112707317362e+00 5.587087490457925298e+00
1.628233167510940493e+00 5.072920597868264103e+00 3.145189448069903637e+00
-3.354885312114033180e-01 2.606162444813611145e+00 7.093288892187779915e+00
-9.814185143658249802e-03 2.512846932782638820e+00 2.727453774303955747e+00
2.040650735042526254e+00 3.562100224531511206e+00 5.153383116643214912e+00
8.388738547206026075e-01 4.267939932886209320e+00 3.654071957327970743e+00
-1.760570995492200197e+00 -1.335355905558779588e+00 7.070076043393716425e+00
-2.917672714526354572e+00 -1.495590263551364041e+00 6.941216366080493749e+00
1.176201792541832880e+00 2.583231021242547776e+00 5.976900328270567719e+00
-2.404048907624284137e+00 -4.861153567413091792e-01 6.025965094751531304e+00
-4.584338165108255758e+00 -5.304777431997600878e+00 -2.671160554005010734e+00
-2.162662792526745537e-01 -3.670388645046887444e+00 -3.889142554318032463e+00
-3.654568582543124666e+00 -4.121599823879734004e+00 6.992857950016169444e-02
-5.498134378637918873e-01 -3.201184331732363386e+00 -8.886167945015966296e+00
2.668274777698427247e-01 -4.755208346308537948e+00 -6.394268584136335143e+00
3.808101069071918032e-01 -4.354894068460091638e+00 -7.306631347178700331e-01
-1.743780942821828717e+00 -3.904587642019267779e+00 -1.128015371151206869e+00
-1.675093061793097915e+00 -6.998705073068330229e+00 -2.240855172113219940e+00
-3.012584698208141454e+00 -4.482385156968058837e+00 -1.244854272817167873e+00
4.332017016500921969e+00 -4.761123942622064398e+00 -1.481345249297612465e+00
8.861604399375543339e-01 -5.438765023771112261e+00 -3.991266981822559679e+00
2.218211216271632757e+00 -6.326113386142660389e+00 -1.797287723925775627e+00
1.883824679400949664e+00 -2.672880337254937899e+00 -7.657071634706908547e+00
8.624323231359570796e-01 -2.119111751092663809e+00 -6.214300829466982812e+00
1.592449747582844466e-01 -4.246859105474979579e+00 -7.788556767891585686e+00
1.833876385041694590e+00 -4.450159937257481602e+00 -1.655510937943445171e+00
1.438603974930327212e+00 -4.967077757238280711e+00 -3.548533664268811894e+00
9.148629513148294201e-01 -6.717947082877500087e+00 -9.727825276227314300e-02
-3.715115050804539409e-01 -3.748830865375276211e+00 -1.821369760085905343e+00
2.290956526162369666e+00 -4.976483639296069406e+00 -3.256699472055080591e+00
-1.967260168393556663e+00 -3.619998661689512343e+00 -4.315646544719056621e+00
-2.516949204010781593e-01 -3.551286125268168892e+00 -4.969832290994569135e+00
-6.124857460631434325e-01 -3.599987653739280979e+00 -4.383164510127724789e+00
-7.433343118751988277e-01 -3.992027363575386900e+00 -4.770946616792075545e+00
4.315904764334638211e-01 -5.783135860325770317e+00 -5.677461913959883866e+00
2.038179602406282598e+00 -3.752013252320526515e+00 -2.333541186615648577e+00
-3.177713733778719796e+00 5.150361920002176852e+00 1.418336357468544362e+00
-3.742567363775731515e+00 5.214646117763213518e+00 -1.368495172316780861e+00
-2.428870353068155907e+00 4.216966268487079006e+00 7.208707556623651369e-01
1.247564390265702761e+00 3.293234261174966537e+00 -7.104108021690806574e+00
-1.658404684314732203e+00 3.369699747619993246e+00 -5.311094836922556794e+00
1.032738899178707315e-01 2.047642031250855865e+00 -1.494828256934876698e-01
-2.265348468720511654e+00 3.683321586487681376e+00 -2.115662042596890391e+00
-2.282330607613363149e+00 3.917917198222510056e+00 4.817064512148223621e-01
-1.513928682264712444e+00 4.462928487682023437e+00 -1.644391771381153777e+00
4.679719952293977414e+00 3.325423416550883360e+00 -1.777295908302821692e+00
1.884362262930080689e+00 4.137058455020419245e+00 -3.060792761295073827e+00
1.173417585753778081e+00 5.197173993813829718e+00 -3.594310698794893066e-01
2.362414252955288507e+00 4.045170828948993602e+00 -4.974209134893248674e+00
1.735118424355471145e+00 4.042050576220750813e+00 -5.412182266067365077e+00
1.104853153490995998e+00 5.413312125539607500e+00 -4.811517432683381834e+00
6.808189951871583823e-01 3.786051299519076707e+00 -1.137824239007335647e+00
2.044428036513224800e+00 3.065514367913168670e+00 -3.303690147540164990e+00
2.826422501478527138e+00 5.678948504654813156e+00 -8.260040130391597124e-01
-3.363916946263321162e-01 4.075292391501919909e+00 -2.828073133157632313e+00
1.919783762505051783e+00 4.531818295678466058e+00 3.088394324902406507e-01
-1.280743861967202468e+00 4.966631880741587679e+00 -3.114027992862367089e+00
1.635079225723460317e+00 5.074343207205063599e+00 -4.415443371695456420e+00
1.763511641361847015e+00 3.647738255942525765e+00 -4.090073153604267375e+00
-1.250806150664274252e+00 3.909966579127581721e+00 -3.381511948217745367e+00
-1.830696635310641585e-01 4.801425247952328057e+00 -4.106518314295134253e+00
1.195319513640658915e+00 4.923353895813732173e+00 -1.878199398305991252e+00
-1.010438468579823688e-02 -2.183406528006279768e+00 -6.872366801563494221e+00
-5.378550813468488956e-01 6.611911130377069457e-01 -8.286526890560210745e+00
3.356399815525600516e+00 2.244192597413849466e+00 -8.808256772804844204e+00
1.857855064775545850e+00 4.010340563934005620e-01 -8.052397419825382485e+00
2.725257696520050121e+00 3.368028536545107698e+00 5.505662259950194759e-01
5.045215561839524909e+00 3.887612593800397587e+00 -8.421128917811806502e-01
2.013936397705962111e+00 4.033186069005742169e+00 -1.078690222362635120e+00
3.650587923705502114e+00 1.511008820546711373e+00 -4.064631300030882244e+00
3.364286904007870227e+00 2.092935072849588796e+00 -3.307646950949638232e+00
3.150104837240945699e+00 2.394581903494538810e+00 -3.698492764084652773e+00
3.613997033355573318e+00 3.015051225832480863e+00 -1.976236371767424949e+00
1.634185747880218420e+00 4.554050014450712780e+00 -3.493683932104695078e+00
3.954878747425048857e+00 2.185561700228488835e+00 -2.446884869894362602e+00
2.042329461976962079e+00 -2.812242186738229233e+00 -8.808154341871294868e-01
4.530234683195550893e+00 -2.673750641786222904e+00 -2.210626794373842685e+00
2.482256752996639282e+00 -4.993420114404938381e+00 -1.639757122322907712e+00
4.818922974525039038e+00 -2.965493261175786266e+00 -6.166836534523672420e+00
4.740291379786055970e+00 -2.188625469546720659e+00 -4.692751711288527972e+00
2.459227789888981608e+00 -2.603882453786573237e+00 -3.873774294907455840e+00
4.708571175644333806e+00 -3.633928727322323748e+00 -4.457050102387275281e+00
4.212621095585937780e+00 -4.248819240007226661e+00 -3.951991694152851231e+00
5.918662924807483350e+00 -4.786386408547360638e+00 -2.595325439425477665e+00
1.770475297824728234e+00 -4.018615158664720965e+00 -9.000631555442133447e+00
2.356646574026044938e+00 -8.960347253219089758e-01 -8.285335277063712311e+00
2.346390493969443103e+00 -3.760858112775678386e+00 -7.192385073607075796e+00
9.673696017859567675e-01 -3.556083312709910071e+00 -7.403302528690752560e+00
3.567113024975160585e+00 -2.815287623043944421e-01 -6.507779716025735794e+00
2.978709572820986029e+00 -6.585442790503983623e-01 -6.608030977514137483e+00
5.070498361717286073e+00 -1.323898102772180785e+00 -7.570492456053862007e+00
7.430660459276705598e-01 -3.462861166942014179e+00 -4.314904930601350053e+00
2.361667535392067752e+00 -2.784193846014789031e+00 -6.489019817034097137e+00
1.217610294294610762e+00 -2.911055646878113023e+00 -7.826780812552138755e+00
1.998334276958003031e+00 -3.318797066597990675e+00 -6.984866637958027979e+00
1.095393008196623441e+00 -3.682233301499040934e+00 -8.342264308495503045e+00
-1.013647563082126002e+00 -2.659996840776006066e-01 -8.162090302940146813e+00
1.582845677038277499e+00 -2.124278095116606924e+00 -8.074766078520388746e+00
1.952003226581304762e+00 -2.206237493777088332e+00 -8.209155914429450362e+00
1.215870282908239730e+00 -1.980344216915029376e+00 -8.367555901068593371e+00
2.829814420183761836e+00 -1.413356239596768482e+00 -3.983960649882498650e+00
2.244564106430571027e+00 -1.638245201154101327e+00 -6.223811457596208463e+00
4.231225167348227956e+00 -3.251392491385080574e-01 -5.131097709283383601e+00
3.907451122070113136e+00 -1.020820528016253670e+00 -4.206618326546220921e+00
3.024034724134653018e+00 -2.136215170201094082e+00 -6.862685182013240848e+00
3.377204012883428419e+00 -2.630002404221962298e+00 -5.792535848025342382e+00
3.552332782202129113e+00 3.148137536748859766e+00 -7.729953088416790408e+00
3.638784544535173637e+00 1.914510769575710647e+00 -5.915063169095768458e+00
7.667980235495347463e-01 3.396432240841816164e+00 -6.657060480306302708e+00
3.348663843538394858e+00 2.143885861158989048e+00 -6.851761955854420272e+00
4.661941180869492385e+00 -1.572562988098140380e-02 -6.910135962725875380e+00
3.061032681201117711e+00 -1.485852191895205565e-01 -6.656602521045173582e+00
4.997491075939695548e+00 3.990795323774602998e-01 -7.730643640723876331e+00
3.838981172001325604e+00 -9.906239675760140084e-01 -4.539156055400184187e+00
3.241967163714989386e+00 3.780058418427119538e+00 -4.318849191609749560e+00
2.878966879427443892e+00 1.667841804971069930e+00 -6.288745887089025821e+00
1.248560625579684835e+00 4.804171896021914634e+00 -4.860713979626710923e+00
2.267288650639199155e+00 4.530967893709114236e+00 -5.540223047034603887e+00
2.645527021065003037e+00 5.263751497316406791e+00 -7.775886375101587866e+00
2.491854736581077479e+00 -2.179657989185080635e-01 -8.226305719508330228e+00
2.247689323088593483e+00 1.952526291633227995e+00 -6.915189700554773111e+00
1.119812675982250649e+00 1.618851996154223816e+00 -7.203642837724667736e+00
2.539517221168624328e+00 -1.335237310852184001e+00 -8.753249441840576850e+00
1.925708930562849419e+00 1.219179066512342313e+00 -7.483011589202313907e+00
4.895329287451647637e+00 2.280372287104697637e+00 -1.517526919754298653e+00
3.020960477910054731e+00 2.602962620448718400e+00 -6.039042368854650178e+00
5.004838163588912536e+00 1.429738013582942058e+00 -4.124241975360751766e+00
5.237568552974106950e+00 2.280125871689683947e+00 -5.757197234711631140e+00
4.541728015874966218e+00 -5.760934555124039846e-01 -5.238552077617225855e+00
1.553514298920916081e+00 3.376061628106743484e+00 -6.722348378313251160e+00
3.600271482800730283e+00 1.310190649858338219e+00 -6.529118134516672001e+00
2.695899669825345679e+00 -2.371875533527486590e-01 -8.885152325623341341e+00
3.923777507233834783e+00 -8.914452484411227173e-01 -7.503565055859987787e+00
3.060110311841833575e+00 -9.364599167856332493e-03 -6.380717165522426626e+00
2.312710313700309772e+00 1.289334515027773298e+00 -7.842690253877171891e+00
1.209825074119892818e+00 -2.372253475016743995e-01 -7.297213885287505697e+00
3.619670595852193085e+00 3.303422198347546690e+00 3.061732468689506437e+00
5.361188689702323096e+00 1.557852801676501420e+00 2.570922286887897812e+00
3.936280532033578528e+00 3.644100227824485838e+00 2.292261537371762969e+00
4.188383237385429503e+00 2.862499713559284231e+00 1.426060627370226985e+00
1.869502749207827108e+00 2.676569112793953931e+00 5.949926705162208229e+00
5.534959341472910133e+00 2.862842678660991513e+00 4.127799669242794067e+00
4.151079264231624322e+00 2.064989490592687549e+00 3.383302610382008524e+00
3.414374104646909824e+00 1.869763810546831939e+00 2.661917196898102134e+00
3.567000168892221712e+00 2.364079763095543019e+00 2.523641610079689013e+00
3.148952947769560140e+00 3.608941453071558669e+00 2.883806482472529797e+00
3.648933504341628442e+00 -5.572243572382568587e-03 -1.444744753376788760e+00
4.259462252064734500e+00 2.245815543428609118e+00 3.665663327400426219e+00
3.697746685041965353e+00 2.779164804569410396e+00 -2.000792161575699168e+00
2.932638264459294319e+00 1.173758596166969204e+00 1.805958412708495997e+00
2.440250069788588050e+00 -3.098055200628066164e+00 1.563770361926001551e-01
4.995153687751526128e+00 -3.090815872816934373e+00 3.223741969852982336e+00
2.822018523608239793e+00 -5.551509722198398222e+00 5.294089382776013819e-01
3.423322862306813708e+00 -3.760956861055032352e+00 3.053764208315642992e-01
4.224723498934870314e+00 3.926509225277340920e-01 4.231695700163744966e+00
3.593054261661273063e+00 -3.600354026113644856e+00 2.011590624039504061e+00
2.418384066489527751e+00 -3.363454229062957435e+00 4.289599078636554097e+00
3.481807064863277734e+00 -3.127267468049983457e+00 3.791310712744988987e+00
2.884106525359136697e+00 -2.681302752390987809e+00 1.406752236513695742e+00
2.768215555209476708e+00 -4.934804021665152085e+00 9.809481169229153918e-01
3.866711002134013420e+00 -3.906854196166249960e+00 3.070716388550053921e-03
5.554478334298825537e+00 -4.939293027389326518e+00 1.267371961448832962e-01
3.218248212461708224e+00 -4.904954479363744291e+00 -1.004344338738157649e+00
3.812238427902357785e+00 -4.639560394911510066e+00 -3.822973894765712144e-01
-5.098356327278409372e-01 -1.964932141470695948e+00 7.819449928428788610e+00
1.879022660687939661e+00 -1.675797166992283538e+00 5.785097176937306074e+00
1.458834525437697316e+00 -1.890477404627867619e+00 5.780781235021476228e+00
2.241656084557195339e-01 -2.561976634926775631e+00 6.284598167707789784e+00
4.549725802511021655e+00 -4.145197989115070314e-01 3.819221944424070703e+00
2.386109106025077864e+00 -4.685896714314901068e-01 7.663612114124174646e+00
3.063993622559652241e+00 -1.071042330198456627e+00 6.055436967614232557e+00
2.051418466872307000e+00 -2.659185454337780641e+00 4.128377933872612537e+00
2.872087712202691989e+00 -3.617534882094099569e+00 6.515454585325731962e+00
1.423685606669931047e+00 -2.918020319015119046e+00 5.646629073917512898e+00
2.626942283851313675e+00 -3.543763331602384437e+00 4.574649779437875985e+00
1.989795447919817217e+00 -3.107505611041998073e+00 6.475108922232829300e+00
-3.942742583932816736e-01 9.926306931658364086e-01 7.800618019829033578e+00
1.543224167565337313e+00 2.114795485421486765e-01 4.185200020920457398e+00
8.142660653151585493e-01 -1.031182922269063162e+00 4.923755996768655052e+00
2.566445360308140078e+00 -1.520160558171270937e+00 6.944161313548034897e+00
3.489948745972271116e+00 -1.462214149186267242e+00 3.596705968271235232e+00
4.889737071966599125e+00 -6.166379873000618073e-01 6.820718082958467932e+00
4.883271563370080059e+00 -6.962107602587330746e-01 4.679416540972130889e+00
3.007575072818990503e+00 -3.856656400388327022e+00 3.337339411367342468e+00
3.128214044501165247e+00 6.677569492202763968e-01 5.945319227974659171e+00
3.526236811535352622e+00 -1.334322129385528521e+00 5.994603495586930286e+00
2.522011492338442018e+00 2.530162299545525073e+00 6.468277705316282322e+00
4.854297229747836617e+00 3.540975718616945045e+00 4.868989582961450679e+00
5.363322990039868232e-01 -2.534876327872712665e-01 6.666263189198971872e+00
8.854968427111630236e-01 6.440404279478865179e-01 7.267348171738142959e+00
3.222679327552606221e+00 3.971513615066303959e+00 5.555607710144609079e+00
3.337060831394510263e+00 3.605040738349966301e+00 4.318538857116053009e+00
3.897210346808802406e+00 1.961898776923923116e+00 6.732849370296785096e+00
4.111443892824145685e+00 1.144346636735606104e+00 4.021530705584061671e+00
2.321273739276632053e+00 1.376224669609552809e+00 8.111281092199199350e+00
1.522502643767555064e+00 3.398236859600801019e+00 4.990316251394284031e+00
4.034875517543086154e+00 2.516882890174292786e+00 4.504885145885601183e+00
1.096671868411108308e+00 3.030696927232884530e+00 6.426655169891719588e+00
1.981137245739153618e+00 4.023948589153859778e+00 5.774662838601535952e+00
4.120258665048233127e-01 5.370541510082466052e-01 6.535265572039834048e+00
3.153768230222977476e+00 2.667415267718857841e+00 6.535137783022936908e+00
1.419702965436440811e+00 2.081851018789261598e+00 7.420623391008858150e+00
6.236829447511097468e-01 3.453642149005871964e+00 5.513788576271727138e+00
1.027070907609789252e+00 2.332612138153624670e+00 5.622469521563135508e+00
2.179376821332413172e+00 1.442557305555988156e+00 4.475645505687548820e+00
2.860392475207746532e+00 1.621554803964616820e+00 2.822300383329427120e+00
3.254380622493068476e+00 1.746815491982713464e+00 5.599054069315421600e+00
2.175019285970971605e+00 7.661622739138564953e-01 4.668840520957939333e+00
4.850696153803347066e+00 8.221169756340698243e-01 5.095561140140790535e+00
2.927112505428681732e+00 4.363768045591872813e+00 4.595373181055558476e+00
2.146856089554381786e+00 -3.030377855576595336e-01 7.187035775366919843e+00
2.026112658466151295e+00 2.511710950974251344e-01 7.352912857040717398e+00
4.028831536034721772e+00 6.067762321863926500e-01 5.243319580108296130e+00
2.214657490772823145e+00 -1.331396561357539809e+00 7.613014665565168038e+00
3.276023159175546429e+00 1.236321634299090810e+00 2.979336148001131779e+00
1.159048031178830929e+00 1.830972021626019908e+00 5.686670584129988271e+00
5.224071191983061802e+00 -4.971568747923794107e-01 -3.844505637277010113e+00
5.605797843165074568e+00 1.988201909119377220e+00 -2.872447679869720272e+00
4.384082785233110791e+00 3.498242422973608101e-01 -3.606186728451037382e+00
3.900269678817354535e+00 -7.761966886992505144e-01 -4.283594454856754830e+00
5.649304891159197872e+00 3.129027710291912290e-01 3.291859207229995476e+00
5.928886151644307212e+00 -3.282262933316808518e-01 1.836432001324598273e+00
4.539555851019582811e+00 1.655364160514405159e+00 4.004345200838171692e+00
4.949819756563260675e+00 -1.572502758648037513e-01 1.381769666920836803e+00
5.272283750909547706e+00 3.088613549108273126e+00 -2.007837895032918762e+00
4.446784414092531001e+00 -3.951804119399579540e-01 2.546725894099611809e-01
5.864659810424347697e+00 8.452114386314973915e-01 -2.023765661488071910e+00
5.264797407364110171e+00 1.960848955122113990e+00 7.793823901262657561e-01
5.202974438996059270e+00 -9.443542986389903415e-01 -2.788308620542107708e+00
4.195766550045049392e+00 -1.229884785636184974e+00 -1.744906776216014421e+00
5.314099334414058795e+00 -1.185924644583498666e-01 -6.061768852864207746e-01
4.806496854192632284e+00 2.983521208568351568e-01 -3.117091535378242462e+00
6.197221418589934139e+00 -2.780521135305056291e+00 -9.885295046349441561e-01
6.842166966417439156e+00 -1.844357050481763238e+00 -1.947278452948668193e+00
5.589627591645823124e+00 1.432081731750076914e+00 3.601219976206525342e+00
4.320895748275005666e+00 1.415972557560563949e+00 1.682907657358119424e+00
2.998548539013063063e+00 3.194440548756798393e+00 3.633391576355957220e+00
5.115697908347709877e+00 2.883196845373390271e+00 1.899312848485456673e+00
3.767321075015521714e+00 -8.571483609326859820e-01 3.491007379621091200e+00
5.408393309352221401e+00 2.008190832707563267e+00 -1.493360979954123202e+00
4.946231426050221813e+00 -1.465492332107642959e+00 -4.856923690002194482e-01
5.843384386254376395e+00 -1.727298392188520326e+00 1.021427134520785485e+00
4.953889974924975625e+00 -3.266920786163412416e+00 1.260352401747991458e+00
5.780892258208862877e+00 -2.661871125726313903e+00 -5.411331893110128410e-01
4.818503992394650659e+00 -9.599137250596662119e-01 3.445351685752707560e+00
4.627981274431012260e+00 -1.964928150982457211e+00 -9.432726775530916874e-02
-3.363191472609664334e+00 4.778629346208194129e+00 2.011110012401444713e+00
-4.192154766965032309e+00 4.198222112703835940e+00 -2.271268030541100824e+00
-4.980367058428440963e+00 3.869283120897899053e+00 -5.674537521204303658e-01
-5.290290233579235668e+00 5.199930462801807124e-02 -2.989737594870976789e+00
-6.850898982685875716e+00 1.171116602745518209e+00 -3.642475978126977321e+00
-1.815060699614813977e+00 4.361311577240830850e+00 -4.257698528710471386e+00
-4.029349215001632345e+00 1.900630883424586859e+00 -3.654984941372978913e+00
-3.478849053905018973e+00 2.661473297793611525e+00 -3.824143797327797856e+00
-3.260169403795505350e+00 3.242709062343483772e+00 -1.898699174640057441e+00
-5.086085101774927786e+00 -5.482030104807086524e+00 2.047221161219787700e+00
-5.055424804150943530e+00 -2.107671367612542923e+00 3.706882983421357913e-01
-4.471100082248881336e+00 -2.501309981352227485e+00 -3.254636486316119015e+00
-5.306808176165839441e+00 -4.281970377331117739e+00 -3.946930800477962631e+00
-4.911451704247000727e+00 -2.378888457492517872e-01 -1.937395675371773818e+00
-3.288477767336735358e+00 -8.817375585357662970e-01 -3.477014594598628161e+00
-5.350885839659618171e+00 -3.213265629623266229e+00 -3.450266075646893693e+00
-3.850792450854078730e+00 -2.797681653157509718e+00 -3.730197328137838664e+00
-2.942681277739611190e+00 -2.973441690462808484e+00 -1.754051908236966550e+00
-3.096650721196898992e+00 -4.384493364687996220e+00 -7.126351605476077822e+00
-2.388888476024879637e+00 -2.855339538181139059e+00 -7.914206371371579785e+00
-1.228414039914064615e+00 -2.481818107996009548e+00 -7.030788642325152438e+00
-1.743127922116354478e+00 -2.030346758718234668e+00 -7.554834738259730287e+00
-4.624929409724631846e+00 -1.881024609478980647e+00 -4.362115213799908631e+00
-3.886470217697810092e+00 -3.393761388453669703e+00 -6.500233043336641536e+00
-5.870349631942766599e+00 -8.456057860376091639e-01 -2.872648000163155135e+00
-1.454479785393946178e+00 -2.840542236259436137e+00 -4.910899223796132418e+00
-3.637444922222328625e+00 -2.464165911719397695e+00 -5.564493285009077361e+00
-1.468284016294721717e+00 -2.876848339520540421e+00 -7.421133127899728343e+00
-4.224931502714884601e+00 -2.676392313495276287e+00 -4.090746366759753450e+00
-3.802056920107319549e+00 -3.672950867487168480e+00 -6.475353086235617894e+00
-6.180430502248306368e-01 -1.528635221627506979e+00 -8.734696475979889740e+00
-3.518174751580704029e+00 -1.131151678391148607e+00 -7.437557439789553193e+00
-6.664626735440806748e-02 -8.410659445208610308e-01 -8.100992127539132781e+00
-3.215512809093506341e+00 -2.347840788437958626e+00 -7.113114816092176440e+00
-4.373509526723679208e+00 -3.109798786743722676e+00 -4.158921018764851318e+00
-3.152820349297830393e+00 -1.529714918890385578e+00 -5.255504986006299895e+00
-5.409197442156866487e+00 -2.929736219183994184e+00 -6.350293016373135480e+00
-5.357633982577121756e+00 -2.683836961688997658e+00 -4.009210137922498696e+00
-3.918022375328360063e+00 -2.781780516273890669e+00 -4.728905355828471713e+00
-5.121103566232129367e+00 -2.585193959450988288e+00 -4.968198246793294359e+00
-1.743630508431031623e-01 2.344532272640688308e+00 -8.748135034198913473e+00
-2.387437923919740079e+00 5.696611152648607401e-01 -6.586345238253604073e+00
4.280779386705350631e-01 2.161546540452909060e+00 -6.380213165738922498e+00
7.503458656161512419e-01 3.445623345049671382e+00 -5.237333266659935482e+00
-4.753211347172392465e+00 -1.150832159776135510e+00 -2.666539630196206545e+00
-3.757848350045980279e+00 1.457515330396335296e+00 -7.228427188596876718e+00
-4.818855638465223024e+00 -1.769962766542219901e-02 -4.343688814755390482e+00
-4.243282720450586964e+00 -1.286199624077320136e+00 -7.656267298790877085e+00
-1.591670316903017524e+00 5.373184039644519849e+00 -4.736120575111007369e+00
-2.697197077427653245e+00 1.785784021811289701e+00 -7.541802698270775096e+00
1.650971930346798233e+00 4.321625976205186070e+00 -6.724439328203863475e+00
-2.372135734781054772e+00 4.312381724034153763e+00 -3.661876589959855099e+00
-6.247131378626810116e-01 2.505257200775501403e+00 -4.421114300591175272e+00
-1.587793791198500060e+00 -2.334710561098489179e-01 -6.732925708291737088e+00
-4.521111722433593383e-01 7.266745534804185391e-01 -5.999947592809220076e+00
-1.970390312188761983e-01 -7.869625055023151683e-01 -9.168897596847143561e+00
-1.843981850994001803e+00 -1.177693592698471070e+00 -9.476086210562872481e+00
-1.869022594592969044e+00 4.075159308639612732e+00 -6.617237933844953623e+00
-4.300953050959453350e+00 3.008096104249418534e+00 -3.940729287137762604e+00
-1.256841517503254346e+00 8.562099785068175706e-01 -4.375695185746483418e+00
-4.139896986536589552e+00 5.537816717416007561e-01 -4.589578354289564288e+00
-2.945234299355362850e+00 1.278207900252905205e+00 -4.462428904484776915e+00
-5.811569004134379490e+00 -1.388944692375601253e+00 -6.165193114941870611e+00
-2.780791816695394658e+00 2.699484055433956087e+00 -5.480210269039596405e+00
-3.835123627011645997e+00 -1.096338932127498111e+00 -8.606877311506863748e+00
-2.275104829565828712e+00 2.854731657823011748e+00 -6.403356584835748322e+00
-4.386586175562880996e+00 -1.082048842122262933e+00 -5.819996759990669233e+00
-3.772033009538291459e+00 -3.687959784719697098e-01 -7.798319245710866099e+00
-4.243885795372392522e+00 5.692153385693594220e-02 -6.812141637172439701e+00
-2.509560732803914007e+00 4.266919486555472707e-01 -6.428899956798498572e+00
-3.741754505119038843e+00 4.707201452863319702e+00 3.591100298056494555e+00
-3.548268553094714228e+00 2.470636556710131604e+00 2.077696150835707023e+00
-3.361378532359275528e+00 5.440061783035796239e+00 6.155412089205590798e-01
-4.066543370219640963e+00 2.710809609032354572e+00 1.758289240904958195e+00
-4.507714924088527475e+00 2.453608281505623268e+00 4.968656959830137332e+00
-2.480331513593648118e+00 1.354252765199053465e+00 2.061852247715222575e+00
-3.811213851863378466e+00 4.180944785753861304e+00 3.734737385269733867e+00
-3.029620020333632979e+00 3.339722457170180014e+00 1.989762846076441383e+00
-4.821408787168920185e+00 4.902327719797513694e+00 2.876402929598045333e+00
-3.432460365982071160e+00 3.605425380528922474e+00 1.836912224373309144e+00
-3.303539410862532666e+00 1.439632816691881478e+00 1.031037498635907212e+00
-5.345144552204062371e+00 3.058589274430137284e+00 2.863710879014015998e+00
-4.570041255717120166e+00 4.670672445909539228e+00 1.177112714676001204e+00
-4.214208457062122548e+00 4.613605431365437326e+00 3.820928259208146160e-01
-6.281601291742680004e+00 -2.462293074077414712e+00 -1.107349547332767914e+00
-6.260719587569977485e+00 -2.243497330625970676e+00 1.054268252401645123e+00
-2.734416489548455953e+00 -4.659448808680457965e+00 2.078063790217297591e+00
-4.888714661807770590e+00 -4.441148653810667035e+00 2.592861567191330430e+00
-5.485278945966441277e+00 -9.147583260602429878e-01 4.666454627545203238e+00
-2.870026062523211685e+00 -8.349580909833881348e-01 2.640594974026216235e+00
-2.141591408126395368e+00 -2.693331082278124455e+00 4.231888819660787782e+00
-6.145784870689807278e+00 -2.392924706511005084e+00 1.956837713854330474e+00
-3.924890803191170452e+00 -2.107551370362499288e+00 2.243697778855990421e+00
-4.123278573023657856e+00 -2.147581269181121133e+00 6.797337415810272843e-01
-4.626687239313564959e+00 -3.403922600509463603e+00 9.392073773866134179e-01
-4.926569177359243490e+00 -3.850434490042985214e+00 2.388763554746829332e+00
-6.599251305630025932e+00 -4.509696537677256423e+00 9.508083971929710554e-01
-4.228648754919788644e+00 -6.270707771415974463e+00 1.624812742131293675e+00
-1.331072276614808869e+00 -9.253739818217152635e-01 9.320257167405475940e+00
-1.389727392872620371e+00 -1.417717216941468905e+00 5.775247602064967900e+00
-2.518762709057634996e+00 -1.795396802748724596e+00 5.901291273559843731e+00
-1.103872682715753673e+00 -2.792019506747426050e+00 4.818055138721254238e+00
-4.337684110079080391e+00 3.420819557171116410e-01 5.645470546622627595e+00
-2.830015950362934962e+00 -1.788636145107624476e+00 6.394199468144585730e+00
-5.877866861254895881e+00 -2.541611433878516180e-01 5.774726162930777562e+00
-2.380488964075562208e+00 -3.197261363752023300e+00 4.617841220829671300e+00
-2.054634602714547675e+00 5.898130212660472604e-02 5.503421152014442264e+00
-2.218855584450376117e+00 -4.141932702250135101e+00 7.945597752813199577e+00
-2.489539479963645441e+00 -3.857995249509555080e+00 4.918157406358932171e+00
-2.164018488986636957e+00 -2.893569914308380397e+00 7.234821950106291588e+00
1.289786616028960331e-01 -2.030352683316502205e+00 5.850337401497413659e+00
-1.499360383884916992e+00 -1.770738400480988517e+00 6.525652040993699110e+00
-6.148336609285959264e-01 -8.414262784286603569e-01 7.138436409036592600e+00
-1.521737869960916978e+00 -1.983946612323727710e+00 5.250302489346259982e+00
-5.594749243460346300e+00 -6.693749873914285331e-01 3.139621277302991675e+00
-3.108595420133962506e+00 -3.224689691937252078e+00 6.833591024017698246e+00
-4.751403763434058902e+00 -5.117725269783531816e-01 4.738688887776134173e+00
-3.998807963457120529e+00 -2.764641796048771472e+00 4.105745570806744738e+00
-3.117279263577247495e+00 2.161132853130567633e-01 5.868456835291355311e+00
-2.388972410968297044e+00 -2.280699536999539756e+00 5.041572030353075995e+00
9.965339371785317812e-01 3.095977885179288069e+00 7.379182489898324704e+00
-3.380778848741303300e+00 1.620257626748655477e+00 6.268734652609651015e+00
-3.894085359507885258e+00 1.165653077447206476e+00 5.636450995507247264e+00
2.356155080452491599e-02 4.161100086455905012e-01 7.551688670608555753e+00
-5.553823057724399881e+00 8.298059757853916141e-01 6.791989764770756111e+00
-3.273730341961449408e+00 2.249346249153246990e+00 4.387257004921456982e+00
-5.240277202963462777e+00 1.577787539329595257e+00 5.456431013058486990e+00
-2.938946578179003399e+00 -7.357936081865501521e-01 4.686017232490761408e+00
-5.145163896979224605e-01 2.367465240826994055e+00 6.109342650195234370e+00
-2.583862534427919577e+00 1.509033182599465839e+00 6.022747086465990662e+00
-1.200605465348732581e+00 2.214241173078544733e+00 5.429612369286687112e+00
-3.641066210884005727e+00 4.223583116367900736e+00 3.813657125770371970e+00
-9.842121936001747562e-01 1.845411570689586833e+00 5.930491762690612845e+00
-2.457917539578724497e+00 -2.064289064263959139e-01 6.110961291165870612e+00
-2.233643641998656282e+00 -3.937445561057333343e-01 6.793695028783981016e+00
-1.434803702541455284e+00 2.184902644169029351e+00 7.131042943944379431e+00
-8.388920973838976947e-01 -4.125166862302396820e-01 6.377008458151890657e+00
-1.076340791208962422e+00 1.459750238464337713e+00 5.155611133733727591e+00
-2.740135525324705057e+00 4.025851906377336142e+00 6.156033902192609375e+00
-4.267388521469531959e+00 1.158291299106236849e+00 5.781153300569841669e+00
-3.988871816752841859e+00 2.752918164769333931e+00 5.428334845386459051e+00
-3.938945329301702269e+00 2.443535258646177155e+00 5.495150538366283754e+00
-4.128023290172774473e+00 1.600011328020926049e+00 5.034773096539846726e+00
-3.193588984164858591e+00 1.261747140451493721e+00 4.642320888053256489e+00
-2.702726649767118516e+00 -1.825344651309208199e+00 8.199357896857453198e+00
-2.681041830102872670e+00 2.245951687804441654e+00 7.902164627495412041e+00
-4.018093113330008848e+00 -1.549151313033624855e-01 5.896240658293472769e+00
-1.424038576172555803e+00 -2.518726217522102573e+00 7.500924923029976377e+00
-4.112055242300240110e+00 -2.196540777607331130e+00 5.971913564349501158e+00
-2.703304073736619184e+00 -1.234956931154499171e-01 7.758228509608081858e+00
-6.063775458871528912e+00 -1.803613872344526525e+00 -3.551092516538410404e+00
-6.093075585361069635e+00 3.182997591482881750e-01 -1.922322753341922041e+00
-6.296200737140180692e+00 2.371236280031349952e-01 -3.842285068768127587e+00
-6.944673955970623425e+00 -1.838876088752491533e+00 -1.368476789180459008e+00
-3.893248746190119292e+00 -1.217975711885919798e+00 2.885466560316331197e+00
-6.432676338707402408e+00 1.495343604262524551e+00 1.937412097467618333e+00
-2.032080272122612996e+00 8.601054538815969819e-01 5.043820915540229599e+00
-4.205745482354986464e+00 -1.286561574812541631e+00 4.324230844254012496e+00
-6.372335923463479546e+00 3.000464262627728362e-01 -1.744104008294010244e+00
-5.989927967002952158e+00 -1.189929535946103956e+00 -1.343636449446144354e+00
-6.365084218587173659e+00 2.350562694714694589e-01 -2.143291380560600756e-01
-5.122580299746647192e+00 7.240340905601074795e-01 -4.441955304519391023e-01
-5.378232844279285274e+00 -7.537461390410427065e-02 -9.671645357787796993e-01
-6.489764073848887982e+00 -1.441473014691906585e+00 -1.953703620594938739e+00
-6.690379575135554369e+00 -4.072010669930885562e+00 -1.091227217665675653e+00
-4.799327734059652961e+00 -1.117443721463278417e+00 -1.252840878267217350e+00
-4.310423902460463808e+00 -5.733514284877895939e+00 -1.187303423199309593e+00
-4.488341521328741202e+00 -1.147308804731583587e+00 -2.854699638892967517e+00
-4.487487588527826254e+00 2.029725209034853872e+00 1.931283721738427772e+00
-5.924223832932074885e+00 -5.647525997731707159e-01 2.970280591833054928e-01
-4.214651975860252087e+00 1.429135123491805048e+00 3.167362505140304041e+00
-5.092565289299447961e+00 4.776552713475510914e-01 9.705907514905218747e-01
-5.526690142991759203e+00 1.403037307824170243e+00 2.360402219494037723e+00
-5.596587302282345355e+00 9.634880882687530956e-01 -1.457264907711874058e-01
-4.642131179651782347e+00 -2.449068763798413428e+00 9.627309272775461668e-01
-5.576624049437362451e+00 -1.380013836789137249e+00 4.683302715397502092e-01
-3.811221510687374359e+00 -2.521848424870907213e+00 1.980658103265121595e+00
-5.880994962825583094e+00 -4.278720858073686628e+00 -9.159507312809253010e-01
-4.566090718784322711e+00 -3.088767719161574554e+00 1.778030669941728759e+00
-7.130513456328571031e+00 -2.155031143319071418e+00 -3.649049714938414901e-01
