1.429681084727387308e+01 -2.301806256952338359e+01 -5.222630983496487356e-02
-1.409929579084755247e+01 -2.291448342922308257e+01 1.832223594663922317e-01
1.424068636026122014e+01 2.296523547148856537e+01 9.712407928010713398e-02
-1.479896291608019609e+01 2.386224681714122298e+01 1.113025523709444270e-01
-6.514740258921268568e-02 1.417371509332930835e+01 -4.389159030957609531e+01
3.514072244163111980e-02 -1.390184888075860314e+01 -4.300620300561251241e+01
1.903149800091606322e-02 1.376526270146047892e+01 4.263626354513141337e+01
-6.797773285494143614e-02 -1.405161419627437525e+01 4.350295512096631256e+01
-2.296058749417359834e+01 5.776941124876672912e-02 2.183316820689659465e+01
-2.247676020072846725e+01 1.271716352359481342e-02 -2.109372382295635617e+01
2.370348875830377011e+01 1.786572347946241771e-02 2.223381363092859786e+01
2.336099154097891883e+01 7.629374548763072708e-03 -2.175396109105815867e+01
1.199232015684312605e-02 -2.597953630744883213e+01 -1.025841103615504762e-01
2.201887060728323006e-02 2.581761214148879091e+01 -4.201461297547378487e-02
8.049087464625932498e+00 2.124300379681128703e+01 -2.002809585286835059e+01
-8.275874699606683649e+00 2.172409541909197728e+01 -2.061211617449112410e+01
8.283973249567001318e+00 -2.175130344471110533e+01 -2.060367271316350823e+01
-8.190910415319455851e+00 -2.150065329815632609e+01 -1.996177880968083329e+01
-8.753373439703232561e-02 1.589610251944821306e-01 -5.309038586395351444e+01
8.154046458162628852e+00 2.141692367270684016e+01 2.031500114445105964e+01
-8.274634110503948037e+00 2.165710067627091817e+01 2.034994062514119406e+01
8.051743663356146996e+00 -2.112456024922305886e+01 2.016493305824205251e+01
-8.525179710781975118e+00 -2.233101236075983564e+01 2.098795950027812296e+01
-8.547446887676871108e-02 3.909465104496339521e-02 5.162337673689251005e+01
-2.097755094634180040e+01 -1.296642368319122163e+01 1.134729158959965112e+01
-2.248826923377533049e+01 1.388633541547803496e+01 1.181626518368079815e+01
-1.336781043893074106e+01 8.178023907367663270e+00 3.965330889420607718e+01
-1.286561504579839976e+01 -7.972940467960172306e+00 3.826709414564930967e+01
-2.148636625505989883e+01 -1.324502643082572462e+01 -1.159729589184952836e+01
-2.229501967850353594e+01 1.377644149214185809e+01 -1.187488232868950355e+01
-1.324045495308808285e+01 8.213677545368492261e+00 -3.942278288732050839e+01
-1.283653016312473838e+01 -8.003294431999517400e+00 -3.849125525177664997e+01
-2.690880476753230965e+01 1.508701775626097516e-03 6.859148773271611654e-02
2.234726400364936083e+01 -1.378606975547758928e+01 1.178106246984978434e+01
2.205495240067287810e+01 1.360920147821517112e+01 1.177442348318955112e+01
1.310320575218014305e+01 7.967502040890916959e+00 3.875934330358718682e+01
1.333703166432160714e+01 -8.136234642451539045e+00 3.951835919194528657e+01
2.228940870355914683e+01 -1.376789543782586200e+01 -1.185583986288145475e+01
2.151009609211258677e+01 1.322210877506667082e+01 -1.163875637273151753e+01
1.324629288018032547e+01 8.039358149030395140e+00 -3.933117297535960688e+01
1.291180343114798923e+01 -7.998673450071914104e+00 -3.852582193465089233e+01
2.719876397805616364e+01 -3.284709622719993432e-03 5.553530369749779677e-02
7.104184342772838612e+00 -2.502812509951354158e+01 -5.468807941640912301e-02
-7.459536791713216708e+00 -2.610516092584789760e+01 -2.520914212566413570e-02
7.306952168891073462e+00 2.570653604277154969e+01 -2.203739671205823952e-02
-7.319512799070961862e+00 2.569888869319589375e+01 -4.255117323172868948e-02
1.146835743585835132e+01 2.277544709790357658e+01 -9.442421590717728463e+00
4.193677708841212493e+00 1.837343692488127189e+01 -3.195737718489061052e+01
4.317539453610941713e+00 2.486401560497004581e+01 -9.899560562040818468e+00
-1.181124388472946585e+01 2.351171846686757050e+01 -9.658137410043039495e+00
-4.344305838739246362e+00 1.866060115886401860e+01 -3.241529881319978301e+01
-4.224476451641701047e+00 2.458457390105782991e+01 -9.890348130756139611e+00
1.247095084346716565e-02 2.229835110104428253e+01 -2.197604554455072901e+01
1.169066457243996560e+01 -2.323686892520075631e+01 -9.817364188404029690e+00
4.335040881936478740e+00 -1.864589011613322356e+01 -3.227991142632702548e+01
4.266634074521799214e+00 -2.486595389556963553e+01 -9.980787129540876990e+00
-1.168157649952146571e+01 -2.318151824843597808e+01 -9.462705275565497232e+00
-4.196337283775902094e+00 -1.827718207487135516e+01 -3.168072379333656485e+01
-4.473634201944451050e+00 -2.566864033737187256e+01 -1.002758908529598258e+01
-8.259555046286507635e-03 -2.264624898509095630e+01 -2.210036699573387153e+01
1.155504316006377569e-02 7.486899253529140097e+00 -5.294595819669192593e+01
8.931729616808471717e-02 -6.926646158644245155e+00 -4.869202734957106316e+01
1.168143558269282956e+01 2.322720035262736715e+01 9.722490909245665947e+00
4.266591131132199344e+00 1.829619301342271598e+01 3.185459383534484701e+01
4.232346870785145043e+00 2.464024325497488377e+01 9.706391257813558937e+00
-1.206881365977573672e+01 2.384129242708381824e+01 9.816985314344272240e+00
-4.275983427260740655e+00 1.830927149434267420e+01 3.186819350602985779e+01
-4.224890932235980223e+00 2.439906963612430957e+01 9.711196624103143549e+00
5.935936459676008359e-03 2.171910746269540837e+01 2.148728560242802388e+01
1.137615338044977698e+01 -2.251100246761840395e+01 9.566335236676605902e+00
4.232156460159306022e+00 -1.839595110397608480e+01 3.200821366744473551e+01
4.189738886637195847e+00 -2.417330236361251394e+01 9.751259351749910209e+00
-1.199801186751458282e+01 -2.392821307667562536e+01 1.006332575839237720e+01
-4.421043122962502459e+00 -1.880141033258948369e+01 3.243916563149120691e+01
-4.237833516063785666e+00 -2.463481562049221552e+01 9.870944478119584531e+00
-1.490468867368346202e-03 -2.204612750638201746e+01 2.186478181723264669e+01
2.113179599006547241e-02 6.758393744843027129e+00 4.826461457190830373e+01
1.607830085917474070e-03 -7.125493529258423386e+00 5.052590151389591000e+01
-1.785854219350379068e+01 -1.810157387665713458e+01 5.752714742373849610e+00
-2.194406401886840641e+01 -6.589844726421975274e+00 1.681044908446084563e+01
-1.543456118918078168e+01 -1.817965433853989765e+01 1.689091102132326583e+01
-1.937317992789414234e+01 1.955213434405643724e+01 5.852608207264786699e+00
-2.321985680821537557e+01 7.011552305435225563e+00 1.743240178422468389e+01
-1.630650014096675093e+01 1.912081419433873108e+01 1.668632677309492607e+01
-6.886419268734807808e+00 1.153964200276857355e+01 4.427065501032269168e+01
-1.895839622543639180e+01 4.329575133910193330e+00 3.173616284660491615e+01
-1.138096258615850687e+01 1.583402814754425236e+01 3.109097688239223345e+01
-6.812756533753488775e+00 4.051229713817181555e+00 4.927262983527448625e+01
-1.866846775097296884e+01 1.141952753105365304e+01 2.516281432916150607e+01
-6.811912641091477205e+00 -1.146251911529388856e+01 4.399019919321316507e+01
-1.836338939287192318e+01 -4.114956759919757623e+00 3.106619725950129762e+01
-1.136546279325853348e+01 -1.594291691326921523e+01 3.122653334031854655e+01
-6.698662765497667593e+00 -4.046007328209041631e+00 4.953021726740348640e+01
-1.776531470013667757e+01 -1.090411193025180658e+01 2.414334353871495153e+01
-1.371101196771588704e+01 7.597055962100296433e-02 4.289359340182778624e+01
-1.789733154201941190e+01 -1.809217776284901547e+01 -5.706205217469686453e+00
-2.296795160363862109e+01 -6.924951815969881075e+00 -1.693894854073007039e+01
-1.518882777515051252e+01 -1.782509553063738394e+01 -1.654068059711740801e+01
-2.281090520026985757e+01 -1.409938919891670928e+01 -6.866584267628061955e-02
-1.900792911982113154e+01 1.934604148080571306e+01 -5.614931513290014387e+00
-2.319071311768425403e+01 6.966991051749711339e+00 -1.722439621395617593e+01
-1.570675224425186300e+01 1.843055012570754059e+01 -1.666262490147277120e+01
-2.385497553451135033e+01 1.477383620831757760e+01 -4.348610740791176814e-03
-6.946144736169258316e+00 1.156232721645370454e+01 -4.427772294168670442e+01
-1.846532156543572967e+01 4.266611028183377563e+00 -3.118657496836944176e+01
-1.144529263087395954e+01 1.590576650780585055e+01 -3.122396273778912601e+01
-7.060714757697831523e+00 4.378428671383281845e+00 -5.152218114205429345e+01
-1.870193840966418719e+01 1.143827633174288039e+01 -2.510783376383424681e+01
-6.632333529087321544e+00 -1.116039213825523291e+01 -4.293925978231656160e+01
-1.796307736088121132e+01 -4.108307041853636932e+00 -3.049343884447910824e+01
-1.105322515021112473e+01 -1.539138856397098643e+01 -3.023569848332752841e+01
-7.011503080408433064e+00 -4.432061247506410062e+00 -5.125882908053531395e+01
-1.803487190891212677e+01 -1.102717220552134059e+01 -2.436798845951161141e+01
-1.370383280730714048e+01 7.744509310963756943e-02 -4.278879821485446655e+01
-2.578802430802896950e+01 1.069761905217484627e-02 1.030400425490241823e+01
-2.557150462123921031e+01 8.498929995920287764e-03 -1.002926728448106530e+01
-2.556162519238807462e+01 -7.043465570057612091e+00 5.760985770451364729e+00
-2.616521336862743041e+01 7.249371318792655394e+00 5.990583569017791099e+00
-2.605986539625962095e+01 -7.231200084627868563e+00 -6.048018234419807904e+00
-2.640430080213603503e+01 7.271156246783720078e+00 -5.930867751793128306e+00
1.902157185998867206e+01 -1.920088797645963652e+01 5.772953950520110844e+00
2.322952158823534319e+01 -7.007510108341887367e+00 1.744711172578868030e+01
1.592766192046556561e+01 -1.864930413394052522e+01 1.667330596699339651e+01
1.895458151919811485e+01 1.929603805277749018e+01 5.889477598995129348e+00
2.383151912908376246e+01 7.156128617796754021e+00 1.768877361371157875e+01
1.584815193998085725e+01 1.860121400924826673e+01 1.660222501369197801e+01
6.815957392645643154e+00 1.133689959319714724e+01 4.371226426427636369e+01
1.908040320305677540e+01 4.319126625054917845e+00 3.176040378146620924e+01
1.122378957940724753e+01 1.559809223720870186e+01 3.084323765619654267e+01
6.516153942122297593e+00 4.076310018136203972e+00 4.776857193036742188e+01
1.841155384647963089e+01 1.120633857070172823e+01 2.476236547977894631e+01
6.883017123643568880e+00 -1.146369980961071811e+01 4.414753763450664081e+01
1.903109646202479865e+01 -4.287864655068581499e+00 3.173155655784494300e+01
1.126948472770740395e+01 -1.562800002256894416e+01 3.084683764539562389e+01
6.872523088426444993e+00 -4.352416451217231419e+00 4.972581371599881805e+01
1.863475600807701937e+01 -1.137798636175767619e+01 2.511645939785348247e+01
1.352347349499755147e+01 4.051646357931225351e-02 4.244233380745978934e+01
1.887087651506920949e+01 -1.919455971435850827e+01 -5.711908411914034644e+00
2.319203248074163781e+01 -6.968944570891073553e+00 -1.715080619620828273e+01
1.569072560908967517e+01 -1.841733425880272534e+01 -1.672658700182641311e+01
2.382680351125065954e+01 -1.475183180448325793e+01 -1.426629377827151948e-02
1.854460273319525143e+01 1.875357677991901184e+01 -5.532297477827049725e+00
2.345276915489434444e+01 7.069658027793069621e+00 -1.747028671284701673e+01
1.504155899513368944e+01 1.762013160446780802e+01 -1.626294755569593420e+01
2.287113181068263756e+01 1.414467229507730295e+01 6.341683261014742501e-02
6.879551498546863542e+00 1.152544385981991937e+01 -4.420203069005837904e+01
1.887332317122121594e+01 4.273400522286763703e+00 -3.163299564156164934e+01
1.101453678080188681e+01 1.533952390674899391e+01 -3.050777869799012976e+01
7.161134567022480191e+00 4.304488410060151260e+00 -5.126147826687537901e+01
1.822403968713521749e+01 1.107125538584560864e+01 -2.478514020777159033e+01
6.752098623721472848e+00 -1.118723321333229848e+01 -4.328985409905470050e+01
1.839217793034614346e+01 -4.184354734670200138e+00 -3.079841638792341030e+01
1.141354395253281773e+01 -1.588134140196644317e+01 -3.103464586743199405e+01
6.701687723831643240e+00 -4.008957782823689975e+00 -4.837367768301766802e+01
1.865839354994101740e+01 -1.140976441966008892e+01 -2.483965051285176528e+01
1.354700272624979007e+01 5.124941663089615379e-02 -4.245004903956780851e+01
2.643696497636121379e+01 1.736209500298854097e-02 1.050356125680967523e+01
2.627570127134197975e+01 -1.214732305092174405e-02 -1.030975962027967974e+01
2.617722917009163908e+01 -7.244734103946216308e+00 6.000879932115954496e+00
2.582176724318990679e+01 7.120249494397707046e+00 6.057964248788776374e+00
2.640408752029884099e+01 -7.278584102104301401e+00 -5.914002134138446110e+00
2.568086096636284665e+01 7.101818495235062478e+00 -5.934118459353515007e+00
1.067759899151426950e+01 -2.417297847337703587e+01 -7.914628035761211988e-02
3.592287256995632116e+00 -2.563014159364830746e+01 -6.671682871000403359e-02
-1.106867969819715114e+01 -2.514649035710762703e+01 1.074630043111447636e-01
-3.687441461720396774e+00 -2.609370041633554749e+01 -7.792020783892478208e-02
1.080317545748091668e+01 2.451916883551758986e+01 6.046634297142868680e-02
3.693206787064085006e+00 2.610331532444304514e+01 -8.498296437040955831e-02
-1.113330166807662103e+01 2.517648229544397154e+01 -2.635569997067324470e-03
-3.633076412536369482e+00 2.569252927021196342e+01 -3.585467155134403061e-02
1.301331360468241982e+01 2.316390053147326356e+01 -4.517082493040205371e+00
9.880807141982829833e+00 2.225229304956546272e+01 -1.470011597360942268e+01
9.531989254256400201e+00 2.458420840278568065e+01 -4.745846416349300156e+00
2.110635263763781744e+00 1.639792509679712396e+01 -3.794968685176976209e+01
6.191556767394841287e+00 1.997344351967107201e+01 -2.589261241289768378e+01
2.230502214408944806e+00 2.573666346963237572e+01 -5.012080519883908458e+00
6.328934454953783373e+00 2.346119073479297867e+01 -1.514267418746553773e+01
5.887275638716852555e+00 2.568814005718325078e+01 -4.939038306832228109e+00
8.005160701086138531e+00 2.430562501374127393e+01 -9.820003729653899782e+00
-1.349287568847527652e+01 2.405467136520121940e+01 -4.680773551591241421e+00
-1.005232252332686826e+01 2.263742797591984512e+01 -1.500662537273013974e+01
-9.733655913160909279e+00 2.512281465950487203e+01 -4.829339539522846891e+00
-2.221878330891705389e+00 1.655570353595232191e+01 -3.825093060089047015e+01
-6.392866936834449731e+00 2.040939599707166252e+01 -2.646559101562291616e+01
-1.639791135831603075e-02 1.881450401478465295e+01 -3.296499677226491798e+01
-2.120344218606185382e+00 2.535483623406205567e+01 -4.990513096732952292e+00
-6.268775119274097030e+00 2.330444041020549406e+01 -1.521807279326528928e+01
-5.835202373501545026e+00 2.547884633332307303e+01 -4.949899442165716756e+00
1.388599681442564786e-02 2.451923958779193313e+01 -1.001955190643788463e+01
-8.015893510719015680e+00 2.435314505199897184e+01 -9.944662844341545238e+00
4.166740952215773675e+00 2.218904004643941263e+01 -2.148405218894283664e+01
-4.150092226538630413e+00 2.206514152771276116e+01 -2.166568044450829689e+01
2.184643870281955280e+00 2.087770755441444592e+01 -2.718276234852595508e+01
2.165383836430026410e+00 2.339072404416147322e+01 -1.580975771567595878e+01
-2.185075468817187616e+00 2.081012045928124365e+01 -2.723991701283764399e+01
-2.133189193581051857e+00 2.335231038081984423e+01 -1.582716194601563764e+01
1.312352779158952387e+01 -2.334073741804901658e+01 -4.888225149221718802e+00
1.002091470297102305e+01 -2.254630788698293742e+01 -1.508893648819439193e+01
9.452657745778381582e+00 -2.439845874388758773e+01 -4.931937104703601804e+00
2.190865595600913096e+00 -1.644653039203600642e+01 -3.793555648334007202e+01
6.394480983000870644e+00 -2.044207386928367853e+01 -2.637811393180708919e+01
2.145766556345304554e+00 -2.573519875880853647e+01 -5.056367358839445103e+00
6.281032450721753868e+00 -2.335690795856123358e+01 -1.528653601556089114e+01
5.742328710355378618e+00 -2.517061184060397494e+01 -4.994320428966659620e+00
7.963311061468521856e+00 -2.416320010590264289e+01 -1.001450540153345159e+01
-1.306453333089000957e+01 -2.335432494184195917e+01 -4.533078913994284420e+00
-1.007147856429320498e+01 -2.265595687875002540e+01 -1.468465438464380490e+01
-9.876810467712747510e+00 -2.542124335193783580e+01 -4.682762317377254568e+00
-2.102344467371389580e+00 -1.624790209921409101e+01 -3.750796659039838943e+01
-6.206906822313607464e+00 -1.997954866270789509e+01 -2.568477212743116311e+01
7.287974100322744918e-03 -1.882736461127251459e+01 -3.284547520451913272e+01
-2.219973976743469191e+00 -2.605797536807251191e+01 -5.072484878221239946e+00
-6.560364216758846290e+00 -2.426996785142741331e+01 -1.520525085337520821e+01
-6.015730915857574246e+00 -2.614179414312804894e+01 -4.983894890834468683e+00
-8.797470011913490970e-03 -2.536458436379710335e+01 -1.013757763236576714e+01
-8.317067119506024397e+00 -2.519950611867995960e+01 -9.870225533264560980e+00
4.163059272091179430e+00 -2.222960941889994402e+01 -2.171457810005645683e+01
-4.213456827397641824e+00 -2.253600079034677606e+01 -2.154530413794223165e+01
2.183428849903891411e+00 -2.089925790820078788e+01 -2.721643574671601229e+01
2.165393733713626201e+00 -2.388220582877883658e+01 -1.591846943381299617e+01
-2.197198983314255116e+00 -2.099419167594889757e+01 -2.713969331483352221e+01
-2.217901844280204315e+00 -2.414351731430465264e+01 -1.592910209655867604e+01
-7.521062482846065100e-02 1.098622949581540809e+01 -4.987118822328000078e+01
7.257610427814936704e-02 3.691719133340138459e+00 -5.414404387010214492e+01
9.496016393247462550e-02 -1.013448841800249589e+01 -4.631691834572235678e+01
-2.866347107955630191e-02 -3.482109162778002087e+00 -5.008452153922542038e+01
1.311882331378493483e+01 2.334538147882784997e+01 4.903311524860146875e+00
9.997089566039695896e+00 2.250280468421128788e+01 1.491716064416062970e+01
9.594732327305322883e+00 2.482729345792876785e+01 4.846810123750983301e+00
2.156850077977847224e+00 1.618027264805662213e+01 3.744476016517874939e+01
6.293288108100380640e+00 2.005549636289094906e+01 2.603768604024311983e+01
2.149049466583665247e+00 2.557371901516632207e+01 4.738345183560823237e+00
6.239381414860298847e+00 2.316989929645866653e+01 1.504447216458006409e+01
5.877197092251106092e+00 2.569385167984787799e+01 4.784097682443746891e+00
8.066702960171802772e+00 2.449351407268621017e+01 9.846944033684023267e+00
-1.366317660629935915e+01 2.424336815977996196e+01 4.882326471402397061e+00
-1.017695074168518765e+01 2.282994511140669402e+01 1.500269385720834237e+01
-9.793220835466659224e+00 2.513387267354265475e+01 4.825498184457412520e+00
-2.153077350996758454e+00 1.616923631085578350e+01 3.747837812850710293e+01
-6.356158027067068339e+00 2.020475627093924587e+01 2.609880273313759247e+01
3.791484157284980960e-03 1.833135907089998540e+01 3.224597705214745957e+01
-2.169135276743530572e+00 2.531064607878525408e+01 4.738616664571556392e+00
-6.245386561987685603e+00 2.309871993319570294e+01 1.508488323031027889e+01
-5.835295639765147868e+00 2.542826880591240624e+01 4.781410618974525129e+00
-1.375030698880097199e-02 2.432803084388113746e+01 9.760598681340558969e+00
-8.010925149704309689e+00 2.431040330696023588e+01 9.912700878736638188e+00
4.091508917387380428e+00 2.172234360433770206e+01 2.125211999897580384e+01
-4.095136406122152017e+00 2.168641668763694952e+01 2.122548781806453633e+01
2.149913443678756586e+00 2.027741822092319879e+01 2.667914345337112181e+01
2.095707068033589415e+00 2.298986171656481403e+01 1.551563645811037162e+01
-2.148294277477364567e+00 2.031426307003630427e+01 2.670133652745004582e+01
-2.105504757356134959e+00 2.296458445514353386e+01 1.549607586212645316e+01
1.296835685637708302e+01 -2.302315433352918106e+01 4.544831798008403645e+00
9.736257555452793255e+00 -2.187890898641729365e+01 1.474862748647681521e+01
9.332376647610681530e+00 -2.402923059945975126e+01 4.678778655623752059e+00
2.115760020611061165e+00 -1.637067743350295501e+01 3.785617008372657466e+01
6.259503071467309887e+00 -2.006722518780578568e+01 2.601517865049863687e+01
2.168158281513189234e+00 -2.533950881323839610e+01 4.826326485789024900e+00
6.130076288645826210e+00 -2.272188017791757986e+01 1.502462382247879447e+01
5.673247079398464621e+00 -2.486840114335869245e+01 4.777285316167652063e+00
7.729169224110936653e+00 -2.344126389896847584e+01 9.750357383021572844e+00
-1.318753795301639897e+01 -2.365658945032680549e+01 5.028070840689159660e+00
-1.042961427428366683e+01 -2.348432075144055631e+01 1.539038781266938649e+01
-9.825122690961327621e+00 -2.538918570995369706e+01 4.976442527177598940e+00
-2.251916430114287326e+00 -1.652080390311941827e+01 3.802906321656575273e+01
-6.532907147301084905e+00 -2.075764208138379630e+01 2.660749833769685679e+01
-4.872316424006752078e-02 -1.870067524113852997e+01 3.277305969993442858e+01
-2.135327553165122794e+00 -2.548036121615985294e+01 4.850766328768306046e+00
-6.419904158819648821e+00 -2.375390478494958302e+01 1.540069290052855600e+01
-5.897541595094273781e+00 -2.572970540488633162e+01 4.895156573623989260e+00
7.177037274410990285e-03 -2.433772605258119626e+01 9.879390678002396342e+00
-8.286090225903334883e+00 -2.507447226251664318e+01 1.016274611757518009e+01
4.101299696221992974e+00 -2.184203279514943574e+01 2.137470389808955318e+01
-4.222484601267757043e+00 -2.223926231384562158e+01 2.177708752731703612e+01
2.150023845259539712e+00 -2.060663925380767481e+01 2.700922534937426889e+01
2.110365236799244482e+00 -2.305772120489491428e+01 1.566938499286936981e+01
-2.233944371548296282e+00 -2.079668676553689721e+01 2.717614121213116718e+01
-2.119736722632112880e+00 -2.319763528090285831e+01 1.575523568825784082e+01
5.596207137039239943e-02 1.011127278775970773e+01 4.614417779277964371e+01
2.382977942341167436e-03 3.504284006723147993e+00 5.019034578882556019e+01
-1.841081935489189206e-02 -1.052069963970004629e+01 4.819927881244773005e+01
-2.732177756207542288e-02 -3.498671141675140372e+00 5.073868545787262718e+01
-1.584728868651961875e+01 -2.021985232323967807e+01 3.029381613025517339e+00
-1.957895489095030683e+01 -1.568665201534340170e+01 8.486060763603104462e+00
-1.492655594675462360e+01 -2.073274686536500511e+01 8.134275627619723892e+00
-2.230368137482565061e+01 -3.333073089420476087e+00 1.948095209038063658e+01
-2.183173079275366746e+01 -9.906765561460007419e+00 1.402751438810344276e+01
-1.231685991416682135e+01 -2.074283705480666384e+01 1.941559734291915618e+01
-1.833928103103718854e+01 -1.564419004393425894e+01 1.416419895566756360e+01
-1.373892081645973384e+01 -2.093519095253734363e+01 1.360049248954431533e+01
-1.673016293084849693e+01 -1.816599429807129695e+01 1.100904521238513567e+01
-1.734393634863674549e+01 2.198963560839454345e+01 3.189509931364559847e+00
-2.118197133328579440e+01 1.689419285248677483e+01 8.830545216735151470e+00
-1.614734758351863064e+01 2.239724015779437849e+01 8.209442281089621929e+00
-2.333103818870825208e+01 3.544158103834986306e+00 1.994387745507710719e+01
-2.288825460672137169e+01 1.041327931260226869e+01 1.464375322443097716e+01
-1.237942216859257627e+01 2.075137955087940611e+01 1.882439055407863648e+01
-1.975473881433390488e+01 1.677340923107505688e+01 1.455880487226645847e+01
-1.440226515813173869e+01 2.191015406151805323e+01 1.331281214615525066e+01
-1.813788392639159497e+01 1.971513067808679409e+01 1.109438091490728340e+01
-3.468839388812177127e+00 1.282145651241980211e+01 4.438565659411598574e+01
-1.023576850460265319e+01 9.975570911252141570e+00 4.263462048491383882e+01
-5.676496329219749448e+00 1.520074057091108521e+01 3.842067158528293902e+01
-3.357738575483118382e+00 9.272319108237427443e+00 4.812727972224178785e+01
-2.124135860634697082e+01 2.208157814210208514e+00 2.696669919577811569e+01
-1.623007475713778902e+01 6.241124841420035985e+00 3.584751662848379539e+01
-2.151160223311592290e+01 5.738384558376489863e+00 2.449802282439365442e+01
-9.983292147729379451e+00 1.913687290706718969e+01 2.587636581030851346e+01
-1.254779714312812899e+01 1.219266697482578188e+01 3.591211245324733881e+01
-7.922655635783242722e+00 1.731409748522477798e+01 3.204573795343612375e+01
-1.387801388849492845e+01 1.758064612911752533e+01 2.371598997295686218e+01
-9.231348038493131014e+00 1.376226597435272225e+01 3.766686723816415139e+01
-3.435923229943573354e+00 1.957952213041737277e+00 4.973791991126888945e+01
-1.026095406790132536e+01 6.239304243064224487e+00 4.654190601686813977e+01
-3.318392898309740158e+00 5.478442467277905514e+00 4.886396838628404282e+01
-6.974594051496843861e+00 7.942836102033202117e+00 4.873872176913865673e+01
-2.069235829556730977e+01 1.271373286959333093e+01 1.822057036107144157e+01
-1.618997383223320341e+01 9.878571489019199348e+00 3.237179269404584403e+01
-2.113892625107842349e+01 9.301423035751122725e+00 2.123627203260754825e+01
-1.780408784133600264e+01 1.547875205498114859e+01 2.113826409945418661e+01
-1.889003338388195274e+01 7.910443137371115263e+00 2.865525968872367102e+01
-1.527908243395157228e+01 1.386154259536628963e+01 2.866269504203022578e+01
-3.511492379361925487e+00 -1.274922928999126626e+01 4.422229383860447172e+01
-9.935650110035181726e+00 -9.805231201697599985e+00 4.160744199539394117e+01
-5.764501053424221588e+00 -1.546943272891513921e+01 3.888421980617144413e+01
-3.437660755028805859e+00 -9.310718483553181102e+00 4.870148735806728268e+01
-2.069796304587406865e+01 -2.059882659989630049e+00 2.660832931435157889e+01
-1.572754742755974178e+01 -6.091883455185272744e+00 3.505548506332687708e+01
-2.038942195669080704e+01 -5.416591274068416340e+00 2.371354363093230333e+01
-1.906234600249188560e+01 7.616752784363160778e-02 3.219169650074730527e+01
-1.011593570017324240e+01 -1.949514139818565539e+01 2.632693195251580676e+01
-1.226555620810876235e+01 -1.203033242736431419e+01 3.522061738613382431e+01
-8.054672147880706845e+00 -1.770830580139157107e+01 3.250272729122654880e+01
-1.370867545256954401e+01 -1.746015255555986911e+01 2.379878881541764812e+01
-9.243869547001789755e+00 -1.392998739434417210e+01 3.784068133979229742e+01
-3.453934240790047738e+00 -2.045845966223014400e+00 5.063081339513723123e+01
-9.775166642300556319e+00 -6.029677356441202285e+00 4.480221052978530594e+01
-3.438370740409542936e+00 -5.630527666956854027e+00 4.977333354363810969e+01
-6.852246898638107986e+00 -3.942252185880738835e-02 4.966596478571497641e+01
-6.780417214552350913e+00 -7.836047681369785245e+00 4.770913706201272930e+01
-1.944161628578683576e+01 -1.196033422041229421e+01 1.758202705545614464e+01
-1.554244383743613511e+01 -9.563867343011214217e+00 3.115733623788433704e+01
-1.997639073481091998e+01 -8.822862572556443794e+00 2.045688724653522073e+01
-1.696468799417649365e+01 -1.481448783154697679e+01 2.065555128343530811e+01
-1.801701965143816864e+01 -7.564583421567262711e+00 2.776408124482878037e+01
-1.480452842393961532e+01 -1.353392983367172775e+01 2.801416890074125376e+01
-1.366540339631729850e+01 3.987571211148471129e+00 4.191197206924566387e+01
-1.349642596800162053e+01 -3.982579635724317058e+00 4.157041731685308150e+01
-1.659515510290508189e+01 2.195253714841955084e+00 3.774458735844743273e+01
-1.015282975229309947e+01 2.047984601627066858e+00 4.676490145460400072e+01
-1.638895508338930185e+01 -2.050838628216563819e+00 3.736658145447455581e+01
-1.031112331745401711e+01 -2.005264685667019542e+00 4.740686691197856817e+01
-1.582972656210189832e+01 -2.009605600563532235e+01 -2.837514297548139997e+00
-1.965604962183574855e+01 -1.570402982794499991e+01 -8.526062223615088698e+00
-1.465491054201091359e+01 -2.035325713597898911e+01 -7.810644105070922549e+00
-1.819209745191486505e+01 -1.840788070801040988e+01 2.846312491704426281e-02
-2.259896965312684003e+01 -3.426359732998442098e+00 -1.911156610672799872e+01
-2.282757506819896065e+01 -1.037303666843421546e+01 -1.434563458971047112e+01
-1.183274506966137984e+01 -1.986579941558295914e+01 -1.844398949936476839e+01
-1.829428380564209533e+01 -1.554930344671799070e+01 -1.416628743829511272e+01
-1.329876543210221485e+01 -2.025712578689189058e+01 -1.300453770789434316e+01
-1.660389603676322423e+01 -1.803511908546626685e+01 -1.086028752187785962e+01
-2.232606642533586694e+01 -1.381103238775954090e+01 5.593478652746447288e+00
-2.254680539014072238e+01 -1.391870340832983466e+01 -5.777586909427040673e+00
-2.036536204368164604e+01 -1.618960265159698508e+01 2.768727374643080719e+00
-2.037196388034668715e+01 -1.619041911136166334e+01 -2.819548840287998903e+00
-1.714826599961400078e+01 2.189357897176146395e+01 -2.939111099069989574e+00
-2.075858529409031661e+01 1.666574355510698524e+01 -8.703279544640423637e+00
-1.564488318110385023e+01 2.168913054321632927e+01 -7.945126131257731039e+00
-1.945453261008661983e+01 1.971871837186386145e+01 6.320545909732368239e-02
-2.322161019941598425e+01 3.510417320070871483e+00 -1.950212270211434529e+01
-2.276688383628462375e+01 1.031655081290369402e+01 -1.457704127155528617e+01
-1.206241366061791176e+01 2.024436619355451228e+01 -1.890347392695693785e+01
-1.928069671379788019e+01 1.643231432691599281e+01 -1.442469540620857948e+01
-1.377161785131220384e+01 2.093015395472206208e+01 -1.329226063547418768e+01
-1.745796305739556686e+01 1.895498141388720015e+01 -1.091657334053420669e+01
-2.361337408538748761e+01 1.460588152008298479e+01 5.758076113641193317e+00
-2.343859889835488985e+01 1.451934043155061183e+01 -5.804959452176322365e+00
-2.155822905666594380e+01 1.715510031518603284e+01 2.919187734250904054e+00
-2.143523596155078437e+01 1.707532243815574446e+01 -2.832867984625272673e+00
-3.617918012566591734e+00 1.306263065700128401e+01 -4.512852544176384129e+01
-1.011053507959304554e+01 9.949544583262630582e+00 -4.212518201997799139e+01
-5.783778397147680828e+00 1.541313409295989700e+01 -3.890015416400341053e+01
-3.570365105088892488e+00 9.545419505648762737e+00 -4.941629387261458817e+01
-2.065160956332995568e+01 2.163763954597550665e+00 -2.624704272022860607e+01
-1.604555467428837190e+01 6.312034259061928054e+00 -3.579206094697776308e+01
-2.110337918436751536e+01 5.649488268473107588e+00 -2.402450682396585790e+01
-1.000504564463150459e+01 1.917103873435343786e+01 -2.607874905167041035e+01
-1.250855571886853923e+01 1.217396256793144005e+01 -3.566560670465118932e+01
-7.999963432404773478e+00 1.752831052457739958e+01 -3.239017171386210237e+01
-1.379711332736595253e+01 1.745226466843359603e+01 -2.376962618930101456e+01
-9.304850666593139863e+00 1.389702731561604132e+01 -3.785271821739743103e+01
-3.616194718386948281e+00 2.154410604671575857e+00 -5.399959336959316403e+01
-1.017298843104871153e+01 6.421561749212121306e+00 -4.647150050563028145e+01
-3.440997338661430760e+00 5.764621990396847195e+00 -5.104452088479798988e+01
-6.847912149762141354e+00 7.938174422080881421e+00 -4.777691356116270782e+01
-2.069912657590607452e+01 1.271702031511698117e+01 -1.827935507625271327e+01
-1.617596836316195663e+01 9.930185326665284862e+00 -3.229432796763294533e+01
-2.086527679622765419e+01 9.200569326827611860e+00 -2.113651650852040831e+01
-1.760945220410418344e+01 1.529698011270501112e+01 -2.099417373070934190e+01
-1.874170310395002659e+01 7.885946559177547499e+00 -2.855408321609808553e+01
-1.521872501295920799e+01 1.380093068183206739e+01 -2.848879562105597785e+01
-3.356637599871003186e+00 -1.254408644361930314e+01 -4.350935668630659592e+01
-9.786074630310871214e+00 -9.658371351786918524e+00 -4.111320382616095515e+01
-5.445961529525119360e+00 -1.477813220818755724e+01 -3.736601152517535951e+01
-3.381200656539494975e+00 -9.347478626378448396e+00 -4.817736587458645658e+01
-2.020164548866434373e+01 -2.069246450685819028e+00 -2.585026277264124062e+01
-1.555474995024354001e+01 -6.098876494550357741e+00 -3.488027833637389108e+01
-2.053205792966759802e+01 -5.483681837469408293e+00 -2.337266758193113603e+01
-1.838390814628186121e+01 6.099677085396783965e-02 -3.136826689401236479e+01
-9.589900634814705782e+00 -1.848975654848621275e+01 -2.499452358582014000e+01
-1.216247667232481611e+01 -1.188275094168989199e+01 -3.496546973799974012e+01
-7.585472220357092787e+00 -1.672583274881032978e+01 -3.095391473498203183e+01
-1.346332171956246526e+01 -1.705259264551426668e+01 -2.311606817428164007e+01
-8.937661249574457401e+00 -1.332924314372016283e+01 -3.659772487765803817e+01
-3.708686113827066144e+00 -2.104419771361703884e+00 -5.263604358176904441e+01
-9.988190289580758829e+00 -6.313775583704042127e+00 -4.572013450211347418e+01
-3.503706707945893228e+00 -5.851284410442707085e+00 -5.110152392889597905e+01
-7.421347589736022599e+00 -2.145346515224378497e-02 -5.373787256882958019e+01
-6.748067380867632359e+00 -7.869163175237646080e+00 -4.749780183074325635e+01
-1.999497349048373707e+01 -1.226686446613928894e+01 -1.787994606986425339e+01
-1.562266961598894355e+01 -9.589376879680040489e+00 -3.139338094839010296e+01
-2.053803268556562855e+01 -9.051096266968578163e+00 -2.057531783236774814e+01
-1.688844231972664289e+01 -1.469788085426346491e+01 -2.059362910702243354e+01
-1.817217013405126025e+01 -7.645124547612886623e+00 -2.774436553800698135e+01
-1.480447855561194892e+01 -1.344172631776745241e+01 -2.788606474118333978e+01
-1.366432918061499535e+01 4.233174903195373595e+00 -4.217335540346581979e+01
-1.342967937506377929e+01 -4.064841389667554594e+00 -4.150115604460193452e+01
-1.614239164961762896e+01 2.193223836259538650e+00 -3.702899576574907314e+01
-1.075131268547753294e+01 2.325258061854861502e+00 -4.900404730356768113e+01
-1.594648051378908704e+01 -2.058031128750900329e+00 -3.663092316412864591e+01
-1.070703439746490204e+01 -2.219308666809671760e+00 -4.875169255021197756e+01
-2.447910940853544659e+01 1.495726334279211776e-02 1.602258367472533607e+01
-2.665018435436689614e+01 9.389631663888953206e-03 5.133974844533079285e+00
-2.394936971943850068e+01 -3.377591080737393892e+00 1.387540900758092555e+01
-2.488560409672130191e+01 3.539864234176687496e+00 1.429004271512261859e+01
-2.419528449964549566e+01 6.629690304936271261e-03 -1.561413123892015875e+01
-2.653882702057786958e+01 9.499363495862516230e-03 -4.940040717519927682e+00
-2.457045612337867269e+01 -3.493188440458040667e+00 -1.372030641563362963e+01
-2.522593093106232942e+01 3.588374142995843119e+00 -1.399910982722434483e+01
-2.397922869037873284e+01 -1.037677190852148712e+01 8.403315099815088729e+00
-2.660280314325738615e+01 -3.570905628602838888e+00 2.987655738886517920e+00
-2.388081990158498158e+01 -6.864450076628706654e+00 1.103917358539317206e+01
-2.519223400664719748e+01 -1.101028323071468407e+01 2.906857502013798111e+00
-2.560907823426399332e+01 -3.503760810119180835e+00 8.186388649960623098e+00
-2.453662000853622160e+01 1.066231024352668300e+01 8.892883809120874616e+00
-2.701190214770809916e+01 3.637312420588195039e+00 3.087953040035527508e+00
-2.475254153579756533e+01 7.134234895675270138e+00 1.151472863945044267e+01
-2.544933043512642001e+01 1.114799810129993851e+01 3.053775158521850663e+00
-2.613185351493422459e+01 3.580232645173234030e+00 8.289283162120380410e+00
-2.464034301821845574e+01 -1.070645209239651230e+01 -8.769342460463288802e+00
-2.675134503955432308e+01 -3.598672012084211058e+00 -3.070729873415997346e+00
-2.485861089725044337e+01 -7.156341732637237385e+00 -1.122025580659588329e+01
-2.534366624446359495e+01 -1.108063341463399176e+01 -3.238648216291842630e+00
-2.611615047654860078e+01 -3.575268297630369574e+00 -8.201103189270893878e+00
-2.626894852471805208e+01 -7.261004869698400199e+00 -1.155513624401520029e-01
-2.454195157345982281e+01 1.059379928814027849e+01 -8.801732741628628176e+00
-2.706330745970069174e+01 3.643375781554612836e+00 -3.036677773047177009e+00
-2.511514421691705579e+01 7.232554704518565636e+00 -1.137939318614664330e+01
-2.543585423855991579e+01 1.113759889712467199e+01 -3.006490753240525837e+00
-2.645682987131693764e+01 3.646139961465538537e+00 -8.228834281681489671e+00
-2.672089525067088900e+01 7.390766668018854624e+00 2.703202282539472062e-02
1.690933337000360481e+01 -2.143863225736525990e+01 2.946316544971406604e+00
2.097968510209841142e+01 -1.673721787388221571e+01 8.757908116532851395e+00
1.544177683162268266e+01 -2.142875431006040543e+01 8.039360467454418568e+00
2.346179385901447034e+01 -3.546350897197021901e+00 2.001298117476052596e+01
2.286970855405879988e+01 -1.040381467743621435e+01 1.463348927722775095e+01
1.207420222182280156e+01 -2.018080275295817572e+01 1.864555088445194286e+01
1.950788370805382854e+01 -1.655194911021791526e+01 1.451215097991615721e+01
1.381059276175247419e+01 -2.099223050084574282e+01 1.316525341909177627e+01
1.762224836163639097e+01 -1.911670691154553836e+01 1.099943469396473006e+01
1.673057846592346820e+01 2.138422562940174032e+01 3.211338216068729157e+00
2.064513625127212748e+01 1.656593847912779793e+01 8.687969851204885074e+00
1.572161678604760837e+01 2.181686685574946338e+01 8.167310599220060752e+00
2.407904632422104285e+01 3.627947395564444122e+00 2.022059743699854550e+01
2.298878936341213119e+01 1.039991078419373594e+01 1.470500501292842799e+01
1.210129322558623066e+01 2.032676269210737274e+01 1.878890936579819737e+01
1.907925186459413780e+01 1.624786724996751630e+01 1.428996919985270431e+01
1.406750741268481342e+01 2.136819257765823465e+01 1.329556093773482495e+01
1.774447134246359425e+01 1.927561123376995411e+01 1.103487882490168204e+01
3.465859640793711449e+00 1.270520195429988419e+01 4.411976486227495542e+01
1.000538795845983309e+01 9.733645166026899886e+00 4.163517130500295593e+01
5.664955447228686047e+00 1.515511149239610766e+01 3.837992082464659660e+01
3.299308356959716804e+00 8.955791739353076153e+00 4.678191388087741842e+01
2.165789483199838017e+01 2.240424690473553859e+00 2.722114544012264759e+01
1.613344746542746222e+01 6.187612026142759625e+00 3.559703873916869554e+01
2.176620813807645050e+01 5.791125784417426203e+00 2.455816846734626679e+01
9.803153735911743993e+00 1.877799933048374825e+01 2.576416649188918839e+01
1.232491368909693819e+01 1.194669238140003387e+01 3.524408602210009178e+01
7.864956814866590484e+00 1.722788016154605728e+01 3.197662962509530971e+01
1.353990660737627572e+01 1.714657524507654429e+01 2.349594131658251683e+01
9.158841866434242363e+00 1.366791136755843716e+01 3.744376932579117323e+01
3.248837146146947852e+00 2.211808869791549892e+00 5.006266455868037468e+01
9.783165272395034862e+00 6.035046245391761488e+00 4.487946914374033724e+01
3.399408603892210667e+00 5.607722173639188235e+00 4.937830720976727861e+01
6.656451632685575603e+00 7.553155941700835818e+00 4.639941685874574517e+01
2.039130856996856878e+01 1.249219023645910376e+01 1.806966931575246704e+01
1.597534427691055470e+01 9.693226576908145375e+00 3.175587076028079281e+01
2.126580095312462859e+01 9.347419979571833792e+00 2.122905895597449799e+01
1.712913166399918552e+01 1.488571091158603821e+01 2.065103606546310289e+01
1.891914959257680806e+01 7.880130465543790486e+00 2.855067838699273253e+01
1.491188054329667700e+01 1.350296166271091280e+01 2.810731751578140702e+01
3.476261551638044178e+00 -1.290247801181887866e+01 4.471193939099482151e+01
1.022854843205117525e+01 -9.930235022337338791e+00 4.250442883100335223e+01
5.621980864558975277e+00 -1.514440577840208668e+01 3.832258098579436023e+01
3.443143796248399280e+00 -9.373282387864398046e+00 4.902763640465675365e+01
2.150271182908287670e+01 -2.172825058517214636e+00 2.710665840342324628e+01
1.622820322653420533e+01 -6.232407280448091669e+00 3.582032478018123101e+01
2.155332040401150095e+01 -5.735485392950197436e+00 2.450282152750607167e+01
1.943728339383577008e+01 2.724009214049242719e-02 3.248919664329419277e+01
9.767736822655319173e+00 -1.872623497105992030e+01 2.554162827110140910e+01
1.251112632053898288e+01 -1.210731168777422440e+01 3.578521183436359365e+01
7.789262018822017630e+00 -1.710606051748580470e+01 3.176675503884817786e+01
1.374333157820501938e+01 -1.736671386390491989e+01 2.357499479413688448e+01
9.171404347937530233e+00 -1.365999665877504476e+01 3.747742533654287911e+01
3.403296856505061641e+00 -2.137292183012385216e+00 5.176485714651775538e+01
1.024625614073843671e+01 -6.287693144613291096e+00 4.632621395835753475e+01
3.478319756823020192e+00 -5.809230337850354253e+00 5.097540961493033507e+01
6.557307587756208811e+00 2.328563450156038647e-02 4.793987115669574450e+01
6.951448364701806604e+00 -7.881898748061241022e+00 4.855544278059405627e+01
2.061451997834480565e+01 -1.265020023810281380e+01 1.818643772622018417e+01
1.615795340597405882e+01 -9.842214843666273083e+00 3.228369859653073348e+01
2.113897410117775877e+01 -9.300672823188783411e+00 2.122780549087340418e+01
1.769242104946625815e+01 -1.537544954125399954e+01 2.109850948063485987e+01
1.888339172898433560e+01 -7.898137005899195096e+00 2.863577284133225120e+01
1.521238601487323017e+01 -1.376393022362270813e+01 2.858229330757063380e+01
1.340883487054178325e+01 3.967373084779286962e+00 4.128520550224950370e+01
1.369365751066908565e+01 -3.951647609523075921e+00 4.180902584907464359e+01
1.663749870942108089e+01 2.181310865152809253e+00 3.774423001275516043e+01
9.674891098567586667e+00 1.968176434979006073e+00 4.448410799890988443e+01
1.667696579042296179e+01 -2.141553693129683023e+00 3.778982757158586026e+01
1.010597239762673816e+01 -2.050881446385902418e+00 4.573996684758149200e+01
1.680167325807492062e+01 -2.147986272129613639e+01 -3.016333834036855510e+00
2.074217966722111584e+01 -1.665243029417882781e+01 -8.680607360511508830e+00
1.541746121536381153e+01 -2.136559905956568528e+01 -8.088889718252262995e+00
1.920164399442931114e+01 -1.947064188436163690e+01 1.987893035138777256e-02
2.337625191504301370e+01 -3.520734359048519835e+00 -1.959659189095221521e+01
2.276021386873756214e+01 -1.031440911833670349e+01 -1.449657658372621327e+01
1.204858307978686760e+01 -2.022664675970600712e+01 -1.896604956009054277e+01
1.926426807821490783e+01 -1.642052218758707127e+01 -1.442089647961661747e+01
1.370317012443906890e+01 -2.083280972664353214e+01 -1.333390734507718101e+01
1.740529359196526826e+01 -1.890583303608583421e+01 -1.098493087032297311e+01
2.354548090738710897e+01 -1.455646136509207267e+01 5.745691972622492649e+00
2.342464175489367406e+01 -1.451483131260639681e+01 -5.806061166207538982e+00
2.145797165748835056e+01 -1.705965120476366437e+01 2.839748758505051818e+00
2.139577965288100003e+01 -1.703458389081689361e+01 -2.759836081712702338e+00
1.665339883696236356e+01 2.114934431803589021e+01 -2.776379226995716376e+00
1.999490247218529859e+01 1.595877709045574377e+01 -8.426246256383565836e+00
1.503869336879717977e+01 2.087131469836001685e+01 -7.692023604626643696e+00
1.906642144187621213e+01 1.934319531224614153e+01 1.727794237279167422e-01
2.365729272994120791e+01 3.576764443352644651e+00 -1.990134296442835193e+01
2.263843920840841761e+01 1.026808341407364544e+01 -1.459223792530059072e+01
1.163073490417536426e+01 1.953725637151051586e+01 -1.834936041492024117e+01
1.825637510040249012e+01 1.550062214947601191e+01 -1.401330453480232308e+01
1.325658165234987429e+01 2.018780610062175285e+01 -1.292278704821208635e+01
1.677061738873127794e+01 1.820740317638962935e+01 -1.066876761249837990e+01
2.269843203141302368e+01 1.404902321048121827e+01 5.824600723210946462e+00
2.247197564795810720e+01 1.389401195039638814e+01 -5.653156824315490603e+00
2.111206831872076606e+01 1.678781042270972179e+01 2.980230435651256560e+00
2.101162662730003916e+01 1.670523865886206494e+01 -2.708435036834378806e+00
3.444208149670509478e+00 1.292925945525482234e+01 -4.463304430015199387e+01
1.016513529820596418e+01 9.853898405228031621e+00 -4.228001585365353066e+01
5.529155642773909030e+00 1.508476236904585832e+01 -3.817567762202913428e+01
3.532671436179537938e+00 9.704145455029584255e+00 -5.037618436953105316e+01
2.121599370842412924e+01 2.174051746868439494e+00 -2.678706423779470569e+01
1.615433490638210046e+01 6.165474303199881767e+00 -3.579813105808639762e+01
2.145631345601965023e+01 5.697624331663985409e+00 -2.442772838808227931e+01
9.536974358273107910e+00 1.839616308828533775e+01 -2.524246583383130371e+01
1.225888700900775419e+01 1.186994874512761555e+01 -3.531222166396472062e+01
7.649934159926046640e+00 1.694062017797069686e+01 -3.150882600374063713e+01
1.326796427040356896e+01 1.680821066624870852e+01 -2.312661578667685802e+01
9.066686169218368008e+00 1.357200618441135553e+01 -3.729899342936979423e+01
3.656826011458784720e+00 2.185016991324751690e+00 -5.337459064228237082e+01
1.033812102717718062e+01 6.269267568132331547e+00 -4.651293996159350996e+01
3.653142185983801138e+00 6.088773082134261827e+00 -5.391678120555312148e+01
7.183459472296317649e+00 8.103596214788938212e+00 -4.950694559184566401e+01
1.998271503202486699e+01 1.221307394472433927e+01 -1.797014733792889274e+01
1.592881498709992982e+01 9.641982518609335528e+00 -3.198405436052552275e+01
2.112903978946143368e+01 9.259123142202605905e+00 -2.122613737185298532e+01
1.678305093983686547e+01 1.456908174366572339e+01 -2.047215289443401076e+01
1.880230760608703378e+01 7.813421741686656041e+00 -2.860946995378256474e+01
1.469930411534290293e+01 1.329077997083378904e+01 -2.792403885487453863e+01
3.508716842089109278e+00 -1.269374822125326929e+01 -4.419397830076367484e+01
9.848347577308077305e+00 -9.672430099792538982e+00 -4.120930766954631252e+01
5.709437685509353599e+00 -1.530793148725707908e+01 -3.859961423676084991e+01
3.297564443434459314e+00 -8.865843002006496221e+00 -4.642960774835071192e+01
2.094718822246465351e+01 -2.159402977431675641e+00 -2.645009420923750199e+01
1.571417516596081754e+01 -6.112486082351741068e+00 -3.486225395368164470e+01
2.106837045290543031e+01 -5.628659282207660652e+00 -2.373277790787987840e+01
1.891477476125642099e+01 2.670557370811436730e-03 -3.190862416965072512e+01
1.000651957143221082e+01 -1.916818104044168436e+01 -2.599786511113755694e+01
1.239492255732541715e+01 -1.204903173074125178e+01 -3.527326143475822562e+01
7.990301733840036391e+00 -1.750075484772991885e+01 -3.219643915753547248e+01
1.378321646307929349e+01 -1.743787574841915244e+01 -2.368227646396086783e+01
9.234592230721119677e+00 -1.377290688708166044e+01 -3.752277526951018416e+01
3.476847598392215577e+00 -2.094382084588511717e+00 -5.044791716992517649e+01
9.703680888807046045e+00 -6.115013683432926506e+00 -4.489559907217142154e+01
3.242868944085222971e+00 -5.460278853779543695e+00 -4.799893683766256913e+01
7.015646469146186170e+00 -1.414426085719139026e-01 -5.003859756412425952e+01
6.485941997150643346e+00 -7.485448709659384470e+00 -4.547949691222714819e+01
2.069133516746130397e+01 -1.271370956017204001e+01 -1.823487116866016322e+01
1.604977898882861354e+01 -9.815984619158268032e+00 -3.176686827405609392e+01
2.079791869394683346e+01 -9.168247412290490672e+00 -2.083314818752611330e+01
1.758996763271928643e+01 -1.528095406934851397e+01 -2.089922641641011580e+01
1.861076298058209844e+01 -7.814868050820511947e+00 -2.801578410030881372e+01
1.518007285871089351e+01 -1.374709589412834809e+01 -2.828362967462160071e+01
1.368962792184715127e+01 3.972846938617720980e+00 -4.196398207150215143e+01
1.315265794191975779e+01 -3.954164962878679912e+00 -4.077487855670627681e+01
1.647696365762217852e+01 2.160553283355810539e+00 -3.752801450882394363e+01
1.032122761872901506e+01 2.009510222438601890e+00 -4.678026686213233631e+01
1.605942458947222562e+01 -2.096682132172434265e+00 -3.668369198572929690e+01
1.018459028297655777e+01 -2.100259083620454437e+00 -4.689214966126766626e+01
2.530674560016580443e+01 2.158280673680193842e-02 1.633190781738613140e+01
2.703974823676501771e+01 4.659896579965608701e-03 5.185452905670828727e+00
2.500362546760351989e+01 -3.545612410101742107e+00 1.433655413285466196e+01
2.575400041737707113e+01 3.671179155271409478e+00 1.453680861330223095e+01
2.508730077966392713e+01 -4.921878305088478109e-03 -1.605792265620292625e+01
2.692998699409708152e+01 -3.866133958923568051e-03 -5.046240242456421221e+00
2.535813967720501694e+01 -3.596490572407620601e+00 -1.409245379286812749e+01
2.542648057882340851e+01 3.605647423996231726e+00 -1.427753364138019165e+01
2.452293288680929706e+01 -1.066293003509659343e+01 8.881809409489127560e+00
2.703422844565855954e+01 -3.643122703155860620e+00 3.091654308155598496e+00
2.475812230761393451e+01 -7.134715115273325026e+00 1.152365905873377550e+01
2.544166851157243059e+01 -1.115871125581769441e+01 3.059098816382438191e+00
2.615604880217571093e+01 -3.577100952428069025e+00 8.275346531442050235e+00
2.406016430010069840e+01 1.039279433860674651e+01 8.923561828328480772e+00
2.688149661269904911e+01 3.606173972535262617e+00 3.172101774276911090e+00
2.514604306832789504e+01 7.241183264112667217e+00 1.169085210487085114e+01
2.439449379385112593e+01 1.067811609838536491e+01 2.914396977156118229e+00
2.658382462955242787e+01 3.661858727153533888e+00 8.455825791017097970e+00
2.453262419663642646e+01 -1.059806270247601390e+01 -8.783017584371625830e+00
2.708322080632346029e+01 -3.649107543697762690e+00 -3.061465115807600501e+00
2.511929795316321545e+01 -7.228155127613983488e+00 -1.134172693937133403e+01
2.544011364568791933e+01 -1.113522037849408974e+01 -2.991019404759233336e+00
2.648415464065948655e+01 -3.640573267519742195e+00 -8.238016820447489508e+00
2.672950940650641982e+01 -7.386426275307168332e+00 3.348006533442238891e-02
2.388939208324767804e+01 1.036190102351232056e+01 -8.829899923031574005e+00
2.680253188307286649e+01 3.600228956881591724e+00 -3.005473985026219097e+00
2.491410392676785790e+01 7.171554402338778722e+00 -1.151947531681497061e+01
2.436652963652634796e+01 1.066447122444062678e+01 -2.861591573570897218e+00
2.635097018774612110e+01 3.599886942699990655e+00 -8.263739197684598636e+00
2.598432805302321924e+01 7.175583786624098792e+00 5.285645248216334219e-02
