5.560916841571236224e-01 -1.081968485761564791e+00 1.382559940635740836e-01
-1.924069710086371843e-01 4.838146214528113442e-01 4.853450066155398090e-01
-2.550278346165157917e-01 1.069745277526584992e+00 -2.273340840008057473e+00
1.147927629569851504e+00 6.626797961348492860e-01 -4.020463968514694231e-01
1.688458803377729911e+00 -1.072771903701214669e+00 -5.811248967289028844e-01
4.845999051996671692e-01 -1.022616903742092076e-01 1.663937444045387792e+00
5.172004595236695534e-01 -3.932510060423530240e-01 -6.467027903419490797e-02
6.360078237286491687e-01 -1.669143324192399191e+00 -5.998520441156990346e-01
4.053374288048920415e-01 -4.212698179397840748e-01 1.024645330443647140e+00
7.672638956518040843e-01 4.494488232548778384e-01 9.443631243352751392e-02
-7.037514123789898046e-02 -8.528261362675699786e-01 -3.403675915573885213e-02
-3.477425645451059366e-01 -3.538391147357287658e-01 1.394816062017133040e+00
-2.452226611183140059e-01 3.707948688200947696e-01 -7.527537234223657947e-01
-1.150908685655755992e+00 4.625227270925464929e-01 -1.105844446491430766e+00
7.301249061917390593e-02 -1.511135395221518740e+00 2.093116052737806321e+00
-1.068283368976997300e-01 1.632243241205959761e+00 -6.500567744565560746e-01
-7.849071324519313331e-01 2.520411996967902163e-02 -1.417987313090222523e+00
-9.451320990954344969e-01 5.721552503499858222e-01 -7.154060165456901377e-01
4.867137621950843873e-01 -5.647109244720955878e-01 -6.753001269310077159e-01
4.145623281072844390e-01 -1.041498214230967445e+00 -1.361695348612417034e+00
-1.253232775618269290e-01 3.327476380451982463e-01 -4.478314564028211264e-01
4.870198941054131869e-01 1.224113093338598635e+00 -2.129932068865647121e+00
-2.717463226214394956e-01 -1.016152056912234203e+00 -1.502957196932323825e-02
-1.746444867429608250e+00 1.648946681668053971e-01 -1.490824500125203400e+00
-3.341154366390379216e-01 -1.602797440200945944e+00 -5.810404843424794852e-02
9.076154389418052137e-02 1.371244206648777997e+00 1.803482673600390829e+00
-4.686156647928473862e-01 1.447585794594025421e-01 -1.516378538171697654e+00
-5.885521185737810912e-01 -1.551943628970833544e-01 -1.680066282718804427e+00
9.590854778342966513e-01 1.433157127035550593e-01 -6.834766435324477474e-01
-9.357351770990280926e-01 -2.499632288995319862e-01 -8.230939034166038226e-01
1.159494475998166463e+00 8.555193368643208007e-01 4.591680311052592778e-01
-1.169174315149344556e+00 -7.663916361480817008e-01 1.695292281992958117e+00
5.598500576539454654e-01 3.999615490673293361e-01 -9.514560956704570804e-01
-2.249016965650297573e-01 -3.567440051884034347e-01 3.460901012687941924e-01
-4.992959060515689274e-01 -4.099982051133168048e-01 1.681813674592328722e-01
1.303706225913736083e-01 -7.251507157785956892e-01 -1.135247924516533446e+00
7.367910702541325962e-01 -8.814569200167373664e-01 9.995441229997958921e-01
-2.198469934519014513e-01 2.801882134696794813e-01 5.401740925849665143e-01
-8.725736675353750194e-01 1.018460617309845828e+00 -3.167582840287327950e-01
-4.333382978602499658e-01 4.904469665755814001e-01 3.260741083133871787e-01
1.499200824238461127e+00 8.757601218346058314e-01 1.936028377715167448e+00
1.235832621898741261e-02 -4.535773851683545105e-02 -7.606037759664479037e-01
-7.771487628138680215e-01 6.213105229693306059e-02 6.060476104196144131e-02
1.065166551536567807e+00 1.114602792880218463e+00 8.121058786034979216e-01
-4.552244490231590612e-01 -4.415972896131855618e-01 2.730561701546700970e-01
-8.218570342012821994e-01 -8.694247318623793408e-01 -1.407563514977455466e+00
-1.247569564534428341e-02 3.328576108481950957e-01 1.408943759994183420e+00
-1.771716179347355258e+00 2.237546076916161919e+00 -3.274427809970447800e+00
-1.506886098592733481e-01 1.459725749109718862e+00 -1.688939798916518242e+00
-8.033838164890098887e-02 4.546919570380996561e-02 -1.179823545729813628e+00
-1.364048977139284968e-01 6.110596298204870047e-01 -1.432804549788627035e+00
-8.843099993306159368e-01 -1.394997003592853169e+00 -2.767364785860519927e-01
5.182206896810946928e-01 4.303674954996822288e-01 6.753109186697756616e-01
-2.508969344475698859e-01 -1.292359381151751307e+00 4.641677897354770654e-01
1.587104865947006616e+00 -4.063592312936041284e-01 1.456760554692135834e-01
2.324619319414127361e+00 -7.389932845377479298e-01 -9.989825779119043681e-01
-9.015859368201839530e-01 1.938803949824280115e-01 5.681067931223781065e-01
-7.314202439275623024e-02 4.456109291730074862e-01 -1.911734598758644543e-01
-5.750749646781725399e-01 -5.218499454782611346e-01 -2.599413232808437876e-02
1.501915491200247477e-01 -1.130674191224052771e+00 8.249709889199057233e-01
1.875628096145549595e-01 6.547631809034879513e-01 -8.641002368493900798e-01
5.425021393606865860e-01 6.382800903338652077e-02 -5.410087682996070346e-02
-7.028136672005418362e-01 -7.104410341720484023e-01 6.442385343050335278e-01
-4.271596110506488131e-01 -3.131782951778803725e-01 -1.526822554008058774e-01
2.742686459979052360e-01 -1.362535700448599840e+00 -1.817390728694250113e+00
8.494130515207780618e-01 -4.080129958994839212e-01 -2.449104282849599856e-01
8.166202362999987197e-02 2.143727078339954240e-01 -6.193684523209198704e-03
1.204082138722762652e-01 1.325594293777402344e+00 -8.419485945414078021e-01
2.686894406715186756e-01 8.638289554187903452e-01 1.873606813750359645e+00
5.538657733210411438e-01 4.277262639423902169e-01 4.276131404552384607e-01
-9.274790075096722708e-01 -2.560912882612804975e-02 1.803767651918870285e-01
1.957350794560414400e-02 -3.427182037842211315e-01 9.032966351283102657e-01
1.778870247310849750e+00 1.242593580934779673e+00 -1.072971408321980569e+00
5.419841237972298220e-01 1.440077952986173360e+00 -1.328227399661626951e+00
-1.228815381089065184e+00 -1.056700197070195912e+00 3.270738580368198756e-01
5.295359128935187565e-01 1.594457256932570566e+00 -1.044912838012502565e+00
7.323383337461899512e-01 2.631703504462671872e-01 -1.506434410165035764e+00
1.363053104517380695e-02 1.389516634591835942e+00 3.779939084373570846e-01
-3.259554222997572137e-01 -6.220825594599297403e-01 -1.779856512315412198e+00
-1.050014179502304801e+00 -2.001000531204120136e+00 -1.663259095264261633e+00
1.134911830918890363e+00 1.054055107496399968e+00 1.531300584842998802e+00
-5.683405938268595303e-01 -1.075646882233753709e+00 9.918608921772850695e-02
5.866534379901301444e-01 -3.512751210916532085e-01 8.849416792207310811e-01
-4.023754890155554209e-01 1.313678927602442537e+00 -2.171410644238132015e-01
-6.773239678269064520e-03 -2.125216350270254240e-01 2.418287785890847197e-01
-1.168507993036478565e+00 2.314422256084837759e+00 2.481018914433933409e-01
6.566554088545539791e-01 -3.073799300906464027e-01 7.039649544403412396e-01
-8.181707270171174606e-01 -4.293678553439829737e-01 1.168631047682775037e+00
-4.367613956616726023e-01 2.679016613938241531e-01 -1.155842106115066104e+00
-1.363197123776571651e+00 3.311512205635342432e-01 -8.877297410972703195e-01
-1.359741459890185578e+00 -4.043944898330134041e-01 7.036491910292030916e-01
3.371971017061068387e-01 5.897970189648561457e-01 8.511255631374988750e-01
-1.377107375237618114e-01 -1.159379047039001076e+00 -7.771362633604330661e-01
2.212053037867673100e-01 -4.100910948819422863e-01 -7.761656023224847711e-01
3.654924522435517020e-01 4.269039143798003533e-01 5.087678946407697689e-01
4.117619887614944463e-01 9.716424965003016556e-01 -4.226621420252533734e-01
-5.472125025192163816e-01 1.524368540157792773e-01 9.029046603362705925e-01
-3.710746567365826309e-01 5.743986659871354039e-01 -5.620578405484502049e-01
1.133026168107031939e+00 1.099124433717820981e+00 9.912414778513910507e-01
1.825561010986969546e+00 1.017101504057810191e+00 -8.446893760587387279e-01
1.648065338167286953e+00 -1.511664167749016352e+00 -6.362907292727363329e-01
-1.120914418843822702e+00 2.271791114832041880e-01 1.574005863408150407e+00
1.366674814539847738e-01 3.887051669811182331e-01 4.246853996947055898e-01
-8.529836834948649471e-02 -1.057086335045936357e-03 1.388361868748785755e+00
9.148397597833486383e-01 -7.623545604129495779e-01 -6.934702207430483156e-01
4.303750142816810120e-01 -1.564164036634603461e+00 -5.466145581037032963e-01
-7.466292298204363354e-02 -1.923767699922641627e-01 8.687617426547971089e-01
-2.182603969237746910e-01 -4.288752526616905758e-01 8.865974399715677023e-01
2.919754803915758368e-01 1.465745325594421278e+00 8.589722459210928918e-01
1.624289363369295414e+00 -2.446251488445783995e+00 1.082989823679861408e+00
-4.798828363719925827e-01 -5.591808679684057148e-01 2.131917580128520839e+00
-8.745178472169304329e-02 1.970422678048107945e-01 1.646977754716303144e+00
-9.095030987774362086e-02 -6.033302264264981396e-01 -8.860901780171966946e-01
-6.859271314024630861e-01 4.203979203814970367e-01 -4.146022386779298352e-01
-1.004526833737634295e+00 -1.089322860478731503e+00 -1.476735606016802871e+00
1.964629312711637099e-01 9.574577005142375086e-01 -2.721579360597765174e+00
-1.091883372667409091e+00 -1.151208898938295144e+00 -1.006288690991245793e-01
9.026971493747503184e-01 -8.184909794084235246e-01 6.391980828833451200e-01
-1.153326153401809107e+00 1.790436404264054149e+00 -1.082088097964106987e+00
-8.909431450769453864e-01 7.726422448757218620e-01 2.385010443490929721e-01
-6.994423502170086238e-01 -4.762411979882151258e-01 -8.510481516425257020e-02
-4.399083820378302256e-01 -4.074359342425037389e-01 -1.817213751834245161e-01
5.561817029628307596e-01 3.920125793449446006e-01 1.676692277395662511e+00
1.005598627467682471e+00 7.286972986586546241e-01 -2.145672113494778710e+00
-9.444007229786859359e-01 1.334952344185852180e+00 -1.251329089124612604e-01
1.751013220893223199e+00 -3.605728916887070423e-01 -9.542067076447898755e-01
5.593969661131797944e-01 -7.253670509668571631e-01 1.621377639155261452e-01
-5.479148691446758535e-02 2.139153987681606528e-01 -2.130827983005198489e-01
-7.306040063692148534e-01 5.654529567738510870e-02 -1.172204742263108335e+00
-4.366844836406765240e-01 1.141549986220657731e+00 -5.284647393805012028e-01
3.281497592539637798e-01 9.068855434693705586e-01 -1.708617443647168832e+00
1.743019748349843523e+00 6.427768747804660787e-01 6.539787323939669217e-02
5.176914060425907849e-01 -1.189961430450325874e+00 -8.331533548084509855e-01
-4.711586599829376554e-01 1.067265037877531242e+00 -6.002154958463250256e-02
-6.759638317913437833e-01 1.555801414099084568e+00 -1.079063501875397346e+00
-3.488931030447648407e-01 2.202644078469191413e+00 -6.542064173121976411e-01
-1.256925913280009244e+00 7.635408203897711132e-01 1.652481320639621387e+00
-6.385456088374021899e-01 9.739301761685790204e-01 4.679728361463892927e-01
2.796765448136824705e+00 1.415450342182017041e+00 -1.121641701168240246e+00
1.474376951366175026e-01 1.984608918884238349e-01 1.592644269915268751e-01
-7.102430943724170609e-01 2.208356297533117019e+00 -7.433884611519432639e-02
1.098657013549214412e+00 -1.169459224456449231e+00 -7.298440721787107233e-01
1.931250032512335402e+00 -4.994734209925527080e-01 7.323208102531683084e-01
7.399880601812591774e-01 -6.723646249329807700e-01 7.628254011307107341e-01
2.010070910069933769e-01 1.327220858002490234e+00 5.324217013861989312e-01
1.541597951461340710e+00 -1.010396214624705191e+00 1.045534335247907842e+00
6.713340980500159816e-01 -8.032803351697082039e-01 1.063400669102314788e+00
-6.324495334337151276e-01 1.109747384537174586e+00 -8.400188963439157996e-01
-3.111332476062907415e-01 -1.020549376165619915e+00 -3.616040661213282270e-01
-1.552036115710887954e+00 1.149463367097930844e+00 1.005966364022626625e+00
-1.573472792384252639e+00 -4.690675102435149513e-01 6.073459114002488501e-01
-2.274017171934147527e-02 1.116858766687073290e+00 1.251588049027188454e+00
1.141628576124411376e+00 -4.078693157201819797e-01 1.094260260109848559e+00
-1.286534463460932587e+00 2.170086642136306310e+00 -1.174724699087620561e+00
7.763254760455988723e-01 9.456951657425914648e-02 9.510479681508339223e-01
-1.759487461275192066e+00 -4.964278686934640028e-01 -4.498652799692292592e-01
-1.511119586818341354e-01 2.127272325537509889e+00 -1.543592506966031674e-01
4.843847566125368820e-01 -5.185775388214911574e-01 -1.129911625906940387e+00
-8.780038506143078569e-02 -1.859506636823315517e+00 7.111665320734338325e-01
3.663182082750963131e-01 -5.498150808983783833e-01 -1.917032750073905945e+00
1.809196452789850196e-01 1.650379384800580329e+00 1.044696322256484233e+00
4.923802103039965905e-01 1.992459518140375641e-01 -9.916913560435344221e-01
1.787045161893961343e+00 7.073542956446622343e-01 7.024728573502420081e-01
-9.574015100435685488e-01 1.308854919922513904e+00 1.141677254915644868e+00
-8.567124579214066005e-01 -2.236433544188699829e-01 4.349378474015968554e-01
-6.773707335830593257e-01 2.304711836797521118e-01 -5.619832410035721093e-01
-3.627254275643722603e-01 -1.178723911664243174e+00 8.014821457417391493e-01
-1.255022845304403667e+00 7.364256465831043874e-01 7.562478288564477014e-01
-2.655960515362775776e-01 -8.115143157025277443e-01 1.024066531544255865e+00
-8.164380377997561000e-01 2.933918046057721885e-01 4.262231873877302957e-01
-2.665575806866337660e-01 -8.910351816323591745e-01 2.336137583041746901e-01
-2.589022430116719731e-01 4.970254930291458928e-01 1.806657711194087135e+00
1.739561684963035482e-01 1.276378909931287664e+00 2.004299568607384785e+00
5.889183582617136814e-01 -6.192196432454089017e-01 -5.909884860670616691e-01
7.777785286952570987e-01 -1.243478587336531271e+00 1.478601713475489188e-01
8.957408068856715921e-01 2.283524822091361095e+00 -1.465678038113215065e+00
-4.539675945379169630e-01 -4.555920162807007290e-01 1.121680860907173560e+00
-9.072414460887825438e-01 -5.189738763718747955e-02 -2.455934273307114335e+00
4.206909114878232270e-01 -5.666296462872181250e-01 -6.268668677994124749e-01
7.648778133669158208e-02 -1.720363864651440755e-01 2.934862423613761595e-01
4.225088365926558676e-01 -8.647120454348753427e-01 -1.156676031091245171e+00
6.283201131590500088e-01 1.793933912924103036e-01 -2.881192254499677086e-01
1.281120564450164867e+00 8.107108519993883045e-01 1.160172821180413205e+00
-1.616166005857851695e-01 1.628183879626702968e+00 9.452767702212386824e-01
-3.496378200513753504e-02 -1.087530782085049275e+00 -2.932664118471732251e-01
1.775077479339860931e+00 5.792900605811307502e-01 -1.989511055415435770e-01
-1.199680806774771957e+00 -1.541745785981579964e+00 1.775297512107379294e+00
3.177474235060640528e-01 1.545948948260094102e+00 1.305668777102273470e+00
5.450272579266416395e-01 2.008611372360568303e+00 1.622181659837487189e-01
3.300620048451805566e-01 8.715648282554926407e-01 -1.314233136242389577e+00
3.376567259704286728e-01 -3.048748992343675024e-01 3.451754899986754221e-01
1.060742278998682675e+00 -1.820850872476308835e+00 5.879659392486905611e-01
2.058036042655505271e-01 1.675388138326483922e+00 2.958635795213703790e-01
6.009078160151092030e-02 -1.000936098620185621e+00 2.059255198462011383e-01
4.239437452199823486e-01 3.094653518996152639e-02 1.243926768226541885e-01
7.358288172794744675e-01 1.931981781874608561e+00 3.000621143006181879e-01
8.136654879014966479e-02 -8.304222049928804417e-01 4.808437326329959571e-01
-2.030371347050011488e-01 6.134052893322623490e-01 6.555899753883626113e-01
-7.276593091474483632e-01 -6.867074791200662442e-01 -6.753330166578993543e-01
2.550415927999503118e-01 -1.628097489419114696e+00 -7.919402930374298544e-01
-6.445521606274762227e-01 -4.854255792719267548e-01 -7.609672715516305752e-01
-1.145039425382633480e+00 -8.072359088295979479e-01 2.044065779655902526e-01
2.237837434439657325e-01 -1.865701123246595428e+00 3.450180975511247805e-01
-2.023928742708369644e+00 -4.053304549088743713e-01 1.426578896885108694e-01
-5.329396779132716810e-01 4.218649215281839449e-01 -2.242376556361755924e+00
-8.876335429956107026e-01 -4.878571283500124367e-01 8.373761937099408748e-01
1.425303878431540383e+00 -1.953351367223806201e-01 -9.654887958667009995e-01
-1.036159543698042862e+00 -6.574623007206783498e-01 -6.598178808920451832e-01
9.049541911744735101e-02 3.475454752179011897e-01 -5.140187610377893179e-01
1.057910600700611603e+00 1.260018974358903865e+00 -7.069860679943734683e-02
9.136382562727125567e-01 -1.942834510383004698e-01 1.263033844522329030e+00
6.285618566182922529e-02 7.453530666576994035e-01 4.045362359121758011e-01
-9.635061645533591346e-01 -8.025026061941258337e-01 9.750451096287923169e-01
-6.428320935145345194e-01 -7.277473821122250053e-01 4.506747556720880898e-01
-9.641345839856407807e-01 -1.826793198249352157e+00 6.463137595630903398e-01
-2.393363774304103631e-01 7.663951242073132608e-01 -1.046307766267620343e+00
-1.928568031616705758e+00 1.266721105519235335e+00 1.619176708292729083e+00
-5.870636205657936424e-01 1.247911718342499393e-01 1.412551982529227645e+00
9.880254339336576042e-01 -1.769555886670559075e-01 8.334393565828313033e-01
-1.238199850641550581e+00 -5.810897499741577432e-01 8.486605567681475559e-01
-3.911349895386341813e-01 -7.769500017428930816e-01 3.653539907841767409e-01
1.354586540446246046e+00 -5.172790878112817348e-01 1.182574632189429042e+00
-8.915752505639189529e-01 -7.012483539159770629e-01 2.200182385672461438e-01
1.794908616196705387e-01 -3.744037759997768666e-01 -8.689453555435138199e-01
3.559808554647745926e-01 9.519626351043833923e-01 -3.344648660604867541e-01
-4.227395085574413985e-03 1.718244615779187523e+00 -4.946924115592825633e-01
-1.036444600159367235e+00 1.289283940462925937e+00 -2.918015123212397421e-01
-1.620884097272100588e-01 2.895682800714418081e-01 1.145965958455170242e+00
-6.953600755063576999e-01 -1.190604473529438989e+00 1.974055683201337841e+00
2.371758646859330466e-01 2.623369788200546893e-01 3.880634138942913869e-01
2.044412785980958436e+00 4.892032448762231520e-03 -4.654336337929419476e-01
-2.225427843215568510e-02 -1.646242292876280433e-01 7.416941076501444297e-01
-1.499813116534885360e+00 1.912582486257951020e-01 5.052228574491468560e-02
-6.836826352366000004e-01 -4.248818902622132354e-01 -9.924903388433264917e-02
-2.370690008340168575e-01 7.987906331150785855e-01 -1.002072265200659285e+00
-1.600214896435068757e-01 -1.091557984081136690e+00 1.157417668305608105e+00
-3.278222809908985513e-01 2.948235797030419603e-01 -1.564213526048857217e+00
-6.730919384060120025e-01 -7.340284251970108365e-01 5.721066836210986217e-01
-1.307254271058902573e+00 3.322691805249750746e-02 -3.004652816043852370e-01
-6.876222813105783427e-01 -3.487954465460115783e-01 9.292285765013623411e-02
-6.202296615768837507e-01 -6.464020115370382458e-01 -1.585454310827492386e-01
-2.235525024233633307e+00 -2.085337499372279080e+00 8.754479114828194186e-01
1.198047145012394621e+00 3.756452749045265382e-01 -5.049457333296687445e-01
-1.272881327486634628e+00 -1.966617619699449371e+00 -4.341930630682519499e-01
9.430332278700925830e-01 1.230067746738362722e+00 -5.952868572281923010e-01
1.483541167648968706e+00 7.688443273405684564e-02 -9.388200451942780855e-01
-1.469733538681198715e+00 -5.395823774153168939e-01 3.063452096347734077e-01
1.059155936140852849e-01 2.735910109321110451e+00 -1.565197983692583561e+00
-6.850699111890674597e-01 -2.700821743981577927e-01 1.060611365970162145e+00
2.409518704997315020e+00 1.687275207609753025e+00 6.273060408932012999e-02
7.759113785709177424e-01 -2.125919256791510392e+00 1.486020214282152418e-01
-1.838502172351037300e+00 -8.533206246769922676e-02 1.056264283882918376e+00
9.408181706397716892e-01 6.731250303041160787e-01 6.122613555572630206e-01
-7.725300996075861182e-01 7.385768467545906768e-01 -1.456389636943671073e+00
1.759513612029036889e+00 1.951180451381980818e+00 7.677178609528760855e-01
2.011489564968034216e-01 2.119821775179648038e-01 -1.085501742664921165e+00
5.946543933245783398e-02 4.425085747733132902e-01 1.407020135004376948e+00
-7.542785566276741793e-01 -1.271049609435389582e+00 -2.659007198341777414e-02
6.566433221563571232e-01 3.829219322094927214e-01 -4.213231525784924547e-01
1.151045734747634386e+00 9.435495193785775614e-01 1.004637163003510913e+00
5.255939132875473430e-01 -1.636575526431332195e+00 -4.097695714262908906e-01
9.287174035990176588e-03 -6.659730134951148406e-01 -4.543181244769202709e-01
-9.596689296692284543e-01 6.304710780186170149e-01 -1.344505578591516023e-02
-5.834191246689188759e-01 -1.287642297295800597e+00 -5.466229486851603703e-01
-1.999210228205404949e+00 1.689761680594945803e+00 1.435809287613740715e-01
1.298808404841638842e+00 1.429281706345383096e+00 -3.740204941456713450e-01
-5.243611702826711518e-01 1.625125161434319399e+00 -5.913095284892720960e-01
5.095075886419282440e-01 -4.962931629405878398e-01 1.880494758291691770e+00
8.377315310127572134e-01 -1.233213534136164524e+00 -6.884117344879218114e-01
2.389029994039160720e-01 1.155835538373415662e-02 7.835435036804699882e-01
1.471793536348443565e+00 1.729777610335593852e-01 6.520015451905428749e-01
-6.122178235456884193e-02 6.913491972373010386e-01 1.427023903634931035e+00
3.969860271483634517e-01 1.156253750664874708e-01 1.650103184565991254e+00
-5.165894644034025873e-01 1.529323591005273819e+00 1.269968087056828177e+00
-1.029887076486649899e+00 1.075910306752362322e+00 -1.251358904307142916e+00
1.005158230761647564e+00 1.066413219817203384e+00 -5.258034225951515594e-01
-6.837555442162777108e-01 2.501380944078244739e-01 -8.525970294187693588e-01
1.039462530899751158e+00 4.838154864960232948e-01 -2.723102318570067015e-01
-5.387300750368293478e-01 -5.689283419073964954e-01 6.554977639975061443e-01
3.088846623161983218e-01 9.060877631592834103e-01 2.918374734544301186e-01
1.192211394695206428e+00 -9.022494128852099893e-01 3.515532780993175233e-01
2.226896673039415742e-01 1.054839105245445552e+00 1.071321814483624513e+00
1.173421480765092673e+00 8.329768410669073919e-01 1.389780783554368959e+00
-6.304919973331291061e-01 -4.077240952173831756e-01 -1.304321690299402869e-01
-2.812544988588176142e+00 -1.275960029294654241e+00 1.034369912710951134e+00
1.240908979941094392e+00 -3.922581139562151820e-01 5.331588480781361827e-01
-1.582880403079783616e+00 5.580833774676835501e-01 1.343175351366651560e+00
6.580981811412708882e-02 1.006952072874945037e+00 8.252974633390297576e-01
-6.070614260776528992e-01 1.011740737133463436e-01 5.711745247927091373e-01
7.152557885367817336e-01 -3.598732758233725293e-01 -1.466078554557866953e+00
1.098219032880542123e+00 5.945697890688723675e-01 -2.229347358028491932e+00
-1.295241600135524918e+00 2.170435537202029530e-01 7.168139947927507083e-02
-1.061838771244666635e+00 -9.687168691203739135e-01 -1.373912561634497598e+00
3.767879549137876927e-01 1.324891976007894323e+00 -3.233147095187222653e-01
3.433981994270821070e-01 1.241668062513829662e+00 4.910511245673234160e-01
-1.449560798637675951e+00 6.560881386574035634e-01 -1.548239025505488212e-02
6.653041488113216051e-01 2.170159639899590154e+00 -6.236357294083826747e-02
1.902197890293476912e-01 -9.078055262434155948e-01 1.863387528299239038e-01
6.501681504882725893e-01 1.494209004814637698e+00 1.135718000229428926e+00
4.665911403467697394e-01 -1.329845342931473162e+00 9.746655302851765790e-02
1.196415976494601408e+00 -1.382047135695498197e+00 8.438226278596291374e-01
-7.202010305500521348e-01 1.718984212678160151e-01 6.803032716711673311e-01
-3.527422545113072516e-01 -8.520886171529015174e-01 -3.096662689477905905e-01
-1.510096011727404486e+00 -5.749542005591289362e-01 -7.066315382353791641e-01
-1.881873391497621784e+00 -2.421640560376555340e-01 1.186357169258867916e+00
1.716899553133958423e-01 5.514998336135846779e-01 -1.319223723011941463e+00
-2.256526340877061276e+00 7.021236313347503089e-01 -9.447671872602855792e-02
-6.227552405432560528e-02 4.909432319111417531e-01 -1.010288235839740034e+00
-2.243150137530689481e-01 1.461008562773793207e+00 -3.744641735318503511e-03
-1.341870937325794877e+00 4.342844277176194367e-01 -7.397435224330559667e-01
-2.607532128571202756e-01 4.040872245414744990e-01 2.491663359016202048e-02
4.115247705410284285e-01 4.809575085839193909e-01 -2.291880838463855041e-01
-7.045202698480147463e-01 5.980879684702950644e-02 1.040345322710642506e+00
-2.352422325214535981e+00 -4.203862161914314471e-02 1.138723557442296724e-01
-9.450013323126339460e-01 -2.821700638845725528e-01 -1.160430652919764105e+00
-1.041559988460194708e+00 -3.197455772989972189e-01 1.445714457944154152e-01
4.350484875850338384e-01 7.871816800162899641e-01 3.489824066802488245e-02
5.334571380043335864e-01 -5.838652910007502417e-01 5.195300785573293834e-02
1.046980459960794412e-02 -1.616449488060298423e+00 -1.246838614386433619e+00
-2.894098996148432579e-01 -1.348241016112455393e+00 1.954210085909747541e+00
5.851868342089502351e-01 8.962325685945297937e-02 4.616846608436747101e-01
-9.210385295925516136e-01 -5.091810934778348008e-01 -9.676877393162590657e-01
-1.754308487045013631e+00 -6.660851392199419463e-01 9.362158991122342400e-01
-2.670502893816598666e-01 1.064199025149372480e+00 5.535589620347480810e-01
1.203996447356066035e+00 6.943999072186762822e-01 -3.365675826273411442e+00
1.307040647244560039e-01 -2.134029581537158826e+00 -1.869008813847927025e-02
-1.050059760428777800e+00 2.632648276522450148e-01 -7.853811672957204948e-01
8.134404265870257555e-01 4.231086747310570245e-02 -7.044107986168361979e-01
6.715807047022179788e-01 9.195087574211365800e-01 -1.547815760405967911e+00
1.524715024995805246e+00 1.423509477730556583e+00 2.225784744525665104e-01
-2.977402714889582080e-02 6.728521278925579940e-01 1.309362048005696000e+00
6.103411702584781579e-02 -1.504118715274298246e-01 -8.297404886427689474e-01
1.142358473784141237e+00 1.264185784049451700e+00 -4.485691414383034120e-02
7.312316827254361495e-02 -1.992477593307602879e+00 1.351609392853194258e+00
1.383923296652259660e+00 -1.265516787605355242e+00 -4.902086603032778656e-01
8.376261822528019430e-01 -6.887568718209400309e-01 -2.180740530115587994e+00
-1.098254961195103352e+00 -6.447267853680006544e-01 -3.678503456100476465e-01
7.839851232942941506e-01 7.936951536463433821e-02 1.537396521960283091e-01
1.197143593669403927e+00 -3.645910430771487354e-02 -1.715889768310635111e+00
-5.617341957278555453e-01 -1.087565878597676061e+00 -3.715134622405174003e-01
5.856753171006989778e-01 -5.611429516034369680e-01 1.584637327168071819e+00
-1.391271042473805064e+00 1.302271948355331402e-02 2.563020151510780886e-01
1.765689905210666988e-01 1.541198879690865109e+00 -1.150492095233759948e-01
1.610967374422248355e+00 4.526523827194320337e-01 4.875192043433734246e-01
1.787190830823158105e+00 -6.268196716293311654e-01 -7.009784480675715912e-01
3.675115645171750378e-01 -1.307832929455291282e+00 -1.906289166606817354e+00
-1.603755350162426596e-02 2.719991682699681723e-01 2.245017724009873428e-01
-8.727216984291035207e-01 9.318670452498075685e-01 -1.713291043927623603e-01
1.162628584903818263e+00 1.599945527335566053e+00 -9.042310362089125420e-01
1.432928224270482609e+00 9.644672329659726984e-01 1.036977126444581510e+00
2.584032178591942897e-01 -3.865500417031883518e-02 1.283192635071850995e+00
6.560431640039381396e-01 -2.089132355478487413e-02 -3.561307362051134295e-01
4.122547317040146653e-01 -1.322681646464693994e+00 -2.869809967889152547e-01
-5.891663116295345892e-01 -1.343627618164804138e+00 1.100826950849674413e+00
-1.311575818466301779e+00 1.833315449422229237e+00 -2.963970111135440511e-01
-1.537723585138569993e+00 -1.787196813608754598e+00 -7.485084828468099305e-01
-9.650425579099717321e-01 -1.371478908645069383e+00 -1.043972063470151923e+00
1.974268805005851446e+00 4.349428537081354018e-01 1.657901177432452799e+00
-1.166804073016035392e+00 4.894629603470192908e-02 8.879402702773511180e-01
-3.155383630022869368e-01 2.503255554990225784e-01 -2.275854361889788069e-01
-1.386994195284793063e-01 -1.631230740964250137e+00 -1.434072507127420515e+00
1.838667749822820330e+00 7.291026065504409015e-01 -1.124343802134821546e+00
-1.382380534935654159e+00 6.934141191114123748e-02 2.532856104221928306e-01
1.568391817050538206e+00 5.749654026142687613e-01 -2.697380077521605579e-01
-1.446127127714734506e+00 1.591852722105773443e+00 3.924042967610328891e-01
-1.518926154240120230e+00 -9.212931961120389701e-01 -1.390233515665179276e+00
9.622233791452412532e-01 -2.055576536514950092e+00 -1.700061302570565758e+00
-6.714412461221763717e-01 1.411926399796947340e+00 8.180799136993968101e-01
-7.452640873759616147e-01 -1.392026480213787831e+00 2.450348126031929585e-01
1.240786752733282761e+00 -5.516671951049938460e-01 7.402931723384497120e-01
4.721903386004460690e-01 2.667955571788100944e-01 1.470340485701558730e+00
1.844235702742430760e+00 6.797116245138907775e-01 -1.748978845983602648e+00
-1.650461824076647765e+00 1.482672078242160685e-01 -1.497232863567541816e+00
-1.016198160169746290e+00 8.064969930414184196e-01 2.920472065947611551e+00
1.788432824358114973e-02 4.476501504325473835e-02 3.337712829867759412e-01
-1.845977757389039020e-01 -1.388431941881643095e+00 7.924302216998542203e-01
-3.359486509252767039e-01 -8.081766394035229117e-01 1.963408722798523964e+00
-7.736600306460372778e-01 -1.848803486515072869e+00 -1.894934184838875657e+00
3.266502296891869439e-01 -5.581731055659838736e-01 -9.395405054572485148e-02
1.282875659121017087e+00 4.508815827214213701e-01 -4.616251285153762790e-02
-9.117024555583176648e-02 -3.400299374884752091e-01 5.699501094916952226e-01
2.594355790358289227e-01 4.774386019009489446e-01 -4.277797177598968714e-01
-1.011424228582311180e+00 -6.752225304012002827e-01 -1.312619600703256229e+00
-1.523985790949315078e+00 -3.332592648016601822e-01 6.007796480079015122e-01
-1.965663331368446010e-01 -3.643250375145708486e-01 -2.277360063222131803e+00
1.807708780456659114e-01 1.335765512117119025e+00 -7.599769048615312439e-02
7.678614970509627380e-01 -8.735275741359154189e-01 9.255536840651906738e-01
2.250298037087193670e+00 1.616446479166154804e+00 -5.236341693292175803e-01
1.331899494875134815e+00 -7.089483710363565505e-01 2.310534530042027412e-01
1.847114905335168089e+00 -2.161815872397636173e+00 1.336835210969371968e+00
-1.443450947115039740e-01 -7.332718969859903790e-01 -6.369502934685616902e-01
-5.239121709490724976e-01 -1.296891853113075976e+00 1.280062193391034331e+00
2.157989912121855092e+00 4.497589205980742633e-01 1.596306115954344795e+00
9.769169129740103985e-01 1.409709604793139670e+00 -1.255333180657144387e+00
4.708730466096696654e-01 -1.585958261721033935e+00 3.032710535669453367e-01
-1.387953471705302366e+00 -7.175002695459176127e-01 6.870896838332110068e-01
-1.018296714398143843e+00 2.062351591506570714e-01 -8.077367698593848067e-01
6.887429354790597369e-01 2.960335396384617401e-01 -1.193352298559782421e+00
3.840480941025788408e-01 -8.349662366698958893e-01 -1.601579845088749510e+00
7.273791894295744687e-01 -8.357854425039423774e-02 -9.036293291714875275e-01
8.915394441170664264e-01 7.727588622217630432e-01 2.943948596780101012e-01
3.099604231669112475e-01 1.231881734465866129e+00 1.499035132406378645e+00
1.155157114444544719e+00 1.030086243078988550e+00 -2.445936447176175310e+00
2.875226736782951487e-01 2.324822058430967286e-01 -2.319393111445618438e-01
-7.003382435806585482e-01 6.784940478002168263e-01 1.658410613165434144e+00
3.645163140879394414e-01 4.890872886994750424e-01 6.908212732007048551e-01
-1.086913461682476267e+00 -2.083754301848790569e-01 -1.871726329761093099e+00
-4.697326475169042448e-01 -5.021965775544912081e-01 -1.451491453062639048e+00
-7.461134844923310583e-01 4.476562191989599260e-01 6.468129885995060890e-01
-9.514403169201887112e-01 -1.123705442705804497e-01 1.233173478840824844e+00
4.387651941440301462e-01 1.717154308078443214e-01 -7.806292602545972237e-01
-1.100373360499506736e+00 -7.786538978549439882e-01 -1.062610658148889914e-01
-9.507387361246326662e-01 -5.907523737963188415e-01 2.128194620604987319e-01
-2.079700015409695346e-01 -7.627676307914784681e-01 -1.683199366813840359e-01
-4.160727666835804528e-01 -6.162645879289414819e-02 -1.389892780128836769e+00
9.535752062012176067e-01 4.679674642321784428e-01 8.507847229401587219e-01
9.759385527243709113e-01 9.362545927734470252e-01 -8.423634670985981343e-02
-1.940817752518674000e-01 -2.380818326749818414e+00 -2.557091417056663873e-01
9.750948533062183676e-01 2.275555046460483177e-01 4.463917063302696442e-01
9.377081791404512368e-02 -7.439448576321352480e-01 6.031149125378866271e-01
-6.127635611677845207e-01 1.058666288286152016e-02 -1.490470838729856418e+00
-1.652643311260775016e+00 1.323095518871653109e+00 1.969601197433534789e+00
-3.311875187695662113e-03 1.475635240206087717e+00 4.833400416625441842e-01
-7.868730115614230858e-01 -3.547238724460951564e-01 -8.520693367276355179e-01
-2.319536540379084855e+00 -1.539398964481596410e-01 -1.858721001342320267e-01
-1.227894815991853905e+00 -1.557241716728898495e-01 -2.143196317411363072e+00
9.581998947443983727e-01 1.272014084968043246e+00 9.492445052371316638e-01
1.429432593700652676e+00 -5.190970040534298446e-01 -7.584452817859665963e-01
7.178607037150134262e-01 -9.344419112652074810e-01 -9.768258842099767358e-01
1.273568231631729386e+00 6.595056731640090986e-01 -9.339874298927881568e-01
2.195907763377749067e+00 -1.146263915631808405e+00 -4.253580349995245147e-01
1.132327995056046227e-01 -9.586380729868930750e-01 2.619682514936672035e-01
1.633266097937677297e-01 8.559828714237037728e-01 -7.165113920283971982e-01
-5.769219047472426976e-01 3.666636241516291750e-01 -8.595257319362767934e-01
-2.829107847784730345e-01 4.851282027932434793e-01 8.620474372975266419e-01
-1.113319249405236022e-01 -3.211061250151140412e-01 1.254717360982291918e+00
-6.832197785622974306e-01 1.956918309339516604e+00 2.620092826458685908e-01
-1.160245259733966749e+00 -7.776803103906584358e-01 -4.345973554060318378e-01
-7.186593129958106577e-03 -6.994351739551648572e-01 -1.223795072422312114e+00
-4.955330244922989125e-01 -6.038288311664181673e-01 -4.966590258099882749e-01
3.318610217110601335e-01 -9.096715676047983923e-02 -1.935976918633761201e+00
4.321880704265110285e-01 -1.398724195501804379e+00 -1.318790376839092726e+00
-3.536966994754880411e-01 1.115497630710268862e+00 -8.341685361183669434e-01
-3.978170556161964022e-01 3.213786748359043904e-02 2.694622900194877935e-01
5.021098315854478633e-01 7.713397263201945409e-01 -4.907579600957516774e-01
-1.423429459375379569e+00 -1.435989721849630696e+00 -1.365368595945286589e+00
1.645497387333959005e-01 3.123581274315925804e-01 -4.763045710982424796e-02
1.065993329176349702e+00 1.404264983467102823e+00 -2.351695446963872005e+00
-4.760696694604000800e-01 8.007166877875675493e-01 -5.319585620476242199e-02
3.543660893118693589e-01 1.129421452072391086e+00 -3.992245220226071645e-01
3.777320818738477692e-01 2.280424285995865108e-01 1.374345487300415947e+00
-9.394498109989808318e-04 -1.114576023629948037e-01 -1.136066467218986853e+00
8.513748371575280416e-01 -1.440381340738704274e+00 7.660130855721969390e-01
-1.798056983931751507e+00 9.100149334936544765e-01 5.239043673738568579e-02
8.329639331313569706e-01 3.030787758687847888e-01 1.424980594586527038e+00
-9.382083844757540536e-01 -5.226324156640848040e-01 -3.892878603041236008e-01
-1.334075641146831970e+00 9.003706322313898003e-01 7.128352109231561595e-02
-2.537634905965864274e+00 -1.713923010519067702e+00 -2.298068902263281921e-01
1.837829921281096901e+00 -4.228670678444196307e-01 4.282528331527005183e-02
1.006932719017444855e+00 -1.621716939212775044e-01 1.239622423733560241e+00
1.408145986585668696e+00 -2.598545945045308003e-01 -9.090351862287883167e-01
1.672618644408713565e-02 -6.940523884421573309e-01 -2.977840853759839909e-02
-1.116646273830554259e+00 1.992062941685109223e+00 6.302009376122267303e-01
-3.161617609154956932e-01 -8.934436253210236156e-01 4.766761740371551759e-01
-4.087933900329646653e-01 5.088564163212118407e-02 -2.186672722976951144e-02
-6.442025886317381822e-01 -9.383977947539230424e-01 -1.745691040379160119e+00
7.958088771757949875e-02 -7.918480851244171781e-01 2.305092693464139586e+00
2.802302352246191508e-01 -1.175229523714454993e-01 -4.173406858268627340e-01
-3.114298723362338150e-01 -5.758577258794533860e-01 -1.673085608618845255e+00
7.692595427561546018e-01 -2.898740606753087978e-01 -6.215424483558188440e-01
-4.029065766307369789e-01 2.114510833174855886e+00 1.049390939708796822e+00
-1.759079511323471678e-01 -1.110160646517822230e-01 -4.022032470887574318e-01
1.361878713294527588e+00 -1.186416977507793735e+00 1.145461695770696009e+00
6.954001553233168931e-01 5.461862078860950653e-01 -9.044806289353887196e-01
-5.634243678177249803e-01 -6.492110917645841361e-01 9.447010204364441055e-01
6.098578385563415694e-01 8.605693458790104611e-01 2.103728145292427243e+00
-9.944693126386380255e-01 -3.776805730245068049e-01 2.106644627425831029e+00
-8.159466992565187482e-01 1.993740599631338151e-01 -5.894831807589631101e-01
-7.736592399667605591e-01 5.812679057401798355e-01 -4.041611638867431133e-01
-1.315339384787928667e+00 5.229035715620605762e-01 1.215172867732560835e+00
-7.281419410416546667e-02 3.052013606406817070e-01 -9.486399946466559374e-01
1.223918754371715822e+00 1.540659924889798749e+00 -8.909544251825407546e-01
9.277575837985121421e-01 6.997111075525772605e-01 -2.059860061593871361e+00
-1.253207874180042092e+00 7.283644143043803698e-01 2.350738254694420201e-02
-4.912435820963119149e-01 9.957655805298163409e-01 -1.582684966888308065e+00
-8.848836705198175334e-01 -2.986724573460284859e-01 2.628535359706634100e-01
-7.266025170782340892e-01 3.688115064052054914e-01 -2.294663326879449183e-01
-1.029359096243958716e+00 -4.567438011973507517e-01 -6.776449962919789405e-01
4.986567436600707892e-01 4.353544995493908720e-01 4.664977967409374982e-01
-4.342781321680633938e-02 4.359411569796722841e-01 1.885819364869959214e-01
3.725021862139653028e-01 4.181039677118915665e-01 -3.506337832786265429e-01
2.410634965931720761e-02 5.218635103949429421e-01 -6.740633486139326891e-01
-6.553842834814425089e-01 2.150606010215664110e+00 1.400115361378011292e+00
6.123442837882229206e-01 3.366679454589770470e-01 4.146669963125125813e-01
-3.235763440635720523e-01 -2.839781151672446047e+00 -1.208856943902809844e+00
-1.026305604214910128e+00 -5.003338493430420364e-01 2.100687082356082591e+00
-3.247494952036154570e-01 3.629062474569469399e-01 -7.512898802491596584e-02
3.523123020445839693e-01 1.193390631357099441e+00 -2.626043717951757284e+00
1.561160255849877720e-01 4.425883352873705712e-01 1.018922086689190820e+00
-1.744732606123260199e+00 -8.784071198702853023e-01 1.092921113726140758e-01
-8.390411641536968945e-01 1.610057297499386253e-01 -3.208892112672504515e-01
-1.021187489179456787e+00 8.922261620916940306e-01 -7.216296300395911301e-01
-5.874578895724600347e-01 1.037746443860086520e+00 1.073685874883483660e+00
-4.737623707504018400e-01 3.472180792155672990e-01 9.186581232313955070e-01
5.629799961521439466e-02 -3.046045223467370167e-01 7.147665421105494632e-01
6.652426831984015188e-01 -1.761927056099169830e-01 4.862408607011476369e-01
-1.583455361849530132e-02 1.037914224236130334e+00 7.162631851267990957e-01
1.141879837658018593e+00 -7.049703005481680052e-01 8.375121645939771486e-01
-6.764129351786953848e-01 -1.497229002781494289e+00 -1.804558272741026093e+00
2.421758289430347988e-01 1.170853420435346681e+00 1.548656632192063398e+00
7.913328175621872629e-02 2.018547026195466887e-01 1.371862189823518152e+00
8.643053500183768278e-01 8.972901444832329654e-01 2.069185076773282894e+00
3.292915001602104985e-02 -1.031071981765104395e+00 -1.597261874798204584e+00
-7.945982280530005104e-01 4.006655371255518627e-01 1.882165431251404453e+00
-4.788964157975824643e-01 1.208910935660409303e+00 9.417079163642146922e-01
2.746447315997319061e-01 -5.712822352605266829e-01 9.819079179243088706e-01
2.178036927756176855e+00 -2.426436072205204297e+00 3.289754473573822113e-01
3.034321273292164278e-01 5.058092365869085727e-01 -1.479507769824939034e+00
1.904139665273582471e+00 -7.219202769582433454e-01 -7.196251095579876411e-01
6.614692191365462159e-01 4.554879480204314102e-01 -4.421520132181488982e-01
1.796249552191783838e+00 -6.013685828867220140e-01 2.368613217199576071e-01
8.261753055068491447e-01 1.533390519804344265e+00 3.327515854674700790e-01
1.359225271631496978e+00 1.017306802850353131e+00 -3.265445031636829976e-01
-3.978453791437078779e-01 1.465974003094881573e+00 1.506017572150869163e-02
-2.686918266124544097e+00 -2.912630346590998620e-01 -8.452844100998734289e-01
-1.931049101709367388e+00 -1.795624948061094850e+00 6.684711916762399453e-02
1.857799457594353498e+00 1.866596556540937701e+00 -1.612720497763655780e+00
-3.649681604938623258e-01 -5.664794225427959018e-02 -1.600041584682883267e+00
6.026025778991583870e-01 6.293669265467135565e-01 -3.883539890676915296e-01
1.841335793441159774e-01 7.048714443707849719e-01 2.093123571313756648e-01
7.052688285043628991e-01 -2.010865627597777927e-01 2.116718608686208203e+00
-2.114584204363845643e+00 1.723113569050839899e+00 -8.445946979127357812e-01
-1.358647090945980240e+00 2.110638454602602021e+00 9.293367216362105054e-01
1.966738248281681756e+00 7.346530179334967992e-01 3.217046442303397868e-01
-6.042574149800293837e-01 -1.311125162036360647e-01 -1.460709679302891306e+00
-4.776060792589317261e-01 8.846159452494674336e-02 2.307641557499862550e+00
-5.903710988825402461e-01 -1.174335097674804596e+00 1.074570656043019046e-01
5.289829071175849995e-01 1.432951628028792390e-01 1.489660160194441252e+00
1.514876466379829312e+00 -6.140632786986563452e-02 -9.134141579270415034e-01
-6.537269898032890270e-01 -1.885261153507170162e+00 2.352237253414655449e-01
3.030686604126663908e-01 -1.373508783258146293e+00 -3.029665296433160515e-01
-2.590406104699583545e-01 8.713679945808364691e-01 2.278775211153693192e+00
-2.536351291849337497e-01 4.975633255091812535e-01 8.904087799195238295e-01
-1.774811793837220542e+00 6.364853699578580937e-01 3.276197494592460457e-01
3.338982826923469482e-01 -1.225561422362463793e+00 6.012697264028706856e-01
2.429586206321183717e-01 6.194859409982712561e-01 -6.647543775549709100e-01
-2.437632689896080063e+00 -3.393259136482132399e-01 6.891220959122078271e-02
7.759352159900110291e-01 1.304841961116162130e+00 8.891574326550416574e-01
8.990143972237228664e-02 7.374699046093152743e-01 4.791057975465354279e-01
-6.050179380419276054e-01 -1.356016134840238196e+00 -8.472192065385466542e-01
1.986883651788950989e-01 -4.722029494746535216e-01 6.717603424805966388e-03
5.887247211932581381e-01 -7.278643300877877254e-01 1.626309201858584741e+00
-4.916697799044083550e-01 -5.052826655242607101e-01 4.152732587174385870e-01
-2.154799574418245212e-01 4.239267654120276035e-02 -1.958791651767905484e-01
-1.909538119803748657e+00 -5.988330691561160046e-01 -7.197967835450154450e-02
2.404332401230206140e-01 -3.915428863594487829e-01 3.218379831607869057e-02
-8.765430553180589834e-01 7.609359801462829420e-01 -6.961158379825690967e-02
6.495904481611507464e-01 5.358154762900595447e-01 5.158960068239357710e-01
-1.621733830971665569e+00 6.575485083443012302e-01 -5.601740612897105898e-01
2.495587887043661246e-02 4.048710899654623940e-01 4.300340070652499125e-01
-6.267411306167948171e-01 1.887342366181396613e+00 -9.185523443813329303e-01
-6.713393298839173129e-01 -7.374276170921714169e-01 2.537080984792977612e-01
1.164471555824682536e+00 5.534317456504793675e-01 2.235027345860326475e-01
-7.800387593443346423e-01 -1.457995109316036486e-01 -1.373065181265906265e+00
2.231579568483433196e+00 8.926425115194458471e-01 -2.058418398544941130e+00
2.382193367110179150e+00 2.844545878866021164e-03 1.110419478020204354e+00
-5.804743017774562433e-03 -3.729054210185334117e-01 6.713156443208406765e-01
3.932798126156377139e-01 3.048130842276046248e+00 5.173980942874929490e-01
-6.309075842169590276e-01 -8.743384755622146676e-02 -4.193824808905316504e-03
1.572242573453574710e-01 -1.017075633014710379e+00 -1.681970490029131016e-01
-3.567554972081609654e-01 -1.008531610380448473e+00 -4.816788713134421696e-01
-3.318254012598790270e-01 4.106053471011013589e-01 5.080551543070958020e-01
-3.362660243096091128e-01 7.097905874629735212e-01 1.023193171060206685e+00
1.328665423160187098e+00 1.530719780150981701e-01 1.227043923794458868e-01
-4.328102064877755728e-01 -9.190435534940302742e-02 1.894615336314967813e+00
-6.147727251414263350e-01 3.545455404255544729e-01 -2.138809759776515163e-02
-7.093618328264127415e-01 -1.450342198902208279e+00 -7.318934556140611614e-01
-3.189912188388479425e-02 -4.985494852076909345e-01 -2.012015094440234853e-01
1.654579128741503924e+00 -6.935228932328889595e-01 -2.566361715329192328e-01
-1.237266915228633524e+00 1.871608749787550652e+00 -7.932557698027397075e-01
7.941365751177000831e-01 1.376960186402509390e+00 2.352958175890601744e+00
-1.741757676057950344e-01 3.978579821249469961e-01 -2.173654582385886602e+00
-1.618466164084553904e+00 -1.897857362793194114e-02 6.374423678351831546e-01
7.407892308785911650e-01 5.217544234345964510e-02 2.064534944464282873e+00
6.988786971138439830e-01 1.969690648430012292e+00 7.123229015910359507e-01
-5.117559539561008508e-01 9.470100153225272099e-02 3.642179942413572014e-01
3.797225524093347793e-02 1.096087114476405722e+00 6.294257426939371403e-01
2.181549235465991832e-01 1.178923850543478924e+00 -1.470679047467080780e+00
9.764437664079016477e-01 1.860143739101904059e-01 2.966472512626036062e-01
3.092939169558897583e-01 -9.714681979039504478e-01 -8.241907413361444501e-01
-6.277128450072573251e-01 1.899132970630465489e-01 4.905966293957313984e-01
6.004668347837028852e-01 3.837521971415220889e-01 3.510923298828209638e-01
-8.435653292714831997e-01 3.844952813729550778e-01 8.000774164900464891e-01
3.095314033788691410e-01 9.418508278775324927e-01 -2.546668858155217152e-01
1.827654429942384695e-01 -4.903697496778876563e-01 -2.641422368835538159e-01
9.100289412319768623e-01 -2.522283695714993002e-01 4.630023430546038599e-01
-2.056081287460126764e-02 -2.123467848093854304e-01 8.995849617125076803e-01
1.000994091461862912e+00 5.055646895337031488e-01 -1.201954724781883144e+00
-1.049423051528878936e+00 -2.906916973153821915e-01 6.110361284317290531e-01
2.990282685193652867e-02 -1.706787696981969749e+00 -9.324810110308622280e-01
-7.465549866543403912e-01 1.414158886589478858e-01 2.944566784508179103e-01
-8.218015065602576330e-01 -1.351081927316765796e+00 -6.509553673459195222e-01
-6.884237572234841451e-01 2.074962957510433803e+00 -1.226684095994503343e+00
2.141094902587355742e-01 -1.115516242619137621e+00 2.110408735852383533e+00
-7.591761468929738577e-01 1.957382573265618930e+00 1.432658945583124455e+00
-1.824691277563029290e+00 -2.467868258800874237e+00 -3.945598928889818002e-01
-1.531527470975841076e+00 1.350037126652384512e+00 -2.108615906378975779e+00
3.680047592560570235e-01 -1.512239625317636227e+00 -2.897710464271004982e-01
1.176596116600833408e+00 1.887400154186304191e-01 -1.420734208289573308e+00
4.046463263598212845e-01 9.364536188691290342e-01 3.525885029331498610e-01
2.217905172600374009e-01 3.287039845023889684e-02 1.234031354545964465e+00
2.518292023584267625e-01 -1.072640119885362120e+00 1.473660893360273061e+00
6.493495504048174549e-01 -1.383436398945099011e-01 -6.652740658664265672e-01
-9.929390979538667006e-01 -4.932061301481640569e-01 -8.139819254324006659e-01
1.892155913053946426e-01 1.677056804290637526e-01 1.474235091766529226e+00
-1.167627007645956339e-02 -9.477507895732431020e-01 -1.559944128573361288e+00
-1.298448502987112230e+00 4.040724346461327943e-01 3.457359416793952533e-01
8.361146836813045935e-01 -6.748277970211956633e-01 4.772487710186015808e-01
2.330661411648065506e+00 4.640656849416061047e-01 -1.138237275604648824e+00
-1.097716740643548405e+00 -3.844820148780212499e-01 3.826126717844776648e-01
-1.271895795722225353e-04 -1.291198251976268585e+00 1.340731013697012530e+00
-1.417614327015925546e-01 7.254518452504123971e-01 5.958000264775448196e-01
-1.263057075594147705e+00 -7.562377408386689037e-01 -1.060003303640381978e+00
-9.707081934024655023e-01 8.363487550484021149e-01 -7.007444990372947435e-01
2.311029299369257162e-01 1.245876034892005046e+00 -4.015899230369335826e-01
-1.292051980873943462e+00 -1.558962428013840107e+00 1.415284288874917584e-01
9.273888531352940667e-01 -4.457197415909943672e-01 -1.215538022126770645e+00
-4.448821190210351939e-01 -2.451095348955751804e-02 7.948624794501742974e-01
9.664011331451461961e-01 4.671045066609540997e-01 2.352554541315673653e+00
1.404720491447967179e+00 -1.181084216873496961e+00 -3.318387703200614824e-01
-1.135030639723877188e+00 3.099927079168173782e-01 2.114573099957977320e-01
-9.062902542407881290e-01 -1.329046776563215904e+00 -2.194425533962149899e+00
8.247985948668604683e-01 8.944303392142927134e-01 6.792491721085707201e-01
6.531468310025763113e-01 -9.313019280643154429e-01 1.698812179499846309e+00
-1.527623070374074743e+00 -7.198640701719742907e-01 -4.694775377942897454e-01
-2.795707560251723539e-02 8.193827413004028948e-01 -3.706370365965937497e-01
-9.366405731213741648e-01 -2.220575283819900658e+00 6.425004882996764310e-01
-1.300185874221545301e+00 1.486396840684138576e+00 1.028084027189048122e+00
8.714791349192710923e-01 -1.618762219066338437e+00 9.031013049216389810e-01
-1.243045091153412683e-02 8.907234062699901367e-01 -8.057327591085867713e-01
-5.833900893201549032e-01 -1.724717709352632800e-01 -2.905919089425966995e+00
-1.396874852724074190e+00 2.785860587247153131e+00 -1.945116243139506651e-01
