-1.000563372305855792e+00 -2.110210383479441398e-01 7.384885608421228875e-01
-1.547765739172541899e+00 -3.288987970932424343e-01 9.918767851744639819e-01
-1.633884225460132678e-01 -6.842183829636193371e-02 -1.363678748740582369e+00
1.235658309938077792e+00 2.454144595290387865e-01 3.179801105603294875e-01
-2.879898830444163615e-01 -3.874700300026390209e-01 -8.103064421402184081e-01
-2.410518819683136194e+00 7.427796985016266174e-01 -5.970667419280953903e-01
1.976681655444975094e+00 -4.486779729887658275e-01 5.514319833605280802e-02
-7.222797252296482562e-02 1.053426639616140276e-01 -8.106329233400564327e-01
-8.596822901313551091e-01 1.070959057401993597e+00 7.698947636142035034e-01
-3.374047643895877746e-01 7.971282630104665756e-01 1.171807701305475069e+00
-9.597083364765353342e-02 9.426573103520666796e-01 -7.717890990524707284e-01
1.134489006872396955e+00 -5.481959754290524067e-01 -1.696934366067820443e+00
-2.709346272750661200e+00 -6.530575506386460116e-01 1.127214376025036102e-01
-8.590314361158462031e-01 1.067616122520345989e+00 -2.496717932699563380e-01
-6.767136643966371601e-01 -1.224759981740967119e+00 2.168735343752486777e+00
9.772913174185066110e-01 -6.940196954954453989e-01 -9.496051024449155831e-01
-4.835819372655183468e-01 -1.047617420453884618e-01 -6.470207513849318692e-02
-3.864719384689770110e-02 3.001024872050290782e-01 -1.434223610161196483e+00
-8.227020405922895741e-01 -1.172743981758529674e+00 8.742750717683706041e-01
1.816144469969527830e-01 -8.456787596147903319e-01 1.164447016461951812e+00
1.615853824667003114e+00 5.876168734848383757e-01 -5.348993930804810670e-01
1.239747082509923493e+00 4.076922044449279303e-01 -1.482526935213931196e+00
-1.351842295711719322e+00 -1.176771150479501982e+00 -4.819947318917049417e-01
6.809387757852447542e-02 -8.762208398329820458e-01 -4.855942151086858893e-01
-1.501706186235253648e+00 -7.824835878620377549e-01 7.949325466012758801e-01
-2.260044977934798638e+00 3.408733814778371340e-01 4.095174820538516336e-01
-3.153471255075143698e-01 -1.151130504909720687e+00 4.113794969428940518e-01
-7.713925146135021116e-01 -5.240562420082900408e-01 -1.591193758866973548e-02
1.113735508791423134e+00 -1.496702105331126464e+00 3.348644686505292678e-01
-6.187440723704389356e-01 -1.026099335114423639e+00 1.453846557539549833e+00
2.515558298614607668e+00 -5.943654554797178635e-01 -1.923245330795548269e-01
-1.326983176535302844e+00 5.974385856496872149e-01 1.317056374836272248e+00
3.539523480800507715e-02 1.759968252862325125e-02 2.481588672953755348e-01
-1.024282992041248397e+00 -1.432412068184911957e+00 -1.776570219931369321e+00
2.237266994704298906e+00 1.368663052544835668e-01 -5.118300307683897321e-01
1.317886229164642486e+00 9.040263455887208588e-01 1.115506529578615735e+00
-2.875448719726753311e+00 -8.173417631371294734e-01 -5.955828621581451543e-01
2.794242543713814642e-01 -5.916162361504028189e-01 -6.133093818770489758e-01
-1.022219167591074118e+00 1.461924651647847906e+00 -4.804808226464866716e-01
1.173448634531387841e-01 5.527655730320242267e-01 -1.547344641544047050e+00
-3.002379733319527899e-01 4.672417795872130936e-02 8.745516907469437218e-01
-4.276219541380213984e-01 8.172681247189041986e-01 -7.785383878128999680e-01
-1.113908086061299763e+00 1.459801018200559186e+00 7.211638649219641595e-01
-9.121998445077766915e-01 5.303096511186524697e-01 9.867080099189244613e-02
-2.613738363813060683e-01 -7.102144728204975443e-01 -1.662104641438030050e+00
7.402645816950479407e-01 9.063889765135382248e-01 3.426346117266427238e-01
-6.157208852035360724e-01 7.828230237437791006e-01 1.398504385124185179e-01
-4.554237881067102478e-02 -7.126933528573008436e-01 5.249275600248992646e-01
2.414480000628338174e-01 -1.026732801907758841e+00 1.391756982612706306e+00
7.068054755302784209e-02 4.035660536559674827e-01 4.464530208359422936e-01
1.751441077495907273e+00 -7.465391434222035105e-01 1.856900183315080832e-01
6.102847478498233391e-01 1.604397817224878953e+00 2.334620604136112276e-01
-1.020109809730848527e+00 -1.721671827377109887e+00 -1.079201566864382400e+00
-5.972610562142364188e-01 -1.081046932469960531e+00 -8.795556874974986838e-01
-1.117010338449356599e+00 -6.789115798906283361e-01 7.997882154751195793e-01
2.386517289123086388e-02 -1.258354094793777467e+00 -8.205108266658175595e-03
-3.052950554910111580e-01 6.803523909888796739e-01 -1.300457169736035867e+00
7.022515613758339992e-01 1.981718701946679095e+00 -4.607807504593929848e-01
-7.369565506642827835e-01 -1.701822860467993026e-01 -8.677008317995769937e-02
-9.729523907092944013e-01 -1.814431407713747557e+00 -1.259622412494294241e-01
2.328878769174339836e-01 1.924737609589450171e+00 4.309144274952357856e-01
-2.838445787695332623e+00 1.854470577038940915e+00 2.080907472552235848e-01
-1.287339089877500842e-01 -1.545967075347572273e+00 1.703191660719618472e-01
7.358297472707165943e-01 1.977531385133659780e+00 -1.025771066218360339e+00
-1.845222190922030658e-01 -3.136572751051582841e-01 -1.703358094397284805e+00
-2.844549740178159980e-01 -4.881139293006666047e-01 8.483473623337304259e-01
1.180699631565491486e-01 -1.969284172354032414e+00 1.286049661764353980e+00
-3.686326694122919051e-02 1.014964626673181991e+00 3.711533277000610420e-01
-3.115835739200836230e-01 -9.154449620023569212e-01 2.231064649563685165e-01
1.421784126411180349e+00 -8.581092585706755482e-01 -2.905491787329099185e-01
-3.042036800707040647e-02 -1.466720216058451376e-01 9.039245974637073744e-02
-3.976749246588088260e-01 8.693965529759271060e-01 1.778673636134221192e-01
7.274813080457188663e-01 -1.091206727188808179e+00 5.902868946003667627e-01
-5.479175043372457032e-02 -2.451230003317480310e+00 1.991540003056243124e+00
7.598921883897415963e-01 2.876470642738819361e+00 2.410192904975010375e-01
1.847972541419971859e-02 -1.168088410104834107e+00 2.520753195520741285e-01
1.577969254322280912e-01 -9.577433009882034831e-01 1.523509204260445227e+00
-9.324113027617525473e-01 -5.465167320254397110e-01 -7.178904129201889583e-01
3.925022162630948941e-01 2.801336401465487902e-01 -5.884608761987389913e-01
3.267008121431413947e-01 -5.162301687001055184e-01 -1.028687583342650091e+00
6.315571379725843926e-01 1.974869793481370150e+00 1.922801400678047168e+00
1.612900969672845575e+00 1.584420439554736493e-01 -1.407132621729649258e-01
-2.334329243301419277e-01 -1.788975496104515894e+00 5.279752683662347623e-01
-8.206342790234087969e-01 -1.647730275615025830e+00 2.908552121577088756e-01
3.001890434731952495e-01 -3.392694619093789693e-02 -1.735576769462753299e+00
1.024038021078308880e+00 9.865006954419699436e-01 1.085214931258214888e-01
2.571342859786242552e-01 -1.359021979119158854e-02 -8.566553248751852534e-01
-1.247296084678975125e+00 -8.544630074260492480e-02 3.155528311346213477e-01
9.557528932805111621e-01 -5.399390142438481588e-01 8.463516392346033257e-01
1.463947558092264956e+00 -5.112322562864323183e-01 6.861466866389028807e-01
-1.706557443223489789e+00 -1.006147640537243371e+00 4.732697387713195036e-01
-9.401749748998003975e-01 -3.646122300781804992e-01 9.956059362212840158e-01
-4.765412062036085694e-01 -3.936655404078958642e-01 7.416055813567121180e-02
-6.892945678808092003e-02 -1.730827905629933161e+00 -6.667497336543036779e-01
-9.315232820877259456e-01 1.693721598589607302e-01 -8.592884581946074185e-01
-7.269925092309333925e-01 1.745996720686880388e-01 1.253417002320885043e+00
1.759536956957748755e-01 1.126103867483668308e+00 -4.752204368268004853e-01
-4.248990476752643741e-01 1.693216159949294808e-01 -1.015921231719687956e+00
6.546049122233382755e-01 -9.018073523154022109e-01 -1.086155103250949550e+00
-7.390455670089201012e-01 -2.274509331835219417e-01 -7.035728143671111656e-01
2.230887849287619407e-01 -1.661240400401577944e+00 8.080155697413472504e-01
3.642749293848307479e-01 2.055962005949492910e-01 -1.318752259920353387e+00
4.029515295426531751e-01 -9.323947724165543294e-01 2.552250565796657655e-01
-3.773178326843123487e-01 -1.629756811472752531e+00 -6.139727730483084400e-01
1.454924499257812975e+00 -4.956573991173279792e-01 -4.825259802801819264e-02
-1.649653668133314321e-01 -1.906615613605321835e+00 -2.144745022237604992e+00
-8.332621345328319329e-01 9.295889888730262118e-01 -1.454961713428275072e+00
-1.204296771105030361e-01 -9.191677490733431988e-01 9.777858073314504850e-01
7.465264383025137507e-01 6.064709059849417855e-02 -2.406769744431559221e+00
5.577813643997134863e-01 1.276731212829353757e+00 -1.042886410374413098e+00
2.329032605588012561e-01 -7.020941711387934658e-02 1.304952633318323452e+00
-2.412508415375750059e-01 8.365096750721683350e-01 -1.624630935694737266e+00
9.113652978734585464e-01 4.726493450145965447e-01 1.272072942256296413e+00
1.084576770307451143e+00 -4.882042248403283685e-02 -1.830673959656771155e+00
-4.154547689491013829e-01 -4.914430245915260009e-01 9.853736766425857940e-01
2.133484505926834363e+00 -5.155843799909713976e-01 -1.106865216840792865e+00
-1.738578871584039343e+00 -1.791596357510362836e+00 -1.360017047129212509e-01
-8.257921946069827213e-01 1.620468481589917298e-01 3.087380661422434169e-01
5.615041672003735079e-02 -1.891842456287488483e+00 -1.901427159095896435e+00
-1.029258238677601023e+00 3.027944134892319727e-01 -2.151996898275711223e-01
2.357390412946225311e-01 7.944626177502333020e-01 -2.295508723610878210e+00
9.641598479523706411e-01 1.255403483869805825e+00 8.321540585969112724e-01
-3.103963254784252723e-01 4.411931905285655930e-01 -2.504781528351978648e-01
-1.296336632164947433e+00 -2.588889129231663477e-01 1.631428181533890021e+00
-7.705585937315576617e-01 -2.102998027944638082e-01 -4.311025488059739841e-01
-8.535142260248532176e-02 7.344650736673393743e-01 -1.347580302279537845e+00
-6.086402020050348805e-01 -5.278759212598933548e-01 -1.963670597549372454e+00
-8.613363128269259372e-02 2.028741385580359879e-02 1.976072483681422964e+00
1.505320914427390022e+00 1.309112913479970386e+00 -1.448950998009310431e-01
2.943733862662357703e-01 2.205796175361451894e+00 7.333452636650988898e-01
1.053120145545882458e-01 -5.667077355337378775e-01 1.676793669526172037e+00
-5.916623457598036984e-01 3.292246940686139878e-01 -8.344778542661843712e-01
-7.049412550391123133e-01 -6.160130079135323067e-02 5.669689526412912128e-01
-6.259001056980937339e-01 -8.819127600177832926e-01 -1.156469722014774826e+00
-5.300944848774116203e-01 -1.168223122409172143e+00 3.278395256437319216e-01
-1.394973295176864081e+00 -4.935606513257995154e-01 2.333320099767259848e+00
-5.080870356752673622e-01 5.628118652571939551e-02 1.430163768736126162e+00
1.162759609244593317e+00 1.357822901745512567e+00 -1.679186217115921309e+00
1.454380288251954756e+00 -5.369826630938197010e-01 -1.329090012404503529e+00
1.840977206253672671e+00 -6.541933217508191234e-01 1.345283404461899979e+00
-5.267149221065940967e-01 -3.996410433536402018e-01 1.552527607185221425e+00
1.259244091118262077e+00 2.951422291821785837e-01 -1.272382432041847977e+00
-4.705754079080607388e-01 7.846319279687532511e-01 2.381796799956152899e-01
-5.415364446154365963e-01 -1.236651510506524554e+00 -2.887290566236639378e-01
1.339282792557120738e-01 8.581780147064999031e-01 -1.515498200098610360e+00
1.784297945742221447e+00 1.581411686790537674e+00 -9.591853201861546552e-01
-5.655420697297817156e-01 -6.789784208465684534e-01 1.277670188637356263e+00
-4.867364569207905389e-01 -1.570102253224376465e+00 3.422423080462398959e-01
-9.191869938788798100e-01 9.509091440063799361e-01 1.496948369526706069e+00
3.403211756864324977e-01 -9.779813068927211139e-01 -4.022295769918354108e-02
8.490272795776234727e-01 1.176900309171972303e+00 -1.699225711728257426e+00
-8.661539856500886925e-02 -3.390177455243656435e-01 1.440180463524688648e+00
1.777803056381347668e-01 -4.572265253663420626e-01 7.103093379839923172e-01
-2.290614848278699212e-01 -4.475179136825249704e-01 -1.758790036163908166e+00
-6.659021256828014934e-01 1.051786488060115543e+00 -3.336241451821452819e-01
-3.404942272150203453e-02 -1.014010494000325835e+00 9.997676202490665687e-02
7.054749608996757626e-01 5.055650569823367801e-01 -9.733705230158100352e-02
-7.864293212845726577e-01 9.109079783877411796e-01 -2.480707477021336871e+00
-1.377302772218172155e-01 -1.567433248213838004e+00 -5.971404833168043602e-01
7.254028731893343851e-01 7.571116677361524605e-01 -8.249255283176379905e-01
5.812594391594690935e-01 -7.012092860941644412e-01 -8.938936202762663985e-01
-3.204233491285583546e-01 -1.497183099647382276e-01 -1.498881841871297471e+00
-1.772920770010565805e+00 -8.745802832458580145e-01 -9.684726166523170976e-01
1.394392599093621898e+00 -1.176847955090437603e+00 8.654941779741593955e-01
-1.200133761971914126e+00 -2.584090693158931362e-01 1.550104793946817328e+00
-6.524376570282176546e-01 1.266858555310074852e+00 -4.604042814280144280e-01
1.002949394196630317e+00 -5.127409896000655332e-01 -1.174101087006919064e+00
-2.200363561162478110e+00 1.280618796461354458e+00 -1.619737833036277275e+00
-5.323410797869755351e-01 3.453717307933761305e-01 1.204114659230669071e+00
-9.431360151498819899e-01 -2.724869857035984166e-01 -1.632350247838994184e+00
-3.021381426830309705e-02 -5.160886553547531230e-01 6.157637455613267363e-01
-8.111732539529223907e-01 8.512573479628773310e-01 -5.725642832349989164e-02
2.023273513512051203e+00 -1.494590771206380841e+00 1.320551466217678438e-01
2.326619702284951630e-01 -1.011518450271231329e+00 2.208006285790396372e+00
-2.406747566158683460e-01 -4.308920330889019490e-01 9.225195863918554673e-02
1.093857139917603916e-01 -1.468111788453918320e+00 -2.261347399034745020e+00
6.873373483127710737e-02 -7.140894329859340806e-01 -8.065546487532068154e-01
1.183346215029726256e+00 -1.425537297166926232e+00 5.882333026605503223e-02
2.003517412091994077e-01 -3.831266914526508527e-02 -1.554594493765816265e+00
4.204906786570592470e-01 1.468870122693747060e+00 -1.480440236343036453e+00
7.303180767272862695e-02 1.417963053950548891e-01 -1.064677373751250267e+00
-1.594078773602381593e+00 -9.834253082912027821e-01 -3.769046359383495526e-01
1.075749790899134251e+00 -1.865830401945862693e+00 -7.712491337899473054e-01
2.424206144030630894e-01 7.311162695496289388e-01 -1.218807922238925451e-01
-7.632701922055704080e-02 -2.839627438604800935e-01 2.575097594210831620e+00
4.032293157568590525e-01 1.204248338357289061e+00 3.704710353324153771e-01
-4.122437016407666244e-01 1.332531126779318065e+00 7.879253266897211505e-01
-4.259798842783324435e-01 -6.725121104677663775e-01 -3.950192597743760192e-01
-7.946866808264304582e-01 -6.566269842722488592e-01 9.465342184476268628e-01
1.318213409787246881e+00 2.027239494120379459e-01 -1.218723046973844149e+00
3.332534116691073245e-01 -1.351229110054320282e-01 3.065737404469428551e-01
-8.176342396734835871e-01 -6.315855036015209922e-01 -9.171888937171644995e-01
-3.845127773873353583e-01 4.927773367418623596e-01 -5.544661232231943293e-01
4.303991700200843207e-01 -1.353920924789531466e-01 -9.089614690457022139e-02
3.013827521551095678e+00 6.294809612064399262e-01 1.508669176315538263e-01
-1.898348569663234731e+00 -1.769139019553871650e+00 1.054581352918926740e+00
2.480819321913428285e-02 -1.019865716879689188e+00 2.189347374538080260e+00
3.260203183800815530e-01 7.002340291696533825e-01 8.424953218395357935e-01
2.991213227714009659e-01 -9.020506825548648688e-01 8.707067440391142998e-01
8.959221520866650357e-01 8.543820878639369898e-01 1.289345570413846120e+00
-1.084016386119263542e+00 4.178741941075019700e-02 -4.598444578175047148e-01
-1.682554270916410966e+00 3.261353525405713549e-01 -5.597499576706518321e-01
7.746603827111364637e-01 5.881489261831601700e-01 7.800675829202944334e-01
4.220812249888805101e-01 -5.668850955232608742e-03 4.642599265556105470e-01
-1.005334635190285431e+00 1.042011341346210207e+00 -8.243339453790878846e-01
8.384106457111364374e-01 6.577995777248307752e-01 2.863069292043667335e-01
1.296498490153970284e-01 2.662570404065326413e-01 -2.949073071220108533e-01
5.877008189528982740e-01 -1.790227943088959162e+00 -1.098806571458525339e+00
-1.106535240726490121e+00 -6.989063543958599078e-01 -4.700658067961811515e-01
3.456788155130252616e-02 5.196245729555920567e-01 1.349781282522844739e-01
-1.046391865045547265e+00 4.113460760633805280e-01 9.841378907136101306e-01
-4.827831120827225098e-01 -1.115361040012743388e-01 -1.001029330581235666e+00
2.031060832618526657e+00 -1.223420870237266644e+00 9.295100427578306679e-01
-5.353046151221924065e-01 -1.272109050237002048e+00 -1.356339453499414205e+00
-8.991692255495055408e-02 -9.111710405315344152e-01 -2.319695894068422581e-01
-6.511923132997415875e-01 7.274188326237876479e-02 -1.460519249982556106e-03
-1.189830945016137953e+00 7.705708460404022686e-01 -4.425197572235890497e-01
-6.283526764652891394e-01 -2.896710346584056017e-01 -4.524654134818632545e-01
-1.063432612125609689e+00 -7.800309504714757480e-01 1.000147275755651100e+00
-5.343778630237603355e-01 -1.977203235554990890e+00 -7.244446309820384844e-01
6.551178224924626425e-01 1.088738465913615894e+00 4.469054037741520546e-01
7.231512930889268942e-01 1.307622209509295974e-01 1.519917155670544306e-01
-1.616127038342485500e+00 1.297253182012244155e+00 -2.906508162157451017e-02
-1.686383358532735022e+00 1.206239078732547210e+00 8.341785378823927122e-01
6.637583250776072363e-01 8.067998407202947586e-02 -8.987867732058002490e-01
1.794639500757648221e-01 -4.568247769557314819e-01 -1.200405715900714876e+00
-1.439993139405673306e+00 -1.669127532581656803e+00 1.295181770872617211e+00
-8.105857325758307752e-01 -1.696089383593119004e+00 2.090525191162859869e-02
-7.466709638061264087e-01 5.542081312122335568e-01 -8.745337544103927441e-02
-3.294010320639703115e-01 2.946803450156449955e-01 -4.180782930858129021e-01
8.061715818440250148e-02 -4.523327159778019468e-01 -3.990008859087119247e-02
-7.776092184237118343e-02 -9.228385097045873620e-01 -6.682550470527708064e-02
-1.201228983419178498e+00 -9.973263396000279224e-01 3.384731314428756077e-01
1.193004978548678263e+00 -8.487572919689578832e-01 -2.376116339585769843e+00
-1.670589297889304214e+00 1.086251410937618678e+00 -9.125051868388257825e-02
-5.233163470689141672e-01 -2.947854448587651222e-01 -1.676185387539895100e+00
-1.142359115816645454e-01 -1.262671448334944824e+00 -4.614082277137407928e-01
6.397314851618881582e-01 5.710667324170555226e-01 5.210099137113796131e-01
1.916268160576791946e+00 -2.267057413536399668e+00 -7.890241846906101419e-02
-3.393654944693165199e-01 -3.707988210457792699e-01 9.914695171081597813e-01
8.147853013547352863e-02 -1.010782967534282095e+00 4.402181143195441626e-01
-5.881384560028295461e-01 3.434475198256461415e-01 -2.190625781387496029e-01
-5.392117457915736045e-01 6.726559708312219721e-01 -4.186273457942703557e-01
-3.797870114251379881e-01 -2.809195756915536246e-01 6.431507003742664708e-01
-8.976025263684013211e-01 6.383505183885890277e-01 -8.134896251571547277e-01
-2.017960343738335549e+00 -1.013650285659149386e+00 1.207163446156613418e+00
-1.032893647183384500e+00 -5.459115906198238610e-01 -8.736120916183146567e-01
-4.659623616443296368e-01 -9.245454402606533284e-01 -1.871768047074017505e-01
1.349341071347985199e+00 5.202988485136160746e-01 3.554750789778144959e-01
-6.520759052881572489e-03 -4.058980622996722354e-01 -1.568623292310784012e-01
6.395688360743048140e-01 -1.263765531762288674e+00 -1.175002461157097500e+00
-1.060746714966566695e-01 1.078356346127664622e+00 1.426579583426213826e+00
-1.831492291270438333e+00 7.860216568684874616e-01 -1.996108134856282579e-01
8.613624819078063988e-01 6.972665297165010490e-01 -4.204401289751366622e-01
2.149490187448493295e+00 6.614283598388734919e-01 6.377026622910337839e-01
5.934937424381837578e-01 -1.112536904807769789e+00 1.831343739351155020e-01
2.126052709089918114e-01 -4.781863920062897066e-01 1.994493640110094779e+00
1.877401385493705499e+00 -1.787868363963221185e-01 4.935922758434735935e-01
1.011940470256187163e+00 1.221778415002375384e+00 -1.004501729129025467e+00
-4.646049291258997349e-01 9.383104652013553038e-01 6.764179537480626836e-01
1.680644905992112026e+00 -2.275680673044987168e-01 -1.307158484236946139e+00
5.853341340367337331e-01 8.168231919388176110e-02 -2.812270090301540293e+00
1.151312452697250022e+00 -4.374997871188279208e-01 -8.221381837622870892e-01
-7.087858119532440826e-01 1.018034099012513627e-01 -7.110397673154744691e-01
-8.487286371580706756e-01 8.572598767923836349e-03 1.110010850116431413e+00
1.825168032650957173e+00 1.174957666517869370e+00 1.273771499645594552e-01
7.032682176991249534e-01 5.957191472918991204e-01 1.454695732565407518e+00
2.695301186914821900e-01 1.835137495319084211e+00 2.460266552265735207e-01
5.114399160735312311e-01 3.064897971992111891e+00 -6.948452420035106103e-01
1.716823278605437153e+00 1.156192743366311892e-01 -4.376820034532243331e-01
9.632983037021438655e-01 -3.765315707243498955e-01 6.049348030349499528e-01
7.895445829531319015e-01 -9.025912575068790744e-01 -5.612995603632686681e-01
7.063675219131435590e-01 7.205499142537700186e-01 -1.700950834348900154e+00
-1.702640590540833054e+00 8.383476507205973871e-02 6.756675012430114480e-01
3.020935528046508334e-01 -3.614612206858577315e-01 -2.445492201137883514e-01
-1.188000836841438757e+00 2.061644866094300088e+00 2.001030663826396161e+00
-1.546443463830740717e+00 -1.306985333536587746e-01 -1.155978395708392004e+00
-8.085075243957979829e-01 7.617869744854114389e-01 -5.113657740522099537e-01
1.235278960062490494e+00 1.449985199855110540e+00 6.432809499350728988e-01
-8.251966999022858351e-01 -1.133895104554784705e+00 -1.063470439895040642e-01
1.069176518817808036e-01 1.030405915190540478e+00 1.337334951866513633e+00
7.122630401315812598e-01 1.315733429056295645e+00 -2.814743313693480742e-01
7.557670534147071795e-01 1.697559324735437469e+00 -2.601267037448379837e-01
-3.537835256509646448e-02 1.273563989636246507e+00 -1.242637297757924308e+00
-2.339192939622436018e+00 -6.963152989321245157e-01 9.512375453725773200e-01
-2.834989237541420515e+00 -4.857087721134195624e-01 2.211073258951057330e+00
1.069168039671790915e-01 2.083302512765498271e+00 1.737626239931692185e-01
7.926813829254398813e-01 -7.389939540271771579e-01 4.659070276863755411e-01
-1.894916051026557247e-01 2.531327140942563753e-02 1.848452913147715204e+00
-3.368823029915508194e+00 3.499586147628841459e-02 1.004277952422673925e+00
-9.967493986124040806e-01 2.971664746320666906e-01 -4.545658044973200917e-01
-8.360848169644194416e-02 5.254238265325051893e-01 3.298890249377305350e-01
1.320023832082382720e+00 -1.625163932783453946e+00 1.997857565960827753e+00
1.239824862788899029e+00 1.555370020546516414e-02 7.055529313426623927e-01
-3.368746452165893857e-01 1.747157677738454762e+00 -2.901621388991512673e-01
9.420464026075151542e-01 6.617761362165516248e-01 1.409182186108524748e+00
1.186917858750661248e+00 2.261926092317052106e+00 9.536919124972231820e-01
1.541193351322657328e-02 -5.487126192379452316e-01 4.181999184062181740e-01
8.110047150706281016e-01 2.146031585462847557e-01 6.962995562339822087e-01
1.124328652299980025e+00 4.604648606405857547e-02 -3.428453065880300299e-01
-2.829956358710205566e-01 6.593129869234346518e-01 1.260589698398757674e+00
2.919461843124672162e-01 3.473972591544893795e-01 -4.658897385310143968e-01
8.483719647683374276e-01 -4.839467057239171810e-01 1.180237164076704676e-01
-2.694601308385755067e-01 1.513983581913252163e-01 -2.434521354924740755e-01
-2.347295728315093921e+00 7.096863944528192247e-01 -2.579369199926891731e+00
1.033530615885814852e+00 -9.896415730452503556e-01 7.279482846955844799e-01
-3.390651449897464254e+00 6.283952726985279069e-01 2.821348956620258752e-01
-4.047538714535716120e-01 1.394921720432824142e+00 -8.051129567017931699e-01
-7.889170956526100342e-01 4.782795299160862434e-01 -1.450980496384089324e+00
8.036250664336502814e-01 -2.253289044081713488e+00 2.636085854066893552e-01
-7.675923499280783435e-01 5.001257866645675287e-01 1.596210727661246664e-01
-5.338779794052787020e-01 1.619290633913314403e+00 -2.037362731139650052e+00
6.281339160062533733e-02 1.083328330533655182e+00 -6.167493794513582150e-01
-1.270292816745224096e+00 -4.364751764760450015e-01 4.129283942233750726e-01
-5.088520232527878884e-01 7.387790296314539207e-02 -1.200340892082356170e+00
2.911778720451048130e+00 -1.425089595958236144e+00 -7.276818813769240224e-01
-1.058338043472050405e+00 -1.214121549841256975e+00 -7.576317228818778560e-01
-1.655541456422843227e-01 1.394851579225848459e+00 -8.702928108672636220e-01
-7.015837893499922151e-01 8.470156692895565165e-01 2.043382764178347522e+00
-7.374196169292628333e-01 3.677961807418833606e-01 -1.201720946799019973e+00
-6.769988206708680289e-01 3.471406734406192740e-01 4.289310121478099869e-01
2.109864421652688282e+00 -1.213390412112337113e+00 -6.493797422789954199e-01
-1.493773965039104201e+00 2.886169916411919778e-01 1.068539910494336276e+00
-7.155926584634264564e-01 1.229486758163808258e+00 1.053170634682242701e+00
-3.727583298452106786e-01 -3.223772792906394735e-01 5.137434681655287383e-01
-4.573333391385653868e-01 -1.195866891327712622e+00 7.230321676362787553e-01
-1.113136643553084060e+00 1.113713211522219693e+00 -8.345651495097161643e-01
7.085566955517507148e-01 1.538025765025431868e+00 -1.232777675484858060e+00
2.069476345085780267e+00 3.281474968674238935e-01 -1.474341104339309094e+00
-7.008151048182873488e-01 4.629943081760574675e-01 -1.559371619918027418e+00
-2.574933437728593733e-01 4.483062106066021402e-01 -4.127134626586056454e-01
-1.181416419020583808e+00 -1.130725233363374382e-01 7.528104035268817773e-01
2.420004191483196010e-01 5.565464353119269347e-01 5.637089639832987276e-01
-8.315521592765415804e-01 -1.671796716623313417e+00 5.375430969849704921e-01
1.229640065012317596e+00 3.415358954707693462e-01 4.267775315145842518e-01
1.192627156083051476e+00 -8.180174633380472571e-01 1.005138609540538130e+00
2.755309375746379241e-01 -7.181218041955029774e-01 -1.277633217097849716e+00
6.012611504552906050e-01 9.382079945574006707e-01 4.090232850140397836e-01
-1.780550094346130541e-01 5.195672826453142656e-01 5.578619260761342735e-01
-9.286534318687769129e-01 -1.430566390677592559e-01 4.521317305149123444e-01
-5.666660726882272181e-01 3.024159450102304608e-02 2.297879489660831775e-01
3.143504444301805645e-01 3.109368603815539922e-01 8.288837075619396311e-01
5.828641511804028008e-02 -9.754885658705455542e-01 -1.683063207032062358e+00
-1.617190555879370217e+00 7.160948639891349110e-01 2.264756941753318098e-01
1.087909584454059386e+00 -4.425260318616169863e-01 5.281569412220868953e-01
-2.362244639693710513e-01 4.223557302697150684e-01 -1.164935143947093132e-01
5.043408854506074152e-02 1.154191986048124008e+00 7.947158894242721816e-01
1.256649958835158065e+00 -1.080362707551694390e+00 -1.256694676766279661e+00
1.258854515660144280e+00 1.147967599939971439e+00 -3.735194179052928609e-01
-2.938065162391575447e-01 1.211395982731494181e+00 8.230703975131891115e-01
5.390183120218271229e-02 -7.410513336983968191e-01 9.267831360190837975e-01
-1.040884152948754027e+00 -3.081482553153065962e-01 -4.145714823457926634e-01
-8.890675894607064089e-01 1.035927809111283571e+00 -3.852511357735065589e-01
9.415116271260113301e-01 1.224867508479760281e-01 -6.234669017347873599e-01
-1.637046089477550481e+00 -1.423165754506115599e+00 1.501628469161796486e-01
1.534897818262486835e+00 8.097272530679611169e-01 5.039618561084562298e-01
2.011741681853076169e-01 9.566623797305251475e-01 6.022098874004527813e-01
-4.883763219157498114e-01 -1.077112977120534776e+00 -1.544658831528099796e+00
1.289966720938812671e-02 7.496647576585289442e-03 5.978019955614120168e-02
-9.903087319070721373e-01 -5.494638805937117620e-01 8.191690425867309555e-01
7.267368210209772528e-01 1.316755973216082953e+00 -1.155574091907821899e+00
-4.820091126885346910e-01 -4.889205751550741996e-01 1.510282037711808911e+00
-1.719985103692057926e+00 1.049694641721076044e-01 -6.028517366125302201e-01
7.330392508774138949e-02 6.486857436833561863e-01 1.211782707311941154e+00
-9.167312336925266258e-01 1.383096933316011912e+00 -6.359732898796918166e-01
-6.863657734463284310e-01 -6.886396675602155515e-01 -4.421178630683871846e-01
1.208614438670840840e+00 -4.888389159520966087e-01 -3.075764294642904795e-01
-5.232605193533033106e-01 8.445750852036504330e-01 1.055463125908597366e+00
-4.644491513269515814e-01 1.937696517786508810e-01 7.484577601003534753e-01
-4.701072840081932935e-01 -1.297664162692863110e+00 1.298502322823903710e-01
1.528748872290698890e-01 5.271311205831260560e-01 2.816824742168609341e-01
9.578063428872529705e-01 1.545703547937908040e-01 4.733683294990046475e-01
-2.826850168405211083e-01 1.317836894788600555e+00 2.700585648856815846e-01
1.253040655104847856e-01 9.819586508731846797e-01 -5.080094130420322873e-01
4.254648017425378126e-01 2.468283481447278938e+00 -1.232034214073267853e+00
-1.890504321860367876e+00 1.529041636506756285e+00 -4.377497358639687031e-01
-8.967025656733281780e-01 -1.950318883969687778e-01 -1.174566732885237608e+00
1.043097891680793365e+00 -9.622157085911834384e-01 6.196555033694368664e-01
-5.065770477141176009e-01 2.818680004969948416e-01 -9.600696996857900345e-01
-1.219658372793018586e+00 4.234712957133359712e-01 4.156413388939303455e-01
6.007096928326944862e-01 -9.855513714805183012e-01 -1.307265155760896080e-01
2.402536271002243817e-01 2.114402557052958098e+00 -4.104366359944749409e-01
3.753334122453881871e-01 -1.509664760371499437e+00 -4.439030816386423384e-01
4.607501083446647883e-01 1.152526827490327754e+00 -4.118044469417932452e-01
1.355354037340783968e+00 -2.546459630875151370e-01 6.311411936091895769e-02
-3.943892644578578799e-01 -8.348611194238394484e-01 7.158577070008327325e-01
-5.587547361314033623e-01 2.936872420276049819e-02 -8.014202443751405891e-01
-1.042131386467321397e+00 -1.312941293341183702e+00 -6.552911948166770806e-01
5.477620219408483315e-01 -2.160271860736910021e+00 4.056334432408464918e-01
-1.885588708995433738e-01 3.755130596340957028e-01 -9.058614730887868394e-01
-3.630550058081037923e-01 3.255173633475055839e-01 -4.516658528806817285e-01
8.271957282638726927e-02 -8.857422420376378502e-01 -2.383970449230955690e+00
1.531040540183725929e+00 -9.859441345826446268e-01 -2.711612685967326186e-01
-3.839916344727316022e-01 1.437629976994377667e+00 2.596023650401235727e+00
-1.157112036051579418e+00 -3.977680662271678713e-01 -1.290821876328388518e+00
-2.007142582792245111e+00 -4.121751732643940680e-01 -9.738068332134055538e-01
-1.152817926467205156e+00 -5.453969459023156885e-01 4.691199856764373399e-02
-1.254255969141771621e+00 -1.218479472800539254e+00 3.984136976392551460e-02
3.623649129233417199e-01 1.490228585649110205e+00 2.365343608953146548e-01
7.768146711635256496e-01 1.164445348144787395e+00 5.246473740540260611e-01
1.844853836597302399e+00 -3.233336965661455786e-01 -1.668874094849808658e-03
2.095523251383962227e-01 5.220505819619322141e-01 3.231670971269268167e-01
9.423877833008222904e-01 -2.166169610084115682e+00 1.022554154678278371e+00
4.978245912420724562e-01 -8.195372145219727289e-02 3.224705494945939721e-01
5.389300291938433629e-01 4.157690767529711312e-02 -3.791857492438878707e-01
-4.452762973930381174e-02 -1.136265669905936360e+00 1.824685565726900938e-02
5.749059191917702538e-01 1.673426550889282716e+00 -4.867319198713443429e-01
-1.786411489650580720e+00 2.470461314465850766e-01 4.215857414535867931e-01
1.216726296633690918e+00 3.499453505292478561e-01 -3.972842620685499981e-01
1.540440892085108426e-01 -1.215505033652946487e+00 3.261852555323364045e-01
1.201336405885044423e+00 1.335750001138453991e+00 6.291060416825315915e-01
2.634813069380920747e-01 3.491811089246212307e-01 -1.255448486502454664e+00
-3.135217285117887220e-01 -3.682230242275064125e-01 2.190231751032102103e+00
2.483088361510777109e-01 -4.914272201696046061e-02 7.716353452067883922e-02
7.091516464319959079e-01 -3.387068276429565095e-01 2.067722065957310562e+00
1.406947300837495529e+00 -5.334428426260464651e-01 1.748666548312062030e+00
9.049154637660546951e-01 -2.034256056673975355e+00 1.280860534754491464e+00
-4.806706019130229657e-01 -2.068500526111465010e-01 -3.819239997070287412e-02
2.240265464636214343e+00 1.182167441238453076e+00 1.410934747612866413e-01
-1.036574446746400868e+00 -1.240301373949240116e+00 -2.756406183706082702e-01
2.356458939636085770e+00 7.578633381906684230e-01 1.210698807672895949e+00
8.799424976401566401e-01 -8.042946618214159571e-01 2.476808505133942240e-01
2.122788174898925240e-01 4.407813701735653900e-01 3.524985324368929973e-01
-1.514087994184814268e-01 1.045781185369890620e+00 7.795297010132842264e-01
-2.790434961675214431e-01 -4.229596806181170066e-01 -1.453629905300215297e+00
-3.242420961294248949e-01 -4.926036453699870199e-01 -1.575965471680327579e-01
-5.569055311972488376e-01 5.606655963217137550e-01 -9.137646844637729859e-02
-5.469437601028401819e-01 -1.009793670134507826e-01 2.276851095738884889e-01
4.412831896611372762e-01 -9.064031839744705055e-01 -2.987548333677811363e-01
-1.023442913677115484e+00 -7.599013423214023843e-02 1.240316063992371820e+00
-7.014221401281065527e-01 8.487168687331639871e-01 -5.887700403068251154e-01
-9.723556059290748843e-01 -2.474149289593221557e-01 1.021079385722868382e+00
-2.260918322957524040e+00 4.492790660148314741e-01 4.111817888374248442e-01
-1.050216132998614271e-01 8.183605288192609128e-01 -1.038271495919156573e+00
2.749850539041516218e-01 -5.921156317604390207e-01 9.208865374309254115e-01
8.634565987136624265e-01 2.693859737947142952e-01 -8.336976887995000141e-01
8.504478530111975187e-01 9.100342642044035868e-01 8.536220952693568398e-01
-3.499605083410607942e-01 4.562629374270001370e-01 -6.169011540216204903e-01
3.400895874339919245e-01 2.069836534883371826e+00 -1.954509960265352342e-01
-4.407782099902193829e-01 1.193929500531487831e+00 4.008632868458718024e-01
-1.203507016433850302e-01 -9.570989234506871446e-01 5.222977573735624462e-02
-4.124863552092716823e-01 2.403463740787542269e-01 -9.985102057485873983e-01
1.399915444769262995e+00 1.016269055585393932e+00 -5.475082073443227060e-01
1.763145881208483812e-01 -8.201897707496468293e-01 -1.537019952606876405e+00
3.921268064754518390e-01 -8.629974023711523001e-01 2.755531013478442759e-01
-9.073490129720632180e-02 -1.742146401084274654e+00 -7.962166072608046763e-01
-1.247566691238156528e-01 -3.481683555055762880e-01 -9.689112697911256289e-02
-5.114780150288027460e-01 -1.140552922372905620e+00 1.175877950913776004e+00
-8.088784959532462349e-01 1.266829363128565866e+00 1.585455764720623995e+00
1.297400030596518594e-01 5.585739646725470381e-02 5.031736321858348848e-01
-1.463799372238555385e+00 -4.124012148117884302e-01 1.945873740919207062e+00
1.384661529222449249e-02 -3.340149772502060133e-01 7.374567877124139637e-01
2.000233276771367308e+00 -8.541291682793604734e-01 1.463196182399552736e+00
8.350387951468604131e-01 1.903746220205931872e-01 3.395347947887987217e-01
8.855739313320817319e-01 -1.200443296932548920e+00 1.528276052359357262e+00
-1.319405386758314647e+00 -7.814164275953560113e-01 3.887816517850280484e-01
-3.857263683240895469e-02 4.762592819470873873e-01 -3.513954572491291839e-01
4.723822678506436196e-02 -1.348592250968381645e+00 -5.827127962958715823e-01
1.049122031616737116e-01 -8.921815857380446246e-01 -2.160996819633931754e+00
2.118644348851840276e-01 -1.839682684353368902e+00 -5.575019023645590988e-01
-1.433405465352143304e+00 -1.323148724248613739e+00 8.314532317906996317e-01
1.686357427121738750e+00 -1.690016967856196595e-01 -1.105630916748916226e+00
-1.290538920945880852e+00 8.257957078385491645e-02 -1.911596981038922172e+00
1.223642982223779097e+00 1.212058150815790825e+00 -6.414789759129507773e-01
9.331051786764288369e-02 -1.027791448908684124e+00 -6.177031646723236680e-01
-1.555595505607746842e+00 -8.766418434874173604e-01 3.624254859559089548e-01
-1.724523381908155684e-01 1.672362681713753241e-01 -2.488207202329613954e-01
8.100007171963869990e-01 1.028507316972676167e+00 -3.427799056144203438e-01
1.432264918609450710e+00 -1.518358239220618522e+00 -1.518115762290508375e-01
3.801665232618400836e-01 -2.022829835031963730e-01 -1.568323449030764261e+00
1.008085377904927027e+00 1.030493171477866010e+00 -1.088906533989526748e+00
1.762529384590052484e-01 4.912953854234329842e-01 1.382501555517388347e-01
-1.819199135687511903e+00 -1.377747846190754633e+00 -1.433319483919706649e-01
-2.669131836725052720e-01 -5.661979619715026280e-01 2.519584476227212932e-01
-1.476676192869418092e+00 -1.189527884670938285e+00 -4.599541785784652115e-01
-4.409769969800804157e-01 -2.470119117172234757e-01 1.076273753104320718e+00
-1.138648440918523130e+00 2.337474132279283856e-01 7.748268109899110190e-01
-8.935310380401381147e-01 5.868009152260246220e-01 -2.482644067092692475e-01
5.080164197158486550e-01 -1.353542735569441380e+00 1.050497057130018286e+00
-1.229837642078392523e+00 5.787990042079415032e-01 -4.321770803457388732e-01
7.872133854910040585e-01 4.440007602638704753e-01 -4.463111423662743382e-01
-5.991562569183908060e-01 9.107574550026459326e-01 -2.497202109856059060e+00
3.261115941620610359e-01 1.780212520647448671e-01 8.793190550737167710e-01
-7.917991560941819440e-01 -1.294258729981091482e+00 -9.445067476637731829e-01
6.925907632331586017e-01 -9.404539026081405462e-01 5.416632301920488723e-01
-5.753727667239056931e-01 1.348712674845263582e+00 -1.576468472982872626e+00
6.647146334406228707e-01 -5.292591233090510050e-02 1.852644821500865624e-01
2.889542405266591341e-01 1.598004463110289874e+00 1.021425549711615227e-01
9.803895198017145152e-01 -6.514141624941117703e-01 3.824923997674259391e-01
-2.379808818784543867e+00 -5.310223057592319273e-01 1.686076433174889200e+00
-1.370000117790728833e+00 1.356564166029595508e+00 -5.153325738021017344e-01
-1.354070888459395390e-02 2.597186793229165680e+00 -3.496616130914085852e-01
1.266009064593727862e+00 -3.386400752281249482e-01 1.534387707108343157e+00
-9.239114346393443311e-01 -6.523566931097928290e-01 1.483496963088482556e-01
-4.075614892543063389e-02 8.135702660457664326e-01 7.898353668420849960e-01
-1.075197580397904806e+00 -7.266903855659936351e-01 5.825216667874671961e-01
8.511776188479248662e-01 -5.124485244794115824e-01 -1.002791079022380627e+00
1.066037099403034150e+00 -1.858886623222060219e-01 -1.005475422631808113e+00
-4.810191607148139870e-01 1.311537413498671256e-01 -2.889043102050949385e-01
6.925723879496920032e-01 7.020369601962814787e-01 1.462734486163742353e+00
-8.717962491346022968e-01 2.054634021739320249e-01 -1.727086393803072273e-01
7.265777339640097088e-01 3.683321319161513840e-01 1.127624364383275735e+00
-1.469759721507672090e+00 1.558039436429987434e+00 -2.601781510273210030e-01
-1.109110680434775897e+00 -1.284625604608128635e-01 8.298021196012902445e-01
4.528762160172286055e-01 2.052899585403013261e-01 1.232431815647102136e+00
2.053803598510212325e+00 -4.090939769586142694e-01 -4.060111127672221265e-01
5.202677635466151917e-01 3.934281902793718699e-01 1.935189590057712627e-01
1.254117699648028772e+00 -1.680951221306710153e+00 1.240504276170295794e+00
-2.281715639547321928e+00 7.544916979840975424e-01 -9.853464295367660997e-01
-2.868311805524891289e-01 1.119604117084716521e-01 -3.282349639427062926e-01
1.945617032980894723e-01 1.388265648307835387e-01 7.049549324872896872e-01
9.788519267129531798e-01 -3.900038323350283886e-01 4.252373413509782929e-01
-5.258653767361909370e-01 6.752934211727230629e-01 -8.783871437409028760e-01
-3.330055965286392583e-01 1.212818151141804357e+00 -2.375009515545016381e+00
9.948092218198268943e-01 -1.713261101606245784e+00 -1.386142749791367867e+00
5.942571197006283334e-01 -2.184533087296494092e+00 -5.221853122101054456e-01
-1.303691378198447604e+00 -6.074498652444175750e-01 3.163189808574423667e-02
1.343349507467129778e+00 -7.693568891070038385e-01 8.927454826770182539e-01
1.029738486909499429e+00 -5.757789213111800253e-01 3.359209423916189596e-01
6.317051691114875522e-01 3.002062663001705545e-01 2.582344614622991141e+00
-2.723544607981495669e-01 -5.941569570128244493e-01 -7.526853583344595977e-01
-5.558373939108813833e-01 1.788053976679320645e+00 4.919469927841046419e-01
-3.384146347056242732e-01 6.804193911788015692e-01 -5.226026342187701790e-01
-5.150112956755475979e-01 -9.324080342071093541e-02 -9.343065191434080097e-01
-1.672577666632532267e+00 -1.931097130724914734e+00 1.268695626803072241e+00
9.322511146278146185e-03 -3.435018337978964498e-01 1.369945743617086709e-01
-5.963581819714510734e-01 -9.575017513702337446e-01 5.117217042884325551e-01
-1.196724686585323605e+00 1.035318455388625658e+00 8.500434289435342405e-01
7.715263338295239581e-01 -3.619882825052963549e-01 1.919907619769984641e-01
-2.008226701885351684e-01 -7.266007897018801343e-01 1.408187555452165896e+00
-1.003977809092142758e-02 -6.933360869978842933e-01 -1.721308183533638347e+00
1.512153981459756769e-01 -1.328678532971518667e-01 5.165224549610641924e-01
-3.098733442085002329e-02 1.967284615757366906e+00 2.215345205496705716e-01
7.930010489938665863e-01 5.963524025772929393e-01 2.037044480566367444e+00
1.766653841173702888e-01 1.601538974618910149e-01 -7.615170919901499413e-01
-1.105831447878038720e-01 -3.602676630144977521e-01 -4.534907135808650958e-02
-5.179931480358036522e-01 -5.563626566116890437e-01 -1.679229499805826031e-01
1.228713634958375073e-01 1.560165893829889905e+00 1.950631850086025354e-01
-9.931485128185220113e-01 -1.483473850690070206e+00 -2.068416133068321783e-01
-1.627442638634226002e+00 -1.756699649030083465e-01 -4.633659000702898823e-01
6.119663550903542415e-01 2.205263700598694976e-01 -4.079260592941385544e-01
-1.284869148216630119e+00 4.800132407455993122e-01 3.838011844070093881e-01
-3.120230396835075304e-01 -5.449040228277792774e-01 4.188227806709674851e-03
8.402174761134605374e-01 -1.584553963718487557e+00 9.859557902864701795e-01
-4.126445679900097030e-01 -1.059539051746543725e+00 1.186549179872873117e+00
-4.652637240823401243e-02 8.695069860595990852e-01 -5.392380664120153266e-01
-7.089276299778923818e-01 -1.669839763065351868e+00 -4.256487321194215578e-01
-2.674983496353545487e+00 -2.178938042255044838e+00 -7.320688547295054471e-01
5.611532785415513924e-01 1.504900457238334432e+00 2.827559035026837031e-01
4.411559020491140348e-01 -7.235131555994079866e-01 9.589913236185301226e-01
1.340445031160939771e-01 -1.183778516729560443e-01 3.282996613490828941e-01
-8.661229293241662353e-02 -2.331563998754637435e-01 3.299985945018085731e-01
-9.302289066178333066e-01 1.207996530141590918e+00 -3.837419498169181153e-01
-9.125852367013970179e-01 5.611280494428779742e-01 5.110363748783065124e-02
1.388896606266157852e+00 -3.585651961996585979e-01 -6.321427481199790588e-01
-5.100986195405705637e-01 7.433100139421155994e-01 6.069150402570235858e-01
4.525648046319432488e-02 -9.122498454253326061e-01 1.693931226863258477e+00
1.489983824206618235e-01 4.368815711448346267e-02 6.563541922866193978e-01
6.502828262315840657e-01 -1.179795943574760558e-01 -9.941481132919117725e-01
-1.977550323776805286e+00 -5.801948159335739152e-01 -2.226113162443869253e+00
-4.485329948903373776e-01 5.793947385681039730e-01 3.742070595050992488e-01
3.955125011591693607e-01 -6.568948207121150240e-01 4.836448720308799687e-01
-1.714511553381266262e+00 1.083121331928103892e+00 1.898410185029736075e-01
-4.395381611975990310e-01 -2.214279612528045504e+00 -5.990849836561905617e-01
-6.288151939565524984e-01 -2.151445877263201134e-01 1.261407667063209059e+00
3.918036792633963761e-01 -7.295821376077211706e-01 1.055685420168493704e-01
9.728091011037622859e-01 4.084078038439539204e-01 -6.610926432040298284e-01
9.893975534674112060e-01 -2.610481021164756665e-01 5.761696364065626019e-01
7.960825134905623324e-02 -1.584952458004512899e+00 5.757029988148231192e-01
-6.517551671552505033e-01 4.379472516475277910e-01 2.122354889123582999e-01
1.543526885052023845e+00 1.152721998191083008e+00 1.830368029762401205e+00
1.445919083945115480e+00 7.762638308459177683e-01 1.596204745514170797e+00
-1.151303235288127613e+00 5.062348950804337333e-01 -9.925627927108128246e-01
-3.191243275463448437e-01 -7.232314077731264446e-01 -1.110121329403400248e+00
1.738803819879973345e+00 2.090877323104247676e-01 -1.689138030078650043e+00
2.657228630288058779e-01 2.760661826442411537e-01 3.919531801255237702e-01
-2.352871012348443092e-01 -4.858429576054389409e-01 1.930185148071319023e+00
2.441592516194964618e-02 -3.512500040383444433e-01 -3.132831116708599817e-01
-9.489987335598999429e-01 4.890824833598556021e-01 1.290006312798954058e+00
4.602728477165640708e-01 3.641412284917219799e-01 -7.731251729117394333e-01
1.524243157222759493e+00 -1.776138536739884088e+00 -5.145005263921856864e-01
5.037700361232655411e-02 8.956635582219790725e-01 -7.099320998014938544e-01
3.676562931875693718e-01 -2.474844815003049092e+00 -1.026265189937853206e+00
5.244527781752542639e-01 8.970296057985890359e-01 -1.058021727936760525e+00
-7.142793548374957169e-01 1.500897264807752762e+00 1.830493833784456736e+00
-3.368588430502060804e-01 9.679649333301419967e-01 1.243767194763232720e+00
-1.509137268274585997e-01 -3.913806657219632279e-01 -3.296852047377284850e-02
3.625717216682697308e-01 6.146792683712586358e-01 1.217108551045518627e+00
-3.119443200877658473e-01 3.095362882451151432e+00 -4.390685171953568888e-01
-8.492307486059983423e-01 -1.201364198725326959e+00 1.669294292870076246e+00
-3.272566514020613493e+00 9.597047051102657045e-02 4.516839825098091787e-01
1.363574311056968247e+00 2.514173381877466085e+00 -5.439186192894236022e-02
-1.400683620863793610e+00 7.576607873968149720e-01 -6.009221162436483299e-01
-4.322702035290542089e-01 9.251778411062939744e-01 7.026492424286784333e-01
1.376716950937477479e+00 -1.496294755032993862e-01 -6.397537554604401100e-01
1.001326333932943458e+00 1.538075917766534628e+00 -3.650289231141868318e-01
6.074143408672140199e-01 9.529266918697338884e-01 1.481880092741024724e+00
5.541716658809185958e-01 4.916762650453796457e-01 1.112051227150209071e-01
-7.410535911893816330e-01 1.216915451839774232e+00 2.115937019257263962e+00
-3.849878974765175415e-03 1.973287118465675505e+00 -1.354158427901359651e+00
8.369925972191142316e-01 7.639116636030247598e-01 -1.367686577654825784e-02
1.722336020088954589e+00 -1.062674864596295926e-01 -3.431621558087200596e-01
9.640023456470852015e-01 -5.391087269309681462e-03 1.597700562573824701e-01
-6.131727133549529363e-01 1.940635412228310930e+00 5.676387489386637286e-01
-1.752349637819082595e+00 -1.441118993867402942e+00 2.053490309074887943e-01
1.340551071126717952e-01 -8.815384588020741541e-01 4.743126653493420775e-01
-5.526773954856182280e-01 -5.028399532994851096e-02 2.397129001611683630e-01
-4.192327616728863324e-03 -1.529024737043977122e+00 3.133418659488906854e-01
1.475089863797072409e+00 2.139617021384874196e+00 8.074649560660013270e-01
-8.997458638672256592e-01 1.742054738176399553e+00 -7.871218314452644860e-01
5.808442449890630632e-01 4.619703825883538784e-01 -4.929665860176297154e-01
-5.767852726997477752e-01 -3.713878586465304155e-03 -3.009017034265694113e-01
6.376453085794782094e-01 1.769715356308268817e+00 4.756983324546353309e-01
9.761161435094583005e-01 2.801769153352769437e-01 1.293403977364314672e+00
-2.792942519203921448e-01 9.327969048047062284e-01 8.395203178655268050e-02
1.924677562812747156e-01 -4.270335083078568572e-01 2.194680358593528169e-01
-1.748606699393679964e+00 -7.722027921941472250e-01 -9.333434833327561853e-01
-2.670059251542182821e-01 -3.292266695913547703e-01 -5.373013428185398066e-01
4.506776247307910932e-01 6.379500576008748647e-01 -1.269321801760512791e+00
-1.446531763056373876e+00 9.348996241138620711e-01 7.998960834410162590e-02
-1.689911925821454775e+00 -8.031073871156685362e-01 4.492951551885284167e-01
7.912158786937860677e-01 1.790873726014930556e+00 -1.188531570019792483e+00
1.427823387747823025e+00 -4.110412103394721628e-01 1.361148570367974209e+00
7.174036783061558120e-01 4.436124653878604773e-01 -4.410215976674887184e-01
4.342620312158277929e-01 1.915523912337387946e-01 4.635281486638214571e-02
3.215350721912278997e-01 -1.425438782286991390e+00 1.325372119068533583e-01
2.063882389992533373e+00 -6.977725199136934897e-01 -7.933487789860746986e-01
5.870404379531787287e-01 -4.401631372146881382e-01 -8.504755804576413780e-01
1.324622657622671174e+00 1.472753238089263617e+00 -1.573912885605412315e+00
6.002698343715042739e-01 4.168358982058011919e-01 1.384635471109927352e+00
-1.132819136340243116e+00 1.062441316561545834e+00 -4.778512103834781088e-01
6.650730567033691365e-01 -3.043681323767395419e-01 1.421345909915785688e+00
6.671865156228927729e-01 -1.407371382171157315e+00 2.026319424080915144e-01
1.649158614831122582e+00 2.151658974863166762e-01 -4.477009145706606907e-01
4.610566017299598252e-01 -7.745987406626444471e-01 8.813388109891310274e-01
-7.198811178774957575e-01 -1.183863351424275345e+00 2.599909598688630585e-01
1.226167723474072435e+00 3.364160821978497418e-01 -3.456611908314725090e-01
-1.141365390446370531e+00 4.478411095605817627e-01 -1.544459695208359795e+00
9.148216852163828516e-01 7.185585097111633068e-01 3.746302166305092718e-01
-1.307566841112879630e-01 -4.402590825834097332e-01 -2.725510839121685347e-01
-1.562715238510591576e+00 2.456176456347885784e-01 1.170948554719818818e-01
-2.455085156366381416e-01 1.881256811212707603e-01 -9.967321629688121742e-01
4.584886269669378178e-01 9.282311957594322482e-01 2.988171446494410910e-01
6.447185563435395839e-01 -2.215684547500202495e+00 -2.308439089785263298e-01
-7.384160877777623533e-01 -3.151061848122950204e-01 -4.338866467996561060e-01
1.547894773099386424e-02 -7.436047360573876386e-01 6.387732238702631404e-02
-1.579600036179134248e+00 1.928936515807545271e-01 1.833459190688329521e+00
8.250978810727923607e-01 -2.130866943417476289e+00 -7.524485128920923582e-01
9.596996123263101808e-01 1.005804073162413825e+00 4.338322561635085672e-01
-2.649532042633280793e-01 -2.979440801390870752e-01 -6.528048713680952853e-01
-1.570558983439401368e+00 -1.754756535128515038e+00 -2.595107199262637554e+00
1.742850946786914434e+00 -1.592157966917025158e+00 -5.775944931774070756e-01
-1.529159851246701729e+00 1.165486991706353503e+00 1.191026148529699347e+00
4.649999448552856740e-01 -1.077044107777121562e+00 1.472527950045949829e-01
-4.035792195849690622e-01 4.142440849545987458e-01 4.653282208179849722e-01
4.985533595549765939e-01 3.073212217062898377e-01 1.629429832737230521e+00
6.117839153634553329e-01 -2.817777016383738453e-01 1.052259709662812126e+00
3.330823783270957517e-01 -4.687157601794624817e-01 -1.016203189027851395e-01
-6.104987448373518921e-01 -7.144538744598263880e-02 4.023666974673013874e-02
-7.347105477097098936e-01 -7.801738489296710100e-01 1.454088003327782319e+00
-7.224839595194199049e-01 -6.899939542721442720e-01 -1.993317588186666045e+00
-2.529135197936718815e-01 -1.764627662893936133e+00 8.473583660742359802e-01
-6.597284099208266086e-04 -1.306929684135579528e+00 -1.348688355656312288e+00
1.481311977618983367e+00 4.524025456030134063e-01 -1.112367584252310193e+00
-7.834558934122505258e-01 -2.010727265519479945e-01 4.542870779634758938e-01
1.921405470810862104e+00 5.267584022267247645e-01 2.199643731769137744e+00
8.264457775560343222e-01 1.429550514743358758e-01 2.806696564592950915e-01
-1.357296765818138296e+00 1.435795956549372976e+00 1.065785794252317897e+00
-1.074834683597305718e+00 -2.142147020836822693e-02 -1.034507890798492147e+00
1.388163391309859884e+00 -1.456862180608289314e+00 1.287926296712174290e+00
1.532149287339989563e+00 -6.852608946470657714e-02 1.368950229255966322e-01
-1.424148263363650857e+00 8.631221792198415232e-02 2.548406955940428764e-01
5.256264093105653679e-01 9.195522340079133050e-01 1.154505198642461039e+00
-1.279113933746208187e-01 -1.110172023203459313e+00 -1.248859725833086021e+00
-2.354803932478121697e-01 -1.194324691806443628e+00 7.300025307228114047e-02
-1.230153713562638806e+00 9.444453397354133362e-01 1.382016741708664620e+00
4.837575209803695042e-01 -5.095919424261421415e-01 2.997362272260360783e+00
-9.374053411767544475e-01 1.278701851458142191e-01 5.937025192890296177e-01
8.021411017908038898e-01 -1.151686638727091871e+00 -7.239230978717879905e-01
1.768323900386719050e+00 -1.881902431357063143e-01 5.479797738182939915e-01
2.853524095605258770e-01 -3.877473944461699573e-01 2.070795455667253204e+00
7.769940098602117207e-01 -2.136565035797034273e+00 -1.223851278269830312e+00
1.542913590646750377e+00 -1.168861771685793194e+00 -4.599672865136585909e-01
1.097152828333241237e+00 -3.520519131448252015e-01 -5.035479533696491927e-01
-7.952131723556070675e-01 -2.805821502519041666e-02 8.142803139832074932e-02
1.617524765495815586e+00 9.817827697445140611e-01 -4.914169333757046898e-01
-4.687267790684503388e-01 2.195499203382671460e-01 6.935598931672645184e-01
1.064202183189149720e+00 -7.361482658662139578e-01 -2.576191958628935019e-01
-4.369309040283078649e-01 -6.561786241427459698e-01 7.430738563079379855e-01
-8.821637270538440490e-01 2.966135973363527301e-01 2.387774587864306131e-01
6.815770652204806712e-01 -9.907980237327967954e-01 1.490133244230772425e+00
-4.170678137513009753e-01 -2.898855817124603718e-01 -1.645799583287971712e+00
1.516871607744451900e-01 1.681561328319625126e-01 -2.437408956160293516e-01
-2.396985233747791710e+00 -2.701155588735841273e-01 3.893112851098364802e-01
-5.698656131631114896e-02 7.624680434820476638e-01 -1.285747351258236026e+00
1.840796368537066297e+00 -1.599987352393570594e+00 -9.358080984230010557e-01
-3.431310475333871901e-01 -5.399353982447885336e-01 4.283641880627760967e-01
1.568829513398128928e+00 2.546821359580786481e-01 1.358864537202834288e+00
-1.722275841262444152e+00 -1.781121840320671224e+00 -3.040901716810317026e-02
1.503424786993176498e+00 -3.729950531188579443e-01 -1.958658510912034967e-01
9.524899962773460960e-01 -2.254662952393905462e-01 5.538611827179071856e-01
-8.859076570376012150e-01 -1.589150551431766312e+00 -4.486899349140046622e-01
2.393285938403784119e-01 8.884906853340420740e-01 7.605121359462037045e-01
1.170603957472853507e+00 2.112237642884867483e+00 5.879333157833800394e-01
-2.004238103980707231e-01 -1.199951254009917312e+00 -1.892561711771436617e+00
4.170497112501856396e-01 -2.412365094170891844e+00 -5.752208045498281574e-01
2.010269043244260256e+00 9.281202935059711390e-01 4.453009653425089587e-01
-1.097493949744657860e+00 8.452958378000483552e-01 2.535634380418038680e-01
3.868011916348482737e-01 -1.348826986427313690e+00 -1.210885050169980548e-01
-2.169170900066024643e+00 -1.276942453412979461e-01 -5.138182069600755186e-01
2.277112059971456159e-01 -1.899616169640545360e+00 -1.096382347005288915e+00
-8.768784940878517897e-01 -8.852100703748321253e-01 1.105303189535037811e+00
-6.108685544881578000e-01 6.521952151101394479e-01 -4.169097332012012824e-01
-6.488867152319390819e-01 5.478239038045393423e-03 -8.019536241901134010e-01
5.014081042654544573e-01 -6.809509286047351617e-01 -5.581818176555278788e-01
-6.813142849716753435e-01 -3.412860441268109613e-01 -7.555656848559663130e-01
-3.619119131756559082e-01 6.406975161024816012e-01 1.440199413354476876e+00
3.791814248719871938e-01 2.780079808270855546e-01 -9.586088550042173306e-01
1.131937408119699784e+00 6.716956847810080511e-01 -7.118082093321133064e-01
-9.994416858339864873e-02 7.331062797830582012e-01 -1.122242837152265249e+00
3.070735022160976310e-02 -3.200787195068257041e-01 1.088007655584119604e+00
3.748478710932406921e-01 1.563490340661378708e+00 1.416277007814463085e+00
-6.209297122466774788e-01 4.355173685264671080e-01 6.825731259370720894e-01
3.648342645591126088e-01 -7.417241320869073506e-01 7.822883195065595263e-01
5.786150486785974767e-01 1.704315654868038932e+00 -2.394378619406027364e-01
-4.310578093410525891e-01 1.322201008230980745e+00 -1.498244728260481884e-01
-6.392090216768655520e-01 1.983125879593374608e+00 -2.029795788806278145e-01
1.269273436939276412e+00 1.501427366087471293e+00 1.096952021969506141e+00
-8.111474770273227608e-02 -4.120003144415756435e-01 4.984654011633170567e-01
-9.556814625288472254e-01 -7.294328656690525214e-01 8.876816679641977847e-01
5.011559629394554127e-01 1.895462291973658286e-01 -2.929884823703101659e-01
9.126751437564277758e-01 6.367361449889247238e-01 6.299745813530603818e-03
1.425620235191802143e+00 -3.052945249120220805e-01 -2.177711490885088530e+00
5.689227143506276896e-01 1.158989942199728951e+00 -1.763428375240606583e+00
-1.057024452691501359e+00 -3.788122084169013304e-01 6.150321371927546243e-01
-1.697193985774810843e+00 6.410867136645220787e-01 -1.722555813956244464e+00
7.776444407441760465e-01 -1.006902834701554061e-01 2.461807901903644291e-01
5.429341268698534284e-01 -1.281471156770913833e+00 -1.633031780093952001e+00
-5.785901150855928821e-01 4.589607185911864784e-01 1.964242691988170031e-01
5.267666834165013467e-01 6.116695222435749590e-01 -6.200697549999519831e-01
7.726767513389043440e-01 1.257791171462210977e+00 -2.252118902195090755e-01
6.905631977850722469e-01 -7.785285922067330944e-01 -1.796688584160289315e+00
2.578052293982936449e-01 7.467349645056096108e-01 7.126605623445048110e-01
3.604420243138657942e-01 4.228379277441848827e-01 -2.930398678091676312e-01
6.621367961088363563e-01 1.361800110899247684e+00 -7.874749913732388418e-01
-8.398841211810769147e-01 1.055241604168169339e-01 7.376663260154813218e-01
9.210524671349747949e-01 1.239919301533620954e+00 1.054147787090427002e-01
7.952884958701337270e-01 -4.924277659525530537e-01 9.241370567539642922e-01
-1.596622380681609332e-01 -2.238128166254460982e+00 7.945850294219172771e-02
-3.978094734424068579e-01 -1.138750155980612216e-01 -2.724518803395984179e+00
-2.259578709151234821e-01 1.487990457310689740e-01 -1.095028907641009575e+00
-1.209111286399957991e-01 -1.098867278977408851e-01 4.564941998739988627e-01
-1.445467452851892487e+00 6.293375547069993692e-01 1.360772532838090854e+00
1.924820129115241696e-01 -3.648416020744930099e-01 -1.138182108588262187e+00
-4.770388952594473153e-01 7.000566787161034421e-01 3.743889043438213826e-01
1.091359002289274960e+00 -9.126371773026289436e-01 4.061551587069562874e-01
-5.053777889347464969e-01 2.181841313285332595e-01 1.339635271758897961e+00
2.257283405722404268e+00 -1.912602557730627817e+00 -6.107589158556208098e-01
9.583647605082271648e-01 -2.000576162015136550e+00 4.130881567140161637e-01
5.758526475652209209e-01 1.596102048130653372e+00 -1.973710072170198337e-02
-5.382469721526371709e-01 2.287613827376271947e-01 6.331585514507399592e-01
-1.039847901781159489e+00 2.733342982913691821e-01 3.951177607473552733e-01
1.116083812349392801e+00 -3.494069419293837075e-01 7.989519049213191781e-01
-6.963743599590519473e-01 1.888888600239503335e+00 1.525550285933982737e-02
5.467160611745527365e-01 6.606406809460011464e-01 1.309886149873036414e-02
1.139741719832953332e-01 5.460609547570366429e-01 -2.872594726877965993e-02
-8.546070327219746909e-01 7.485302846870194315e-01 2.991394054440913441e-01
5.897711110454836314e-01 -6.522493826292554697e-01 7.547163789376100385e-02
1.604353951945111989e+00 7.038540476425100140e-03 8.425123455593215294e-01
-4.231423231441894806e-01 4.472147368545579815e-01 2.848439595983521810e-01
-1.458473437139841400e-01 9.239735969014373218e-01 -1.143330964261843052e-01
8.584654916158548366e-01 -2.255950037287389520e+00 -8.175090077254959509e-01
-1.098878258568427579e+00 3.282576075148815331e-01 -6.126781027065718310e-02
7.513008671279979289e-01 -1.914393063568879283e+00 -6.057917790040847628e-01
-2.112141615898457947e-02 -2.150640812189154261e+00 9.398400252527771004e-01
1.058071084840568554e+00 -1.548811888541294257e+00 -1.059060855008302715e+00
5.359259126451476618e-01 1.741523720995692415e+00 -3.038371348391503690e-01
-1.702339168584933171e+00 1.238296793581613153e+00 5.020403374928901208e-01
-5.429500824861548391e-01 3.222090014713110406e-01 4.788374602644320799e-01
9.749685885964024523e-01 7.485701549597667537e-01 6.943454470222898411e-01
-5.077085854902428641e-02 9.787288720550030297e-01 7.574926377092976448e-01
-1.048365510941612122e+00 2.542493968630705203e-01 1.494686271950086687e-01
1.185579688830821876e+00 3.031480092162237017e-01 6.827343910417402739e-01
1.068610529128243058e+00 -1.199806799700264826e+00 2.172243683423396576e-01
8.335502679587257768e-01 3.799507528522939603e-01 -6.473689913219490277e-01
-1.838971885313364307e+00 -6.026037466855448804e-02 -2.192161119244243894e-01
1.723197449095549505e+00 4.366302140819571243e-01 -1.709086075211551981e+00
7.175184129827434365e-01 -1.469387519660908525e+00 6.243522081982644245e-01
-1.544771079026827865e+00 -6.643094392666479830e-01 1.172016262976880219e+00
-4.409493211757655184e-01 -1.069320735117843091e+00 1.744428876321176158e+00
1.102295709167092186e+00 -4.420182055821018224e-02 -6.440919652547474339e-01
-1.017270012352660347e+00 -5.419816548918544585e-01 1.287522601075614892e+00
-5.363411150568875296e-01 2.977510060565820571e-01 -1.178858620453784090e+00
1.563956280275527577e+00 6.416932537739321596e-01 2.790532932687174728e-01
-2.826676326992169641e-01 -4.370767582878322399e-02 9.935668905233866477e-01
-2.652999358785854245e+00 -1.152643030617037934e-01 -2.334439386444873699e-01
-5.470833566385809726e-02 7.365030237575804772e-01 -8.437004619788598392e-01
-6.181395235716466985e-01 -4.763715433764921237e-01 1.193426003509602040e+00
2.720632954834327211e-01 -6.309035853761902901e-01 8.129283969400215304e-02
3.082238949246574600e-01 -5.900813482882383276e-01 3.339007180405723640e-01
-2.515848362195338694e-01 -9.931770611980135222e-01 -3.903050444016340492e-01
-5.271410762602471989e-01 6.933324232059871750e-02 2.584576832788575418e-01
-4.913669809999394317e-02 1.258534256081724201e-01 -1.022543641373913959e+00
-8.491694028002148842e-02 2.358419200531155224e-01 -8.559895649445316002e-01
-7.683080920508607026e-01 2.175963422897913557e-01 -7.591638463973506001e-02
-2.059987488917836895e+00 -3.374356234714358527e-01 -8.936364682358589606e-01
1.954025649206160065e+00 -1.103102447497333327e-01 2.184922672917011255e-01
3.543996654455854878e-01 -1.153600936975870850e+00 7.230521373426440634e-01
-1.671462512690248536e-01 3.692970822187162661e-01 -1.221476826198407917e+00
4.112982770604670796e-02 1.770356255513610699e-01 6.044645847390652804e-01
-9.968887014698716298e-01 -1.728981827346931066e+00 -1.417598468951164703e+00
-1.078552178263820771e+00 7.871484538635251660e-01 -6.459746208235167542e-02
2.351071618724513701e-01 -5.233904271691817156e-01 -3.245745767765624845e-01
5.052885449243355032e-01 -4.842199162188643435e-01 1.272730542745647453e+00
-1.756379462659793111e-01 1.439026802929571858e+00 1.717573605514073898e-01
-1.256715866120189373e+00 5.205948611333579557e-01 -1.283184270956904682e-01
-4.961782385239708049e-01 -3.562128416659899877e-01 4.889863894969407876e-01
1.407536362977429345e+00 1.924270410790634545e+00 -1.743500917461253907e+00
1.030647932274919576e+00 -4.258502315264535154e-01 -3.211748828977313286e-01
7.424377051531521055e-01 8.450224179923953027e-01 3.396051332673830192e+00
-7.201839473260398528e-01 -7.272544006645593750e-01 -1.317643469470193007e-01
8.161324614849839731e-01 5.263675395059986828e-01 9.148490783733323473e-02
-1.208110910885441314e+00 1.090236821844075832e-01 -2.916365112166842799e+00
-1.509903459351088051e+00 -4.059886429472908675e-01 1.146547133977110278e+00
-2.191285279483947690e-01 -1.149734957126507640e+00 -5.074305144443042037e-01
5.612691748032000438e-01 9.135738394098394943e-01 9.602911674261390695e-01
2.296558518486162992e+00 -4.372297155820155101e-01 -1.716749505059296688e+00
1.710914228188711583e-01 3.890180257034769329e-01 -9.166218942301129768e-01
2.852968147208944649e-01 1.552149858086544487e-01 -8.098635507173054804e-02
1.758135902490127522e+00 2.030640455088597918e+00 -1.894909331235808514e+00
9.038108022608501990e-01 5.420436685257621345e-01 -6.368061727131901772e-01
-1.072352801368244402e+00 -6.655598220352063610e-01 9.725435645414862718e-01
-4.012684954049077768e-01 -1.012149268827765125e+00 -4.589070485509166297e-01
3.119636893798695132e-01 -1.861499306063153947e+00 -1.246000340795579087e+00
-2.954268912277717152e-01 8.113225821376895963e-01 -7.106604195447301375e-01
-9.392444012396484743e-01 -3.753663210222957236e-01 1.667360060801402755e+00
-1.055343111074541484e+00 -9.582249208564389553e-01 3.854888797844231996e-01
8.922784362525950641e-01 -9.623798671749226319e-01 6.364737330773464485e-01
-1.426341262306383140e+00 -1.463345823622913322e+00 -9.370785810409596461e-01
5.339986450478320101e-01 1.009984574405005109e+00 -1.453240394854815876e-01
2.080063401738434958e+00 -1.302254345394304957e+00 -7.848210785639095355e-02
7.900010755551403197e-01 1.121039211401030355e+00 2.959684713368589293e+00
4.927460222152640901e-02 1.008466697348338048e+00 1.451337623599541882e+00
7.693403578386259767e-01 1.212401990818940539e-02 4.321372440480109600e-01
7.866599362249985239e-01 1.184110356034447031e+00 1.663587759749585615e+00
-1.074764365450032733e+00 -1.029467949845389363e+00 -3.075607629336772342e-01
-7.647727425483135111e-01 -8.991276751776410281e-01 9.946900658216737412e-01
2.971792019970081467e-01 -1.406899243649169795e-01 9.896513410816489831e-01
-1.125511173198475490e+00 -1.012662924152078814e+00 -5.999250586117530482e-01
-1.215799273539407005e-01 2.211879490236637047e-01 4.230642480902587765e-01
-1.304801178450610832e-01 3.415440512380989446e-01 -1.869845636185423432e+00
5.234161464169159034e-02 -1.377485217658748207e-01 -9.189443164177948375e-01
-9.850699971516393427e-01 -2.566871823303615296e-01 -3.167851094178594784e-01
-1.659359069155335931e+00 1.358008207960024194e+00 1.126459961448179059e-01
6.950914090022398684e-01 2.056834014989233350e-01 -6.658377994979773895e-01
6.023319087177700371e-02 -1.644207985452299958e+00 -5.913875227410599900e-01
1.317529692874075620e+00 2.702034022712546668e-01 6.365602176495199771e-01
4.990302660653412326e-01 1.775021782070895116e+00 -3.197997136642426186e-02
-9.098980584575221131e-02 1.202262813511843387e+00 -4.050581405875470775e-01
-8.930717506133263317e-01 -4.918499707178190516e-01 -5.313047223304327715e-02
6.419962651637625140e-01 5.267660317169334805e-01 5.838092353168393700e-01
2.325482789682488949e-01 1.769937266966529199e+00 -6.832286611224691608e-01
-2.780164261779940915e+00 -3.279982990218877625e-01 2.344932753168562645e-01
1.463978684543632669e+00 -1.657113429652164793e+00 -2.210868133524141133e+00
-2.128814978153538151e-01 1.703461941859782502e+00 -5.874990989968535970e-01
-7.420356957686076171e-01 1.401636206931189621e+00 -4.223739629860018829e-01
-5.259432551413677492e-01 8.433163538528440917e-01 -2.971695866346105164e-01
4.921048901258487929e-01 -1.461974919982637289e+00 1.116422299799033846e+00
1.741057875246717623e-01 1.004464075883445773e+00 -8.027702952619838461e-01
-9.292659673966019440e-01 -5.481008620488968530e-01 8.732662188084956423e-01
3.757316720116481434e-01 6.487939848351426120e-01 -2.060929815032376544e-02
1.640565686061448814e+00 4.672530473799894613e-01 -8.064617938859520718e-01
4.856791676484138454e-01 -4.102381952304497842e-02 -6.383290061776986102e-02
-1.095822728040438010e+00 -2.671606153701751030e-01 7.674445444548878559e-01
1.632387417331533142e+00 -5.638362724022664141e-01 1.588859686629155443e-01
6.029561238045516580e-01 1.316450959886555694e+00 -4.690176452169514953e-01
-3.399469468644179537e-01 1.339164898214400656e+00 1.296105246959589063e+00
-1.367026724977604024e+00 6.421974687054761155e-01 -1.745324994681508146e+00
-4.665669106355791462e-01 6.086416131426890530e-01 1.128855860959711910e+00
-8.937009319675887076e-01 1.090994654432494215e+00 -1.967091881606873427e+00
3.151417313068428094e-01 -1.174218656685542678e-01 1.257539290609962945e+00
2.998198122057564308e-01 -7.558556774523877975e-01 -5.429610984879569280e-01
-6.393919885047787410e-01 1.227385303220872137e+00 -7.705524551360459773e-01
-1.913689733168843776e-01 -1.370751119747084967e+00 -4.860461810533742155e-01
4.718927933453216372e-01 7.621389360621509956e-01 1.045474467233455718e+00
7.358875443285871343e-02 1.290562284048245648e-02 -1.635059633922451461e+00
-1.266211840937449207e+00 4.002984825835755323e-01 -5.377034849848767450e-01
-6.168814155372807223e-02 1.714578816087273250e+00 1.004111077004945507e+00
-1.975972229754652532e-01 -1.455259001066012692e+00 8.854396752509763324e-01
-4.932487057393404872e-01 1.655486540452020483e+00 1.050865644064824300e+00
-4.758981240798201284e-01 -1.428344034345447877e+00 -4.968211514937559969e-01
-7.826720989696503983e-01 -1.293324455234621695e+00 2.074564723234144370e-01
-1.328136808660845825e-01 1.053218594217097515e+00 8.208277667527358323e-01
-6.282714626054823892e-01 -1.379140610643181164e+00 -2.855969724542514188e-01
9.524595243748538165e-01 1.612718224864230887e+00 -4.397162519635787470e-02
7.973038297143558717e-01 3.058330483169556802e-01 -7.754213388225017489e-01
-1.034796074420129885e+00 -1.034832088316086862e+00 -8.265910820009482185e-01
2.241073113090105984e-01 3.397901450218636099e-01 1.241879476745447741e+00
-7.812838582321061098e-01 1.110902684135307128e+00 -7.912455109371866468e-01
-7.466660115333186853e-01 4.697030344482382991e-01 -1.899540210163379317e-01
-1.108889006432196844e-01 -5.329905423707115980e-02 4.281983145434312132e-01
3.081293028719092608e-01 -8.644163987553337147e-01 2.029326812739751240e+00
1.540552813042652902e+00 2.557327670745043746e-01 5.814696168451836122e-01
-1.079912238642213307e+00 -4.564735316015617883e-01 7.289564464292075385e-01
-9.090206606989553739e-01 9.474120802114561757e-01 2.643507889901575147e-01
-4.344973124284935984e-01 2.760078186012522861e-01 9.303520628358031841e-01
1.468120081874784377e+00 -5.328502919096923113e-02 4.052842010101526116e-01
-7.821995915290083090e-01 -5.849357634778056259e-01 1.107073333867032716e-01
2.839114047676526975e-01 -1.091930121467521164e-01 1.891996963299164836e-01
-2.720576005818514109e-01 -1.027984053091613781e+00 -4.302592637940478304e-01
-8.476487774524326113e-01 -1.777286883798396167e+00 -6.695765165510402239e-01
-4.571506129167434151e-01 3.232278769866290813e-01 -1.498445084968499152e+00
-1.448542919270315865e-01 -1.310751491128913648e-01 6.298850552886007259e-01
-8.016439746580408254e-01 5.598450784790306445e-01 4.488500034582308951e-01
-1.974668388412000042e-01 3.938698262662119198e-01 1.177468880094498571e+00
5.764671847591570364e-01 7.890112146079896194e-01 -1.443300306144723377e+00
-1.235970968830298888e+00 8.836019344522794139e-01 -8.927464950365031626e-01
1.011127752316411721e+00 2.977659723406050341e-01 -1.546971857283395702e-01
1.044972549513322191e+00 6.460845677457719427e-01 1.510341040937922097e+00
3.427761258709668968e-01 -4.896626462929513091e-01 -1.175264475815231080e+00
5.331385850074542576e-01 -6.223751748929191585e-01 2.195862220146577837e+00
-1.668115297122189367e-01 -2.388618492733607657e-01 5.293999791951420342e-01
-8.356949889132624376e-01 2.329686536797734409e+00 -1.989769630154364810e+00
5.795097038907892628e-01 1.004853448042641179e-01 -1.643344504038792009e-01
1.181974107623144699e+00 -1.852082441290084092e-01 9.307304667267914944e-01
2.770074960733891478e-01 5.859598584693538337e-01 -2.115790959937148052e+00
-5.514792812231571473e-01 4.559875491452920482e-01 -2.116350757728452103e-01
-1.469438638574506462e-01 -6.756557268568219587e-01 -1.212277788772216480e+00
1.322384925966825497e-01 1.422867889523149465e+00 -1.481294807918848433e-01
-4.861563050799342922e-01 -9.516566107837534649e-03 -4.741741256117448788e-01
-4.978585615913755924e-01 -7.321863188507827802e-01 -2.810344358288330735e+00
-2.068891734340044253e-01 -6.740681709727607274e-01 -4.929656987624423947e-01
-1.444416766118133744e+00 8.070383975484661798e-01 1.105061018927719241e+00
7.292080037909617340e-01 5.544746048085403833e-01 -6.215494418123729270e-01
3.850579872994260855e-01 -3.396110115368708993e-01 1.139202531877130609e+00
1.724101872713570183e+00 -1.277814643356089519e+00 -9.246858233932021554e-01
-7.187437327978987156e-01 -7.565874254267875854e-01 6.847530453497463476e-01
-5.260342356923088797e-02 -1.250509937501499858e+00 8.374417332074212128e-01
1.118024970046799904e+00 -1.262025197243092034e+00 -1.563523045713407722e+00
4.717609675498748989e-01 -3.631794021770261005e-01 4.345680699165737487e-02
-7.292517909578851709e-01 1.484335878555337551e+00 -7.196679723483540014e-01
1.055765715431418172e+00 1.155410076832253496e+00 6.651918780294641120e-01
-1.580464057043568404e+00 1.397868310886332122e+00 -2.204170249196980347e+00
2.810839748417693143e-03 8.657403432339126903e-01 -7.935593675983989570e-01
-1.695571676051527366e+00 -1.414356719134135076e+00 9.148404386242944275e-01
1.378647635915167258e-01 3.418452250636143108e-01 2.241880681754439220e+00
9.908988927346048525e-01 5.545817532976251574e-01 1.549041439316048097e+00
-2.162930664070602749e+00 1.020471074567134595e+00 1.747551741875468245e+00
1.378475870855884855e+00 -1.498178177375632525e-01 -1.054756286254305842e+00
5.866018111627364640e-01 -1.524837762357129867e+00 1.166033252578136670e-01
6.356800266280641099e-01 3.991330575177319817e-01 2.840560535300007405e-01
6.201066513421236159e-01 6.145785684073754584e-01 1.224871976810926633e+00
3.039368420306357566e-01 1.606616923981740996e-01 -2.231028703929513191e-01
5.213861011789147071e-01 -1.605104335845100927e+00 -1.342480150261851524e+00
1.046744639312547021e+00 3.878017610033511753e-01 1.044537928856601905e+00
2.641788662065893134e-01 -6.440213949023287920e-01 3.489510155520132439e-01
-3.816816995407877888e-01 3.926008317513090540e-01 -3.616491192591796411e-01
1.973068446819289612e+00 -3.381404583017772469e-01 6.618060509464855912e-01
2.132804873858733241e-01 -1.269002385744255612e+00 1.083367752730328260e+00
-1.739702867281965881e+00 -1.234398114204669217e-01 -3.892173117478854305e-01
4.198528192674472193e-01 -2.347368083373062297e-02 -1.488366103839299515e-01
-2.168475513592180270e+00 -2.575613327416005127e+00 -2.715985257474271553e-01
1.063877863869563623e+00 1.953279954852294997e+00 -2.410238979702196971e-01
1.366909576751046407e+00 -1.314573565019612866e+00 -1.584798267672401784e-01
9.210705213512907497e-01 -6.036836986815281580e-01 4.356892712752654662e-01
-3.352205199060350610e-02 -7.012989066503100277e-01 2.515893273809919894e-01
9.630063877152734708e-01 1.582781661795121142e+00 -2.823551879213561100e-01
-7.588687196488884679e-01 -1.745253347963887924e-01 -1.093472466349109551e+00
1.268160320215034442e+00 -8.506842493200772459e-01 1.604529001611595396e+00
6.360443976116379738e-02 1.439368213689164566e+00 -1.806792076261200530e-01
-1.734098965916877066e+00 4.323196478555760280e-01 -1.251816193170899316e+00
-1.422969595647585184e-01 -4.123017709204436151e-03 5.178465332988712033e-01
1.559432717294258197e-01 7.551691370781447032e-01 1.115702832391820554e+00
1.038154714172496718e+00 -1.723647648551488221e+00 -1.712562436704676005e-01
1.852089723349933159e+00 2.062459430344530387e-01 -1.312569003349954411e+00
4.440589711199337541e-01 -1.604796634363743202e+00 -1.209804995232959035e+00
1.174635414788074428e+00 5.328360957531718123e-01 -3.697389334077225143e-01
-2.320819065445230756e+00 -4.118264253096441396e-01 -1.349387988970490726e+00
7.073530511097744222e-01 -1.699408377060069641e+00 2.823017524003467393e+00
-5.574412829506800726e-01 -1.399273551393578341e+00 -9.858659335474109081e-03
1.710908218760029298e+00 -8.900680041921275043e-01 -1.151572805293450685e-01
1.557468348038373585e-01 1.360138831056774585e-02 -3.177381028542856645e-01
-7.168497987644160130e-01 -5.992747801955836673e-01 1.216197265778488495e-01
2.435022799655136794e+00 5.422621868735312267e-01 1.505434376930850027e+00
6.451105633931867311e-01 1.583593998067441388e+00 -1.935310490466903843e+00
3.837624238851962133e-01 1.405246526050167866e-01 -1.639280694501530355e+00
-6.037402470739975380e-01 1.343538269839981814e+00 6.847790903350136071e-01
-3.281594907304111741e-01 1.135274327551450080e+00 1.480983292148233987e+00
4.032671316095121639e-01 1.017052970839438020e+00 1.376508756996184524e-01
1.350456001058690791e+00 7.213114820917080339e-01 6.330144455749874277e-01
3.207929064918021989e-01 -1.795899265424538704e+00 -3.246139338274758313e-01
-1.960520984830665947e-01 -6.726230873987600889e-01 -2.118692879008783891e-01
1.597239783786467582e+00 -9.021679814698888022e-02 4.042915052425533062e-01
-5.603065991677719238e-01 1.493838545717864230e+00 4.710380270691039151e-01
8.570759939659692295e-01 -1.470073470846967156e+00 -8.294171374257301999e-01
-7.603694049577838232e-01 -7.340286718047440706e-01 2.845995076109741201e-02
-1.306272675902454994e+00 2.706642978540112487e-01 -8.796178985716452958e-01
8.910535128698313656e-01 1.419338346841351461e-01 -5.758624527049376329e-01
-1.980875506344012271e-01 -1.084729250697782366e+00 -1.116219272565054599e+00
-2.974633315055855709e-01 1.860028652099730451e+00 -9.772849615134664159e-02
3.767494135267699384e-01 1.343555461551486196e+00 -1.169906030246861128e+00
1.454967983584186386e-01 2.031760554136576302e-01 -3.530621524172612435e-01
-7.089191515873519700e-01 7.494829427753677553e-01 -5.697309846899495378e-01
-1.770292170179727509e-01 -3.573645561897566963e-02 7.886904186890252300e-01
-2.576270330607153269e-01 -1.422287592133331668e-01 -3.009944424340702973e+00
1.514519980210913941e+00 8.218030643369721444e-01 -1.485295370961054129e+00
4.923312775649694162e-01 8.631034666488648366e-01 3.652154974147598931e-01
-1.360276353266763216e+00 2.056635171857233713e-01 -1.022388153000448607e+00
-6.958712688056829521e-01 -1.197400747930242204e+00 -3.175745734329488701e-01
2.400582135233101932e-01 2.770366597102444928e-01 -1.153171473879654046e-01
-2.392173872493389641e+00 1.892945653368528713e+00 -1.579140240343653578e-01
-1.025882483186812744e+00 -4.178180011334641786e-01 1.691336720057893261e-01
-5.936457126247161042e-01 -6.746785326333708532e-01 -8.236643116158466338e-01
7.227652124693538793e-01 -2.985018961694625994e-01 -4.922917448427706066e-01
-4.712862171466616901e-01 -9.021233727865118901e-01 -9.726369866554774868e-01
3.359994616491433495e-01 1.027862291147129348e+00 6.243736551794978329e-01
1.444986452213589567e+00 3.786199908604395148e-01 -1.552078047067479913e-02
1.783971077762844359e+00 4.832441560595009955e-01 -4.314932907366161863e-01
-5.632732050894742049e-01 1.238303761514550488e-01 1.679618011914070785e-01
1.551696034209841368e+00 3.245210222053229732e-01 -6.495874071624799240e-02
-1.333445935080879607e+00 2.096437123014419091e-01 -8.856086664002214004e-01
-8.778328635251080314e-01 -1.434515388569316263e+00 -6.943093561362476684e-01
-2.032455186530650881e-01 -4.162441268348675283e-02 -4.060242488022421797e-02
-1.375307353401618027e-01 -8.089289884932737706e-01 1.013477121297896577e+00
1.119928105680122243e+00 2.165297308658623854e-01 -2.537596839919283198e+00
-1.445497305978070024e+00 5.803995191580818558e-01 1.116702674676746387e-01
1.545618216136045886e+00 2.437350907019097401e-01 7.344281943083189601e-01
2.798052369675961201e-02 3.792788256014477666e-01 8.676330540591571383e-01
6.016602349847252063e-01 -1.166020404189476389e+00 -5.768253974180653776e-01
-6.310772299362495952e-01 2.641183464216116938e-01 -1.246917827748172530e-01
-2.443488148012837591e-01 2.494142649295726100e-01 1.122285189748239764e+00
-1.344233823508490078e+00 4.497891247544166249e-01 -5.789820316716520754e-01
-8.054681659837279462e-01 -1.045266245140284767e+00 1.161098335923108849e+00
2.163256821803722030e+00 2.628101242110193470e-01 -1.107791462046346931e-01
4.373810706602541953e-02 9.902172825480634044e-01 -1.063195044330896843e+00
-4.621785414799428060e-01 1.998719615781447301e+00 1.228021692567276002e+00
1.540911025467514850e-01 6.007338677401310445e-01 -1.060796810594242467e+00
-7.821513827036206123e-01 -1.352289889027612713e+00 -5.040809464108608751e-01
-2.297503150098012537e-02 3.735324900588301578e-01 -1.977934700796704526e+00
3.868082069785639399e-01 4.322893556057364611e-02 4.342870820954504163e-01
-1.454612525788133492e+00 -8.924880167770155026e-01 -3.755016567652709192e-01
2.689364827535827285e-01 -1.782798473353115476e-01 4.490184325364842549e-02
6.281718335592541003e-01 5.609522481487165813e-01 -1.147412828394739126e+00
-6.832698817970475069e-01 1.769799586329395602e+00 -3.887030393677513018e-01
-2.753403498479005673e-01 -9.961253138742283131e-01 2.857601616051149915e-02
-1.803942171520593440e+00 1.866238625001165052e-01 7.664815925371168959e-01
9.533046648849033966e-01 9.847187771155169189e-01 -7.799539083876386725e-01
-2.764772344903586587e-01 1.218824304282324134e+00 -3.717422401022965062e-01
-7.305740509888637435e-01 -6.138094567791496647e-01 -7.407598356161628761e-01
-2.504169583655691672e-02 1.549174946394397567e+00 1.570551799231910239e+00
-1.106623284067185464e+00 3.316250400843984703e-01 -1.250518996912529657e+00
-8.694058079807430728e-01 -7.263790725173819851e-01 -5.693875615617965957e-01
-1.441206852958541118e+00 -5.022514312658199476e-01 -4.600637670434097881e-01
-4.920171461877391739e-01 9.441032466582091054e-01 1.828541077727612735e-02
-2.023175327081031261e-01 -1.552524722600355567e+00 -1.247017739868145236e+00
-2.263120963219670490e+00 1.283930762670988379e+00 5.967781696084135945e-02
-1.867994959761704044e-01 -4.661694417377141436e-02 7.656063102963528433e-01
1.462047675452552875e+00 5.801736693819811719e-02 -3.500022587550713493e-01
1.221002967598490807e+00 1.552250950121037310e+00 1.495089153150025885e+00
9.080140144767789856e-02 1.799134841844627353e+00 2.433848822523543010e-01
5.144412810886518361e-01 -8.575353880734225553e-01 8.271676417719688867e-01
6.395906123504582208e-01 -9.499782444365487688e-01 -4.013893806725183366e-01
-2.592785230278072395e-01 8.703115358962929538e-01 8.046365557913649491e-01
5.258921343577291907e-01 -1.609199462946927783e-01 7.360174176092800780e-01
-5.838648122601949320e-01 -9.380297006284191719e-01 1.421698083979160643e+00
6.522245902353337454e-01 -2.374298238819292639e-01 6.145712248658831145e-01
-1.164352426299314069e-01 -1.789940281175752768e+00 -2.256022765407792896e+00
3.813913878218494480e-02 -4.001527098445462616e-01 2.256921558519091042e-01
1.130501209446809874e+00 8.346598358731066591e-01 1.107274945770999885e-01
3.692488199400145721e-01 3.824452847480254158e-01 -5.182714125340358580e-01
1.147859456850875093e+00 1.230981924515786252e+00 2.178156989611817806e+00
1.444878814844901882e+00 -4.981710538467431504e-01 -1.682881978071110174e+00
-4.175533976497373123e-01 -7.989743883759222731e-01 -3.215258163400304056e-03
-6.385173044166702061e-01 -2.875100469247336421e-01 -3.245273967802970172e-01
-6.407856774767458630e-01 7.327826878508698627e-01 1.115323319246205314e+00
2.741406272118440679e-01 -1.393816907879690703e+00 8.432410505729912367e-03
-7.857690190700999944e-01 -7.175500513101374933e-01 -7.442378894881459539e-01
-6.138710708496454282e-01 8.038707898875023794e-01 1.847746685520395005e+00
1.462594024580606167e+00 6.529163555463484148e-01 1.551840981616904591e-01
-3.478702248936451635e-01 2.171537087308271552e+00 -7.164384783083993513e-01
-1.429532424615166109e-01 2.376163332030704289e+00 1.030405122940433182e+00
8.529225829887326915e-01 -7.431780222827252258e-01 5.971803032936546796e-01
-3.510912951389829617e-01 1.347597884535956525e-01 1.346233529105352655e+00
-7.407371802782225512e-01 -9.385439055095576855e-01 1.062096233253534000e-01
9.104213999810454316e-01 7.065175500909576245e-01 1.725956384400425314e+00
1.039576454572498226e-01 -4.609394384183012616e-01 -2.453170809156034748e-01
-9.676614898821800370e-01 3.113634868326536909e-01 -9.745700431015742737e-02
-1.973187959171577965e+00 2.011661998871303592e+00 1.277898282709553968e+00
-1.641533768771497037e-01 -9.160733915933589877e-01 -4.647608585549785620e-01
1.834846089138791048e-01 7.634113141377202316e-01 1.254049062640233858e+00
-1.611263897474809914e+00 -1.357172711337453208e+00 1.702563989160426505e+00
2.687119415636597397e-01 7.513696399201100773e-01 -1.200681718130671705e+00
-1.927575781537052224e+00 -1.517027321762413505e+00 1.793756249443245077e+00
-2.322764488525454141e+00 -8.805480296816631247e-01 6.993276392312719469e-01
-1.092740090514382034e+00 -4.825189469633989203e-02 -2.799628867719388681e-01
-1.248243644468645774e+00 -1.237099886075948563e+00 6.587121093031450547e-02
-6.669107447428995750e-01 9.882039900042407510e-01 7.761132346776625779e-01
-5.626418722821254770e-01 2.353367160921806533e-01 -3.591310418235527102e-01
-3.685160581482705977e-01 -1.625685409592083353e-01 -3.262986513167511621e-02
1.042945979956946490e+00 -4.895736477971057155e-01 2.648992387087881761e-01
9.343438886076755878e-01 -1.923136851461302033e-01 1.291863588311634503e+00
-6.323442099687132112e-01 9.086409241664012981e-01 -4.651821533810379106e-01
3.082600263069199542e-01 9.894890289218274404e-01 1.465307798098928749e-01
-3.057698538135690258e-01 1.410016834500622540e+00 4.451164739858863850e-01
-3.215208572935392417e-01 3.507302889573017390e-01 -6.309614867315873621e-01
6.257367517293589421e-01 -9.019284864210674879e-01 -4.860290131577302830e-01
4.246741037070899533e-02 7.261918203177982756e-01 -2.859024235083347798e-01
6.679502588476442515e-01 1.363649986852028873e+00 1.692532190018994701e-02
1.670501022822691750e+00 -1.326612566852137798e+00 -7.221672314044198515e-01
1.207311645898286212e+00 -9.718123195738286313e-01 2.143900025273047794e-01
-1.109552771828999251e+00 5.612156796500913369e-01 -9.258070615589665264e-01
5.249497338791457857e-01 -4.898108924055686320e-01 -2.209830965056423513e-01
-8.462867357931477263e-01 -1.061657159019199215e+00 -8.752359844176533787e-01
-1.787568941772211151e+00 7.396270586466060504e-01 -1.848596089036705359e-01
7.713994853049307987e-02 -1.213067863519755818e+00 -1.358204568219849306e-01
4.578944755073570128e-01 -3.943974606797660543e-01 5.108969553323678969e-01
8.341607286974657143e-01 6.012686627523231575e-01 -1.049604079989281402e-01
1.269847127748927829e+00 4.144347818485751289e-01 -5.450437233722386088e-01
-8.068141735997720332e-01 1.159641572357973160e+00 -1.309395360055829238e+00
-1.382903410891890283e+00 -3.589066147204073021e-01 -2.212798040658373044e-01
-8.701583922127750226e-01 9.981896344175470448e-01 -2.067384508895999951e-01
1.164852521133012297e+00 4.579041847587891345e-01 -5.936938243395419867e-01
-5.863651555937634541e-01 -3.758503781518526821e-01 -2.073093098256866273e-01
1.785272715561162071e+00 1.176799780842099574e+00 -1.651869748315060393e+00
3.199923713862173336e-01 7.722031019810980945e-01 7.852096681863509620e-01
-7.367779595036332285e-01 -7.038796224772816967e-02 1.018826923229373405e+00
-2.231271961338229470e+00 -4.827158902222540293e-01 -1.423320661521863872e+00
5.839627042109503119e-01 2.791832314641798374e-01 1.269557517547378056e-01
-1.561746430163563737e+00 -9.347015411633651238e-01 7.386490382215571415e-01
2.746361673346238153e-01 1.764965326665619116e+00 6.960005216516308435e-01
9.159188684211252429e-01 9.232574612910287026e-01 9.051979079403594808e-01
1.061251033819332612e+00 -1.065197831592995081e+00 -1.545059756200886980e+00
-2.326041111683729401e+00 3.513482796653586426e-01 -4.643833007274287272e-01
-9.381997651109245107e-01 -4.707870989178355448e-01 4.799319685574822691e-01
9.257936559323833858e-01 -1.911071228020546631e+00 1.236947071867352754e+00
5.582046411611222281e-01 -2.003796106115453002e-01 4.279880188911239225e-01
5.818283994405223369e-01 -3.575919205290605807e-01 1.211456344891054027e+00
8.408607490559788511e-01 2.153111957856969294e+00 -7.823672025290614451e-01
-1.804750709838581768e-01 -9.050301393567213859e-01 5.008468060500166352e-01
1.741541286190497750e+00 8.271422524307691093e-01 2.177783217573061592e-01
-3.150901146549551224e-01 5.939964916436698550e-01 8.528433282453278252e-01
1.604881238400830634e+00 -1.575108907776635314e-01 -4.920031657928258806e-01
1.106434590694455933e+00 -1.164667522108608466e+00 -6.743004104250753805e-01
-1.384949472795546477e+00 -4.971581515289703046e-01 1.729966135209262568e+00
-9.060834488675486575e-01 -1.089125340452834712e+00 -1.366760818624588092e+00
1.188504504096355774e+00 9.040228193783051980e-01 6.382046462715864621e-01
6.794449200868660776e-01 -9.624490239501751754e-01 4.393341178670744779e-02
1.933262067942293494e-01 -1.972351451587641552e-02 2.917640621878909712e-01
-1.186962094820414038e+00 1.574209613739872893e+00 -1.000488314036931170e+00
2.229573658205885323e-01 -1.540214947534100376e-01 -2.988768884763980949e-01
-1.050576869332537022e+00 1.428905041494984651e+00 1.103818883988298749e+00
9.555356443455942372e-01 1.830770696216990290e+00 2.263045253821819536e+00
9.007987464782055698e-01 1.007759338959653750e+00 9.334711669799391487e-01
-9.575417667836551017e-01 -9.386705064268320298e-01 1.417537554094792374e-01
1.201698307787763431e+00 5.218525011288346893e-02 -1.307001368820164267e+00
5.020329613572531713e-01 1.156152320711003378e+00 3.898613032028207526e-01
1.195737399814451818e+00 -7.373543097639627675e-01 5.249404360494371868e-01
-6.846611256936839807e-01 1.452038744487819388e-01 -2.162887890780551103e+00
-6.024457205692327344e-01 7.267564819278838906e-01 -4.139536018946040064e-01
-6.862777635729320203e-01 -1.135354791585313938e+00 -2.129672195413940539e-01
-2.460193915703150491e-01 3.216620581110969934e-01 8.999087122475184497e-01
-6.303497424788967463e-01 6.175055855404738558e-01 8.177389210148203746e-01
-1.763995773841031456e+00 -9.509713064090593582e-01 1.379802497334854383e+00
1.001852401430305406e+00 -3.769867534323331770e-01 7.454913706001818907e-01
-1.021642141638988838e-01 -7.471566382595863365e-01 1.211230605388360582e+00
-1.865100978324555070e-01 -1.042121265680908904e+00 2.047038008420410726e+00
2.172058652495921116e+00 1.611085855296340963e+00 5.604470455486078029e-01
4.012746670569188046e-03 4.505124215223443862e-01 -1.493742265887354759e-01
4.952379004205272328e-01 1.016403952454624671e+00 -2.184004179832399917e+00
-6.557897846802377417e-01 1.485352202317437031e-01 2.140194014603465922e-01
-9.424397639772622015e-02 9.818553309153621456e-01 -1.791227349149204229e-01
5.389968168185282904e-01 4.275810875977684167e-01 -1.825362009205055702e-01
9.651674378344019534e-01 -7.776312994841760862e-01 -1.075342353896359127e+00
2.001777852663524648e-01 1.093043601120551545e+00 -7.972276245407222683e-01
-2.079781518047522648e-01 1.822282449868217746e+00 3.778814719192252203e-01
-1.123198079795767745e-01 -1.894427748469868833e+00 -5.834831327570130233e-01
4.283915788604357733e-01 -9.936796829183133228e-01 1.349786888052198375e+00
-3.580064699578986986e-01 8.392563612318779676e-01 4.874940324120711765e-01
-1.164541769605788660e-02 1.563192597570356668e+00 -5.519408403410479558e-01
-9.552799956684264737e-01 5.069406971738327217e-01 -6.489198126475070882e-01
6.900977909496452956e-01 4.928703985785647113e-02 4.354973682678194846e-01
-8.882860708506545855e-01 1.249488689513821166e-01 6.426123368564713202e-03
4.509145667451728290e-01 1.148452889917339848e+00 9.805038394010158198e-01
1.114159181169049218e+00 1.613748543298458571e-01 -8.017874958759148019e-01
-1.996361014121551120e-02 -1.009073927796378722e+00 5.785062480749815217e-01
