1.183037583644094148e+01 -1.636110806164309039e+01 -3.268644940761704087e-01
-1.089070317696092260e+01 -1.761351736002330881e+01 3.652772612204465696e-01
1.116155111900867425e+01 1.734547995630278905e+01 -2.091880327797887018e-01
-9.629579894552355412e+00 1.818731783364725629e+01 -3.899988290982879802e-01
-3.315870091901735317e-01 1.217809916286369720e+01 -1.909134806534932522e+02
5.814109883852680571e-01 -1.161842951699012261e+01 -1.895186151179639182e+02
9.852552932279028119e-02 1.330358018232829487e+01 1.980001957852527141e+02
-4.108867773515507138e-01 -1.157004526844210623e+01 1.895425229969086729e+02
-1.825078958582113131e+01 5.380783965885260756e-02 1.210159203003056945e+02
-1.845729997546877144e+01 -5.784386561861459830e-01 -1.241113969881422037e+02
1.872791595056627045e+01 -2.751505586402011594e-01 1.178761995269382794e+02
1.899978047837807082e+01 5.107854867985359704e-01 -1.192839439281297871e+02
4.629927681046352994e-01 -2.206673586979777468e+01 -2.942513935950846760e-02
5.623374834879838469e-01 2.116211377068309574e+01 -1.036987641632521440e+00
6.085910086246553163e+00 1.717073249683405933e+01 -1.142702987501038194e+02
-5.847230510300876816e+00 1.660103664632429954e+01 -1.089828593734336124e+02
5.843689009986893446e+00 -1.663271678460342429e+01 -1.092663435057444303e+02
-7.762944700929583774e+00 -1.702874432371273272e+01 -1.117430268495082828e+02
-1.290363721638198680e+00 5.676439502612551369e-01 -2.215487001097679922e+02
7.020174321433201747e+00 1.672259386392362401e+01 1.102900612086663159e+02
-6.063731441571063918e+00 1.808680124612192230e+01 1.108907989328311885e+02
6.894502478725531347e+00 -1.841785312891464699e+01 1.149486919356151731e+02
-5.844855604490651224e+00 -1.636689244516382757e+01 1.082617979617570683e+02
-4.849418234134756922e-01 1.922567922042071331e-01 2.288174429062300987e+02
-1.845188800678587526e+01 -1.239399881824662231e+01 7.360690418982217409e+01
-1.700526539462377329e+01 1.040172683483814708e+01 6.683808315560428071e+01
-9.442389080768377241e+00 7.817686819673424381e+00 1.707106586327929563e+02
-1.141720936716025037e+01 -6.343612430792577861e+00 1.804252572600013309e+02
-1.676108209924909787e+01 -1.015639187440988778e+01 -7.300143416668903740e+01
-1.719494683270300328e+01 1.138589983837929509e+01 -6.738651810168757095e+01
-1.232130388833117962e+01 8.283110040479948921e+00 -1.735417410940096659e+02
-1.250834232567130400e+01 -6.985860771027168070e+00 -1.805365946956274001e+02
-1.738270242733305082e+01 -4.138267938721943429e-01 1.278888286698088406e+00
1.747591213602387583e+01 -9.476300409942741254e+00 6.946912826311728395e+01
1.629887490153895868e+01 9.664237611058281274e+00 6.692354108636244803e+01
1.152180938430001333e+01 7.201801945930188964e+00 1.751838278979937229e+02
1.090518115712587210e+01 -7.367896586794453917e+00 1.720895360544120933e+02
1.661397205783262976e+01 -1.025124224095269199e+01 -6.867831271888115907e+01
1.771722700957251817e+01 1.046362609821275669e+01 -7.139519275446768631e+01
1.090180582171980994e+01 6.969372838201182141e+00 -1.718611489815167772e+02
1.247930129330208260e+01 -7.240945890893463854e+00 -1.802021701349505634e+02
1.765962126150137834e+01 -3.865728221388791130e-01 -6.125502192492163767e-01
5.874355920696429756e+00 -2.013687454609173599e+01 7.800137024983823109e-01
-4.241145112204175227e+00 -1.944329312002609456e+01 1.103653850111770973e+00
6.510210183033763975e+00 1.942998365548267614e+01 -8.428617875740840315e-01
-5.836122248818628400e+00 1.948684642798856004e+01 4.059266002996226863e-01
9.446676275402476008e+00 2.002834387390774751e+01 -6.260923056898581507e+01
4.102593429682100279e+00 1.526198796740491481e+01 -1.564760740434517459e+02
1.250301547848283512e+00 2.207624150023346843e+01 -6.448194621073433552e+01
-8.846132706249761668e+00 1.923651207738938140e+01 -5.971000423912990129e+01
-3.205477732650611866e+00 1.468484209888203651e+01 -1.474129329708623857e+02
-3.953895769767855617e-01 2.075016929331646054e+01 -6.448773334527606949e+01
1.190174256077082493e+00 1.817652539784851484e+01 -1.175065641387512301e+02
9.642469805859255061e+00 -1.865839908471572883e+01 -5.896497598999532386e+01
4.110980940234227887e+00 -1.463911536048757966e+01 -1.491555457943375700e+02
2.096170005951706106e+00 -2.028989137688342126e+01 -6.204993600021618505e+01
-8.515542464608756745e+00 -1.899301948570595755e+01 -6.008552084206654342e+01
-3.018539343305074674e+00 -1.521470693627544613e+01 -1.551319550988584410e+02
-4.928269907744667888e-01 -2.002874978689685648e+01 -5.971921570576659377e+01
1.360031713060021186e-01 -1.861301576584105177e+01 -1.172133289843449546e+02
3.887200162127369962e-01 6.275052988593411207e+00 -2.035472546898461133e+02
2.715403903518289752e-01 -6.412682786597970974e+00 -2.305457048787866938e+02
8.472946190030517855e+00 1.731919910084408798e+01 5.963589567261159630e+01
3.767132165154551515e+00 1.417568402514276826e+01 1.493572319904700976e+02
1.514554753701602197e+00 2.143532858134902597e+01 6.400266716411128698e+01
-8.602715278863454884e+00 1.733644687502071946e+01 6.029501468645168671e+01
-3.619717012788512989e+00 1.476797878801539277e+01 1.508237751628730621e+02
-2.786035118053287185e+00 2.120609653968217501e+01 6.561680201906582965e+01
-1.951215933592556351e-01 1.937403314343439575e+01 1.246533667604545030e+02
9.065261983712481708e+00 -1.984212848512729366e+01 6.371345161311646166e+01
3.502591968285757140e+00 -1.516896303663993706e+01 1.484088494969470560e+02
2.283987864290275116e+00 -2.206342572052930606e+01 6.616972280677278206e+01
-9.066478317856077496e+00 -1.783153745532096579e+01 5.898022263494781470e+01
-2.537202594309669212e+00 -1.435069642261472822e+01 1.465673749073499437e+02
-1.559085953745884545e+00 -2.194304346133236550e+01 6.501083433421739244e+01
-1.253711133201202976e-01 -1.919550983514066544e+01 1.237637480936817838e+02
-8.074865510970077320e-01 6.878667850872059120e+00 2.252923189118980076e+02
-1.421849895848679379e+00 -6.993327461054656524e+00 2.132894526377857005e+02
-1.659786827692855482e+01 -1.521617566053581605e+01 4.059101224165087984e+01
-1.991014036492841655e+01 -6.296701217328503297e+00 1.067535294106707795e+02
-1.340840452923691828e+01 -1.429846830554491710e+01 9.506746031183337209e+01
-1.432045261154090632e+01 1.435244074347642318e+01 3.543239401264553834e+01
-1.879354620634414630e+01 5.364519266174222700e+00 9.454675929188327643e+01
-1.292591121202359794e+01 1.326454497047225445e+01 9.305956854087469310e+01
-5.695010578716774852e+00 9.509491485983023296e+00 1.825403596806203552e+02
-1.447498186204813209e+01 3.985420149900427589e+00 1.443449588648001054e+02
-9.488063933688076546e+00 1.113190976878456340e+01 1.484844451940664953e+02
-7.013587117977006180e+00 4.284708668135971621e+00 2.143324108001003196e+02
-1.272933324609674166e+01 1.066226477670024408e+01 1.271539907375992442e+02
-6.035492744507083174e+00 -1.089678928465497165e+01 1.923773250954077980e+02
-1.647092204227495316e+01 -3.525587093189227694e+00 1.542436613695821563e+02
-1.001242742547695919e+01 -1.175342287013053522e+01 1.469427470918035681e+02
-6.305662566631028199e+00 -3.572536709908351593e+00 2.139741375001796087e+02
-1.381550538496372660e+01 -1.071882126526166168e+01 1.361965002129232687e+02
-1.122752554588473650e+01 -8.594874092387577713e-01 1.844810748637952429e+02
-1.531972578115852102e+01 -1.587294772527709341e+01 -4.204052012647284897e+01
-1.836506752462621961e+01 -7.586055512130352341e+00 -9.884308592591928289e+01
-1.298658552791214937e+01 -1.372608616731463371e+01 -9.794401015350500472e+01
-1.863989424379675697e+01 -7.681908304816163380e+00 -4.256900771213960044e-01
-1.531741403507861676e+01 1.368525136072256920e+01 -3.709564060683131714e+01
-1.809528568137697491e+01 6.625483998176605382e+00 -9.660288197406779886e+01
-1.416458917624157365e+01 1.372472650246786507e+01 -9.519507820866881787e+01
-1.766228478304879346e+01 6.291389907088377420e+00 -1.029412673042005455e+00
-6.422938037203677730e+00 9.862730844943946806e+00 -1.820764511875813128e+02
-1.458899366925774288e+01 4.076742350745602650e+00 -1.505305768718546915e+02
-1.139366279481734878e+01 1.115215183685793043e+01 -1.467949857009990637e+02
-5.973979283557906861e+00 2.240465410219846465e+00 -2.048259203487684204e+02
-1.363160418197628054e+01 1.036639180522444370e+01 -1.246701455274986756e+02
-6.172166304460216857e+00 -1.093370584295606740e+01 -1.919047895297327386e+02
-1.538244197544998570e+01 -4.559709978975137190e+00 -1.604787316352466462e+02
-1.199179209865619100e+01 -1.182024222122389645e+01 -1.508898189123993347e+02
-6.712311673932067180e+00 -3.365706313240757641e+00 -2.081023519143217868e+02
-1.345738354302058504e+01 -9.796576869712897206e+00 -1.318509339697040161e+02
-1.112556069943270565e+01 7.215300357804801945e-02 -1.859074656912481487e+02
-2.104971779669953236e+01 -8.205264424834438630e-01 6.409230704732050299e+01
-2.056557386306977975e+01 -1.474955897106277336e-01 -6.221101978493591389e+01
-1.794439959521347561e+01 -6.163164271598916777e+00 3.734024260951981944e+01
-1.806175036843855253e+01 5.984138724735694304e+00 3.703860391941861252e+01
-1.917870715598217046e+01 -6.350500796891823896e+00 -3.589994973676132872e+01
-1.834924105135370453e+01 7.841347027609375964e+00 -3.673990620787424177e+01
1.410832008264743109e+01 -1.448840136297441106e+01 3.811201227714128947e+01
1.816818489594076880e+01 -5.892832357653595921e+00 9.464602990778054448e+01
1.273467401314581693e+01 -1.333852563439663186e+01 9.352965316263583873e+01
1.388504041362090291e+01 1.258030491208453761e+01 3.582426005342487940e+01
1.818188861349009144e+01 5.501269272688522172e+00 9.242105101704508741e+01
1.242897684465589414e+01 1.454924158921320299e+01 9.516948285251609718e+01
6.182240486578263194e+00 1.096153050463420264e+01 1.886441179188522028e+02
1.447827685028503097e+01 3.441960039764197177e+00 1.485533031732782376e+02
1.087484550813932138e+01 1.281043913175091653e+01 1.523490743923515538e+02
6.166856058522013129e+00 3.620167539550465996e+00 2.269265645305189025e+02
1.276428648151380862e+01 9.817038717911428236e+00 1.294943582846470349e+02
6.423637794324130290e+00 -9.315884061905618907e+00 1.822630034786836859e+02
1.514753521919136148e+01 -3.205374757779921424e+00 1.481110420469177598e+02
1.114224870592533634e+01 -1.201458276750027210e+01 1.511755468005467833e+02
5.906101780313529837e+00 -4.042336264482338848e+00 2.113489450787454302e+02
1.354823679831677552e+01 -1.103674166534464440e+01 1.290502014166593199e+02
1.170793243096971104e+01 -8.327311282537550596e-01 1.935206174750509263e+02
1.486606815122854108e+01 -1.477790118495676630e+01 -3.770342881929747847e+01
1.817777322931451067e+01 -5.535986749775053894e+00 -9.595570667180865598e+01
1.296714482336335195e+01 -1.327288531832827800e+01 -9.582150106363869213e+01
1.782984736543868109e+01 -5.565317031958219474e+00 -1.362625608312172831e+00
1.573473462452467686e+01 1.431114886959288590e+01 -4.067070312617271099e+01
1.938606822422396192e+01 5.876419824101424716e+00 -9.596475604126803205e+01
1.369145294344535557e+01 1.417078249676194268e+01 -1.007861599832430386e+02
1.913658880877554935e+01 7.471046536628212387e+00 3.663346697583990119e-01
5.256527423554560485e+00 9.611998946358816909e+00 -1.826060457622464526e+02
1.520751663555192223e+01 3.053795764826130910e+00 -1.459924307417326190e+02
9.667469455386566324e+00 1.188753926111306036e+01 -1.538926478203584338e+02
6.305533190339960292e+00 3.692165064053905876e+00 -2.039514044032898425e+02
1.352924418738373724e+01 1.134218908826257532e+01 -1.300766072243822293e+02
5.633148015957207377e+00 -8.827454552900332985e+00 -1.917197324095494082e+02
1.644182385747083686e+01 -3.808277263587523720e+00 -1.575983449803757992e+02
9.833659837119398617e+00 -1.096170924974173033e+01 -1.474207194627016122e+02
6.524367767448873145e+00 -2.414527645909570808e+00 -2.201612922224115323e+02
1.264265196500534394e+01 -1.123345775692126125e+01 -1.255935193028331156e+02
1.147446462979591431e+01 4.862720135031926572e-01 -1.856642789555599791e+02
1.773810544011589840e+01 1.083244230231221739e-01 5.954085227788755219e+01
2.081061797029967764e+01 -1.326117271178733459e+00 -5.985296660745564878e+01
1.743805366141103264e+01 -6.481527766641778321e+00 3.689284989605739185e+01
1.873585049911554989e+01 7.693906338789753718e+00 3.520949923655856395e+01
1.854616953891409281e+01 -7.138892338008047567e+00 -3.579347046775147589e+01
1.875810934466446867e+01 6.873687936646938113e+00 -3.763189217562140243e+01
8.479493404242093746e+00 -2.008169286401932752e+01 -8.384895118431500149e-01
1.949747680656038984e+00 -2.277668548695925566e+01 -1.367893804465705465e-01
-9.468070197336309946e+00 -2.045368269840825448e+01 -1.694009044103232497e+00
-2.519547389348571809e+00 -2.068140633676030049e+01 1.538571379930063987e+00
8.163018509113433296e+00 1.838903375025031650e+01 8.851799265800660566e-01
2.847225554074776177e+00 2.035943411244316081e+01 7.636906288785966224e-01
-9.167275091457764091e+00 1.836232695098361845e+01 -8.988532042638776032e-01
-2.624062894340154717e+00 1.997040549654385444e+01 1.205512698346330458e-01
9.785834835375094798e+00 1.905675573558378133e+01 -3.062875341683185582e+01
7.600869418934935950e+00 1.824747981224202320e+01 -8.586904075623195354e+01
7.161674662324467810e+00 2.082120304383280995e+01 -3.353285787791310923e+01
1.398406051960020546e+00 1.318165201813516241e+01 -1.747918535627572396e+02
6.417940855719928450e+00 1.652236076533916886e+01 -1.370759152540100274e+02
-4.239509703069596069e-01 2.100879882106294616e+01 -3.282403337132819132e+01
2.221109263010971446e+00 2.081504089458000095e+01 -9.091017679479733715e+01
4.814111163245000213e+00 2.061073246198719033e+01 -3.292873058674777553e+01
5.882317478163859192e+00 2.040821802600430601e+01 -6.221766359134070967e+01
-9.557873203874214241e+00 1.747271592234613280e+01 -2.926970368633515918e+01
-6.934274299991004753e+00 1.834968275216594691e+01 -8.839169605733543733e+01
-6.187518200526905154e+00 2.003887115134281416e+01 -3.021873986292663261e+01
-4.801701359414566883e-01 1.338457070890214595e+01 -1.617767080851846799e+02
-6.104048032100878096e+00 1.574745169257280430e+01 -1.299815341270129636e+02
-6.727196134630752944e-02 1.529612032465605509e+01 -1.524929644590940825e+02
-1.631983753715064767e+00 2.147345025485257608e+01 -3.407191430433268664e+01
-2.588793872750892344e+00 1.977572711723856358e+01 -9.205889077504274098e+01
-4.507745284947327846e+00 2.196809279742802445e+01 -3.218152229168921252e+01
-5.933683182381410681e-02 2.168741003843695481e+01 -6.825882052197998462e+01
-5.416097193823700806e+00 1.946285641856870896e+01 -6.212671540083088928e+01
3.118123287981962033e+00 1.766456428435859394e+01 -1.168384942906283612e+02
-2.531626396414452529e+00 1.739520178218768720e+01 -1.159387930704429550e+02
2.637979052358189858e+00 1.620566457139428707e+01 -1.321818582064543648e+02
2.214828327539370700e-01 1.983144646206837791e+01 -9.819304428154174502e+01
-2.375977661924687734e+00 1.698625938820000059e+01 -1.325775447943161964e+02
-1.528979674812852796e+00 1.917339016037884036e+01 -9.713479092836450945e+01
9.471956114008861505e+00 -1.720794834851901811e+01 -2.946478993267872681e+01
6.634746425736396169e+00 -1.832196976307194092e+01 -8.812429733444119506e+01
6.758866889110094256e+00 -2.035063789462073913e+01 -3.061048468001416367e+01
3.782815428848288475e-01 -1.325775362012463354e+01 -1.611065440787701846e+02
5.790416334624383765e+00 -1.533154631172165772e+01 -1.295347789585067346e+02
9.594341060514950392e-01 -2.012333189983012716e+01 -3.219082086208095461e+01
3.704761036262567142e+00 -1.977467058207341211e+01 -9.133227097629190894e+01
3.053816150719638856e+00 -2.053836188684709185e+01 -3.277237402344436390e+01
4.634812572476959325e+00 -1.877009908049718234e+01 -6.256453091871143357e+01
-8.553368342192866791e+00 -1.838527459010862586e+01 -3.148780116197077916e+01
-6.866295377229194585e+00 -1.796370180471926403e+01 -8.690595409600280163e+01
-6.642389566472556517e+00 -1.846564387436592014e+01 -2.877559767129199031e+01
-1.819850179440392957e+00 -1.384303017385606616e+01 -1.745801064220188152e+02
-6.193356676184967213e+00 -1.503928690031217918e+01 -1.365571341940971593e+02
1.243842800046019104e+00 -1.544510185682872638e+01 -1.507873455622319909e+02
2.688005528269057365e-01 -2.017980113740364700e+01 -3.174178833855376070e+01
-7.879429543369227407e-01 -1.828136146550122731e+01 -8.506423078301492069e+01
-2.222148397924379459e+00 -1.836733491417039588e+01 -3.120230105585097036e+01
9.422009433952658330e-01 -1.933249147092598008e+01 -6.020212508747381008e+01
-4.769858375163257946e+00 -1.878807217007921793e+01 -5.823448208017767058e+01
2.525058415273423673e+00 -1.720497997241587029e+01 -1.152531736241397766e+02
-2.967728729220304729e+00 -1.848993787586268311e+01 -1.164630619189576635e+02
1.078754009566465388e+00 -1.675018854662284085e+01 -1.341405824689756514e+02
1.051947562986974338e+00 -1.912912761480136936e+01 -9.184455715183337077e+01
-2.430597344353190525e+00 -1.598234153841146110e+01 -1.333078237249409597e+02
-1.711777787367419146e+00 -1.923840080327342505e+01 -9.122254874439100547e+01
-2.580751506396321560e-01 8.443931508031239375e+00 -1.891647265291160522e+02
1.295772400213446029e-01 4.089570145896352926e+00 -2.149744845130606166e+02
-3.826922156504116712e-01 -9.743424990953352349e+00 -2.156993425748277105e+02
5.877659098544099070e-01 -3.616972919740522041e+00 -2.450334410627266664e+02
9.838230541486028713e+00 1.797055681874479660e+01 2.933911926114230440e+01
6.580656921597864084e+00 1.705748571081552356e+01 8.556773218276515536e+01
6.460333442808187776e+00 1.843835628210412381e+01 3.062435045827148983e+01
1.757063081571997198e+00 1.338782679104072137e+01 1.680609277441012068e+02
4.772960424425673587e+00 1.681796972549496161e+01 1.307747447848770719e+02
-5.303224931083325849e-02 2.142237141729274796e+01 3.315064557638516618e+01
2.571230129368200501e+00 1.985164984018657464e+01 9.512357743351910244e+01
3.575010161211120252e+00 2.064637884561205183e+01 3.059748131121653714e+01
5.895879399900024964e+00 2.008550840403680837e+01 6.213832859984079704e+01
-9.198948165852801395e+00 1.645060161155781842e+01 3.007646564165016301e+01
-6.882393318662392900e+00 1.801053932759801413e+01 8.673475181688583291e+01
-6.902200144321636088e+00 2.000366679820329097e+01 3.014466155448965523e+01
-2.487105322456265366e+00 1.499975852992615621e+01 1.643235968434189260e+02
-4.866127071662181613e+00 1.566602872870377716e+01 1.282607493799839347e+02
-4.860925287986003762e-01 1.562343180571225609e+01 1.615506346978237957e+02
-7.539919613850079028e-01 2.192181669128130395e+01 3.443478174031479710e+01
-2.400164085684508564e+00 1.975141984156589814e+01 9.185726159945795644e+01
-3.657152719321579593e+00 2.218930664027125843e+01 3.078183600250310903e+01
-1.659945416694990905e-01 2.250932726130580619e+01 6.886229509113255176e+01
-5.053045552520492478e+00 1.938503936657128079e+01 6.232813149573296840e+01
3.449771041562270657e+00 1.965532456504193348e+01 1.220364453676494634e+02
-3.359340895636852675e+00 1.811780423862283129e+01 1.236008516007215263e+02
2.496893884551822929e+00 1.710424630483046471e+01 1.400914357156931089e+02
1.749661738403021749e+00 2.099727560609558452e+01 1.015411859384871747e+02
-3.027768557750714518e+00 1.760864421869370489e+01 1.405502712620491366e+02
-5.120289604711818487e-01 2.152347007945792257e+01 9.814139319975141973e+01
1.101772125396458968e+01 -2.006289879904871398e+01 3.419135118703587750e+01
6.917637219794396941e+00 -1.872111648226204750e+01 9.150325567399737281e+01
8.333100087632136166e+00 -2.113325282400129268e+01 3.484237771459687849e+01
2.088188209562576336e+00 -1.450652173011733126e+01 1.638485371049550565e+02
5.023562131084061910e+00 -1.656381202032493150e+01 1.292633510233933123e+02
2.944114708068309438e-01 -2.334791727214518176e+01 3.566267235965705851e+01
2.595999288585978171e+00 -2.110398577171001833e+01 9.450171322363095783e+01
5.145345893654077685e+00 -2.231412644943926793e+01 3.361538163050480676e+01
4.704628964746028430e+00 -2.100062921285540085e+01 6.718591974644289166e+01
-9.314603539892875261e+00 -1.852948166506508088e+01 2.969288745139771635e+01
-6.464991336159031654e+00 -1.851636241365208946e+01 8.118549088412922288e+01
-6.580589740955669065e+00 -1.945724349348691362e+01 3.126888062853792150e+01
-1.577930800747090245e+00 -1.417533108119306995e+01 1.635788423577951392e+02
-4.535893973984797434e+00 -1.582179185569728119e+01 1.266860226215130467e+02
-4.734253826006289412e-01 -1.633004351616956740e+01 1.574185140294868859e+02
-2.212092394653305816e-01 -2.306175648833388792e+01 3.563966853190646589e+01
-2.131150299312082108e+00 -1.989289624080932128e+01 9.182909876677493344e+01
-4.132551560665382873e+00 -2.119975436936387680e+01 3.287155907789119880e+01
-1.226377674198860124e+00 -2.194955376006424075e+01 6.837481904372725694e+01
-5.395731006107028271e+00 -1.975309764995058259e+01 5.855427978211397289e+01
3.347758283853624395e+00 -1.842719559500528703e+01 1.196371100594945034e+02
-4.877185323547124973e+00 -1.720945758456413444e+01 1.186645685024307397e+02
1.872806998731690875e+00 -1.737026883574939262e+01 1.391843381636515744e+02
1.409652652278624574e+00 -1.974261667601284387e+01 9.902872323131236953e+01
-2.586968266780973469e+00 -1.713246024977025073e+01 1.353264930492101712e+02
-3.110243157315840112e-01 -2.095818608851435627e+01 1.018702983923388956e+02
-1.224328488434448664e-01 8.905652851744749299e+00 2.118328454100100942e+02
-1.042410265897374844e+00 4.189969572358887007e+00 2.260268170606377396e+02
-1.195434785897560692e+00 -8.225048926588298670e+00 2.027575512587911817e+02
-6.834724202284271355e-01 -2.956595417375381452e+00 2.236343930508111839e+02
-1.236746000809052504e+01 -1.562686309367459359e+01 2.102093815297337898e+01
-1.710455538234676709e+01 -1.274417617403966574e+01 5.906805576176229522e+01
-1.260866612942097120e+01 -1.696375464362215979e+01 5.131870760882458171e+01
-2.044538686331373967e+01 -3.942714952789124538e+00 1.155414545846563357e+02
-1.927335255331617958e+01 -9.354673658494414568e+00 9.284360121685429590e+01
-8.649564774218076124e+00 -1.408735309855076956e+01 9.994489802923445154e+01
-1.519095141024657636e+01 -1.295394146513940647e+01 8.717529525815652391e+01
-1.153749554904534591e+01 -1.626784473659438035e+01 8.194552855325532903e+01
-1.614444163634635743e+01 -1.599759683631796392e+01 7.455837364710417603e+01
-1.302595832260622011e+01 1.501474124522251685e+01 1.795533228648683277e+01
-1.489587205626268585e+01 1.037195547554707353e+01 5.344915938700249569e+01
-1.285810192246342787e+01 1.537851814323443556e+01 4.773316550151066195e+01
-1.759711766500047858e+01 2.922638037289557289e+00 1.031342715730722688e+02
-1.644603734001899298e+01 7.489616878550913626e+00 8.408110928960867625e+01
-1.046652125855793436e+01 1.448637231843344253e+01 1.054055897123165835e+02
-1.475463893302523388e+01 1.181086426786377253e+01 8.079571567412118327e+01
-1.025139673526479456e+01 1.568452476743276058e+01 7.723492160609806945e+01
-1.316745840698692049e+01 1.322643506169160155e+01 6.553463278549557458e+01
-2.141340998741577906e+00 1.096278286696250781e+01 1.826592834124573415e+02
-7.581126326768032442e+00 7.576324235419925834e+00 1.741532026665916533e+02
-5.014641332813315699e+00 1.306377171548980698e+01 1.684539790844906975e+02
-4.320199736777446731e+00 8.849534570924319610e+00 2.090300005937912715e+02
-1.644851199355793980e+01 1.278139699659691875e+00 1.292974548723811949e+02
-1.110259180564154846e+01 6.668544824036890084e+00 1.588821669926831532e+02
-1.733789862661400960e+01 6.183323333891672213e+00 1.231621850163231073e+02
-9.079011163047898236e+00 1.335902761946945994e+01 1.272942283595517523e+02
-1.040754638549132416e+01 9.799011954829202509e+00 1.655946070214478709e+02
-6.683958802496006157e+00 1.411459651273990445e+01 1.494033965942243469e+02
-1.166379913526575507e+01 1.423696748984349547e+01 1.218552722732547409e+02
-7.439898858351873479e+00 1.238851661773401069e+01 1.730442664118864116e+02
-2.803975075989132204e+00 2.249792610297757900e+00 2.369071827237086723e+02
-9.408378111298580038e+00 4.461343359822436128e+00 1.889873671689171317e+02
-3.015844534171758795e+00 6.805183120162994648e+00 2.308171006122930748e+02
-6.101114092895030261e+00 7.220088329351770362e+00 1.960682776053367604e+02
-1.396877213401364948e+01 1.180300859999491259e+01 1.016239232653588260e+02
-1.163911417183652119e+01 1.004162077013620724e+01 1.552024166991871255e+02
-1.533317119458988742e+01 8.255417197529082429e+00 1.171089519995826009e+02
-1.121313974836950500e+01 1.182074071837850937e+01 1.074764161665775362e+02
-1.372045470671220713e+01 8.089189029313004653e+00 1.394911953944770175e+02
-1.063718376075897432e+01 1.161633244917554819e+01 1.370706895678910087e+02
-3.610126448491138618e+00 -1.068192614662476636e+01 1.924546624348654120e+02
-8.709374892678354740e+00 -9.677466258062686677e+00 1.933267587165077259e+02
-5.728379626270527325e+00 -1.360618807494707561e+01 1.667201736379459192e+02
-5.212023656333068189e+00 -8.837600063591350974e+00 2.057483423904605502e+02
-1.689135037030027320e+01 -2.160821286766688054e+00 1.382715043444322305e+02
-1.396015523011103454e+01 -5.864166815028374558e+00 1.737337872717333482e+02
-1.873869806676298566e+01 -5.828927515285331040e+00 1.348235642158305723e+02
-1.436317181491672201e+01 -1.138302403339703339e+00 1.494527589928893860e+02
-1.019498363476902014e+01 -1.378813755335873381e+01 1.300914070614693685e+02
-1.217622633364170426e+01 -9.052119789509543324e+00 1.628064921493553356e+02
-6.953204483364773481e+00 -1.261311668801580055e+01 1.493711538920409225e+02
-1.186709307515168810e+01 -1.312152859158558904e+01 1.209372928276772257e+02
-7.247344921475198376e+00 -1.100600411105731880e+01 1.643094735200766934e+02
-2.654332896651723672e+00 -2.389608725117802202e+00 2.295613399698263777e+02
-1.003895828679718250e+01 -5.322091938249633003e+00 2.063166106438724796e+02
-3.384142786386462376e+00 -5.617084253822412165e+00 2.200824892053067572e+02
-6.706535623200069018e+00 5.683201761817641140e-01 2.131115283303064416e+02
-6.055403384154812940e+00 -6.997819260045796241e+00 2.073253562059455248e+02
-1.532524270277844280e+01 -1.206152591753523140e+01 1.101072077369057070e+02
-1.329291047406513115e+01 -9.788442010544892824e+00 1.639981779812436287e+02
-1.813775731125010537e+01 -9.858415702297458338e+00 1.232238351322025522e+02
-1.303283269828429169e+01 -1.262200919030230217e+01 1.108445379187424180e+02
-1.600529228218201183e+01 -7.525401983097291136e+00 1.562361401528734746e+02
-1.177512330170499766e+01 -1.131389870386750651e+01 1.412231091002270489e+02
-1.254261212020233707e+01 4.206058599288212463e+00 1.878945621522461522e+02
-1.248567126077629297e+01 -3.237191915104262296e+00 1.792539513522911250e+02
-1.352153932712356621e+01 1.834545952405498781e+00 1.644795590339119258e+02
-1.101173645953792679e+01 2.536557651787825662e+00 2.018647561848524106e+02
-1.275553039774577258e+01 -1.403466224050822886e+00 1.661703971494467567e+02
-9.896132487495359342e+00 -5.381334346669871538e-01 1.948221886178903617e+02
-1.402492176225879206e+01 -1.553105697713304245e+01 -2.059807152748724235e+01
-1.730011912734079615e+01 -1.383295819751392663e+01 -5.969117588809901065e+01
-1.293813141874886163e+01 -1.849618537773334026e+01 -5.517765200092828337e+01
-1.643086555562032203e+01 -1.470929984666332579e+01 -7.361690259884264842e-01
-1.956569526567838935e+01 -3.641086994529080467e+00 -1.106772743966967738e+02
-1.766533735613791123e+01 -8.336692639640903124e+00 -8.551621817251235314e+01
-1.120596041914964935e+01 -1.454694149579172979e+01 -1.065155873656107559e+02
-1.754861338406939097e+01 -1.318246198091652310e+01 -8.757540757235371132e+01
-1.242948124311344849e+01 -1.713182854044600134e+01 -8.582853482531321276e+01
-1.465545246180757921e+01 -1.716500845868407055e+01 -7.407730009666420301e+01
-1.978532043203360757e+01 -8.958828462379608837e+00 3.915918881145946528e+01
-2.024600234296245915e+01 -8.379519914935762870e+00 -3.743257130673934796e+01
-1.689226752886845517e+01 -1.138076541521757967e+01 1.957683378378242978e+01
-1.843271532563760573e+01 -1.154865280747222300e+01 -2.102930641414509338e+01
-1.440093607797759034e+01 1.490353055279476635e+01 -1.946550678672263857e+01
-1.603055158776889400e+01 1.326610597742407727e+01 -5.364003118287755001e+01
-1.298991481266227233e+01 1.634148957641667010e+01 -4.990263522436586641e+01
-1.501106998548273097e+01 1.389397037402877544e+01 5.396821692700990436e-01
-1.822750696412964899e+01 3.822418361303456802e+00 -1.039751800834696240e+02
-1.777561596128230192e+01 9.659637951980631243e+00 -8.334207511201545060e+01
-1.042184517469605254e+01 1.527187684612811758e+01 -1.064096910373583995e+02
-1.487392628534382233e+01 1.243561692411560671e+01 -8.314225446125730912e+01
-1.073743648464848377e+01 1.687039217514088207e+01 -8.228273565671979384e+01
-1.367256332332971880e+01 1.382616855273889911e+01 -7.102019192940869630e+01
-1.755079613443126973e+01 7.229466655010710952e+00 3.407534123695300110e+01
-1.864649784104332397e+01 7.554419815811553640e+00 -3.465334602726344571e+01
-1.685285886908426178e+01 1.222718095958525453e+01 1.829853883391717773e+01
-1.611540182681425648e+01 1.125140350903056508e+01 -2.056123555911439027e+01
-3.943096746820066834e+00 1.038685327190650298e+01 -1.799885720052973852e+02
-8.093015631255083164e+00 8.697465097750114893e+00 -1.785856174947147963e+02
-4.443471051352285706e+00 1.160883298567618205e+01 -1.637430952546908145e+02
-3.659861015917271754e+00 8.799046097355958551e+00 -2.017761688269119134e+02
-1.793416860327405971e+01 1.568547905184253910e+00 -1.334122306718531377e+02
-1.405393464907456647e+01 4.799704037993715922e+00 -1.609627354406146651e+02
-1.772902720088309891e+01 6.451624891790143757e+00 -1.281465883543101540e+02
-9.500503331006958874e+00 1.272907171901992207e+01 -1.283648682450863703e+02
-1.033094661902197942e+01 7.783029732442402704e+00 -1.639795960547924949e+02
-7.267027102638831337e+00 1.188926672241920102e+01 -1.498638716450196000e+02
-9.778280735249568423e+00 1.286020990832794553e+01 -1.207248569570988082e+02
-7.174140038560630650e+00 1.153087225233245228e+01 -1.628784301877039695e+02
-2.897283352887745966e+00 1.575388402561867629e+00 -2.124396911402682520e+02
-9.101297025848856137e+00 4.501899574980154917e+00 -1.961974671197779685e+02
-3.129964109758402113e+00 4.758218547307141222e+00 -2.149108436610096078e+02
-6.859485790318287535e+00 7.340409881801789105e+00 -2.066539947320970612e+02
-1.390777920416259228e+01 1.227959526965634396e+01 -9.804701031599599048e+01
-1.179748239603596005e+01 9.995279301843728703e+00 -1.510766588402925663e+02
-1.613341381874847258e+01 8.404131723022738143e+00 -1.159839665473764256e+02
-1.204376715936489894e+01 1.183235337220184924e+01 -1.091839889871675240e+02
-1.477840874998815401e+01 6.789351948385673907e+00 -1.420309409545428139e+02
-1.123481683819736610e+01 1.088146322402778310e+01 -1.372795996642577450e+02
-2.338610246246391799e+00 -1.099257456266938426e+01 -1.935908505305050369e+02
-9.766646292232181281e+00 -9.313599016470364589e+00 -1.907670606292291495e+02
-5.645265317038183461e+00 -1.333015565344714126e+01 -1.823408014552403529e+02
-2.985187107221319192e+00 -8.709717430113714798e+00 -2.086315301323787708e+02
-1.903442548276545665e+01 -3.886996830803078673e+00 -1.423855332125424979e+02
-1.486641955611093913e+01 -5.675022398673490009e+00 -1.752991948430769469e+02
-1.813337527436189234e+01 -6.067476277431445908e+00 -1.291281004111685320e+02
-1.714920186023478621e+01 -4.816172454754122922e-01 -1.597703326964488610e+02
-9.643428834365753488e+00 -1.302866820289857586e+01 -1.391802462810494774e+02
-1.060055917301203188e+01 -9.306403996242620380e+00 -1.625357522670151980e+02
-7.406339024457665232e+00 -1.431062118840581476e+01 -1.676935910582078577e+02
-1.128906588146224088e+01 -1.188405072629252146e+01 -1.223023865441014379e+02
-7.743222148686334627e+00 -1.262124045606817546e+01 -1.768887245520085401e+02
-2.809136033626140616e+00 -2.553190905487471074e+00 -2.240786886364129202e+02
-9.908417927875845521e+00 -5.236481801968304595e+00 -2.004455995508692183e+02
-2.541768517933314708e+00 -5.374818712569065404e+00 -2.167581446937076350e+02
-3.582245930355243413e+00 1.503879037509721350e-01 -1.947500810769061843e+02
-5.247803620065475627e+00 -7.351180081198745775e+00 -2.064084751909265947e+02
-1.469515326112040654e+01 -1.328821959952944454e+01 -1.024376065188233156e+02
-1.250958774511855331e+01 -9.754523393305877477e+00 -1.565009053035340685e+02
-1.668077086798436426e+01 -8.481208767413233929e+00 -1.199299826139991580e+02
-1.317016224952601888e+01 -1.400910914691313458e+01 -1.126724171919342297e+02
-1.565766793620817232e+01 -7.378247997477642706e+00 -1.443100733908508460e+02
-1.209895075323366065e+01 -1.068680278171523490e+01 -1.387270603144175993e+02
-1.109078113435211499e+01 4.000539417628176331e+00 -1.780876382696202427e+02
-1.231367862277872227e+01 -4.068567097119463405e+00 -1.927982849534112120e+02
-1.399981995867292639e+01 1.043439721381250296e+00 -1.735716035885164388e+02
-7.795386353397856460e+00 8.927461898938593432e-01 -1.881031224154068298e+02
-1.458950809457259901e+01 -1.997876807074230099e+00 -1.865309136055051340e+02
-7.252349120206615929e+00 -1.579151662274414170e+00 -1.848731329801537413e+02
-1.925094566031203769e+01 -8.854728247208520919e-01 8.916842276930213984e+01
-1.965263812080701911e+01 -7.184365503081042714e-01 3.208083977414554511e+01
-2.093296469643670221e+01 -2.983144380271530949e+00 8.704538403411363845e+01
-1.976576480102460565e+01 2.913261840692392024e+00 8.135041386005021025e+01
-1.986239120966506988e+01 -2.295436542713623004e-02 -9.119827983500924518e+01
-1.841367021648134994e+01 -7.628208118092072443e-01 -3.195261334407113907e+01
-1.961063135334045526e+01 -3.462387370504000916e+00 -8.407040794785993398e+01
-1.836512337791254268e+01 4.130901323473223030e+00 -7.860184466596307118e+01
-1.853790750541762833e+01 -9.254204744621365109e+00 5.556648105907681412e+01
-1.857008740056511442e+01 -3.226360213367750696e+00 1.815225543281475495e+01
-2.170065775339136849e+01 -5.448844950986385882e+00 7.595388624653249110e+01
-1.798560928742545428e+01 -6.588410178834774200e+00 1.828999816931387556e+01
-1.898119422632961673e+01 -3.955435440772308908e+00 5.560505682787177761e+01
-1.782319915885041084e+01 8.866359515201558850e+00 5.263615043430098694e+01
-1.874598841815441475e+01 4.146900310456147487e+00 1.857789585172631419e+01
-1.966001099134347285e+01 5.335273104821428802e+00 6.877517871678664108e+01
-1.627719985334089259e+01 5.902003847010206528e+00 1.927157565570670172e+01
-1.956290365888529692e+01 4.113622738617057628e+00 5.191816557226140105e+01
-1.805811037364130911e+01 -9.397480205918631313e+00 -5.293200251819518343e+01
-1.829536193633084196e+01 -3.871570427451025864e+00 -1.850194651011977953e+01
-1.965181185484184567e+01 -4.717841231101882471e+00 -6.937062984165844171e+01
-1.775085710506446901e+01 -6.106688855740426192e+00 -1.799991341761596075e+01
-2.073891006585871821e+01 -2.149352675294315951e+00 -5.072440116043113534e+01
-1.688583244253041471e+01 -5.395247573436194877e+00 -6.207536677193939978e-01
-1.646433806685503143e+01 8.506615701014286657e+00 -5.312407893083620536e+01
-1.749642714464170368e+01 3.720096128167307281e+00 -1.807948765616572118e+01
-1.890834606020760944e+01 4.277526541584408371e+00 -6.679759685083524801e+01
-1.810019436363979750e+01 6.911655708113756624e+00 -1.780962842473995877e+01
-1.955553135987789304e+01 3.554516258559390796e+00 -4.885278246241848166e+01
-1.737262948280234198e+01 3.845995890179378041e+00 -3.074317008980043120e-01
1.140549127322719158e+01 -1.663149424012665989e+01 1.770594754241422919e+01
1.448696867048089665e+01 -1.226941469010098373e+01 5.321967035686196823e+01
1.242922724341299201e+01 -1.694338201803057231e+01 4.947750529924061880e+01
1.826480205186853212e+01 -3.941385444891889023e+00 1.011684416072805419e+02
1.776650248203909044e+01 -9.184226143100280737e+00 8.445257609046969094e+01
1.068272086786029362e+01 -1.466336386841755868e+01 1.062792491755916302e+02
1.435955838940337870e+01 -1.266444148213677323e+01 8.178790423629060058e+01
1.075944264499639758e+01 -1.737112595258434666e+01 7.793517655533527488e+01
1.427902694444000353e+01 -1.378815658184340087e+01 6.741378615497971794e+01
1.299977519720458474e+01 1.611538013669507663e+01 1.764364494817651874e+01
1.414762031359533978e+01 1.104331153549744649e+01 5.138098691760809089e+01
1.072212226930400902e+01 1.532656640200555920e+01 4.737874504478762105e+01
1.877230562994504126e+01 3.676747748820669681e+00 1.026768344580971188e+02
1.714640757239986257e+01 8.355619584669156552e+00 7.992216870654594629e+01
1.139482797091795696e+01 1.547958626959453099e+01 1.028742879267994397e+02
1.464607973621390080e+01 1.206757527555233089e+01 8.640769721984091234e+01
1.161535032728632189e+01 1.588972083642184607e+01 7.489216491300619793e+01
1.208451542985063298e+01 1.429145451274788670e+01 6.559821401410846420e+01
3.808348204194252684e+00 1.116889726270354188e+01 1.855941387018031605e+02
9.704210557291183648e+00 8.501064780927773512e+00 1.850571212670353418e+02
3.780577941027889022e+00 1.161818256649346637e+01 1.685262438478428635e+02
2.843634926414459585e+00 9.366640980575169806e+00 2.174089427538597192e+02
1.564069618127114225e+01 1.451112644778623562e+00 1.288704449169211159e+02
1.364250841025268812e+01 5.813198263922382480e+00 1.658987170156711102e+02
1.698731284901435146e+01 6.011143255456372181e+00 1.210480576787540485e+02
9.482724079266541040e+00 1.433256909966745063e+01 1.389515504455761175e+02
9.397398928378718708e+00 9.520186176373075071e+00 1.651063116245646540e+02
6.731867397457330426e+00 1.415429133171917009e+01 1.518287952173001543e+02
1.197127617917772646e+01 1.329250680612070212e+01 1.264798328184741507e+02
7.968022820946482732e+00 1.177994475514478445e+01 1.672189894724596115e+02
1.827670958912770871e+00 1.329036166322700385e+00 2.325062403399900859e+02
9.894389458695018291e+00 5.466614561852566112e+00 2.066966357225631441e+02
2.883668484088265593e+00 5.860718207323856177e+00 2.213297720905903816e+02
6.213352200566952810e+00 6.789292944028281873e+00 2.171222531808852239e+02
1.558054672082035808e+01 1.256406396920142399e+01 1.011059794010996313e+02
1.238565144226616432e+01 8.991121329275795659e+00 1.564415344373339849e+02
1.537958137694685234e+01 8.711779226920686625e+00 1.127775409094915631e+02
1.371624589904918246e+01 1.216688747466851872e+01 1.159915310923623935e+02
1.459347583781135249e+01 7.252319513986446253e+00 1.427068590100318488e+02
1.186846618019345279e+01 1.182660292533814328e+01 1.395389104351438334e+02
2.516985485028436997e+00 -1.035193542628219454e+01 1.778729325133236330e+02
7.905368620036438365e+00 -8.590007257622778170e+00 1.725835644021740052e+02
3.983473751607843560e+00 -1.248432499322053779e+01 1.720979340882635142e+02
3.245397633260745707e+00 -7.508160147292052500e+00 2.027880548324236543e+02
1.664415086183786130e+01 -1.970901804506540733e+00 1.291529249134193265e+02
1.249784030770961074e+01 -5.444618464802685409e+00 1.614274201131997302e+02
1.505398462192287923e+01 -5.751265548384890458e+00 1.216074567582609518e+02
1.603256326050341940e+01 -4.528195322367455367e-01 1.489877150087773714e+02
1.038610586105646050e+01 -1.391040820511950571e+01 1.327288211479732922e+02
1.055367966391250611e+01 -9.102621139442362619e+00 1.658218990080700621e+02
6.466754216149427137e+00 -1.457781162169823652e+01 1.541089817593479268e+02
1.096755974588534244e+01 -1.307805088651925196e+01 1.214707023457831383e+02
7.804614578084271947e+00 -1.145698833025026531e+01 1.730838937741780796e+02
2.417117421088350149e+00 -1.110177271020146739e+00 2.215219762578491896e+02
8.231527286838440816e+00 -5.492677080462505579e+00 1.910354051660042956e+02
2.153804556306764262e+00 -5.245094407916484514e+00 2.165150279737336234e+02
6.575854630523636501e+00 1.116547886333210782e+00 2.298391632442840091e+02
5.610535391092187574e+00 -6.752961064057151575e+00 1.975032998706635397e+02
1.520452788665345878e+01 -1.194691949449794244e+01 1.014759135328567510e+02
1.247156498157995053e+01 -1.013984101034779606e+01 1.549461252752651603e+02
1.646900124906585106e+01 -7.781139283814974661e+00 1.161611732455083938e+02
1.196784573742190361e+01 -1.174807832485617709e+01 1.072690329623923304e+02
1.557481485444243319e+01 -7.136934495693521008e+00 1.394712454420441077e+02
1.244208773058421968e+01 -1.015359308176003950e+01 1.364958271132207983e+02
1.248106723444387534e+01 3.941611901916582728e+00 1.901900755805903316e+02
1.094020854757682137e+01 -4.132391598207956207e+00 1.874211950551303119e+02
1.324054902718483362e+01 2.090340100500132525e+00 1.661850209432751626e+02
9.961930757512110546e+00 1.162948548322701336e+00 2.231285459392200323e+02
1.351929912700509817e+01 -1.406523994740820349e+00 1.654627815081025801e+02
1.009159254751260804e+01 -9.806723829504333523e-01 2.156799235920365732e+02
1.297474238973645377e+01 -1.571928294610272836e+01 -1.827842464642192155e+01
1.579932515122577463e+01 -1.389799987078191990e+01 -5.401479618395709537e+01
1.241034868257609958e+01 -1.635737900688886626e+01 -4.996712557735571636e+01
1.625276142385886047e+01 -1.128451616699134163e+01 -6.770649511827652178e-01
1.926239384557381840e+01 -2.915369732823202664e+00 -1.042590868543210831e+02
1.707849400347636504e+01 -7.546118378056084985e+00 -8.300064569193592945e+01
9.518004754870412754e+00 -1.438887630243169014e+01 -1.059944076723536028e+02
1.483742558568660108e+01 -1.264433727237380367e+01 -8.287116828178756123e+01
1.063800600932838947e+01 -1.684774503702443837e+01 -8.165836606476395332e+01
1.348900408569765652e+01 -1.538657069763277541e+01 -7.007855658556843537e+01
1.737846898521491212e+01 -8.118901778575802197e+00 3.372762812948308664e+01
1.747007451597987071e+01 -8.163743193532045694e+00 -3.510945055318522634e+01
1.487276280104192594e+01 -1.107390440524824271e+01 1.885819448200712500e+01
1.580854915795484139e+01 -1.030438067855054207e+01 -1.903007269974379057e+01
1.316802389098605275e+01 1.506776094403392285e+01 -1.901321264410129075e+01
1.624969078451412585e+01 1.295697161394908825e+01 -5.954571750660412732e+01
1.255355661868613737e+01 1.781549254619354272e+01 -5.400141445935716433e+01
1.553759654200407958e+01 1.284253976731285007e+01 5.041010414019713171e-01
1.742742486027027127e+01 2.415847425225369882e+00 -1.064945374612563853e+02
1.806642093080574796e+01 9.062609047467368839e+00 -8.523474820192326717e+01
1.142401109827044081e+01 1.600869987057891919e+01 -1.115491860187152326e+02
1.648819361825113816e+01 1.301695825771720116e+01 -8.971390599634226248e+01
1.216409447676633704e+01 1.906956151635678864e+01 -8.855850203147042521e+01
1.472291170451642728e+01 1.627160229203638409e+01 -7.572692169430797549e+01
1.844432770735937410e+01 8.226376255786549407e+00 3.597168629020524833e+01
1.785213287758798373e+01 8.873573061699211451e+00 -3.561789667347640886e+01
1.687807433212184804e+01 9.167620971337219871e+00 1.831760527719880471e+01
1.679702663592838263e+01 1.145518546713635644e+01 -1.992522540067832537e+01
1.835801263214368095e+00 9.314981487842301178e+00 -1.849839325529139273e+02
8.562616029249118910e+00 9.099045127145457101e+00 -1.776394993374638034e+02
4.756920897087225875e+00 1.286136145496592498e+01 -1.755926172433830743e+02
3.614001786403554739e+00 8.875849657184222252e+00 -1.906616043112126420e+02
1.548199195611226564e+01 2.523362287756621747e+00 -1.322362455696752477e+02
1.214183600388229323e+01 5.552773894473205019e+00 -1.591673613134877598e+02
1.624947165229809443e+01 5.716224926984174282e+00 -1.235782447759377902e+02
9.581554295014653277e+00 1.524139857532358633e+01 -1.397499524124341121e+02
1.049562143380748580e+01 9.234505429475969862e+00 -1.728959192834028897e+02
7.701029804662420375e+00 1.501324664292836530e+01 -1.617254467970409735e+02
1.167500624087712069e+01 1.274788362557817933e+01 -1.250124735768316242e+02
7.188814583352762355e+00 1.240000034798714168e+01 -1.728344661702623171e+02
2.499909640822857160e+00 9.701255967422729443e-01 -2.148707733155802373e+02
8.611182911033964160e+00 4.498235118298264723e+00 -1.923111654981663889e+02
3.693003952195947459e+00 4.178045316399036757e+00 -2.056394668561080437e+02
5.526581685023045587e+00 6.158479188687594252e+00 -1.889702349566557018e+02
1.404659768181986301e+01 1.225694374060219438e+01 -1.041326643377694694e+02
1.204590744885933340e+01 9.280538261380886667e+00 -1.569934745954359130e+02
1.604036826107573432e+01 9.415687582967439795e+00 -1.132304231170299289e+02
1.282919647385668149e+01 1.261696294008604724e+01 -1.148695801805350669e+02
1.393548895217380412e+01 7.107485203303061105e+00 -1.395716383242782967e+02
1.127256117131091706e+01 1.180524349473204992e+01 -1.457802830868311617e+02
3.213846510463641337e+00 -1.180578147805192835e+01 -1.869728686876707684e+02
9.666631969947847125e+00 -8.212581763757983211e+00 -1.854068526924934304e+02
5.500632790186178234e+00 -1.159465587666332098e+01 -1.630087207456791418e+02
4.019562510848948556e+00 -1.052162334427773516e+01 -2.231536138706472343e+02
1.820195100303241276e+01 -1.756473570670378459e+00 -1.378947970948559600e+02
1.441180511985657908e+01 -6.014908757970812481e+00 -1.724587620826740704e+02
1.776011510919266811e+01 -5.344032609681706347e+00 -1.270452054385658727e+02
1.540940895029759439e+01 -1.252476039927985729e+00 -1.534354596240048920e+02
8.735531851699880335e+00 -1.373423922773879724e+01 -1.302952041524902427e+02
1.003173517421121552e+01 -9.823677465808334119e+00 -1.634523791766207523e+02
6.657065632512630948e+00 -1.364067395392825155e+01 -1.491144244481576493e+02
1.116899770187320939e+01 -1.395152200516953478e+01 -1.207309431249230443e+02
6.515510437998860205e+00 -1.144630658679027135e+01 -1.617208885827523375e+02
2.747703844121277772e+00 -4.058738789470242581e-01 -2.322798216154745035e+02
1.131641384890754409e+01 -4.858609780898575536e+00 -2.083230031115143674e+02
4.368305478643176976e+00 -4.770834202903580845e+00 -2.389429465051592274e+02
6.080871265940813508e+00 1.747624565230726790e-01 -2.107510826013149483e+02
7.434372196362830643e+00 -7.298379766819782510e+00 -2.245691579537738676e+02
1.568715883267004330e+01 -1.131096144581568907e+01 -9.824558836237358150e+01
1.276691003250053669e+01 -9.052015627078683124e+00 -1.526371834354205248e+02
1.678581855117851518e+01 -9.633997906263703115e+00 -1.157062660671124803e+02
1.202297233593506398e+01 -1.186593316150847777e+01 -1.099590191968665494e+02
1.569693206183846179e+01 -6.393513351751439089e+00 -1.423580405156050688e+02
1.132252713159510371e+01 -1.110648856788850303e+01 -1.378444382285968004e+02
1.195190742968466857e+01 4.401841671080993557e+00 -1.830779864612004815e+02
1.193243291068731260e+01 -4.310340194005194192e+00 -1.918075196005382850e+02
1.377288555911384016e+01 2.567441626742577476e+00 -1.644834712955365319e+02
1.042414621144438058e+01 1.697364774676649812e+00 -2.025059505389051253e+02
1.492701646012753969e+01 -1.669954572526806791e+00 -1.791747489289583655e+02
8.109926779910610506e+00 -1.684504803492070435e+00 -1.981586436530088520e+02
1.780950332131074276e+01 5.779206889948798054e-01 8.666248554107703228e+01
1.958464483329234085e+01 1.083522081208313087e-01 3.040339332227609859e+01
1.903994162328171669e+01 -3.292936561876107948e+00 8.203562762788075702e+01
1.972941350484023459e+01 2.934610551682301338e+00 7.825638262935444800e+01
1.811126895703880280e+01 7.411089968113929172e-02 -8.683254950646369252e+01
1.904013628893455135e+01 8.255688130551455117e-01 -3.059870355017829624e+01
1.851144224921695525e+01 -2.149408207239850377e+00 -7.740960749026613996e+01
1.939255037618439559e+01 3.083708389493406088e+00 -7.895878934362767154e+01
1.714741631910656139e+01 -9.140811508648317485e+00 5.168560942514547918e+01
1.704904087586829320e+01 -4.282126674758954366e+00 1.865075300769338185e+01
1.780890101492338573e+01 -4.914886017535512686e+00 7.015923126209654015e+01
1.815217635260946594e+01 -7.230756503772465926e+00 1.801052510399886941e+01
2.028358590673542139e+01 -2.800193391390255471e+00 5.264975580573177893e+01
1.812531466507591915e+01 9.040244167840018719e+00 5.513925518699143424e+01
1.846376184987240521e+01 3.539007410892064165e+00 1.841420451234965938e+01
1.724578647030822154e+01 4.216099551280550806e+00 6.735465738476361253e+01
1.877159398907465970e+01 7.105140954006119891e+00 2.041138986798832278e+01
1.914386354909769850e+01 2.057302088208428970e+00 4.870571600768887777e+01
1.698313761217471551e+01 -8.140702123418321889e+00 -5.356204421853325925e+01
1.875873133916197233e+01 -4.082081362511788214e+00 -1.848277337776289642e+01
2.002740134948255601e+01 -5.526959664195173261e+00 -6.864382628127179942e+01
1.607276535377990356e+01 -6.668221709663582963e+00 -1.837846332002981953e+01
1.930626539414311793e+01 -1.882608749565158002e+00 -4.922038446063457684e+01
1.654178819996921845e+01 -6.028123334560678614e+00 2.183668646961913762e-01
1.806469494979072365e+01 1.013236651929884680e+01 -5.484525762797243686e+01
1.921484097809202041e+01 4.062946450622104244e+00 -1.833641778972270586e+01
1.919862871749247191e+01 5.063273268356295098e+00 -6.742314884194769320e+01
1.849716298499825129e+01 6.886970633245049100e+00 -1.840866217717927711e+01
1.976064655673782511e+01 3.520677622715247423e+00 -5.051419435776518441e+01
1.922056356894730200e+01 5.526407034735910884e+00 6.958706390795407204e-01
