1.489733494482806861e+02 -2.388155033786206047e+02 2.993664953435374310e-01
-1.466954239336006935e+02 -2.378851515651921034e+02 -9.301860821849240457e-01
1.473453511003717722e+02 2.370335126539356168e+02 6.984330584591390556e-01
-1.480580378011185587e+02 2.371667092325244539e+02 8.552613228032253101e-01
-1.246706747848764646e-01 1.484384083092429307e+02 -2.463894212154329821e+01
-3.732105579160986397e-01 -1.495979753398340790e+02 -2.530678168814118223e+01
-7.118692317860197960e-01 1.473342085861569331e+02 2.568655758629681074e+01
1.046179126999062653e-01 -1.458539049525479641e+02 2.418542072770927831e+01
-2.409708580749162934e+02 1.629354450593197612e+00 1.740589711889959190e+01
-2.390307843490348887e+02 1.757861821869243890e+00 -1.602507895483531897e+01
2.399139810112414750e+02 1.367470282186887376e+00 1.637095599773671495e+01
2.396935442227793658e+02 -2.615239512706584724e-01 -1.631224411812915065e+01
-4.936025717473681573e-01 -2.795490145499836672e+02 -7.432125715126158827e-01
8.742806964245390944e-01 2.791598296967760007e+02 5.074562870220867827e-01
8.726457326664252889e+01 2.279565091729050437e+02 -1.459537245672579431e+01
-8.576910586674570425e+01 2.277479405886947745e+02 -1.433998460506906447e+01
8.751455984660825038e+01 -2.287629567148174772e+02 -1.506106020221949571e+01
-8.653805587669444321e+01 -2.269674359611417458e+02 -1.520645881584571057e+01
5.556569532124410599e-02 -7.671758877873836591e-01 -2.964093403954516148e+01
8.512353461789193432e+01 2.276661319070227592e+02 1.470130835525485580e+01
-8.537226870933639589e+01 2.276673629381420483e+02 1.436169180037018300e+01
8.656658885744738541e+01 -2.275099679789437914e+02 1.418832604820819476e+01
-8.654773939308930153e+01 -2.277844128369470127e+02 1.538202961899499677e+01
-4.066417670496254577e-01 1.770309490208017200e+00 3.108998045543591715e+01
-2.262121403548455874e+02 -1.411445008653558659e+02 7.361878557974788073e+00
-2.283900368148023006e+02 1.404685669643106394e+02 9.901916988089061178e+00
-1.399923741131659369e+02 8.633750411143115855e+01 2.419293874140536715e+01
-1.425650784047479647e+02 -8.706902329979459410e+01 2.481074018797838221e+01
-2.255175406073904583e+02 -1.408333061585432233e+02 -9.166156098786547801e+00
-2.258446732323670858e+02 1.404961442560480407e+02 -7.218687114441087793e+00
-1.408390689359692090e+02 8.720034891730784921e+01 -2.426770524704735621e+01
-1.412011766154755037e+02 -8.685639657733840124e+01 -2.282875935104845055e+01
-2.814140542779344969e+02 5.915933372246735544e-01 -1.533518386188475358e+00
2.260192324235653132e+02 -1.422017006481703163e+02 1.035868549423461182e+01
2.265565546808557542e+02 1.404069128995229789e+02 9.698116993890868898e+00
1.410390836601478384e+02 8.738644222218668745e+01 2.582306788725707847e+01
1.425278172745367158e+02 -8.663162373611133660e+01 2.472140465297527356e+01
2.285694603214486449e+02 -1.395264518767422146e+02 -9.431270921660416917e+00
2.254500018350051675e+02 1.405758298128127421e+02 -1.050568049667221615e+01
1.421962274099045658e+02 8.583119246009727021e+01 -2.531298926385229109e+01
1.424961699934820274e+02 -8.656638862405235102e+01 -2.442767322595715029e+01
2.800966781298357091e+02 -1.309690704839169828e-01 -7.364890016125145156e-01
7.880713860963767559e+01 -2.691500456127304233e+02 4.190969943833647848e-01
-7.683112422667264241e+01 -2.683356007439832069e+02 -1.365168787459855926e+00
7.593138816295002869e+01 2.692751896298270253e+02 -8.662271347822808609e-01
-7.655139420786048277e+01 2.705127184568100347e+02 1.150342199071528126e+00
1.215819702015945012e+02 2.425538216237647191e+02 -7.360712039804472973e+00
4.372972359676634824e+01 1.939282035003436988e+02 -2.151370129873059511e+01
4.563015036509667510e+01 2.662621740503873298e+02 -9.123572589223792662e+00
-1.224905610012968822e+02 2.417556244782742283e+02 -7.967839413939412196e+00
-4.569249611857669180e+01 1.955640043818061997e+02 -2.133217856071997431e+01
-4.497257559544552663e+01 2.653464607144962883e+02 -8.356221822472644334e+00
4.916292532022828454e-01 2.383264410247323326e+02 -1.502728890199201928e+01
1.223145609636236060e+02 -2.417143732103256752e+02 -7.454355230611248828e+00
4.502536306173597325e+01 -1.956140750538550606e+02 -1.938202942632596759e+01
4.428795643745301192e+01 -2.662139855282639473e+02 -7.122328376447534026e+00
-1.220980885526332145e+02 -2.434427691952103601e+02 -7.451758196121731181e+00
-4.335635316645624471e+01 -1.956721212542956323e+02 -1.990101335775232627e+01
-4.407294772565010277e+01 -2.661957551553055623e+02 -7.723842632806346309e+00
-1.518441511765994845e+00 -2.396088005841018571e+02 -1.516939262960326573e+01
-9.177848563077982691e-01 7.724949833477414529e+01 -2.845125533016928188e+01
1.141573926922189591e-01 -7.520886180996402004e+01 -2.796328211344540549e+01
1.209847045531576128e+02 2.418150557086761125e+02 8.745014311285377318e+00
4.637343108518449952e+01 1.967363078019162117e+02 2.035435955741405678e+01
4.554475956900616751e+01 2.675895853489946603e+02 8.889475193588703306e+00
-1.218449915114111235e+02 2.407398833640178566e+02 5.513002299390497463e+00
-4.568042239711751762e+01 1.963382995398078492e+02 2.137911354367962602e+01
-4.506902072375357449e+01 2.679568109524027477e+02 9.181324453024963361e+00
-1.243449088936618985e+00 2.381590817968762792e+02 1.631841518192274521e+01
1.216168799115560688e+02 -2.427789845258204480e+02 6.574614591173625122e+00
4.455466624273353915e+01 -1.945508222494193262e+02 2.084087311166702605e+01
4.471003370694715784e+01 -2.664261373631071592e+02 8.124799861483758434e+00
-1.234392848114863597e+02 -2.426984218395071764e+02 6.978478090216634122e+00
-4.504902313485425935e+01 -1.956467029409575105e+02 2.021598622486226660e+01
-4.497736729968981706e+01 -2.659412684330778802e+02 1.024506265713150377e+01
-2.044224704794546932e-01 -2.402819794237333326e+02 1.449218373347869360e+01
-4.170693962848135983e-01 7.422938450562735113e+01 2.973189488701509475e+01
-2.067528378879141537e-01 -7.575031410695105194e+01 2.769925641956467288e+01
-1.955233076996902639e+02 -1.965527760472368470e+02 2.934196667449036511e+00
-2.407458257846155902e+02 -7.212006655174262448e+01 1.243200684791640676e+01
-1.635612135595642656e+02 -1.924470449913280561e+02 1.345260303442493921e+01
-1.950805522405185854e+02 1.979085003444726283e+02 4.904372995851364436e+00
-2.417295940775024121e+02 7.350588451899467657e+01 1.228303330246037284e+01
-1.637735621471960883e+02 1.922647916894467244e+02 1.414124881190437932e+01
-7.241765993770549414e+01 1.214725314557082072e+02 2.396515653536157942e+01
-1.980175263036418016e+02 4.538488978238587634e+01 2.096634842020883838e+01
-1.209433964235364130e+02 1.656724853093053866e+02 2.137266589687467899e+01
-7.598178006230594406e+01 4.202697399121874611e+01 2.867308282778212103e+01
-1.927790002413644288e+02 1.185655332680102276e+02 1.898486931817907930e+01
-7.492791996154022627e+01 -1.214630397182475292e+02 2.627769291357437353e+01
-1.964682496326001058e+02 -4.515172906959799803e+01 2.045283349606022938e+01
-1.218854556879469300e+02 -1.658526428089322735e+02 2.071340698421503035e+01
-7.493191237729710963e+01 -4.180697207959604356e+01 2.849364892931455984e+01
-1.928448803187242788e+02 -1.207886419334491279e+02 1.866467897979784496e+01
-1.446326595838130231e+02 -6.156112600536148838e-01 2.554058547089051245e+01
-1.951695279252024591e+02 -1.980029517217992066e+02 -4.718258950583262390e+00
-2.416449627559808846e+02 -7.395757510407354118e+01 -1.169171185125285284e+01
-1.643419888411963541e+02 -1.919648131404674416e+02 -1.276833401689013314e+01
-2.387428807098626180e+02 -1.467932275476414645e+02 -5.221251619036156866e-01
-1.962401373079920006e+02 1.969197136137328812e+02 -3.052236146385477245e+00
-2.432258146212449219e+02 7.245268241643223917e+01 -1.193945455121355437e+01
-1.643243200900199383e+02 1.926761328348969471e+02 -1.255157718885563689e+01
-2.379560229613848037e+02 1.475821798341761166e+02 -5.654553125022521165e-01
-7.269638566803405411e+01 1.246925558353852210e+02 -2.387859348471063115e+01
-1.983161380829725431e+02 4.420398473004026840e+01 -2.016461069196181555e+01
-1.197747365758964548e+02 1.661413840175799521e+02 -2.021517223613916414e+01
-7.499649470506420812e+01 4.407015075391959869e+01 -2.931980977312071701e+01
-1.913965642484689909e+02 1.204179069839846363e+02 -1.764654205685169330e+01
-7.340656869492138981e+01 -1.226770407230081759e+02 -2.583305668401126809e+01
-1.979229763154505122e+02 -4.577887402179558762e+01 -1.973598857242621918e+01
-1.223455259079211288e+02 -1.671237331798191974e+02 -1.964930198436922026e+01
-7.500645466985729115e+01 -4.416056093247414793e+01 -2.686409378966588335e+01
-1.917293778227677592e+02 -1.198852191469822230e+02 -1.752294772707125148e+01
-1.449048024876508975e+02 -8.436976309139119223e-01 -2.679172677646428724e+01
-2.697979757042799633e+02 1.162098866164848365e+00 8.581078576391330870e+00
-2.691263993283998275e+02 -3.849578086458464998e-01 -8.137617609864314261e+00
-2.668576421895036219e+02 -7.248235163679480308e+01 6.019686716698682716e+00
-2.662823130449468181e+02 7.319865532058778967e+01 4.513803883963428021e+00
-2.669206179954770732e+02 -7.449552598929491865e+01 -5.617218209635942650e+00
-2.673122882457433889e+02 7.434740084480944233e+01 -5.998638894985693248e+00
1.954177576131662875e+02 -1.958471503262837530e+02 4.941292475722357302e+00
2.423818418964707178e+02 -7.339726825151186063e+01 1.372862386710170135e+01
1.656356342415978986e+02 -1.908061122086208172e+02 1.286105036887935604e+01
1.975162097653060300e+02 1.971402898345073709e+02 4.769697226062269202e+00
2.424547007180537435e+02 7.343990533599215098e+01 1.256907499947075557e+01
1.639933744964440621e+02 1.917386375410886501e+02 1.062485649238385932e+01
7.273549459074588697e+01 1.222862330104790800e+02 2.809594502435408714e+01
1.965401168112616404e+02 4.421134208346732208e+01 2.185709153662959991e+01
1.217530448271769501e+02 1.677131170516808822e+02 1.942113319961019613e+01
7.434252604638261630e+01 4.260592698381343979e+01 2.813877344323716301e+01
1.936616431706857782e+02 1.192322657222839979e+02 1.696896596926321976e+01
7.281336837196560907e+01 -1.208494671186200407e+02 2.650777542223882222e+01
1.991755361278216299e+02 -4.637843451007199036e+01 2.099033574909402589e+01
1.226158741584655303e+02 -1.655045181828757563e+02 2.147543577961955563e+01
7.447339924797763899e+01 -4.309885167303365705e+01 2.771491926491668423e+01
1.912996377936530052e+02 -1.204714541313871905e+02 1.595668478450189198e+01
1.442886594553125406e+02 1.093134759742541595e+00 2.413453910198620989e+01
1.953469410425036301e+02 -1.953255254582046234e+02 -5.324603629630286328e+00
2.434176573872755682e+02 -7.206852509512926019e+01 -1.231505337336746564e+01
1.648496234759594472e+02 -1.915363989090468522e+02 -1.180338595176161220e+01
2.389484399320658667e+02 -1.473987203304992875e+02 5.969116836049797037e-01
1.934105186967383361e+02 1.974791886728543489e+02 -5.417969552756037643e+00
2.413484319033676684e+02 7.140882935514144947e+01 -1.311197421771616511e+01
1.642919683315218720e+02 1.939406324878620183e+02 -1.212369228462811499e+01
2.395160171523057500e+02 1.457779466989435946e+02 4.352052842413121625e-01
7.284112502326274807e+01 1.226979571460844483e+02 -2.475007933038110863e+01
1.977003013470543067e+02 4.595552815069404318e+01 -2.105963374277079936e+01
1.214274809781886972e+02 1.649658100298935892e+02 -2.066120824664728417e+01
7.421066119106468761e+01 4.242077656111052875e+01 -2.843892629136007244e+01
1.928652454927702138e+02 1.206303470098264228e+02 -1.770203907351428896e+01
7.368728431164319659e+01 -1.244409096567528081e+02 -2.448811835631218159e+01
1.987953569087267738e+02 -4.628126824400372641e+01 -1.910463738846051029e+01
1.208951970721464306e+02 -1.645497670999630202e+02 -1.940070791232219705e+01
7.529510290892285695e+01 -4.275080692263325233e+01 -2.848571395471103074e+01
1.924325154364156276e+02 -1.204555401852022385e+02 -1.773220733251011083e+01
1.438312525160384610e+02 1.178797183577362073e+00 -2.690762340079331949e+01
2.686920561212920688e+02 1.084430638261649316e+00 7.049435269694864559e+00
2.705201948641670242e+02 -8.407363783904848731e-01 -7.624371093551347123e+00
2.667835346257405718e+02 -7.255460094341489707e+01 2.515523646982362305e+00
2.673743930698959730e+02 7.461147983988063004e+01 5.216775582583195181e+00
2.673444539162346700e+02 -7.384151476486347576e+01 -4.405803049502393876e+00
2.664475750781360830e+02 7.456016411440323566e+01 -6.065994646964182557e+00
1.130637588972830514e+02 -2.559396789700963950e+02 1.234305223676213370e-01
3.880179158994199895e+01 -2.772987313418404938e+02 -8.850492651253638599e-01
-1.109777788739570354e+02 -2.566610722045811031e+02 9.877277371907268178e-01
-3.843542179644550316e+01 -2.773921549201273251e+02 1.202254565527718227e-01
1.129701272862308485e+02 2.569853153771937286e+02 1.963501148626089821e+00
3.784267301256205940e+01 2.771228825589732878e+02 -1.152377666608044748e+00
-1.119005745452570153e+02 2.569527807716647771e+02 -1.914294687297731778e-01
-3.865229551423080778e+01 2.784352984048099415e+02 1.113747805330779661e+00
1.361349784282404016e+02 2.423227327576433652e+02 -2.293762544030787609e+00
1.065480243778322347e+02 2.359572145509672225e+02 -1.189106125924214297e+01
1.003386247054910712e+02 2.586822937471741852e+02 -3.967159906189887231e+00
2.314226494602221251e+01 1.740199499894266069e+02 -2.366783413987427664e+01
6.470034003983208493e+01 2.127718510862166852e+02 -1.839087813082979039e+01
2.388552443838026562e+01 2.769170067315944834e+02 -4.741071907416182007e+00
6.738934115151094773e+01 2.491061912303050576e+02 -1.128355689472219048e+01
6.129054190557212678e+01 2.695346963859263951e+02 -3.720928557266079295e+00
8.474302243686520342e+01 2.569618304879737138e+02 -8.585302757307006871e+00
-1.365021516841996743e+02 2.420394272871476744e+02 -4.219618740316160022e+00
-1.049681179249474212e+02 2.370841206967174628e+02 -1.058011488035184300e+01
-9.978202508661989611e+01 2.588581513536560692e+02 -4.409001557069979427e+00
-2.194282436967004202e+01 1.723363729450965991e+02 -2.411442190707565203e+01
-6.680697412457901407e+01 2.126333070056240331e+02 -1.728129844005358962e+01
5.772809672598513409e-01 1.988017316451333159e+02 -2.080603820126847481e+01
-2.364781720943824439e+01 2.754337970731801306e+02 -3.630481149745991676e+00
-6.785770316545682590e+01 2.498241666167591859e+02 -1.211079698562666351e+01
-6.148442721166625091e+01 2.700861188021703470e+02 -3.692045824142550448e+00
6.933073925187137609e-01 2.691473238097444209e+02 -7.735505809686171297e+00
-8.518248847301128990e+01 2.573047717108594838e+02 -7.534655838711563192e+00
4.275491382333650847e+01 2.373191578562693280e+02 -1.390069097412862753e+01
-4.430052861653513929e+01 2.363632163858285651e+02 -1.596109833008717871e+01
2.251264101487840463e+01 2.212310648027650473e+02 -1.922666319626017639e+01
2.280904270592997207e+01 2.562819329887152549e+02 -1.234133115676163328e+01
-2.379068398674905538e+01 2.187112656242364039e+02 -1.981978626143226663e+01
-2.277171629702536393e+01 2.565750706237004692e+02 -1.145591845119766994e+01
1.330961074384710798e+02 -2.422904192350437427e+02 -4.695291096540841203e+00
1.056208738654694770e+02 -2.376744327796204743e+02 -1.067833951349729027e+01
9.934997976685681920e+01 -2.585658021194043386e+02 -5.770502615412709702e+00
2.313481558578419595e+01 -1.745856765073981194e+02 -2.399981812120739377e+01
6.790130997892946141e+01 -2.125927550180797709e+02 -1.856784401319023914e+01
2.289894297048732952e+01 -2.783919251367486822e+02 -3.894812130333173972e+00
6.737010444283519917e+01 -2.504531044073262933e+02 -1.387958334352840239e+01
5.998727500734521811e+01 -2.711732359000210977e+02 -4.131412851216755833e+00
8.492846626799662602e+01 -2.560315353606167150e+02 -9.165135551751598442e+00
-1.355305012008923882e+02 -2.434919433945620710e+02 -4.861652332145810718e+00
-1.056065039191719706e+02 -2.371001902119949989e+02 -1.086189829864899892e+01
-1.013061880855155579e+02 -2.587042429230187963e+02 -3.347019399958803376e+00
-2.240609290305860668e+01 -1.730620583415071678e+02 -2.213565227964559767e+01
-6.691070371354582846e+01 -2.123448518236089342e+02 -1.870670993757549283e+01
5.312354552429894294e-01 -1.980253270275858597e+02 -2.185485211232674629e+01
-2.330026329246765826e+01 -2.736781611320045045e+02 -2.316154469775272950e+00
-6.546881496283789659e+01 -2.495910793487642536e+02 -1.085476549417344039e+01
-5.952441163193721252e+01 -2.719013998161285599e+02 -4.140315661777318468e+00
-6.958877613714746779e-01 -2.689520091372927482e+02 -9.935193160118050315e+00
-8.334280809932572254e+01 -2.576959137874176236e+02 -8.043819515041732870e+00
4.492871242441205482e+01 -2.365948220460428786e+02 -1.564849576644953011e+01
-4.406780558888419819e+01 -2.357333439692903312e+02 -1.371493790590146311e+01
2.435781428188672848e+01 -2.186730321566529938e+02 -1.885591771884091727e+01
2.174318803533531863e+01 -2.549082209430280841e+02 -1.228276606029181472e+01
-2.438923715810892645e+01 -2.192403288160135446e+02 -1.866442721127711479e+01
-2.345443071794363021e+01 -2.570555686196499323e+02 -1.161772879240023393e+01
-1.369335208943664339e+00 1.136513032072381151e+02 -2.735732056837709081e+01
2.216326065246568167e+00 4.093563429666476594e+01 -3.006533090840274980e+01
1.052713748179924247e+00 -1.125053833940599901e+02 -2.847652963832395656e+01
-1.285024607798486818e+00 -3.784919438510532075e+01 -2.811655717543523991e+01
1.363149791062259339e+02 2.427683810518061591e+02 4.608497932684725740e+00
1.048780403882583698e+02 2.350015012531176524e+02 1.105309851706786972e+01
1.009531511670324875e+02 2.578039865712581786e+02 3.437531767214629053e+00
2.169893386299476390e+01 1.737867763272663808e+02 2.408309821894354386e+01
6.727956004942576840e+01 2.143910061123551998e+02 1.772522096669108649e+01
2.448181828072078758e+01 2.749422160052699837e+02 4.649539998350744163e+00
6.591004222253378941e+01 2.490773805507250529e+02 1.065313919810541421e+01
6.191519992094556102e+01 2.715008756136204511e+02 3.304040218123815098e+00
8.560898133282992717e+01 2.570495185798022248e+02 8.143129746557633553e+00
-1.375106882387640894e+02 2.429199627041760721e+02 3.335312020162886970e+00
-1.047643717918878536e+02 2.362891809190624883e+02 1.063148337664609677e+01
-1.011324636370198959e+02 2.587461020064106378e+02 2.871845339167369726e+00
-2.320224823010799753e+01 1.738718980641451992e+02 2.275130730276550395e+01
-6.561335219212290326e+01 2.141765454933784270e+02 1.987926400796727577e+01
-7.688174721659536692e-02 1.985096228988118128e+02 2.224382979671343818e+01
-2.218750080586005424e+01 2.778854123119662631e+02 4.625211833849351528e+00
-6.749939492580573130e+01 2.498503242161850437e+02 1.069091392640817872e+01
-6.056494065294091911e+01 2.722738116907323729e+02 3.489373432721779800e+00
9.490057328781894563e-01 2.699038536309658980e+02 8.980153134870938914e+00
-8.578313883828546693e+01 2.576228133478256836e+02 7.567447215030476571e+00
4.537769759645988898e+01 2.373015159197770458e+02 1.485070859093977447e+01
-4.392342576737751614e+01 2.380825146416709970e+02 1.555488104788283721e+01
1.963640909482284158e+01 2.180882484874847762e+02 1.732819038056687333e+01
2.230501216016595123e+01 2.556854155666518693e+02 1.120339986946903288e+01
-2.402684125495472145e+01 2.201697994684587627e+02 1.928891992789522902e+01
-2.074648591741688364e+01 2.559878461982845863e+02 1.135162011902094292e+01
1.364521611795599370e+02 -2.416298960699907639e+02 5.752425090308437738e+00
1.050765492828677736e+02 -2.368500805813210661e+02 1.055562226391713665e+01
9.906263502712852187e+01 -2.582848014456150167e+02 3.996154281204552294e+00
2.366015935197697218e+01 -1.743657019177863106e+02 2.326904087877491278e+01
6.614664017957491637e+01 -2.138001585099652289e+02 1.909068519555430754e+01
2.233692133554361803e+01 -2.752421601197306131e+02 3.556864495175839469e+00
6.666590009618481361e+01 -2.488674076158947912e+02 1.069521118809507065e+01
6.103209071188364021e+01 -2.705598314733396705e+02 3.646624555513318988e+00
8.570066189016891656e+01 -2.571598119063049239e+02 7.694156121791782432e+00
-1.357092013872176608e+02 -2.424974399994282521e+02 3.806764972253015689e+00
-1.049318722183551955e+02 -2.380464675115530326e+02 1.172703977581486079e+01
-9.988411692748434234e+01 -2.594278017961697174e+02 4.445226576673391605e+00
-2.415304332863612302e+01 -1.745752059265109608e+02 2.454194995477124408e+01
-6.606572856551919415e+01 -2.129431207668363015e+02 1.732130271139392619e+01
5.927902994641510714e-01 -1.983473491032094103e+02 2.231050540650888081e+01
-2.319490294451135526e+01 -2.778091031827176494e+02 3.643710916822980650e+00
-6.706032184653652450e+01 -2.501789052807582152e+02 1.082918442024011263e+01
-6.059930152568936279e+01 -2.703091465409856937e+02 5.087439053191086913e+00
-2.923168786246552880e-02 -2.691968893554080751e+02 8.211879844147125240e+00
-8.317271055554137149e+01 -2.574962657055273212e+02 7.883437845298463031e+00
4.278325050617209513e+01 -2.359042491776080794e+02 1.499862058664478148e+01
-4.468625245385964462e+01 -2.390317664844034198e+02 1.495641421533029103e+01
2.239630429919759891e+01 -2.196889500719538546e+02 1.872442348279147595e+01
2.275437135645848130e+01 -2.548565869695626986e+02 1.210461563660582485e+01
-2.374173434663617854e+01 -2.196853538323226189e+02 1.814148721883453064e+01
-2.375570545601213723e+01 -2.555844034290795150e+02 1.123338265513831935e+01
-5.420167779966858501e-03 1.128098482688186408e+02 2.726730822701014390e+01
-4.622486020064091039e-01 3.854365815626518810e+01 2.911903494647199153e+01
-1.480399390210543342e-01 -1.139174413005286226e+02 2.858487161565248158e+01
-1.551475236199187924e+00 -3.769930582612807513e+01 2.947901648960236187e+01
-1.742278120355256590e+02 -2.198627559641712708e+02 2.893291717580569689e+00
-2.144732192475830175e+02 -1.704165092216727544e+02 7.865921802420128728e+00
-1.600902737346707170e+02 -2.220597487682099711e+02 5.416431616361110812e+00
-2.416866304288239746e+02 -3.578593097509786247e+01 1.462791887885727071e+01
-2.354290185140515916e+02 -1.071580750684339165e+02 1.015605341257699834e+01
-1.250323152931025135e+02 -2.111624053008293913e+02 1.447601912151117531e+01
-1.969112910040366842e+02 -1.688030085566826983e+02 1.097039607121389082e+01
-1.430304888032220276e+02 -2.185270288723988585e+02 9.832400171060985627e+00
-1.819528464002454768e+02 -1.969222581254987006e+02 9.348251218032967103e+00
-1.732993057550216349e+02 2.214909211000214100e+02 2.441922430803081578e+00
-2.120191641054904039e+02 1.686605242214447173e+02 7.003128311461437328e+00
-1.593191397533196323e+02 2.217133733116478140e+02 5.892861024900495792e+00
-2.436351827949582116e+02 3.622074607830382575e+01 1.552757694527154975e+01
-2.379418191789901300e+02 1.097679657312742876e+02 1.108217956384591574e+01
-1.251350296345838302e+02 2.115737996349469086e+02 1.325148824734713493e+01
-1.973588127127952703e+02 1.665985108493949554e+02 1.117056975324080526e+01
-1.450250427628338059e+02 2.201882595798207944e+02 9.979927534670121503e+00
-1.809066220951703770e+02 1.970153332742048917e+02 9.532314262386281101e+00
-3.842125771084810282e+01 1.368596507539694187e+02 2.545695366309561081e+01
-1.087681161097231808e+02 1.069946851979620845e+02 2.511810543220146386e+01
-6.064196616951348062e+01 1.627637961401251516e+02 2.246077439343117632e+01
-3.752242592164700596e+01 9.939493599245973598e+01 2.726540186321367543e+01
-2.194145601206394929e+02 2.359997751318375592e+01 1.889950669433489239e+01
-1.731711951653105643e+02 6.701849799386705797e+01 2.329190654263025451e+01
-2.227797387837023280e+02 6.032410442516907523e+01 1.766067342096807380e+01
-1.063037451842974690e+02 1.989436553292996450e+02 1.743809550130906771e+01
-1.353630809159176636e+02 1.280634804458846361e+02 2.076542347767160734e+01
-8.354785646527543008e+01 1.827877276930686321e+02 2.108388684681230529e+01
-1.444902764718883930e+02 1.824504595055524305e+02 1.598836809030822437e+01
-9.916352410074425450e+01 1.471125991197872054e+02 2.402983798318778597e+01
-3.907824687609606684e+01 2.222881253200060314e+01 2.959168531216010933e+01
-1.093052399950716023e+02 6.537205678962020272e+01 2.732970893501306975e+01
-3.609527249982174624e+01 6.280718714744468656e+01 2.799235722273683891e+01
-7.308919926855776339e+01 8.473958187304273793e+01 2.729571269574279313e+01
-2.125690007865554776e+02 1.314358013483834213e+02 1.326793440774720345e+01
-1.688351811745414750e+02 1.052979394742581292e+02 2.203173052259850806e+01
-2.202902557250910718e+02 9.736625313820456995e+01 1.367903762396537992e+01
-1.790754808259998185e+02 1.581768337345493194e+02 1.511527364221866421e+01
-1.975862059475188914e+02 8.296648858944362814e+01 1.923273493802888012e+01
-1.595273502942123116e+02 1.454170469941074941e+02 2.013735349475384950e+01
-3.821878427039363402e+01 -1.370017046522467012e+02 2.469192858159561155e+01
-1.085367165821068340e+02 -1.070843067489084177e+02 2.553584207244364990e+01
-5.871418986520416894e+01 -1.624055730651353713e+02 2.289724511280026320e+01
-3.737795109082563272e+01 -1.006603091019440797e+02 2.814360921961800699e+01
-2.194604613242173627e+02 -2.347206881475048590e+01 1.833797950592625980e+01
-1.702413000225896837e+02 -6.782088239632535931e+01 2.253594078388368516e+01
-2.224503855618144712e+02 -6.218111422518126830e+01 1.606207236360710056e+01
-2.004308517940648073e+02 -1.392564959087396748e+00 2.177094505949753156e+01
-1.044485316156439865e+02 -1.990485524107485844e+02 1.814453948036255682e+01
-1.336246807050369796e+02 -1.295866368171330123e+02 2.194159888191289909e+01
-8.339635798848131287e+01 -1.835348726358712668e+02 2.180371918271875131e+01
-1.447254048604236516e+02 -1.810846968657291427e+02 1.546436315839257247e+01
-9.722035703013141017e+01 -1.454678477860234125e+02 2.401649071924590473e+01
-3.644641206557125201e+01 -1.978015493106411782e+01 2.940163312120007788e+01
-1.090266920836073155e+02 -6.544955413555283030e+01 2.719947107597674218e+01
-3.744542405384771655e+01 -6.063700706402214280e+01 2.896249772289247915e+01
-7.444755383184677555e+01 -3.271111314990791108e-01 2.777918867419189652e+01
-7.438008149195481167e+01 -8.513364899294586507e+01 2.901009602130111986e+01
-2.102328686546371728e+02 -1.309828822406467452e+02 1.453518612256899090e+01
-1.683486518533777883e+02 -1.050635569346269449e+02 2.145522263020219356e+01
-2.200018995727549225e+02 -9.719758168972172996e+01 1.583414645625148154e+01
-1.806556607511256232e+02 -1.565376565892441647e+02 1.543817847756145767e+01
-1.984025171632018214e+02 -8.202603748279852880e+01 1.897757492456593909e+01
-1.586315625318308662e+02 -1.457467542631280253e+02 1.930272407551646907e+01
-1.451173333927642943e+02 4.379596459254295127e+01 2.679979634439931857e+01
-1.453137862141651624e+02 -4.434379719323547420e+01 2.655426983465220303e+01
-1.744436227151881837e+02 2.294117362447384423e+01 2.270016364172594692e+01
-1.099748255514020343e+02 1.917508368987067513e+01 2.911335369684945462e+01
-1.757535341239491800e+02 -2.177741727164774233e+01 2.402642330526373016e+01
-1.111439582324504016e+02 -2.198624312490120403e+01 2.768531697615636844e+01
-1.718731660449651883e+02 -2.205258912688572934e+02 -3.220453938245048775e+00
-2.140031286248025708e+02 -1.713225417410258444e+02 -6.183656713855106624e+00
-1.608388309665402574e+02 -2.236686797259792172e+02 -7.662300489886874288e+00
-1.987057683237587185e+02 -1.994062801712367445e+02 9.748978990524911348e-01
-2.427968025336974449e+02 -3.710125404348806910e+01 -1.203055644206828134e+01
-2.352839151467831584e+02 -1.077106655480139921e+02 -1.014162413865682133e+01
-1.267557337031382474e+02 -2.111973080225194792e+02 -1.444125649274790213e+01
-1.988538190875432576e+02 -1.697876393297458435e+02 -1.199624780893042697e+01
-1.453163352365088770e+02 -2.211662789566142635e+02 -7.404263767057387646e+00
-1.835414693653481493e+02 -1.967003244005315423e+02 -8.455622433040515418e+00
-2.337338641598744573e+02 -1.452440778603741762e+02 5.013237152775191774e+00
-2.358771506504037916e+02 -1.451140506735243321e+02 -5.046677291038908386e+00
-2.187265267650028591e+02 -1.753569372532177226e+02 2.240017255782448924e+00
-2.199857834806548169e+02 -1.736865776050879902e+02 -2.994773574402346483e+00
-1.733436157244566971e+02 2.194136277063262241e+02 -3.357928855548329761e+00
-2.119898897444354873e+02 1.706385736248869307e+02 -6.292224232420578822e+00
-1.605310597258921064e+02 2.231075481808373411e+02 -7.112427937150055612e+00
-1.978935859921911629e+02 1.980393581560152541e+02 9.855350747723129468e-01
-2.431284645324052747e+02 3.692000215711114208e+01 -1.468612283639599170e+01
-2.355638846672003126e+02 1.070593224339277327e+02 -9.934931508756433161e+00
-1.268404940787218464e+02 2.116136045699620354e+02 -1.276365302087830500e+01
-1.971450469721854404e+02 1.687671675481055900e+02 -1.220580210886906158e+01
-1.443269076911048501e+02 2.215865162175708463e+02 -9.897416926601293241e+00
-1.793264099621536616e+02 1.961349246167093554e+02 -1.022375727565131420e+01
-2.358533771061639186e+02 1.454502581803160410e+02 5.063451790298110211e+00
-2.357351549401172406e+02 1.457672357718896308e+02 -3.156523721565565488e+00
-2.178009874974099489e+02 1.738335055324351117e+02 3.433654277924842457e+00
-2.191428994944456008e+02 1.741043723945094541e+02 -2.457088775695807303e+00
-3.512692192654279211e+01 1.373888058713962153e+02 -2.657302343483904039e+01
-1.083858582441617386e+02 1.063279004493406461e+02 -2.544614407933137912e+01
-6.031124600184740814e+01 1.613341829109876642e+02 -2.339896867132447866e+01
-3.576966902495178147e+01 1.001694804887290360e+02 -2.757194253278331786e+01
-2.206090478732715496e+02 2.416711691572998433e+01 -1.841812426233505562e+01
-1.714604315023971992e+02 6.697838251882812699e+01 -2.135850176109779852e+01
-2.226526413913103681e+02 5.968173942621772454e+01 -1.618516846352677518e+01
-1.044853162616305440e+02 1.992358750929424502e+02 -1.735157397919162392e+01
-1.354547629803416555e+02 1.287936866344513760e+02 -2.264878969398649744e+01
-8.351908291149975128e+01 1.833959210370637720e+02 -2.215561377501847318e+01
-1.441189931392797803e+02 1.794187174896733836e+02 -1.705161567702604586e+01
-9.860313848942449511e+01 1.450804781772931733e+02 -2.209494509906577520e+01
-3.776999549241764953e+01 1.881735521527900445e+01 -3.114878644943228636e+01
-1.083088880284226008e+02 6.553841384923727276e+01 -2.726548673646021470e+01
-3.586678381052681175e+01 6.202329364255414390e+01 -2.940553648457186142e+01
-7.082573876022982517e+01 8.429549571446293044e+01 -2.795999733889008354e+01
-2.112925010582420953e+02 1.322133710752508762e+02 -1.399960458174874312e+01
-1.669538065822805208e+02 1.052104663021507918e+02 -2.301931517626296397e+01
-2.199811662538790245e+02 9.743833971813980099e+01 -1.770133218595398716e+01
-1.796995136885508657e+02 1.589806407080727411e+02 -1.460313468834273820e+01
-1.970538386104014137e+02 8.254735852992884304e+01 -1.860357658062375208e+01
-1.583090591967983016e+02 1.465866145004723933e+02 -1.937254880279736824e+01
-3.784740548333910226e+01 -1.358468922206091065e+02 -2.496418241888051526e+01
-1.075731929969823568e+02 -1.063169362374985241e+02 -2.758671694597891033e+01
-6.183249902730113945e+01 -1.622375350950837856e+02 -2.425856505191529067e+01
-3.821621411870108176e+01 -9.900479894394919711e+01 -2.792906065820610806e+01
-2.215751107502099160e+02 -2.476722820072376408e+01 -1.718901325692782223e+01
-1.726128220940715607e+02 -6.669861613599572081e+01 -2.339315906736783290e+01
-2.207108125535782506e+02 -5.954556158010044697e+01 -1.771522708443491467e+01
-1.996309508958247818e+02 -9.815157376053421645e-01 -2.189701115050654678e+01
-1.056093651176839359e+02 -1.999604667856322919e+02 -1.954485845357325147e+01
-1.337381825405894062e+02 -1.289324519525640085e+02 -2.309607968290420743e+01
-8.208356710757111330e+01 -1.815928042742313551e+02 -2.104761445951871934e+01
-1.433005557207492586e+02 -1.802471263441072153e+02 -1.514110407243428469e+01
-9.629895447233283790e+01 -1.455351647974812863e+02 -2.369707405309820558e+01
-3.795685216623208191e+01 -2.133103785158899512e+01 -3.007647726744435346e+01
-1.092910149391677521e+02 -6.563146048933444376e+01 -2.724116746504025244e+01
-3.660369254374608516e+01 -6.282502335307322028e+01 -3.019863499768374382e+01
-7.525174530598445699e+01 -7.745390148080846249e-01 -2.983177386425895961e+01
-7.283691165559447711e+01 -8.444836332179671956e+01 -2.570886536442615267e+01
-2.118752399019002439e+02 -1.320721514764538540e+02 -1.293921430176532184e+01
-1.684740922083475994e+02 -1.053771222901678470e+02 -2.097261913106121511e+01
-2.201958095640836461e+02 -9.775507341227680058e+01 -1.690212845034153588e+01
-1.804649351135428788e+02 -1.584930129869099460e+02 -1.611902287627789576e+01
-1.974925325751439971e+02 -8.290301176426672214e+01 -1.953768419391759537e+01
-1.582687415806915112e+02 -1.437508839006482617e+02 -1.914775204444532619e+01
-1.446460366349374453e+02 4.302487687155797857e+01 -2.676775322019884840e+01
-1.443739771169442747e+02 -4.411492881506035957e+01 -2.406422822390806360e+01
-1.745538247022464873e+02 2.369520390279706490e+01 -2.180887505591056552e+01
-1.111172542625587454e+02 2.236799966447175336e+01 -2.718661021955413659e+01
-1.748315305405064919e+02 -2.152332331412301514e+01 -2.262174963304461883e+01
-1.103954815254440263e+02 -2.274301859626323008e+01 -2.874901829617761351e+01
-2.572728215889648027e+02 -2.365373172665911627e-01 1.244328030003483043e+01
-2.790925969598455936e+02 1.198107473088767083e+00 1.816813907075980783e+00
-2.589864151701545438e+02 -3.676064385976481219e+01 9.446196003909520300e+00
-2.588138622673570808e+02 3.591421961916159233e+01 1.060741689397480414e+01
-2.565851517582172505e+02 -5.139791426658647522e-01 -1.102046232872471876e+01
-2.775398898938481125e+02 -1.502732693384530194e+00 -4.100877675822748536e+00
-2.594824593326390527e+02 -3.734016232868394525e+01 -9.607227845144233669e+00
-2.587795267360731941e+02 3.761038613319871615e+01 -9.695898101166216421e+00
-2.508073912268468177e+02 -1.100801076934980927e+02 7.136010356256647924e+00
-2.777663440737087512e+02 -3.840613979062586480e+01 3.110470982413025887e+00
-2.560859501580416122e+02 -7.471405157616766246e+01 8.443746206950947908e+00
-2.574293281012787702e+02 -1.116707912062459940e+02 1.171773009214241101e+00
-2.712265266133696286e+02 -3.782962531476192680e+01 7.040779483870638344e+00
-2.505025796878423137e+02 1.085437515214975406e+02 6.708715942477415872e+00
-2.773215957545937158e+02 3.694138155896865783e+01 1.451923426782556925e+00
-2.550285584530257665e+02 7.519362635154396912e+01 9.441299377331768383e+00
-2.559295945687989899e+02 1.110353638877521689e+02 1.132503154412455526e+00
-2.711307347773492324e+02 3.693794956613189129e+01 7.121228177869735276e+00
-2.503874381568095373e+02 -1.077445545330488841e+02 -7.494554683114627913e+00
-2.775782583539640314e+02 -3.742548152070437339e+01 -2.622483636991783218e+00
-2.564816238541209259e+02 -7.326653918636493756e+01 -9.561590947368229010e+00
-2.580419750947264106e+02 -1.110125388246631815e+02 -3.395564694281905105e-01
-2.707067677807252721e+02 -3.750145382947447104e+01 -5.442349229875028449e+00
-2.713734827858907011e+02 -7.447709191657563110e+01 -5.416584519643842244e-01
-2.502709030214714403e+02 1.101151777842351009e+02 -6.341747780663733458e+00
-2.756488457498248295e+02 3.881349988976235466e+01 -2.595343836821485617e+00
-2.579807342786095887e+02 7.436930212756880110e+01 -8.037347430786715208e+00
-2.579922589809559668e+02 1.120734314846405226e+02 -3.983373335900317613e+00
-2.719172105781995583e+02 3.800311754421865373e+01 -5.415033636198165468e+00
-2.715405112431629391e+02 7.410693303961097911e+01 5.263390147286401977e-01
1.742112948961023164e+02 -2.213363506522270256e+02 1.678731578380006306e+00
2.125623320615011096e+02 -1.709734383133372262e+02 6.635739523133558748e+00
1.590040979722610075e+02 -2.225860234574798255e+02 7.114674734728560601e+00
2.425858817718985847e+02 -3.811598562460839190e+01 1.712789611151599445e+01
2.371100965408301988e+02 -1.073847371268975479e+02 1.006085075376125104e+01
1.252488274413821898e+02 -2.135317108838930835e+02 1.448236634509943066e+01
1.974901093187707488e+02 -1.693164354449350242e+02 1.166928599488546858e+01
1.461949376700104324e+02 -2.223551079698996205e+02 1.154603708639312742e+01
1.806212546728015980e+02 -1.979384199231880359e+02 9.067095142142937547e+00
1.727883498599641428e+02 2.194796942793900882e+02 2.040035965792592165e+00
2.133081486159881592e+02 1.719272081631990829e+02 7.238093101091246595e+00
1.597344022985491279e+02 2.224136100340473376e+02 7.266187317154829017e+00
2.436916905616874089e+02 3.625896268789222887e+01 1.555767687468810578e+01
2.356316325545074051e+02 1.074457402815492060e+02 9.173216647603233298e+00
1.256886047359354848e+02 2.127231224462747718e+02 1.522265069081876554e+01
1.989471332978977500e+02 1.694783362453401878e+02 1.085540742625852140e+01
1.455692568052455727e+02 2.203676948033890426e+02 1.069314669235231463e+01
1.809530327065279209e+02 1.965979933387324365e+02 9.826179060210902705e+00
3.890856274165984274e+01 1.369409687640576010e+02 2.706937187795758959e+01
1.070487747456172514e+02 1.062615127755095159e+02 2.366444541534007229e+01
6.004130025943951665e+01 1.611567681596880561e+02 2.545298895798858752e+01
3.604198156356142846e+01 9.948542385902149476e+01 2.666652486136063871e+01
2.212793269327443113e+02 2.323874865697561631e+01 1.912117465504158176e+01
1.717020244848194750e+02 6.771336343099923738e+01 2.430798433273757198e+01
2.228144803176939206e+02 6.061729800539306012e+01 1.571527459129922732e+01
1.055854229489496845e+02 1.992362641660033091e+02 1.811433541744625586e+01
1.344067416483658519e+02 1.302089213528888934e+02 2.224396225021522255e+01
8.244053704436940677e+01 1.820224129566063311e+02 2.190997652886158775e+01
1.447496459409872784e+02 1.800065658192196736e+02 1.667433403004927328e+01
9.771992257851292152e+01 1.455568249925229907e+02 2.278777053416914100e+01
3.935719874834854437e+01 2.007939682818992466e+01 2.996216619848160434e+01
1.090864842927903311e+02 6.393798159589483987e+01 2.646018957200744381e+01
3.590428758295492173e+01 6.136631833407468406e+01 2.822578137883770566e+01
7.227036138492196926e+01 8.336307123415404874e+01 2.556434349834873743e+01
2.126011204698485528e+02 1.332566951061414784e+02 1.356713105316226553e+01
1.685116971350078074e+02 1.068008819958473623e+02 2.117486545829302003e+01
2.198344567897171942e+02 9.647755600734276982e+01 1.639113684484179245e+01
1.811423970670314247e+02 1.572564857796836293e+02 1.624455667100040301e+01
1.977565985012505223e+02 8.363799706592730843e+01 1.917642659149008466e+01
1.582799821270810980e+02 1.448487939991274800e+02 2.016055492932961712e+01
3.755022328429123490e+01 -1.365921678942320057e+02 2.600056533587888907e+01
1.085173159866572377e+02 -1.055102600106913400e+02 2.483425844688396822e+01
6.196485681368604048e+01 -1.618345140474765458e+02 2.394872589293557397e+01
3.897437379537002755e+01 -1.011565478224670613e+02 2.616859177944356318e+01
2.214669319391892088e+02 -2.343955677936513737e+01 1.960895471838060189e+01
1.705323812398531231e+02 -6.906385760223786008e+01 2.304025437774498997e+01
2.217559464932598701e+02 -5.970269222627106842e+01 1.588550698130501715e+01
2.005812799471110566e+02 -7.394759289803538582e-01 2.136524851374880996e+01
1.060433841801999222e+02 -1.995671737318494081e+02 1.895114897011779576e+01
1.343468321130877996e+02 -1.297614465320130819e+02 2.249974802960627329e+01
8.393762102226308741e+01 -1.834488261582053781e+02 2.173885585864693937e+01
1.438855415747085544e+02 -1.790204608400776749e+02 1.648503403140797730e+01
9.872421663279035897e+01 -1.456983692681309037e+02 2.457950132408615218e+01
3.835003910463957055e+01 -2.022824921441028323e+01 2.892143800577956725e+01
1.092408293441763050e+02 -6.437300318210370165e+01 2.633804303539833569e+01
3.739115793991075520e+01 -6.127901455522076191e+01 2.901397196115134491e+01
7.335902354980723317e+01 -2.163567203913954462e-01 2.856278982976437320e+01
7.328223160547997850e+01 -8.462042885859288788e+01 2.791535880247263179e+01
2.128447140663153050e+02 -1.322750057411036835e+02 1.404913056362269863e+01
1.701104428252912157e+02 -1.049127272392985759e+02 2.157660335861434930e+01
2.200583935615723021e+02 -9.694098147458824144e+01 1.512833749266865624e+01
1.790147941655587260e+02 -1.582078624454259739e+02 1.609075160168458396e+01
1.979871764901188556e+02 -8.405462935470016816e+01 1.954058713863686947e+01
1.568029178002788058e+02 -1.440933289651385110e+02 1.930990263820495656e+01
1.422322592265730918e+02 4.348519093156249937e+01 2.560390335241172366e+01
1.450478921596895532e+02 -4.486403035835219555e+01 2.652373532087133157e+01
1.745815367161608833e+02 2.122852137034267272e+01 2.309774115271507000e+01
1.107312335345252592e+02 2.197836557334895602e+01 2.751217998953624289e+01
1.762975343286746011e+02 -2.229089090004562479e+01 2.371129888241016914e+01
1.095614291501958917e+02 -2.153004569726682860e+01 2.757667481608283921e+01
1.734621340482312348e+02 -2.206513076391335915e+02 -1.937912269387742858e+00
2.135770934228426938e+02 -1.708317989291437584e+02 -7.097510665842846400e+00
1.604780425834824484e+02 -2.221139847948954582e+02 -5.898743614695641568e+00
1.979560325561666900e+02 -2.004829917435863820e+02 1.004486688679115280e+00
2.438680273198301620e+02 -3.637809522686757902e+01 -1.542441402402333139e+01
2.370019168040769841e+02 -1.065709530665652807e+02 -1.135109259379983548e+01
1.251968342778991996e+02 -2.121759864394965120e+02 -1.625984878375150799e+01
1.987444971372962641e+02 -1.662195358724487164e+02 -9.819849804260369908e+00
1.446631019684075738e+02 -2.214509970356018869e+02 -1.092641947980293615e+01
1.820454831513774536e+02 -1.976164490618334355e+02 -9.252709338682974405e+00
2.361417262794203964e+02 -1.445796174277450632e+02 4.979006815250830442e+00
2.373707814403126974e+02 -1.436706409128734947e+02 -3.338048972865856445e+00
2.198744145358723472e+02 -1.744190078369364301e+02 2.230383729862525310e+00
2.204171598454156822e+02 -1.753776021304813639e+02 -1.485423371700218098e+00
1.735898420308205630e+02 2.196825097994935163e+02 -2.078792793607139977e+00
2.122376448774507480e+02 1.684014632727208607e+02 -6.355984171112779357e+00
1.599664806909252661e+02 2.216318102563033392e+02 -4.451816957493803351e+00
1.975238344790683414e+02 1.978141735340097398e+02 1.258087652324400840e-01
2.443540434442107880e+02 3.502388173378736980e+01 -1.482919060761345698e+01
2.371689333652511493e+02 1.070190529703240969e+02 -1.118721898240128887e+01
1.256135121339253971e+02 2.109475228350933378e+02 -1.397808965241818591e+01
1.987995510222584130e+02 1.683109532353154805e+02 -1.142474799491473192e+01
1.453936232907558406e+02 2.190518966289683647e+02 -1.139062916275612558e+01
1.807357805339379695e+02 1.949245995107323779e+02 -8.246982208433097483e+00
2.357418484521204221e+02 1.465645472852739886e+02 5.288858926976615749e+00
2.365471972815300035e+02 1.455443656951933065e+02 -4.314879631434640928e+00
2.192787598966846758e+02 1.743434832954823719e+02 2.658595097465437096e+00
2.197362873849250491e+02 1.742319087683922589e+02 -2.845217874531404068e+00
3.729872008236558401e+01 1.366737809768264071e+02 -2.674045698310749586e+01
1.070135235075201621e+02 1.053228701949686581e+02 -2.514806864504861039e+01
5.969975630382666765e+01 1.616595918498944684e+02 -2.414325837904657490e+01
3.766687667390244343e+01 1.009754056041353465e+02 -2.727783289124633370e+01
2.196881408075789466e+02 2.201204377859742323e+01 -1.838466166160716497e+01
1.717987714990325401e+02 6.680703546359833922e+01 -2.328098637659798342e+01
2.224067655737006532e+02 6.036558457070069750e+01 -1.663154456396295089e+01
1.044486908565501153e+02 2.002655665892504260e+02 -1.477461668515945448e+01
1.338299707522077711e+02 1.274798794399962816e+02 -2.247919892657297680e+01
8.350602571034563937e+01 1.811829059805527038e+02 -2.286095786130595187e+01
1.435432753433927928e+02 1.813599798902394866e+02 -1.604246163462580199e+01
9.753530080229185728e+01 1.465981422168021311e+02 -2.295723694951855975e+01
3.892893979188772846e+01 1.972619065099681990e+01 -2.992747815091790287e+01
1.103491644981885429e+02 6.456970091332094341e+01 -2.737349940659572312e+01
3.698938328913683904e+01 6.174139039612410329e+01 -3.059929169897936418e+01
7.137867696664552852e+01 8.389150161478919188e+01 -2.606962664517859452e+01
2.108697433614620422e+02 1.314197574763692842e+02 -1.401194719149998669e+01
1.678757475722538004e+02 1.067271888266041486e+02 -2.071216304813198050e+01
2.195350285341315839e+02 9.634757056425114286e+01 -1.493553908125553775e+01
1.791922348432366050e+02 1.584370251265364118e+02 -1.585521882341648592e+01
1.979747662682432292e+02 8.332060771520464471e+01 -1.936680405223446400e+01
1.581717868662296667e+02 1.440452805448952915e+02 -1.948681659893932050e+01
3.757300146287378340e+01 -1.370329160546556864e+02 -2.697647919556067109e+01
1.076088440111942788e+02 -1.070435190604011808e+02 -2.573988898557126959e+01
6.160713159841495923e+01 -1.593495540716711218e+02 -2.437208155703648060e+01
3.598027067765274012e+01 -9.981130002730638751e+01 -2.730000096718505276e+01
2.198240653767761899e+02 -2.410769180375763199e+01 -1.884622013368986160e+01
1.715628930769165095e+02 -6.767973172291118544e+01 -2.197916064408548209e+01
2.224456784690571567e+02 -5.977695805050391442e+01 -1.767008397948719178e+01
1.994898455367510905e+02 1.471436580195418564e+00 -2.202125189398011429e+01
1.043565071910687152e+02 -1.980402784348933665e+02 -1.843265331281436659e+01
1.339525502353533284e+02 -1.276570273355563501e+02 -2.260768836385577174e+01
8.435457581689362883e+01 -1.827374232826714433e+02 -1.979790609069068807e+01
1.439217999045478678e+02 -1.803455975437223060e+02 -1.641949931884662206e+01
9.837728589612335384e+01 -1.454715081299111716e+02 -2.212216657392544050e+01
3.838653790019279910e+01 -1.863894428184032037e+01 -2.893332947166301139e+01
1.088846107251499404e+02 -6.408756720476165469e+01 -2.854396364343571690e+01
3.777228294458701896e+01 -5.907075406254233485e+01 -2.574780672805651704e+01
7.512024095682549785e+01 -9.167936637355496299e-03 -2.930340950542802148e+01
7.353284012077214982e+01 -8.436843315077037175e+01 -2.791596931744455290e+01
2.118151911526730373e+02 -1.315890105864488930e+02 -1.458621067334457422e+01
1.692599368996340559e+02 -1.052528252731645892e+02 -2.063504982323970438e+01
2.214770805209165587e+02 -9.634458062603962958e+01 -1.361018724441241545e+01
1.820941554383645382e+02 -1.588038476053183672e+02 -1.499549467511188539e+01
1.969915292643237308e+02 -8.178029355943327516e+01 -2.089988584246394865e+01
1.568235047140764777e+02 -1.458779242251536061e+02 -1.870024995356304842e+01
1.427967474036960027e+02 4.215562188504856778e+01 -2.609683681620498419e+01
1.451044110774741114e+02 -4.180054461624767725e+01 -2.611025809178796209e+01
1.759751530538441102e+02 2.165454894843479394e+01 -2.507618172370754550e+01
1.106360369350641832e+02 2.105314254582334499e+01 -2.798663007805481584e+01
1.759502582161427995e+02 -2.178029330437276556e+01 -2.238757649389334858e+01
1.114210563709900583e+02 -2.406646840786863351e+01 -2.782121580798513705e+01
2.557183643257887979e+02 -1.729463947279755276e+00 1.253435153014012648e+01
2.791106462857234192e+02 3.741807037211627440e-01 4.257256560211482466e+00
2.611770583325551343e+02 -3.577398609377632255e+01 1.041646249106567446e+01
2.597920844861938008e+02 3.662353660529522870e+01 1.012019499715926152e+01
2.575515513548285753e+02 1.723728468148806758e+00 -1.352714858341782111e+01
2.789029181222245484e+02 4.442541328624903529e-02 -2.337074514640951950e+00
2.595974654775498607e+02 -3.686480901975235014e+01 -1.054552542037105134e+01
2.586022978902637988e+02 3.747268971897717904e+01 -1.114646818257510930e+01
2.511719468101570385e+02 -1.071653568762857986e+02 7.553948856121159849e+00
2.772745592491723983e+02 -3.906839479221441991e+01 1.940838899663205774e+00
2.573757748720637437e+02 -7.297537042629815573e+01 9.464459149595947807e+00
2.545034611471009782e+02 -1.123661413826062443e+02 2.719876620677262657e+00
2.732741620808313883e+02 -3.700835747906726425e+01 6.081331834160940808e+00
2.499749703588546765e+02 1.102237962641470261e+02 8.117801087412120253e+00
2.783473854249367037e+02 3.825394179713686782e+01 1.891711440973677716e+00
2.554411806011033548e+02 7.432794786870499593e+01 8.445697965533865315e+00
2.569493318855872417e+02 1.125793113642706089e+02 3.148804675753228199e+00
2.697240041323584023e+02 3.665457616457194234e+01 7.300412963778025954e+00
2.508597330223479105e+02 -1.074262028031910319e+02 -6.925638145678341573e+00
2.775681596135772793e+02 -3.758240769404930859e+01 -2.226826989749026708e+00
2.556044082176766494e+02 -7.407937908307428643e+01 -9.247701778979415366e+00
2.576967126390346721e+02 -1.127533895584012384e+02 -2.010041313632859428e+00
2.724161338636368441e+02 -3.623658843013669895e+01 -7.989017908296928816e+00
2.710437708652254969e+02 -7.388965179080359746e+01 -5.253764045014174267e-01
2.507378670442462862e+02 1.073116984477171769e+02 -7.116866413372902933e+00
2.763079605268503087e+02 3.739692024345247034e+01 -2.577903003207646648e+00
2.556022716332808500e+02 7.476603106620876815e+01 -8.182681395583900397e+00
2.561404039901647138e+02 1.128397454714545063e+02 -1.631022244879194449e+00
2.721048765084574939e+02 3.727606855250843410e+01 -6.718051182083432771e+00
2.701700003088237168e+02 7.514193843608643419e+01 -4.175834896036272892e-01
