1.573748879812784729e+01 -2.069959130662582325e+01 1.269608671436166514e+00
-1.647543496136428587e+01 -2.225526824468932219e+01 -3.756016624728268916e-01
1.326831798218343295e+01 2.154564915553124038e+01 2.087481083671728133e+00
-1.378344383374677129e+01 2.379909618746648547e+01 7.611894046844496220e-01
3.992231833833538857e-01 1.365048812028505765e+01 -2.311571884664597576e+02
-1.917269339024527675e+00 -1.578033244610954711e+01 -2.308151766878771411e+02
1.874320750356520904e+00 1.528239427620813728e+01 2.305386880891938404e+02
-4.587478915202520824e-01 -1.610832913176752967e+01 2.287530065516305626e+02
-2.359484448468089113e+01 5.134715063719272887e-01 1.418134758464703964e+02
-2.388935495202700920e+01 5.055114236647805237e-01 -1.420361532460931926e+02
2.170391745433972375e+01 9.921669517299885888e-01 1.398928860377444607e+02
2.269554791159188056e+01 1.619751679744435569e-01 -1.419975692761664163e+02
-1.819774890986381177e-01 -2.677943613660440292e+01 -2.838499323218690029e-01
-4.322142083144209224e-01 2.654536802149490526e+01 2.609515414790454457e+00
8.610224591590009524e+00 2.126016448022577521e+01 -1.342380667618453458e+02
-6.940640117516392316e+00 2.040453225873725884e+01 -1.341127331863845598e+02
8.542952708626609493e+00 -2.243116703113133070e+01 -1.352901546191382920e+02
-8.190959570036381976e+00 -2.007909728863620913e+01 -1.348735979033360479e+02
1.749248906620160859e+00 6.196721847120179039e-02 -2.688318772871178339e+02
8.807797651110790937e+00 2.048488421381697222e+01 1.356298598344858135e+02
-8.704292681604353987e+00 2.193678459555473736e+01 1.354095336931294753e+02
1.011829637516872182e+01 -2.205052354334116416e+01 1.343054649011154993e+02
-8.651837227438672784e+00 -2.115091729938232845e+01 1.342624051740555728e+02
-9.096112048973001851e-01 2.841304019472538078e-01 2.723747257767166730e+02
-2.075544626318577457e+01 -1.438143470970020310e+01 8.496673889228954124e+01
-2.024532227059911094e+01 1.430088056196873936e+01 8.249378583119710129e+01
-1.540354006334553283e+01 9.846615443772563481e+00 2.170999830654464233e+02
-1.285920192992574584e+01 -7.504696254040481129e+00 2.182294635714310118e+02
-2.330705674947526518e+01 -1.251291908982900836e+01 -8.290823950896904648e+01
-2.210612207456864553e+01 1.558934119993808309e+01 -8.215194529612594465e+01
-1.310238058737248856e+01 7.872186516462399197e+00 -2.194415149620382977e+02
-1.315508009540475065e+01 -8.082977865784290117e+00 -2.191529234842763572e+02
-2.574025410785613843e+01 -1.833281472446372184e+00 -4.742916457246574291e-01
2.161225930890498148e+01 -1.447405242172022355e+01 8.375158573334184098e+01
2.326001178234793088e+01 1.245754226927560637e+01 8.279057531502895984e+01
1.334642741761131290e+01 9.426645916724732288e+00 2.196997087449379364e+02
1.357350732448313835e+01 -8.686090461320343792e+00 2.186149609748469516e+02
2.225188155249582422e+01 -1.265383121570675939e+01 -8.459017124358506123e+01
2.150277063029693281e+01 1.450002378242752066e+01 -8.413772687602157418e+01
1.309627679042291959e+01 8.545660515316630068e+00 -2.181600795159777988e+02
1.314698676451587112e+01 -9.106565131520016010e+00 -2.183680968232944224e+02
2.733609822450487314e+01 2.025556108536715083e+00 1.035497037439412571e+00
7.286115909548978031e+00 -2.619876392409062049e+01 1.643908425522980915e-02
-7.211735669850011021e+00 -2.647144334686747413e+01 -8.735599005907646042e-01
8.427590585895520903e+00 2.467786932643882025e+01 2.070831868607035664e-01
-7.960874118717315540e+00 2.501130449089481900e+01 1.584776181756877289e-01
1.222028115660527270e+01 2.411055115046757180e+01 -7.167383382777860845e+01
4.255925531249920901e+00 2.001328419673840742e+01 -1.888674619436857256e+02
2.832382918997450094e+00 2.640376267714843550e+01 -7.080276379997486913e+01
-1.154556587553329905e+01 2.209109674188617944e+01 -7.099131290890936441e+01
-4.654348433582981670e+00 1.862042347396052122e+01 -1.886569147498891539e+02
-5.502814510411817572e+00 2.414994902343182659e+01 -7.269449722597430252e+01
-8.567713999690785842e-01 2.373356603940850817e+01 -1.429686072961212631e+02
9.896978876225295707e+00 -2.457035255801192619e+01 -7.185960037690385604e+01
5.537614009109701030e+00 -1.922470791579809557e+01 -1.875331171515224753e+02
5.231317469612076110e+00 -2.450453326888693795e+01 -7.250778079864791437e+01
-1.263517763163052621e+01 -2.390831814183817627e+01 -7.062303505256609526e+01
-5.641810645448346762e+00 -1.969024235240895848e+01 -1.895423014748390926e+02
-5.923284468277000059e+00 -2.381823742961280033e+01 -7.063300563985730207e+01
3.777512414787508321e-01 -2.347553531904364021e+01 -1.420159503237009346e+02
-1.245399874669772755e+00 9.085100096093603028e+00 -2.614349907156109225e+02
1.435564649571580365e+00 -8.332200826440246288e+00 -2.648400545407913569e+02
1.079887341237870402e+01 2.371384718893297006e+01 7.035032919617803771e+01
4.940030534309865828e+00 1.930534528083807899e+01 1.903916300283440535e+02
4.372878124008099832e+00 2.672806452781966513e+01 7.226748829761346826e+01
-1.188445336255226614e+01 2.273090236058452973e+01 6.893520406982585769e+01
-2.549637159789681196e+00 1.848351825161891071e+01 1.909642732647343166e+02
-3.422642206928407038e+00 2.461779526826128972e+01 7.214927823969435394e+01
-3.560907983969966439e-01 2.256847992977778361e+01 1.427141661717463705e+02
1.162837862250860255e+01 -2.463041193503752169e+01 7.224244009797124022e+01
4.892486578992949475e+00 -1.876691788744180300e+01 1.895197827258669747e+02
4.205474588428884886e+00 -2.433859049222276738e+01 7.176525103577891684e+01
-1.037595079604653492e+01 -2.391701390818600359e+01 7.031614917726538749e+01
-4.882929493088137285e+00 -1.938557587026497231e+01 1.902939882617848184e+02
-6.091390983616451926e+00 -2.627238522312892854e+01 7.181178905756544850e+01
-8.779221895199844639e-01 -2.100594717475645368e+01 1.430389129936018833e+02
1.175296101786692526e+00 6.461519490002580746e+00 2.613933009092360749e+02
-1.066388361646907423e+00 -8.601590294935189007e+00 2.614524645821012996e+02
-1.819219772750850339e+01 -1.899934293214592529e+01 4.470411627229704266e+01
-2.255751956354895071e+01 -9.040807249602975659e+00 1.171754711630867263e+02
-1.737757718965570675e+01 -1.758301858343716262e+01 1.151325372717112856e+02
-2.011104018460659404e+01 1.908177513253274782e+01 4.514935575885531449e+01
-2.346113306162194334e+01 9.453141165245684263e+00 1.169346005849733814e+02
-1.515706109879901753e+01 1.771480261927435507e+01 1.154707170609477203e+02
-6.020479138976026157e+00 1.146022275187332617e+01 2.318064938999105493e+02
-2.114420094737286249e+01 4.217750862038086801e+00 1.868770753098173714e+02
-1.179945301242933198e+01 1.612745393956657480e+01 1.868244352799625574e+02
-8.182761831938924146e+00 6.913067433108381010e+00 2.586367660804085631e+02
-1.855064136128639873e+01 1.134061231957396387e+01 1.594478925422550901e+02
-6.940814964756825134e+00 -1.268304493595043780e+01 2.344946575934086752e+02
-1.942627837307636085e+01 -3.371793347961071330e+00 1.877080703979344776e+02
-1.046058008613584356e+01 -1.636188706068160315e+01 1.844853792784731183e+02
-7.153929854615300954e+00 -6.206566136880796947e+00 2.587687923286977139e+02
-1.985920923080896117e+01 -1.252850665028930521e+01 1.594053118257733672e+02
-1.565516551959274238e+01 -5.215542996193656827e-02 2.315247375731091779e+02
-1.858025982498662643e+01 -1.988484632059339674e+01 -4.620566158780383859e+01
-2.321992214089830142e+01 -8.073024021709564124e+00 -1.177544861698156922e+02
-1.426822830364721639e+01 -2.043135197021803151e+01 -1.142142906735886925e+02
-2.206551479886447709e+01 -1.485301358890839118e+01 -5.599512602342153755e-01
-1.890622792231047455e+01 1.720806619804091042e+01 -4.589787454870395322e+01
-2.276134054493713776e+01 8.568791559268854385e+00 -1.169694050723162349e+02
-1.701348411616040934e+01 1.745684059356326756e+01 -1.158496018372098462e+02
-2.337610563717973733e+01 1.387790768548243925e+01 7.383596250145206819e-01
-6.360577915482708455e+00 1.395252998347186590e+01 -2.329698579481226091e+02
-1.986575348558147880e+01 3.513523841301425144e+00 -1.873062815104227070e+02
-1.161636003152695373e+01 1.456035632338963204e+01 -1.851380219383769941e+02
-8.067648471977554081e+00 4.027718532701156207e+00 -2.572323818922881742e+02
-1.872977165630005203e+01 1.157684594452428506e+01 -1.577422525076315480e+02
-5.810857158690041935e+00 -1.376497403898303773e+01 -2.344325618630244605e+02
-1.830881015169101644e+01 -4.621320726496465525e+00 -1.890694131232164921e+02
-1.278089068783640414e+01 -1.528697532929955649e+01 -1.858387435067986360e+02
-7.225958660191444061e+00 -5.837493712472030083e+00 -2.586277495356739564e+02
-1.909139816507853027e+01 -1.249371049169583969e+01 -1.585902470520308896e+02
-1.491759275316253053e+01 9.935986410703603888e-02 -2.299895632330335218e+02
-2.432582830383852013e+01 1.064831261143112551e+00 7.467349027872126044e+01
-2.462794330773880347e+01 -6.139589581980533506e-01 -7.567192977494610773e+01
-2.637670164625907887e+01 -8.671237865412260604e+00 4.555575723991332637e+01
-2.645330197996666399e+01 5.231269096337800129e+00 4.605095564780179274e+01
-2.569585037282668694e+01 -6.546024417670125217e+00 -4.610093950531530282e+01
-2.473144221323515879e+01 6.949467448392586455e+00 -4.653740407130657530e+01
1.764422139628755559e+01 -1.830407623834315345e+01 4.450928842074797842e+01
2.492283931488234572e+01 -4.650214658715873917e+00 1.163857148255142278e+02
1.603194044640160243e+01 -1.880531863939407344e+01 1.152183200994112440e+02
1.795346217778024567e+01 1.820670919825043654e+01 4.379429876306384273e+01
2.314715873658493095e+01 6.279776906637515310e+00 1.170153830387720291e+02
1.500455806949811155e+01 1.754282641259622366e+01 1.148737428246680565e+02
6.689242321412363523e+00 1.097971783892002051e+01 2.326786433259575233e+02
2.001152107908941247e+01 5.576385021107611806e+00 1.873599997449142904e+02
1.151328654557098119e+01 1.539497995502750705e+01 1.852150061637475744e+02
9.368826274564732159e+00 3.797466569738113140e+00 2.577699910145627769e+02
1.815624826498842737e+01 1.333668702905658954e+01 1.587892209970878525e+02
8.225240291169914286e+00 -1.321320173161264755e+01 2.322839056152307649e+02
1.747576639167270329e+01 -5.575593856876759347e+00 1.883094510039755392e+02
1.144530121073124640e+01 -1.537764073131881482e+01 1.858696504541274237e+02
7.582583474641316101e+00 -6.487318288204720673e+00 2.581506263716393619e+02
1.770664281919217231e+01 -1.309581647234314516e+01 1.579627735980312480e+02
1.344574543009779610e+01 4.175622477620286599e-01 2.303149307433405681e+02
1.773691438386400065e+01 -1.950785079014915979e+01 -4.544569693722245063e+01
2.341605733120039545e+01 -6.558485776404956447e+00 -1.163135197286393918e+02
1.449371736674655153e+01 -1.783618193911160077e+01 -1.144701306769730991e+02
2.289468734289531326e+01 -1.505870419777327207e+01 7.676479999036930901e-02
1.913326496562642731e+01 1.955212877771655755e+01 -4.523246021813030637e+01
2.261295446892248506e+01 7.847808628615824844e+00 -1.176386799632660001e+02
1.605766333921925337e+01 1.803688182123966754e+01 -1.166277872309295418e+02
2.181574554149470302e+01 1.282067988738593201e+01 -5.648526095903301236e-01
7.658584425640453830e+00 1.302315652403622082e+01 -2.333856266466975171e+02
1.771123189832844602e+01 4.556504079591054968e+00 -1.864710539749871430e+02
1.251946560914620932e+01 1.533644630022438982e+01 -1.866347667978687070e+02
7.493096479044227820e+00 5.601349421440219523e+00 -2.565918513944758388e+02
1.964941012916293062e+01 1.103149029943645409e+01 -1.592709007511791128e+02
6.800314115001903303e+00 -1.211364332993359660e+01 -2.337230118152469913e+02
1.800924638315289883e+01 -5.432623583948337220e+00 -1.871685844570908728e+02
1.179089514440145692e+01 -1.477460942608619199e+01 -1.859640727877428787e+02
5.572178827031402548e+00 -4.053621661038474322e+00 -2.583662215592341340e+02
1.894563606111774590e+01 -1.035162432554627188e+01 -1.576783309397612243e+02
1.346845810847541181e+01 1.736717937586146343e-01 -2.309607584941498715e+02
2.602123909073492314e+01 -1.313973978358022321e-01 7.449445717745388151e+01
2.536510486108253914e+01 -4.444607984217241459e-01 -7.476374526259908748e+01
2.598786532954479966e+01 -6.020350657519604631e+00 4.675860079275178549e+01
2.554385770700536540e+01 5.345771048912251189e+00 4.653418576087993586e+01
2.564808570471286586e+01 -7.767301896881905421e+00 -4.558730125839747416e+01
2.493197630472695536e+01 6.263181852834564189e+00 -4.669862433770726540e+01
