1.255084815926747055e+01 -2.041679918211578482e+01 1.131596214699228248e-01
-1.261131220276276643e+01 -2.046306785004218654e+01 -1.416271059972756818e-01
1.231586851107582170e+01 1.994387849280789382e+01 -1.418481673273531141e-01
-1.204082863239802492e+01 1.951952440845040826e+01 -3.749714113685617255e-03
2.464138009495934686e-02 1.293499653779289815e+01 -1.845992711774082693e+02
-1.090932769585439555e-01 -1.300583248549234305e+01 -1.842378781238684837e+02
-8.835918654238106296e-03 1.363201197365098238e+01 1.908191819025491327e+02
8.875210756378484889e-02 -1.299362773623002631e+01 1.837899719706539940e+02
-2.120954982100941422e+01 -6.687476467445027661e-02 1.168144801673040405e+02
-2.166652225300485313e+01 7.714196351757422743e-02 -1.206930818954003541e+02
2.039285471815655981e+01 2.945334159078471375e-02 1.132380055502467968e+02
2.065236512319991391e+01 1.480449423690999022e-01 -1.140375449353083326e+02
2.621765755843953605e-02 -2.385822722618344471e+01 6.867455348229864476e-02
1.196986873132640031e-02 2.312203410125330905e+01 2.097761176782112977e-02
7.579380951321577520e+00 2.022709586003104221e+01 -1.103161455787904828e+02
-7.319621973094900369e+00 1.932307330838001036e+01 -1.051690458961274999e+02
7.262376799720697385e+00 -1.915836842358866221e+01 -1.040643441346415869e+02
-7.396897551423966100e+00 -1.960816206061631561e+01 -1.067379199899685176e+02
-7.181015605129534816e-03 9.139939758070675380e-02 -2.149440099097402594e+02
7.116073678520851153e+00 1.982063104090952166e+01 1.066968193176522419e+02
-7.553062064695729383e+00 1.961097973904130143e+01 1.061650373055057912e+02
7.432214937501472107e+00 -2.003842679336920440e+01 1.096120813071094631e+02
-7.042752820952435044e+00 -1.907951933047515780e+01 1.029398944754555174e+02
4.944674974784119340e-03 -1.466807264051936920e-02 2.226710270216564709e+02
-2.024531179576074535e+01 -1.282270366977613385e+01 7.154947058239362434e+01
-1.823166241745989069e+01 1.148012054746488175e+01 6.495828917420583082e+01
-1.131983060847855604e+01 7.226247437745380253e+00 1.633427899534969185e+02
-1.232959939849630437e+01 -7.482831775888207027e+00 1.739819321847387528e+02
-1.962180372836094477e+01 -1.246177255637044468e+01 -6.953751855428262729e+01
-1.849126062491240674e+01 1.156117524244971229e+01 -6.513645051926863516e+01
-1.168519142560300317e+01 7.286533008155156921e+00 -1.665641829434761974e+02
-1.229107186416490016e+01 -7.411866439874729373e+00 -1.742147806037974931e+02
-2.218580862427225497e+01 -2.496622974793070993e-02 -2.271882208029438882e-02
1.848270197503724077e+01 -1.164098993556604711e+01 6.597443255943143470e+01
1.823613260049903673e+01 1.132702659684907687e+01 6.436015463616281806e+01
1.178196685563268176e+01 7.365975724417371140e+00 1.685923821493294383e+02
1.147219764874954073e+01 -7.338819729476486309e+00 1.651865841141632814e+02
1.851961157682611514e+01 -1.155488115274476435e+01 -6.512306949881764240e+01
1.946807017424733033e+01 1.231763182977069171e+01 -6.789558123145170043e+01
1.145206598243290053e+01 7.283013827201788359e+00 -1.652211143415253503e+02
1.212325988924904685e+01 -7.502920066015247080e+00 -1.730347467835759119e+02
2.258705973333696448e+01 2.424184860934626082e-02 -4.860043575103353136e-02
6.694493655217519823e+00 -2.350306248175187562e+01 5.092042293167781120e-02
-6.325305052261589900e+00 -2.224584842963745501e+01 3.349742591581152118e-02
6.228618211869222598e+00 2.180664507148111042e+01 -1.520842575218750263e-02
-6.285178100529873468e+00 2.211972738426443996e+01 -7.232613013243336698e-03
1.073752680213411637e+01 2.137739609804718199e+01 -5.937599252135969152e+01
4.013259756588587912e+00 1.676655517535334283e+01 -1.501363585224825385e+02
3.761710560949621307e+00 2.381871565310997241e+01 -6.240610035375510734e+01
-1.041928357942495964e+01 2.063192770357102290e+01 -5.745075121958867470e+01
-3.647940695854146043e+00 1.591382920858647232e+01 -1.419936095292254095e+02
-3.704863154708760042e+00 2.385018067355253280e+01 -6.212114826399947276e+01
4.458395901690172941e-02 2.081788527038305148e+01 -1.122981249028725159e+02
1.042112691107354294e+01 -2.059276121760328593e+01 -5.744810099899694933e+01
3.653043839390900160e+00 -1.591200264660637309e+01 -1.420134652324570084e+02
3.616151369452253128e+00 -2.259220597225412064e+01 -5.949502574912355612e+01
-1.063251299257420968e+01 -2.076124873484893030e+01 -5.831348172819162556e+01
-3.916613322559242771e+00 -1.679534589473120931e+01 -1.500692511740583655e+02
-3.581488058914880312e+00 -2.173733687935963133e+01 -5.703049925754346816e+01
-1.017999904332799431e-02 -2.067918962674936267e+01 -1.112787521707018499e+02
7.073639752609274002e-03 6.151865865719766902e+00 -1.971885776250944673e+02
3.685908622901255122e-02 -7.144528861492974059e+00 -2.237168303585155229e+02
1.006700869916778629e+01 1.988672279765002671e+01 5.616352526265296063e+01
3.691004055172665943e+00 1.609017125740473375e+01 1.436669287954050844e+02
3.450201451148974030e+00 2.364399808885289644e+01 6.162991443388992963e+01
-1.017072895513496000e+01 2.009473468216063097e+01 5.657763994945990760e+01
-3.643902496692896342e+00 1.617140911707091533e+01 1.441612312017447266e+02
-3.726739381030844012e+00 2.397786627122144765e+01 6.304803282739990777e+01
7.008301226448605814e-02 2.212641135826709871e+01 1.202993472374102311e+02
1.100057401972286364e+01 -2.171775859434216827e+01 6.176916664821202119e+01
3.577039754123379822e+00 -1.596724230182006110e+01 1.422526166903116973e+02
3.887729119452846938e+00 -2.468194153800352808e+01 6.413652514256392578e+01
-1.011388695779350400e+01 -2.004987875415524101e+01 5.520780084153219747e+01
-3.577321102706053857e+00 -1.579080580673243261e+01 1.408770507677051285e+02
-3.600152233303878013e+00 -2.370582772787073722e+01 6.244908576239087949e+01
-9.815799136975258965e-02 -2.171993085345951258e+01 1.182985575089784049e+02
9.613851597132969107e-02 6.867459654841177930e+00 2.180267925808249458e+02
1.013801544031006641e-02 -6.488789522197713211e+00 2.064951874583844358e+02
-1.704815055642204769e+01 -1.765620377702070698e+01 3.872377736174103546e+01
-2.261392614839155968e+01 -6.843095646761103268e+00 1.029246171037478632e+02
-1.390105885032051170e+01 -1.615236081018758796e+01 9.124802025843230524e+01
-1.543916190671968103e+01 1.590193900844615627e+01 3.465481158801172512e+01
-2.033783710551712787e+01 5.989106944644333907e+00 9.113791090420318142e+01
-1.372573917704851176e+01 1.574506452904768850e+01 8.898592137091135612e+01
-6.061294004638848598e+00 9.973317390939094196e+00 1.744675350663651727e+02
-1.605625830369755747e+01 3.684717399320617925e+00 1.401777484757193122e+02
-1.028031307105268333e+01 1.371302276416310484e+01 1.423591606067726616e+02
-6.672755653139072152e+00 3.814804875281402996e+00 2.076695237697590244e+02
-1.611240479800026648e+01 1.019034568505341021e+01 1.222593668059830634e+02
-6.316934288423663446e+00 -1.054401660737452140e+01 1.855710089445811377e+02
-1.711936742004843737e+01 -3.929271903088340512e+00 1.491458866111545376e+02
-1.010130558261956146e+01 -1.364613492139165984e+01 1.408910457332509338e+02
-6.495099732652795055e+00 -4.032726221914774811e+00 2.077487549203813444e+02
-1.716023453769912877e+01 -1.105818804370722930e+01 1.315454090746487452e+02
-1.230777705313864168e+01 -9.262390853388127732e-02 1.779347010597981296e+02
-1.733372145334261205e+01 -1.807683741673464795e+01 -3.894952511426705399e+01
-2.110970017489396255e+01 -6.288978002717583671e+00 -9.455835323555434968e+01
-1.435942411521163464e+01 -1.682922058498324347e+01 -9.462226937915961855e+01
-1.920663634504959916e+01 -1.230831647297928555e+01 8.442749662925015663e-02
-1.585356766605197087e+01 1.630351822243927629e+01 -3.557500746146165227e+01
-2.029098251602543357e+01 6.090740868934877206e+00 -9.153002523377715249e+01
-1.398130757139934843e+01 1.635123397733368478e+01 -9.186617501665124053e+01
-1.854957808078660264e+01 1.188445643697578546e+01 -4.155084342695911787e-02
-5.937944460743824315e+00 1.006840530323810867e+01 -1.753782117980408088e+02
-1.659941898341224586e+01 3.950466643612302597e+00 -1.448207788523957049e+02
-1.000506468783246738e+01 1.366716129987406525e+01 -1.405361025353234083e+02
-6.186025227142205374e+00 3.755961890538226822e+00 -1.971841580489559362e+02
-1.580099012854603835e+01 1.003840701115251655e+01 -1.192104978287321018e+02
-6.311329825711536223e+00 -1.054405493218452250e+01 -1.854708359793641250e+02
-1.774082407401791528e+01 -4.041071915648029922e+00 -1.553292571896219272e+02
-1.047225700269379445e+01 -1.409389954582738191e+01 -1.455718417867589949e+02
-6.392392370245578270e+00 -3.951495989183415602e+00 -2.011697833631965580e+02
-1.654926553332489902e+01 -1.057903142739742997e+01 -1.259555927482513482e+02
-1.230413927321476386e+01 -4.613230309229498366e-02 -1.783986638182886111e+02
-2.310722137918225272e+01 2.591828166846588122e-02 5.994516434671044891e+01
-2.250659519861769198e+01 3.049368850657701788e-02 -6.029889883297126829e+01
-2.207274537373208290e+01 -6.456248347440642021e+00 3.598731595912425973e+01
-2.128075503953912673e+01 5.987760125478894579e+00 3.459647531528250397e+01
-2.133540194526278455e+01 -6.031920495621887035e+00 -3.442968729249963644e+01
-2.124614591308894163e+01 5.952617657165087728e+00 -3.466523921521999085e+01
1.597301591909301166e+01 -1.653615053226174325e+01 3.568589625038899271e+01
2.034058487702359841e+01 -5.978314078756596928e+00 9.112599502068493962e+01
1.381615393427601113e+01 -1.594965276130217724e+01 8.980063937631945237e+01
1.519006938587060596e+01 1.557142876345274907e+01 3.395717116954589443e+01
1.965976002099931108e+01 5.845031203732673930e+00 8.837451383631446333e+01
1.408100119376624981e+01 1.614881163102907280e+01 9.125445293348968789e+01
6.189411818307662294e+00 1.036956293267227736e+01 1.810120631635318205e+02
1.625827600523207295e+01 3.710148703566186423e+00 1.414249581888217904e+02
1.030277571917631718e+01 1.429483465926951524e+01 1.466055114804151742e+02
6.850197732932818973e+00 4.084325840056853174e+00 2.195008865144785659e+02
1.613688383933438786e+01 1.053041513228285808e+01 1.235207407722087254e+02
6.017961545603850659e+00 -1.004613090032042244e+01 1.750790620575681089e+02
1.604570820556619637e+01 -3.686015248313786685e+00 1.401890069037015110e+02
1.033740329992323481e+01 -1.400823567355695154e+01 1.447436553733472806e+02
6.211058653897174153e+00 -3.718464836661804718e+00 2.027984990046186624e+02
1.612422163888524551e+01 -1.020339030547601489e+01 1.222689729859119296e+02
1.301892938395657850e+01 -6.092912112919533774e-02 1.866973789975856164e+02
1.586031067002515194e+01 -1.630187639126519983e+01 -3.553959770917106198e+01
2.024229704136777741e+01 -6.079033274099017170e+00 -9.155372266279270832e+01
1.398295280649972483e+01 -1.634495622041013263e+01 -9.185539557282299938e+01
1.853934725414848117e+01 -1.189551542454746524e+01 -3.147928238231092329e-02
1.672126796915454605e+01 1.739662383544866842e+01 -3.765768161818166959e+01
2.042267544815832991e+01 6.201715841962997189e+00 -9.204709971218471765e+01
1.493380125530386415e+01 1.741501823640775370e+01 -9.806336354525268462e+01
1.909745119343919484e+01 1.213631053340934685e+01 1.841336939265997980e-02
5.968006272601343198e+00 9.999678243314507498e+00 -1.758877998561037259e+02
1.599496036025175805e+01 3.696829911118959977e+00 -1.395824093362817280e+02
1.051423731113973581e+01 1.432230680314364868e+01 -1.473773896029121317e+02
6.186671173700410975e+00 3.628769274006047763e+00 -1.972053653787548058e+02
1.640794959301323530e+01 1.043531666618330789e+01 -1.247331288984183999e+02
6.333139376780705376e+00 -1.065829312952645580e+01 -1.849120124097336770e+02
1.722861116553793082e+01 -3.956833805998634546e+00 -1.504356507108620065e+02
1.000936215565935861e+01 -1.366036586220994486e+01 -1.405177697489352511e+02
6.716929521585639939e+00 -4.055689287959761913e+00 -2.137196720553416469e+02
1.580534820918285099e+01 -1.003596677991271591e+01 -1.192136730276708079e+02
1.231492851560903645e+01 -1.892694320387723617e-01 -1.787003080299460294e+02
2.210050024543098246e+01 -1.699649007737030412e-02 5.826182223820730144e+01
2.196270503389815687e+01 -1.883109003781382757e-03 -5.841248334070233028e+01
2.126109317521207842e+01 -5.980564609593233882e+00 3.461078532774621408e+01
2.167154690831437946e+01 6.175765481332144091e+00 3.526257253453390916e+01
2.123886874650924028e+01 -5.944685949598868646e+00 -3.467207492663315804e+01
2.211567997440670652e+01 6.186753662783664787e+00 -3.601741821572868218e+01
9.803731918407031287e+00 -2.224856810672150687e+01 5.815209684246280125e-02
3.394144139130411464e+00 -2.410240947969182912e+01 5.189670062203693979e-02
-9.394619761242434919e+00 -2.122490839375012683e+01 -2.611948731855477657e-02
-3.247084183436208527e+00 -2.338425386615584145e+01 8.082748667080953686e-02
9.311030990739407542e+00 2.087748325504404789e+01 -1.822776136479932821e-02
3.116726260828365458e+00 2.245801962981520106e+01 6.628664512243925486e-03
-9.224596608164613798e+00 2.081162311354709260e+01 -1.144572585115383179e-02
-3.254202041490532160e+00 2.301201063219418685e+01 1.476367176839615998e-02
1.141757114918158855e+01 2.072294150894649434e+01 -2.978969733035521728e+01
9.440927419335510606e+00 2.070543042932125744e+01 -8.260649736382957542e+01
8.739350591141352709e+00 2.251767647090024482e+01 -3.121289848952569201e+01
2.190418685686090328e+00 1.492783574890181697e+01 -1.677045565390860986e+02
5.734300225138517781e+00 1.864377615031158797e+01 -1.312285419515173146e+02
2.019470051219154350e+00 2.410855567214473183e+01 -3.169980805019724457e+01
5.537255520055663460e+00 2.235062220443947822e+01 -8.706725430651006548e+01
5.296015048191245356e+00 2.361843170325908758e+01 -3.155199776008014112e+01
7.409935311427533478e+00 2.240715842698211091e+01 -5.923000271260478655e+01
-1.094481291711010051e+01 1.970832773210402777e+01 -2.857778948728539703e+01
-9.262374833612467384e+00 2.074774472103804612e+01 -8.451250979689038445e+01
-8.369492678036795752e+00 2.150320808415170504e+01 -2.953387279644312713e+01
-1.945723179949786052e+00 1.378980317741218009e+01 -1.546451022522728636e+02
-5.387836886871575359e+00 1.761807461057787449e+01 -1.233381418593009613e+02
-1.391761988335112055e-01 1.626893889090880307e+01 -1.446970178509389200e+02
-1.994703323379874771e+00 2.420814157220408092e+01 -3.243644609891209996e+01
-5.776771249209979864e+00 2.248832528623827542e+01 -8.823856510753881821e+01
-5.079202459641342315e+00 2.308369013793531721e+01 -3.083601259065029865e+01
9.901673184229053612e-03 2.463867983590213484e+01 -6.544426401003772753e+01
-7.334275731050761138e+00 2.242678209515056409e+01 -6.015103994814509036e+01
3.632401910524021726e+00 2.078108017302085031e+01 -1.119524748700131198e+02
-3.736219618619331051e+00 2.052782810627019572e+01 -1.114020535509445295e+02
1.766911204986103323e+00 1.814065825064576032e+01 -1.263782456857477428e+02
1.934381453705077858e+00 2.345447806392078149e+01 -9.448503273678322500e+01
-1.844916742608859961e+00 1.821348755155317178e+01 -1.276043676853412308e+02
-1.984839508554844034e+00 2.342055098941276370e+01 -9.328442066838056235e+01
1.096977154501864327e+01 -1.972065089615985656e+01 -2.859516464925612311e+01
9.276421968598796752e+00 -2.068685317129117607e+01 -8.445963635849911100e+01
8.371047543190105245e+00 -2.145464320145974213e+01 -2.953398422608754359e+01
1.872090610617421103e+00 -1.378501725238165143e+01 -1.546334715282228842e+02
5.392956629092569010e+00 -1.761485675112582072e+01 -1.233038161177524188e+02
1.960631957621131072e+00 -2.300389223498380886e+01 -3.057479202989372169e+01
5.751870915922625116e+00 -2.208719091342144125e+01 -8.814689575088640083e+01
5.056722696086199953e+00 -2.273265446883241481e+01 -3.075906529850165683e+01
7.323325975487720463e+00 -2.203486227511871576e+01 -6.009814533995353258e+01
-1.144906650922023772e+01 -2.047879233260459486e+01 -3.011267894555023616e+01
-9.329052095896635421e+00 -2.025707353512067144e+01 -8.309063232553160105e+01
-8.143761849265677810e+00 -2.076984750323763507e+01 -2.792735663581795080e+01
-2.126086675188552544e+00 -1.485847429154836874e+01 -1.672581427712134996e+02
-5.534035016695848519e+00 -1.880210436827159981e+01 -1.314249270736496555e+02
1.261935264771827103e-01 -1.625174323121479958e+01 -1.446665403958813840e+02
-1.888069703244386055e+00 -2.252837985084254768e+01 -2.972287820047232643e+01
-5.327755142361252361e+00 -2.102302927219799500e+01 -8.156229144159686939e+01
-4.822789963047744877e+00 -2.171022063884847242e+01 -2.899580192779817978e+01
5.263147719173392330e-02 -2.225160838344356051e+01 -5.731001501968415823e+01
-6.928825913524750746e+00 -2.096989884164698026e+01 -5.549407047986787234e+01
3.802983154141766686e+00 -2.033172066456302574e+01 -1.105994437487887723e+02
-3.568518976746285265e+00 -2.061728981985891096e+01 -1.117194825713001762e+02
1.862346841030237066e+00 -1.819537794901120265e+01 -1.275754170230606235e+02
2.057787160776722413e+00 -2.217995963528171899e+01 -8.775463004450952553e+01
-1.775254598839519415e+00 -1.813695613425746345e+01 -1.263407201189072708e+02
-1.792551419686617686e+00 -2.187691910111377425e+01 -8.685162435471414710e+01
1.667274654195419481e-01 8.957170208280468060e+00 -1.817065344225104582e+02
-1.090205905008326259e-02 3.064805911996272503e+00 -2.090376115762086613e+02
-2.139898655305665920e-01 -1.038959639339502594e+01 -2.078109026976363225e+02
-3.917767331085473398e-02 -3.544596638746105199e+00 -2.380741465663561485e+02
1.090681002474530459e+01 1.954931257848129533e+01 2.889467756985485281e+01
9.028814836521856790e+00 2.015980246102904871e+01 8.143190944114778063e+01
8.248937688134565960e+00 2.102195056229042436e+01 2.913511205827688855e+01
2.127992139625384471e+00 1.437792348562099143e+01 1.604955905401507437e+02
5.485816597695849062e+00 1.800263412812969221e+01 1.247990147211598497e+02
1.915634749751909505e+00 2.376653709112678925e+01 3.151098590370968111e+01
5.715319417366416133e+00 2.310050595651653893e+01 9.134443188667133029e+01
4.900064447221102348e+00 2.232186999118707149e+01 2.923257003417092292e+01
7.271831721301069251e+00 2.182208109614158431e+01 5.858555025422254658e+01
-1.093682184507364497e+01 1.958345735051785397e+01 2.871081815213873156e+01
-9.002981680793993746e+00 2.040720682166969979e+01 8.337840781463185635e+01
-8.370609931283857108e+00 2.149350828723601126e+01 2.945191661746267542e+01
-2.078776180035061039e+00 1.416896332052832364e+01 1.581871389803408476e+02
-5.342913551724217669e+00 1.768304184751085373e+01 1.227185944404455853e+02
-2.010273858347246673e-02 1.737121040367713576e+01 1.553837168383520009e+02
-2.041109530115470694e+00 2.428243878370852826e+01 3.319480060677199162e+01
-5.730361092980244209e+00 2.271689192579324157e+01 8.923374481716837181e+01
-5.112236169287604604e+00 2.318310575257502393e+01 3.083980765899435994e+01
-4.344804732315405565e-02 2.465819669313276208e+01 6.565674506530642418e+01
-7.299940421507970179e+00 2.234620998938783032e+01 6.004772091790258770e+01
3.869333042748781093e+00 2.143608072187395663e+01 1.165534957343188438e+02
-3.937204928658161407e+00 2.159539825783217992e+01 1.182679676916922205e+02
1.974237939289457788e+00 1.909384561341145670e+01 1.344015405903308533e+02
1.998243264827733512e+00 2.423959919407033325e+01 9.826540961478548297e+01
-1.981202078373826225e+00 1.920385637558941738e+01 1.356528591996140563e+02
-1.927134037002916855e+00 2.388487486863912324e+01 9.511327543438375187e+01
1.215643700706102770e+01 -2.187814655856836055e+01 3.249776820737923089e+01
9.433218789415052541e+00 -2.130198231637784190e+01 8.824575858753502189e+01
9.305525002484754893e+00 -2.380573094143529644e+01 3.292659075114963940e+01
1.970869345888269786e+00 -1.395165705842029702e+01 1.563856984951033553e+02
5.444156379567560045e+00 -1.774648580987349078e+01 1.234249198555846476e+02
2.072302166569152337e+00 -2.526001422293386156e+01 3.332483230118071305e+01
5.952482651266495672e+00 -2.318263428990389485e+01 9.119628875043872540e+01
5.531842186314786858e+00 -2.481361139226807566e+01 3.262723053391525241e+01
7.818446831423277565e+00 -2.373591127577689619e+01 6.444298684804374489e+01
-1.107846366078832823e+01 -1.990843360220887348e+01 2.814301516218689159e+01
-8.894744817709806739e+00 -1.947487871680637284e+01 7.746153526838334358e+01
-8.366972999037839642e+00 -2.155605972774374735e+01 2.944100313057732166e+01
-1.853974735803891383e+00 -1.406533893880018660e+01 1.574220202426062656e+02
-5.204771511076683232e+00 -1.727780987990875161e+01 1.196169403934042919e+02
3.902314926342356771e-02 -1.684030223625059719e+01 1.505674192335612531e+02
-2.034157086505961054e+00 -2.510059730068098105e+01 3.377548248619724802e+01
-5.569038945752805780e+00 -2.247411408864457627e+01 8.818629861912575052e+01
-5.152142858615691878e+00 -2.341805754805828244e+01 3.095049037678699122e+01
9.563385597843768182e-02 -2.484920977901985140e+01 6.567991572577867032e+01
-7.110899838272435325e+00 -2.147171521763512203e+01 5.668835722734693405e+01
3.915871543107532826e+00 -2.118318210358296838e+01 1.149091478830206512e+02
-3.762318749076626556e+00 -2.101577195165996059e+01 1.141860925810476743e+02
1.931613797369714947e+00 -1.891667441028106822e+01 1.334850543452049578e+02
2.059826395681971789e+00 -2.397020746004949387e+01 9.500915110987925516e+01
-1.844224223647390470e+00 -1.854671672342336564e+01 1.302330382886828204e+02
-1.934747153084172000e+00 -2.407229093375153539e+01 9.810288309236413795e+01
-3.432110470740123986e-02 1.021271317190386618e+01 2.055130748822743101e+02
-3.449981762984668382e-02 3.211886485280707415e+00 2.196249163350099138e+02
-1.578112255781804196e-01 -9.710750337401307775e+00 1.955778471939557335e+02
1.755337755216374723e-02 -3.213319234604798513e+00 2.171097624598394304e+02
-1.481673569449217709e+01 -1.879437582864557399e+01 1.941019606530175423e+01
-1.939046646451681610e+01 -1.528025492150927889e+01 5.701381321356416976e+01
-1.402163810630876206e+01 -1.936718132008432391e+01 5.004354389853375551e+01
-2.231448126095159523e+01 -3.486572001872259019e+00 1.116843213803657306e+02
-2.202767750020953841e+01 -9.903618597035244164e+00 8.918376358126694470e+01
-1.057285289479929702e+01 -1.717502874368642196e+01 9.475351892133907938e+01
-1.736136366166687850e+01 -1.484377407775108892e+01 8.269516538935594951e+01
-1.276809637627392746e+01 -1.894046437347708789e+01 7.737466185384364792e+01
-1.667106334908099541e+01 -1.815384968921825504e+01 7.256117596528898162e+01
-1.391121913740586713e+01 1.767098971636185567e+01 1.766063106029824326e+01
-1.704075617970688583e+01 1.350769469390725952e+01 5.022150497065431551e+01
-1.283734118950353320e+01 1.778597295456725291e+01 4.569327119767122269e+01
-2.009906312574480935e+01 3.203363083718973048e+00 9.806567917031964043e+01
-1.992558824299258191e+01 8.881705341374820151e+00 8.093872088848391400e+01
-1.077327610362861421e+01 1.812904150638395251e+01 1.005923224239931528e+02
-1.613213192063112444e+01 1.363367454649582022e+01 7.728546016865283264e+01
-1.196144621725279045e+01 1.805747013640898402e+01 7.302985378475085554e+01
-1.462264368504360768e+01 1.598496088194759146e+01 6.271193591212372809e+01
-3.101486438632687914e+00 1.100234563845394575e+01 1.754012406041956069e+02
-8.487170903590316229e+00 8.429348224305213577e+00 1.665004046303616576e+02
-4.980693919897348998e+00 1.326713074110172563e+01 1.627073212152918131e+02
-3.224396764544729788e+00 8.889865025008107935e+00 2.017180501213448736e+02
-1.814407361699562671e+01 1.745096014580471477e+00 1.245220828342126538e+02
-1.395230506846836604e+01 5.594414119599159463e+00 1.534854680949982821e+02
-1.838128105925832401e+01 5.021535203861684948e+00 1.160989005713067712e+02
-8.703263945893249698e+00 1.641678853751066214e+01 1.220928730988163551e+02
-1.135021310402570549e+01 1.066129073552220419e+01 1.586359486534495886e+02
-6.728345236492969228e+00 1.505537515185196540e+01 1.430719383300946959e+02
-1.205022956937223277e+01 1.519529697684741620e+01 1.166907974744790408e+02
-8.376188195240301226e+00 1.242078335721133264e+01 1.662246454485569416e+02
-3.360401751179381780e+00 2.016107844393346671e+00 2.293072241005685328e+02
-9.049264026051533349e+00 5.348957824611299650e+00 1.825146640211712565e+02
-3.416500248434260811e+00 5.803561509384627115e+00 2.238779179332360911e+02
-6.139269045997292729e+00 7.053380497051914055e+00 1.889227096378346289e+02
-1.784292730313373099e+01 1.142148070197507437e+01 9.738043523330958351e+01
-1.430414171288687264e+01 9.041595263861957221e+00 1.494145057243169390e+02
-1.903057801302160001e+01 8.308834415332515988e+00 1.120199552293248644e+02
-1.473381928240056027e+01 1.295625611059740301e+01 1.018206097700514050e+02
-1.652615103527196183e+01 6.868618175104113099e+00 1.340772687847310749e+02
-1.292925282858521818e+01 1.183887646267007021e+01 1.296360874152355791e+02
-3.206666016879570424e+00 -1.187293179423659062e+01 1.868827430986171123e+02
-9.628958782473723943e+00 -9.411864228441421787e+00 1.860156709597189035e+02
-4.982603976737247642e+00 -1.307983617827695433e+01 1.599024493927008166e+02
-3.192593367861016329e+00 -8.716375178215949759e+00 2.000747963413601553e+02
-1.905550251645278337e+01 -2.004087041974276229e+00 1.322086216538770884e+02
-1.512359184098933618e+01 -5.944884117146717273e+00 1.673105023821572956e+02
-2.044026281048512672e+01 -5.346235348206774596e+00 1.303136768274094663e+02
-1.637118206460350578e+01 -1.021813786479997682e-01 1.432525113711142239e+02
-8.841038134203488497e+00 -1.645777242107473626e+01 1.233940427013099850e+02
-1.136208616337474986e+01 -1.040038367881822801e+01 1.562793548254297491e+02
-6.843571168822192519e+00 -1.485158931988681452e+01 1.423229701674290197e+02
-1.209609009412042724e+01 -1.505476532211025109e+01 1.157439405113383089e+02
-7.851832731695116863e+00 -1.202574028678944984e+01 1.587352690711638843e+02
-3.188104607634781207e+00 -2.036040626636910655e+00 2.211384421994605702e+02
-1.008951196366463954e+01 -6.072413908580783115e+00 2.002105201879751633e+02
-3.244154781203438365e+00 -5.424211027859277223e+00 2.128820316214307979e+02
-6.305344058320859091e+00 2.461696235513067751e-02 2.050500881757195941e+02
-6.526988681453711472e+00 -7.413045899828877516e+00 2.006770140050887505e+02
-1.930728073575891557e+01 -1.218870374477361018e+01 1.059771838575238405e+02
-1.508144980102052912e+01 -9.539574239672250044e+00 1.574997834055515114e+02
-2.027971289345012451e+01 -8.788970049127962980e+00 1.180774975776520392e+02
-1.542966369010550309e+01 -1.352650689267666806e+01 1.064304838351594782e+02
-1.843313620272535402e+01 -7.599637029687925427e+00 1.510161646281589753e+02
-1.343190410928550982e+01 -1.224601486743016743e+01 1.342235579974384621e+02
-1.257521613805189808e+01 3.953367167546294247e+00 1.803391420381581156e+02
-1.200817335581813339e+01 -3.565218853844554392e+00 1.725893578068994429e+02
-1.429617354897068893e+01 1.710574798325052548e+00 1.580336258705653734e+02
-9.856570294402368759e+00 1.907286554400202894e+00 1.951642626233839906e+02
-1.438138345884930480e+01 -1.969872248923118851e+00 1.594735771943460065e+02
-9.056935089056709742e+00 -1.801758181021146488e+00 1.868209602857478160e+02
-1.521645135476362753e+01 -1.922520353209886323e+01 -1.983796779994102266e+01
-1.950163775580082870e+01 -1.537212262372069027e+01 -5.814158764804015789e+01
-1.470179634555045389e+01 -2.011842130055602240e+01 -5.284977484761653699e+01
-1.642610746106189623e+01 -1.718600894166856818e+01 -4.424685381081238517e-02
-2.143217723927466523e+01 -3.332501210847581774e+00 -1.064095873481781638e+02
-2.032928353871821869e+01 -9.284357534822902380e+00 -8.218372904065817863e+01
-1.130401727859425876e+01 -1.826330114897140078e+01 -1.026145935060329180e+02
-1.745480097935404373e+01 -1.481373247237620205e+01 -8.411702996788228859e+01
-1.335931434176476529e+01 -1.984366765437523128e+01 -8.231588966140675723e+01
-1.679011040716854453e+01 -1.834636596856708479e+01 -7.199256275974568098e+01
-2.025076628839075710e+01 -1.258551876123341984e+01 3.642945763012217952e+01
-1.985024675116271453e+01 -1.234013548993097942e+01 -3.546651759756392153e+01
-1.861861767437430615e+01 -1.448384556987800842e+01 1.873614775461999216e+01
-1.876127128701293856e+01 -1.462672353591752916e+01 -1.930197837287753515e+01
-1.397693068712595199e+01 1.766856694396993177e+01 -1.807101618786232677e+01
-1.757024801120913438e+01 1.382117400904351889e+01 -5.141345152961046239e+01
-1.358325186791323524e+01 1.867195499053426744e+01 -4.884126258593640557e+01
-1.582935386682890311e+01 1.645078810340386610e+01 -1.926780794945263248e-02
-2.039482622681781265e+01 3.206613096430492416e+00 -9.922839316824968137e+01
-1.973087545922753705e+01 8.900148486183473651e+00 -8.031724704483056598e+01
-1.096149573959745105e+01 1.819301048966458723e+01 -1.018962099329990281e+02
-1.665056975576164078e+01 1.402937527168339926e+01 -7.974824775380777453e+01
-1.286887849813681406e+01 1.929457620119924144e+01 -7.962201720315117370e+01
-1.551501763018221070e+01 1.705769221631651789e+01 -6.699293346656294545e+01
-1.855689704996294154e+01 1.168151447369545970e+01 3.330037195713396159e+01
-1.874093955527913025e+01 1.182563148870230130e+01 -3.338845826572065079e+01
-1.762079315770677468e+01 1.375038025502331251e+01 1.796907174108245897e+01
-1.794928019443044320e+01 1.400675941960416537e+01 -1.840948735018343640e+01
-3.054075332975282109e+00 1.083881467704488877e+01 -1.721999123073461817e+02
-8.921775033554823153e+00 8.682050665100714326e+00 -1.719806787182337473e+02
-4.802694469757157414e+00 1.287022491637344146e+01 -1.572802526838102040e+02
-3.108342276459641340e+00 8.530070466698047582e+00 -1.944344098340522180e+02
-1.869464079245794252e+01 1.860435762379641256e+00 -1.277478829957491087e+02
-1.395771495475723434e+01 5.452380141520394297e+00 -1.541121702108859495e+02
-1.909523611514557118e+01 5.221228783888613556e+00 -1.217331013216406035e+02
-8.819750958421767706e+00 1.649124612755799646e+01 -1.236874811439006976e+02
-1.112010734661200928e+01 1.069813325532362036e+01 -1.565114701538219890e+02
-6.837731403129133412e+00 1.492772450353847802e+01 -1.432313534637038117e+02
-1.192375222690002090e+01 1.511522769148366940e+01 -1.154085651955943348e+02
-7.779706258683422249e+00 1.164413238634880088e+01 -1.555243999488209852e+02
-2.815917276663189028e+00 2.007063600842150741e+00 -2.055710080700964397e+02
-9.606406381918231929e+00 5.533374172099437160e+00 -1.895478711134538514e+02
-3.269694295972042308e+00 5.380041348681181113e+00 -2.099314018515175064e+02
-6.577526729117219695e+00 7.470109556547196661e+00 -1.988312290383874767e+02
-1.744604866531573606e+01 1.126133586994093783e+01 -9.428626317639451315e+01
-1.382327844475068623e+01 8.790898224407483141e+00 -1.442206502203231935e+02
-1.885656039235476911e+01 8.320061663018389453e+00 -1.107662307026065776e+02
-1.486435758007304209e+01 1.311370717952469356e+01 -1.039337776590303406e+02
-1.678734835300952355e+01 6.992382348131000569e+00 -1.364214496017397664e+02
-1.304250465915565727e+01 1.194840098796423611e+01 -1.312035392189550009e+02
-3.282145468240074138e+00 -1.177139489459313637e+01 -1.859736456595625498e+02
-9.458147879709086325e+00 -9.235514657801845217e+00 -1.840019030482241078e+02
-5.456169068550644319e+00 -1.434562968848050168e+01 -1.757215355860088835e+02
-3.284701204905743577e+00 -8.687253715668656895e+00 -2.007773032825754171e+02
-1.977000294057258145e+01 -2.039530418742752538e+00 -1.379079978020024271e+02
-1.518478493005966712e+01 -5.920807277496510146e+00 -1.673637819768010786e+02
-1.959519845802990545e+01 -5.403892164230079231e+00 -1.242245235180040623e+02
-1.772316217146308759e+01 5.348868047925329355e-02 -1.551046221583767988e+02
-9.624545498055896431e+00 -1.747360047263123306e+01 -1.331630426208217273e+02
-1.115056528359386157e+01 -1.045590133383121056e+01 -1.557234237073047893e+02
-7.632275897318738345e+00 -1.675121666339106952e+01 -1.608235341171282187e+02
-1.223228583501163591e+01 -1.517878693127171452e+01 -1.160619242434833751e+02
-8.309722962806937119e+00 -1.288111113429867416e+01 -1.703881257525744104e+02
-3.266416711058272249e+00 -1.892627601740668464e+00 -2.166456792438022205e+02
-9.677237261853552042e+00 -5.761731517254776058e+00 -1.932741497619068127e+02
-3.309565684584263590e+00 -5.319732285681593176e+00 -2.112482102416299199e+02
-5.512681662386386350e+00 6.500114394573783261e-02 -1.861783011193401762e+02
-6.513616749892876534e+00 -7.366368605889110022e+00 -1.992856341180606705e+02
-1.805930198001097864e+01 -1.176711154846493379e+01 -9.791744702164740488e+01
-1.438302213878966818e+01 -9.394725870807311807e+00 -1.513982170150228228e+02
-1.958033884003696556e+01 -8.555465210608815596e+00 -1.148964494220266630e+02
-1.533191953227644788e+01 -1.359543324643350104e+01 -1.078051408185418438e+02
-1.697180298528149223e+01 -7.135850535387818105e+00 -1.372103019986657841e+02
-1.325119837596190386e+01 -1.200551430471234404e+01 -1.319771183121904130e+02
-1.177201730785111344e+01 3.375570761314909074e+00 -1.697245295747892726e+02
-1.288531247793846823e+01 -3.769864989978100045e+00 -1.854500601048889337e+02
-1.508094714254360547e+01 1.980075154291657924e+00 -1.676125538561868495e+02
-8.863818030703017214e+00 1.678629289879012054e+00 -1.800069458940174911e+02
-1.626002518776602557e+01 -2.011007507940122174e+00 -1.806913498845676713e+02
-8.771192826318795710e+00 -1.804745149089157064e+00 -1.778851044656250622e+02
-2.196913986424218379e+01 -4.474448732731057914e-03 8.575566312087674703e+01
-2.265453660967286353e+01 8.778822301575218284e-03 2.990583710032045062e+01
-2.342814775507754632e+01 -3.483746774697981330e+00 8.363803715819386753e+01
-2.213247429750086326e+01 3.147248045988864540e+00 7.890800354271593164e+01
-2.189928239890102546e+01 -5.208849232190136680e-02 -8.802638086593033506e+01
-2.268418275032718512e+01 3.393263235960917307e-02 -3.047602518491590473e+01
-2.224761517979005987e+01 -3.224666781815011873e+00 -7.943421915926694510e+01
-2.133919916134468409e+01 3.107707922919900945e+00 -7.432631812338428290e+01
-2.153875833663004613e+01 -9.558508602857724412e+00 5.376376545218586500e+01
-2.194212403018449464e+01 -2.947826467555325625e+00 1.768522388434971049e+01
-2.372801864472403466e+01 -6.715945392322562491e+00 7.397990067870654229e+01
-2.025145688694332691e+01 -8.756764449166940523e+00 1.709047262716893556e+01
-2.353981029595633956e+01 -3.067082521811957285e+00 5.147294306767794581e+01
-2.005351388111745692e+01 8.712877391065461552e+00 5.002129994322716300e+01
-2.183143314001679514e+01 2.920206127492666948e+00 1.772610479615424239e+01
-2.164855073220695303e+01 6.125853013889876131e+00 6.624521972336474107e+01
-1.996826153413321592e+01 8.694429450141758053e+00 1.714455426773138313e+01
-2.282336827213825359e+01 3.125539708742674616e+00 5.015041829865182876e+01
-2.049403484703630696e+01 -9.130401662190637424e+00 -5.060673314568632719e+01
-2.193165977022560043e+01 -2.888730733964880670e+00 -1.769007964552528378e+01
-2.167016488891957238e+01 -6.161485428823396227e+00 -6.603611433370365091e+01
-2.000216432105596454e+01 -8.729540163174597467e+00 -1.674563389596242402e+01
-2.232262645422476410e+01 -3.036627666499920775e+00 -4.869139518603666517e+01
-2.103525270362488797e+01 -5.859743639433490969e+00 8.778156864697254924e-02
-2.029759338016669545e+01 8.819964596345617025e+00 -5.111163111289284444e+01
-2.211251919739414973e+01 2.916199627694181284e+00 -1.784511496275522546e+01
-2.127624237026912013e+01 6.060155600944381327e+00 -6.586301604753390393e+01
-1.986054272364566486e+01 8.623477112624684082e+00 -1.693296408922541474e+01
-2.207542433489010847e+01 2.947010184513930930e+00 -4.723625722337299493e+01
-2.078293736179407603e+01 5.711782348610864091e+00 1.816811011440286686e-02
1.464564299368771927e+01 -1.866057419355768587e+01 1.849488045608948283e+01
1.739319922796922668e+01 -1.380050516274578065e+01 5.103017681374781489e+01
1.373543118659454088e+01 -1.913059483273140771e+01 4.823181416665029531e+01
1.990754132141848842e+01 -3.187530290214793727e+00 9.790980519056488163e+01
1.994271690313470557e+01 -8.951958097167535655e+00 8.095419112082102231e+01
1.091704078898339958e+01 -1.829346685681745655e+01 1.010051524881709639e+02
1.633184031173818695e+01 -1.387266682058239553e+01 7.813865407293504006e+01
1.239173385875523969e+01 -1.882120396815435726e+01 7.537358381736493129e+01
1.512823570142896656e+01 -1.663943906450941768e+01 6.493307907674440571e+01
1.367065334975648483e+01 1.741101584346041875e+01 1.737334813202473072e+01
1.704936232422137010e+01 1.325710968550663971e+01 4.923329190607895356e+01
1.270613937967546825e+01 1.768529188039895672e+01 4.522335650193127066e+01
1.987697291422573187e+01 3.097275635333641919e+00 9.803437670084498734e+01
1.908972696421509951e+01 8.559994965505273612e+00 7.657550569757829351e+01
1.097960887270534514e+01 1.803069382752937955e+01 9.919795805127732535e+01
1.687408693191958875e+01 1.399601432753964225e+01 8.194590804190474387e+01
1.181841172272647889e+01 1.788176521801435470e+01 7.167247049079439591e+01
1.453234691261738121e+01 1.617422803954439914e+01 6.307462827457071342e+01
3.060469409584485323e+00 1.128185617327011236e+01 1.787535216101048832e+02
9.233380239271607337e+00 9.082581479367268784e+00 1.783815290718256392e+02
4.948688885285303485e+00 1.316050753452384825e+01 1.612734587234696164e+02
3.377115844287504665e+00 9.139734959697443983e+00 2.102270391706557575e+02
1.784032593906251662e+01 1.766260855085606485e+00 1.227666023017457491e+02
1.449937227269245454e+01 5.804943866720106094e+00 1.598829734752025331e+02
1.834205232682000997e+01 4.870080921033894228e+00 1.157044841962526078e+02
9.448965708913240391e+00 1.760446917752192064e+01 1.332124125243330184e+02
1.129569010524753914e+01 1.075968634919681222e+01 1.585248037687296971e+02
7.051047841176697695e+00 1.521633584417283203e+01 1.462290400775780768e+02
1.269953917651821307e+01 1.559985712154429116e+01 1.214500778919707926e+02
8.061791547873623287e+00 1.212875541520490330e+01 1.615327784440619894e+02
3.352705540709486787e+00 1.887552685782472039e+00 2.261233935065275773e+02
9.850751924916576030e+00 5.890711811986983015e+00 1.995434658533316394e+02
3.226199048846752238e+00 5.386191656583697807e+00 2.137369139923109458e+02
6.906970857983825596e+00 7.903778750622322491e+00 2.111974715766719441e+02
1.788237907419025419e+01 1.163352217057039262e+01 9.815720695389890693e+01
1.431361763765272066e+01 9.148178164337281260e+00 1.496822707874786431e+02
1.843906048333115777e+01 8.043675048579089548e+00 1.065295942414402646e+02
1.567856581240893199e+01 1.368859258175646865e+01 1.102656000222751658e+02
1.685341644072770606e+01 7.002291656800030850e+00 1.367754416096658758e+02
1.321747677922020436e+01 1.213484338956635789e+01 1.324738458426647014e+02
3.041240553643878464e+00 -1.078513195502673483e+01 1.717066173495037162e+02
8.478470666135477174e+00 -8.407211943972630053e+00 1.665634059843895329e+02
5.067230967029391131e+00 -1.347674965791142121e+01 1.651026609393383069e+02
3.221751819860700916e+00 -8.600257538693659498e+00 1.966591476905431080e+02
1.801909651114931421e+01 -1.839682455639452430e+00 1.244403701224241843e+02
1.395302182514662448e+01 -5.586030836239085140e+00 1.535168068321583235e+02
1.838687515681439066e+01 -5.027565107065901095e+00 1.161088061807481040e+02
1.635703350383642984e+01 -5.344572367106494026e-02 1.431029993823378277e+02
9.000619947782370289e+00 -1.695328387208959953e+01 1.270306064541571516e+02
1.129446474000697087e+01 -1.069297592358781657e+01 1.586882743269168827e+02
7.008616119224738483e+00 -1.541745761233551271e+01 1.472281568943666343e+02
1.213350372447327885e+01 -1.519540003678516804e+01 1.168174962801442547e+02
8.338032356729057071e+00 -1.240458256967072082e+01 1.663477566681275448e+02
3.049614145366000173e+00 -1.771138438247734648e+00 2.141632445112409471e+02
8.988312940248112781e+00 -5.399344670967796134e+00 1.840270675142835728e+02
3.191738590767858597e+00 -5.363342919026168332e+00 2.102066179179238077e+02
7.053749323398858628e+00 9.861354598674517205e-03 2.234239145024852462e+02
6.147545027007832452e+00 -7.064593650810016889e+00 1.900345195617977367e+02
1.783274711935928281e+01 -1.141085127680786471e+01 9.740480576856667483e+01
1.431759571172389300e+01 -9.055252623292624037e+00 1.494382723820310161e+02
1.901211832061973794e+01 -8.319192946530383992e+00 1.120024687630562568e+02
1.473344835534867947e+01 -1.297994753306518234e+01 1.018790432324866515e+02
1.653987672846724521e+01 -6.896493911635304563e+00 1.340662414668069289e+02
1.297439015829446340e+01 -1.182801178176207024e+01 1.296542998575630179e+02
1.281285799974425643e+01 4.054488097709370464e+00 1.837365249996166483e+02
1.259201571340081038e+01 -4.103510742051293292e+00 1.804932037735349013e+02
1.445742787988397637e+01 1.873186577246726658e+00 1.596181049149260218e+02
1.083434940471718733e+01 2.210924419391449458e+00 2.150462458145711935e+02
1.432950231242851657e+01 -1.783649592483229629e+00 1.581348486916794798e+02
1.044429138376031396e+01 -2.169949290121328644e+00 2.079364774433725529e+02
1.401594745887394211e+01 -1.778267803794713942e+01 -1.800304805102123140e+01
1.755566431035837383e+01 -1.381731050740278555e+01 -5.142097159696450603e+01
1.357491994166373317e+01 -1.869174290989321463e+01 -4.873835410955469172e+01
1.596469092333358297e+01 -1.662400379927000316e+01 1.166304697627347509e-02
2.015577976422376949e+01 -3.130185394166647317e+00 -9.889783171043477239e+01
1.973384515239294501e+01 -8.892391778674227254e+00 -8.034485839007992070e+01
1.092722711193592922e+01 -1.817698593617774705e+01 -1.018755761616023392e+02
1.664094997614646232e+01 -1.402255223761961034e+01 -7.974158773706919590e+01
1.287446927798380258e+01 -1.930659650498301261e+01 -7.960770804637910203e+01
1.553490227915412092e+01 -1.706416420568079673e+01 -6.696729660126646877e+01
1.865019754242528904e+01 -1.169100957374697280e+01 3.332086257793122286e+01
1.872775303958767168e+01 -1.184919986794811919e+01 -3.338130370044927275e+01
1.772210171853705774e+01 -1.385901268053349611e+01 1.798876811085028748e+01
1.796414895620048569e+01 -1.401074625507671811e+01 -1.839053410039396752e+01
1.432846411454455193e+01 1.817039056899159277e+01 -1.840345105132164250e+01
1.924793455075587545e+01 1.501402134283467582e+01 -5.692851867471613048e+01
1.454552359481201584e+01 2.001551208164491769e+01 -5.229663888450262021e+01
1.549542103072482568e+01 1.611173046325829361e+01 -1.181814468276212726e-01
2.043814517020441457e+01 3.227496853291244250e+00 -1.010177010909186350e+02
2.018011135252685051e+01 9.158070175692431647e+00 -8.179037372492489055e+01
1.182683860702358913e+01 1.910389616996484108e+01 -1.081032243528910044e+02
1.799384073963146236e+01 1.517380409878088621e+01 -8.680759718330534724e+01
1.375000779768165060e+01 2.037727546176451199e+01 -8.503870196734743558e+01
1.701788167930035556e+01 1.871176625939773785e+01 -7.388231526636329249e+01
1.925069702669631866e+01 1.206023892810299891e+01 3.456412400641556104e+01
1.968361728028716229e+01 1.221968741702112915e+01 -3.478051158227104622e+01
1.755662708150101636e+01 1.367482181234674776e+01 1.751802313068008488e+01
1.814309786102076316e+01 1.402567906060686198e+01 -1.838652048634710923e+01
3.120152340850416817e+00 1.131626687354352967e+01 -1.787922567882664282e+02
8.732353830788044391e+00 8.657820229539705537e+00 -1.707361658126447423e+02
5.222227366862859377e+00 1.375541309783869437e+01 -1.689946048400103393e+02
2.980138919893773330e+00 8.007894711783857034e+00 -1.839103525504599190e+02
1.818162360023426061e+01 1.898170273456873280e+00 -1.254543420999368948e+02
1.382080142856850635e+01 5.498306027307478416e+00 -1.522962005515549890e+02
1.861895373413995003e+01 5.033769575042023270e+00 -1.182797545259404188e+02
9.492309772375316257e+00 1.767574332177522933e+01 -1.338426542753700517e+02
1.176994384342634703e+01 1.123955902331121948e+01 -1.655565228648889615e+02
7.408466759841677352e+00 1.610605483113848280e+01 -1.549151388998733410e+02
1.243485396934816123e+01 1.567522538653802222e+01 -1.193947122389551794e+02
8.244028420090927511e+00 1.232279904314201602e+01 -1.653509502043003181e+02
2.946910077481864398e+00 1.850561626961606310e+00 -2.067376590173553836e+02
9.154939798495409065e+00 5.572419039335131608e+00 -1.854172009826568228e+02
2.978716232190172342e+00 4.968916361802639514e+00 -1.970461026076258975e+02
5.778348378517618400e+00 6.703662172088021620e+00 -1.813526559363429840e+02
1.835106487610998016e+01 1.186681103267848059e+01 -1.000615781348466129e+02
1.440996591421003004e+01 9.130641475748962677e+00 -1.502570852395855354e+02
1.871707728289867489e+01 8.263747138297105721e+00 -1.084615798056967861e+02
1.561270973649969385e+01 1.378399432716387984e+01 -1.094374327451966735e+02
1.646114455436212509e+01 6.789845044066519009e+00 -1.327276059359822398e+02
1.371406516524930019e+01 1.256155099096852190e+01 -1.386294432430427150e+02
3.015854380763371978e+00 -1.141294604198238538e+01 -1.801622758482196218e+02
9.391664194373921859e+00 -9.008750089215427082e+00 -1.788951941648337254e+02
4.814684284671247205e+00 -1.291919316106872806e+01 -1.574516308895044574e+02
3.464318738496725114e+00 -9.444464909886024273e+00 -2.157447570167348658e+02
1.898915362467236889e+01 -1.880317176250938749e+00 -1.314434649281388658e+02
1.502440436314098093e+01 -5.807534935508282814e+00 -1.650073715469017941e+02
1.910596841385584099e+01 -5.290822004920632260e+00 -1.217928608186977613e+02
1.688566306174776344e+01 8.606039957783837013e-02 -1.475811254673815824e+02
8.832067646180021825e+00 -1.645918199598028409e+01 -1.236730732593589011e+02
1.117984864585310589e+01 -1.063403791195942638e+01 -1.566343357600295860e+02
6.851938969636513832e+00 -1.489621449722693924e+01 -1.432463682470744004e+02
1.191593781396946916e+01 -1.510647763408039701e+01 -1.154175340998007897e+02
7.806335728982606526e+00 -1.170090759283249682e+01 -1.557109288074766198e+02
3.365002162022019849e+00 -1.880566871061328804e+00 -2.248559463352580110e+02
1.023339750771739354e+01 -5.677266055253624266e+00 -2.014491760647441652e+02
3.641948186217748518e+00 -5.958488850239639589e+00 -2.329386768897861089e+02
6.279323805388434820e+00 1.101146017094016688e-01 -2.027164996373482779e+02
7.305603415630990582e+00 -8.242762237713700202e+00 -2.183943525072038483e+02
1.746308392589827108e+01 -1.126904890681264249e+01 -9.428024588959259233e+01
1.376277602875382122e+01 -8.990124814019148758e+00 -1.443946192442629979e+02
1.885497946314624329e+01 -8.298721645840549499e+00 -1.107446739808275851e+02
1.487351154226158378e+01 -1.312363042767427856e+01 -1.039115329544786732e+02
1.684430837741207299e+01 -7.044210434357805362e+00 -1.365491132974099457e+02
1.305080476605375850e+01 -1.196316049942548609e+01 -1.312111472919548874e+02
1.223944158961933404e+01 3.814203610758291951e+00 -1.764878370101175733e+02
1.304095541883233977e+01 -3.784894353551728319e+00 -1.862724492664729041e+02
1.434036555401810809e+01 1.745761520000330469e+00 -1.590424202348873166e+02
9.761480785473366950e+00 2.003086741542862370e+00 -1.950120417384985103e+02
1.562211824730506216e+01 -1.949289137598873678e+00 -1.725744861268945556e+02
9.422178401059539965e+00 -1.954756514725523031e+00 -1.916572842417509150e+02
2.079894948783978847e+01 -9.312027029392130895e-02 8.251079198707624585e+01
2.221396971633378570e+01 1.487042893800253340e-01 2.933262086881515884e+01
2.190458894788914890e+01 -3.123879377311966188e+00 7.889837293265671292e+01
2.093097098113181431e+01 2.979995815220571220e+00 7.393510316813363659e+01
2.095439789980740031e+01 9.497809864432797330e-03 -8.353006448809547635e+01
2.281189832565600284e+01 3.889837391418660140e-02 -3.003610948104157075e+01
2.112447993626541276e+01 -3.053528282012042183e+00 -7.427591681591169959e+01
2.126754245514093355e+01 3.068259562089015180e+00 -7.544782229580818012e+01
2.008839620051828234e+01 -8.760729679600551378e+00 5.002233421010817693e+01
2.183604190086020580e+01 -2.895996078891049041e+00 1.773607682658810702e+01
2.162930280366256142e+01 -6.103638190502603145e+00 6.626791743496374920e+01
1.995816908073559759e+01 -8.678305900157102570e+00 1.713813834174494488e+01
2.259665689180885551e+01 -3.088113190781349271e+00 5.012077386400004997e+01
2.066709102547281063e+01 8.920396637557674424e+00 5.287457012252363597e+01
2.236012517618923923e+01 3.022800074918800650e+00 1.771626435454907167e+01
2.078628359066234310e+01 6.073957729269856110e+00 6.394596142357622170e+01
2.103462824157263711e+01 8.996112051271881072e+00 1.829808202087213687e+01
2.166761936395297994e+01 2.996613239208380186e+00 4.614351861387460474e+01
2.029101695113157788e+01 -8.827362601800112785e+00 -5.108958107093224754e+01
2.219139962893668638e+01 -2.889821931454384707e+00 -1.784650338320562568e+01
2.122814725070334063e+01 -6.061899178256036969e+00 -6.586138503312095338e+01
1.987241001061207157e+01 -8.617817379023472668e+00 -1.694558012706590233e+01
2.198457926133488982e+01 -2.924449451726461646e+00 -4.722594435327393825e+01
2.077440631231199220e+01 -5.702031887447246206e+00 4.265794051827588064e-03
2.086559627709604570e+01 9.118012356236670612e+00 -5.209751250397778932e+01
2.319062511257693515e+01 3.120415234042961838e+00 -1.897180402806588262e+01
2.121634115187195135e+01 6.055038198283392958e+00 -6.477890452928258469e+01
2.097731616442755964e+01 8.977768472826321400e+00 -1.772466228666140253e+01
2.223134840190415318e+01 3.057973398569482359e+00 -4.818850539472386885e+01
2.213422438600315445e+01 6.145977842719641870e+00 -1.775434478628254778e-02
