-1.204675589505654898e-05 1.949205952556098964e-05 2.404972408727750838e-12
1.204675589505654898e-05 1.949205952556098964e-05 -2.405203147116356792e-12
-1.204675589505654898e-05 -1.949205952556098964e-05 -2.405195670887754603e-12
1.204675589505654898e-05 -1.949205952556098964e-05 2.404972409108735365e-12
5.600416213305109587e-12 -1.204749031025187378e-05 3.897190494583924192e-05
-5.600408747656224577e-12 1.204749031025187378e-05 3.897190494583924192e-05
-5.600443101574678940e-12 -1.204749031025187378e-05 -3.897190494583924192e-05
5.600443101580305222e-12 1.204749031025187378e-05 -3.897190494583924192e-05
1.949444732929350721e-05 -4.393246647262113528e-12 -2.408478476212394526e-05
1.949444732929350721e-05 4.393171919243731958e-12 2.408478476212394526e-05
-1.949444732929350721e-05 4.393246647275517247e-12 -2.408478476212394526e-05
-1.949444732929350721e-05 -4.393171919133895458e-12 2.408478476212394526e-05
3.950057232982926389e-17 2.292035454587448839e-05 -4.893899264372816694e-18
-3.095514494377276863e-18 -2.292035454587448839e-05 2.735464461972506355e-17
-7.085737204093334185e-06 -1.854915274179802509e-05 2.291243608709692126e-05
7.085738864986979024e-06 -1.854915511856347621e-05 2.291244160090855075e-05
-7.085738864986979024e-06 1.854915511856347621e-05 2.291244160090855075e-05
7.085737204093334185e-06 1.854915274179802509e-05 2.291243608709692126e-05
4.306910914806312303e-18 -4.602724347238012841e-17 4.582358057803048723e-05
-7.085738864986979024e-06 -1.854915511856347621e-05 -2.291244160090855075e-05
7.085737204093334185e-06 -1.854915274179802509e-05 -2.291243608709692126e-05
-7.085737204093334185e-06 1.854915274179802509e-05 -2.291243608709692126e-05
7.085738864986979024e-06 1.854915511856347621e-05 -2.291244160090855075e-05
-7.324165290391690974e-22 6.825112101905773595e-23 -4.582358057803048723e-05
1.854528849420944425e-05 1.146220261816210950e-05 -1.415954139716291138e-05
1.854529365274970587e-05 -1.146220490078064813e-05 -1.415954594108370657e-05
1.146301551102624217e-05 -7.083738923441273982e-06 -3.707480286507802703e-05
1.146301526944171201e-05 7.083740236168978299e-06 -3.707480809467256222e-05
1.854529365274970587e-05 1.146220490078064813e-05 1.415954594108370657e-05
1.854528849420944425e-05 -1.146220261816210950e-05 1.415954139716291138e-05
1.146301526766535517e-05 -7.083740236168978299e-06 3.707480809467256222e-05
1.146301551280259901e-05 7.083738923441273982e-06 3.707480286507802703e-05
2.292642480483664258e-05 2.212254809022493723e-17 2.151695774657707765e-17
-1.854529365274970587e-05 1.146220490078064813e-05 -1.415954594108370657e-05
-1.854528849420944425e-05 -1.146220261816210950e-05 -1.415954139716291138e-05
-1.146301526944171201e-05 -7.083740236168978299e-06 -3.707480809467256222e-05
-1.146301551102624217e-05 7.083738923441273982e-06 -3.707480286507802703e-05
-1.854528849420944425e-05 1.146220261816210950e-05 1.415954139716291138e-05
-1.854529365274970587e-05 -1.146220490078064813e-05 1.415954594108370657e-05
-1.146301551280259901e-05 -7.083738923441273982e-06 3.707480286507802703e-05
-1.146301526766535517e-05 7.083740236168978299e-06 3.707480809467256222e-05
-2.292642480483664258e-05 -2.159944386608917819e-17 2.212903409374578505e-17
-6.263981289222897431e-06 2.204404996319908605e-05 -1.649616456299141280e-12
6.263981289222897431e-06 2.204404996319908605e-05 1.649565641055105056e-12
-6.263981289222897431e-06 -2.204404996319908605e-05 1.649593288106516776e-12
6.263981289222897431e-06 -2.204404996319908605e-05 -1.649608484120633590e-12
-9.944660387617432207e-06 -1.977120017571110111e-05 1.190489721913934318e-05
-3.681140491984535856e-06 -1.590166510112567266e-05 3.216771492020598089e-05
-3.778686921585006075e-06 -2.180300722187666906e-05 1.201390725391604519e-05
9.944650837923063591e-06 -1.977120129481590993e-05 1.190492748115445920e-05
3.681149100209779590e-06 -1.590167099507766579e-05 3.216770235070498529e-05
3.778671717746817649e-06 -2.180300657528277952e-05 1.201388680183157476e-05
1.460014011728025868e-11 -1.949446112092800831e-05 2.415025567081841018e-05
-9.944650837923063591e-06 1.977120129481590993e-05 1.190492748115445920e-05
-3.681149100209779590e-06 1.590167099507766579e-05 3.216770235070498529e-05
-3.778671717746817649e-06 2.180300657528277952e-05 1.201388680183157476e-05
9.944660387617432207e-06 1.977120017571110111e-05 1.190489721913934318e-05
3.681140491984535856e-06 1.590166510467838634e-05 3.216771492020598089e-05
3.778686921585006075e-06 2.180300722187666906e-05 1.201390725391604519e-05
-1.460015071544048910e-11 1.949446112092800831e-05 2.415025567081841018e-05
-9.258851104411464574e-13 -6.262847056959230940e-06 4.407248416526954315e-05
9.256406805657048129e-13 6.262847056959230940e-06 4.407248416526954315e-05
-9.944650837923063591e-06 -1.977120129481590993e-05 -1.190492748115445920e-05
-3.681149100209779590e-06 -1.590167099863037947e-05 -3.216770235070498529e-05
-3.778671717746817649e-06 -2.180300657528277952e-05 -1.201388680183157476e-05
9.944660387617432207e-06 -1.977120017571110111e-05 -1.190489721913934318e-05
3.681140491984535856e-06 -1.590166510112567266e-05 -3.216771492020598089e-05
3.778686921585006075e-06 -2.180300722187666906e-05 -1.201390725391604519e-05
-1.460003665690891312e-11 -1.949446112092800831e-05 -2.415025567081841018e-05
-9.944660387617432207e-06 1.977120017571110111e-05 -1.190489721913934318e-05
-3.681140491984535856e-06 1.590166510112567266e-05 -3.216771492020598089e-05
-3.778686921585006075e-06 2.180300722187666906e-05 -1.201390725391604519e-05
9.944650837923063591e-06 1.977120129481590993e-05 -1.190492748115445920e-05
3.681149100209779590e-06 1.590167099863037947e-05 -3.216770235070498529e-05
3.778671717746817649e-06 2.180300657528277952e-05 -1.201388680183157476e-05
1.460004050725033899e-11 1.949446112092800831e-05 -2.415025567081841018e-05
9.259451863511212098e-13 -6.262847056959230940e-06 -4.407248416526954315e-05
-9.259451870595878739e-13 6.262847056959230940e-06 -4.407248416526954315e-05
1.589885292929693605e-05 1.609011717462749402e-05 -7.357321451628706654e-06
1.977201159775177075e-05 5.955360510512264227e-06 -1.987927302948833130e-05
1.346961913739619376e-05 1.580171517190365194e-05 -1.943908831592011666e-05
1.589886991837374808e-05 -1.609009980185760469e-05 -7.357346300196354605e-06
1.977200988179106389e-05 -5.955378346911288645e-06 -1.987926310675902641e-05
1.346964146975437870e-05 -1.580169521986363179e-05 -1.943907596313465547e-05
5.955391509715468601e-06 -9.944406569317720823e-06 -3.952623443481684262e-05
1.609198535135192287e-05 -3.680724731225382129e-06 -3.178695228100991699e-05
9.719995246015855628e-06 -1.348895411723560755e-05 -3.157659833519232961e-05
6.010212711515805495e-06 -3.752437944370967671e-06 -4.358977999530111447e-05
1.581040923070986537e-05 -9.710165432608164338e-06 -2.694070738584741775e-05
5.955392691880945222e-06 9.944404347095314733e-06 -3.952623545444566844e-05
1.609197640561887965e-05 3.680736493372194218e-06 -3.178696794137181314e-05
9.720007321689649871e-06 1.348894310382320327e-05 -3.157661262775945943e-05
6.010202636907990836e-06 3.752431312342707770e-06 -4.358979167662369036e-05
1.581040796949650939e-05 9.710164038168045408e-06 -2.694068757946865844e-05
1.207887227216986048e-05 1.113593311286559845e-11 -3.895615756732695445e-05
1.589886991837374808e-05 1.609009980185760469e-05 7.357346300196354605e-06
1.977200988179106389e-05 5.955378346911288645e-06 1.987926310675902641e-05
1.346964146975437870e-05 1.580169521986363179e-05 1.943907596313465547e-05
1.947090790821448536e-05 1.211202143913681084e-05 -8.554966856048003797e-12
1.589885292929693605e-05 -1.609011717462749402e-05 7.357321451628706654e-06
1.977201159775177075e-05 -5.955360509624085807e-06 1.987927302948833130e-05
1.346961913739619376e-05 -1.580171517190365194e-05 1.943908831592011666e-05
1.947090790821448536e-05 -1.211202143913681084e-05 8.554856295715101884e-12
5.955392691880945222e-06 -9.944404345318957894e-06 3.952623545444566844e-05
1.609197640561887965e-05 -3.680736493372194218e-06 3.178696794137181314e-05
9.720007321689649871e-06 -1.348894310382320327e-05 3.157661262775945943e-05
6.010202636907990836e-06 -3.752431311454529350e-06 4.358979167662369036e-05
1.581040796949650939e-05 -9.710164038168045408e-06 2.694068757946865844e-05
5.955391509715468601e-06 9.944406569317720823e-06 3.952623443481684262e-05
1.609198535135192287e-05 3.680724730337203709e-06 3.178695228100991699e-05
9.719995246015855628e-06 1.348895411723560755e-05 3.157659833519232961e-05
6.010212711515805495e-06 3.752437944370967671e-06 4.358977999530111447e-05
1.581040923070986537e-05 9.710165432608164338e-06 2.694070738584741775e-05
1.207887227216986048e-05 -1.113587896179563492e-11 3.895615756732695445e-05
2.204641991454536765e-05 -1.265491993897479914e-12 -1.252067871249096243e-05
2.204641991454536765e-05 1.265481614998164308e-12 1.252067871249096243e-05
2.181332705220029311e-05 5.993931646131045454e-06 -7.499594592452751840e-06
2.181331853989831870e-05 -5.993957707062236295e-06 -7.499609676386853607e-06
2.181331853989831870e-05 5.993957706174057876e-06 7.499609677275032027e-06
2.181332705220029311e-05 -5.993931646131045454e-06 7.499594592452751840e-06
-1.589886991837374808e-05 1.609009980185760469e-05 -7.357346300196354605e-06
-1.977200988179106389e-05 5.955378346911288645e-06 -1.987926310675902641e-05
-1.346964146975437870e-05 1.580169521986363179e-05 -1.943907596313465547e-05
-1.589885292929693605e-05 -1.609011717462749402e-05 -7.357321451628706654e-06
-1.977201159775177075e-05 -5.955360510512264227e-06 -1.987927302948833130e-05
-1.346961913739619376e-05 -1.580171517190365194e-05 -1.943908831592011666e-05
-5.955392691880945222e-06 -9.944404347095314733e-06 -3.952623545444566844e-05
-1.609197640561887965e-05 -3.680736493372194218e-06 -3.178696794137181314e-05
-9.720007321689649871e-06 -1.348894310382320327e-05 -3.157661262775945943e-05
-6.010202636907990836e-06 -3.752431312342707770e-06 -4.358979167662369036e-05
-1.581040796949650939e-05 -9.710164038168045408e-06 -2.694068757946865844e-05
-5.955391509715468601e-06 9.944406569317720823e-06 -3.952623443481684262e-05
-1.609198535135192287e-05 3.680724731225382129e-06 -3.178695228100991699e-05
-9.719995246015855628e-06 1.348895411723560755e-05 -3.157659833519232961e-05
-6.010212711515805495e-06 3.752437944370967671e-06 -4.358977999530111447e-05
-1.581040923070986537e-05 9.710165432608164338e-06 -2.694070738584741775e-05
-1.207887227216986048e-05 -1.113593311286564692e-11 -3.895615756732695445e-05
-1.589885292929693605e-05 1.609011717462749402e-05 7.357321451628706654e-06
-1.977201159775177075e-05 5.955360509624085807e-06 1.987927302948833130e-05
-1.346961913739619376e-05 1.580171517190365194e-05 1.943908831592011666e-05
-1.947090790821448536e-05 1.211202143913681084e-05 8.554856295715097037e-12
-1.589886991837374808e-05 -1.609009980185760469e-05 7.357346300196354605e-06
-1.977200988179106389e-05 -5.955378346911288645e-06 1.987926310675902641e-05
-1.346964146975437870e-05 -1.580169521986363179e-05 1.943907596313465547e-05
-1.947090790821448536e-05 -1.211202143913681084e-05 -8.554971244948533371e-12
-5.955391509715468601e-06 -9.944406569317720823e-06 3.952623443481684262e-05
-1.609198535135192287e-05 -3.680724730337203709e-06 3.178695228100991699e-05
-9.719995246015855628e-06 -1.348895411723560755e-05 3.157659833519232961e-05
-6.010212711515805495e-06 -3.752437944370967671e-06 4.358977999530111447e-05
-1.581040923070986537e-05 -9.710165432608164338e-06 2.694070738584741775e-05
-5.955392691880945222e-06 9.944404347095314733e-06 3.952623545444566844e-05
-1.609197640561887965e-05 3.680736493372194218e-06 3.178696794137181314e-05
-9.720007321689649871e-06 1.348894310382320327e-05 3.157661262775945943e-05
-6.010202636907990836e-06 3.752431311454529350e-06 4.358979167662369036e-05
-1.581040796949650939e-05 9.710164038168045408e-06 2.694068757946865844e-05
-1.207887227216986048e-05 1.113588717807744116e-11 3.895615756732695445e-05
-2.204641991454536765e-05 1.265491993724888760e-12 -1.252067871249096243e-05
-2.204641991454536765e-05 -1.265481772349495809e-12 1.252067871249096243e-05
-2.181331853989831870e-05 5.993957707062236295e-06 -7.499609676386853607e-06
-2.181332705220029311e-05 -5.993931646131045454e-06 -7.499594592452751840e-06
-2.181332705220029311e-05 5.993931646131045454e-06 7.499594592452751840e-06
-2.181331853989831870e-05 -5.993957706174057876e-06 7.499609677275032027e-06
-9.245139942493096896e-06 2.096843474319598499e-05 -1.721761084596094560e-12
-3.165435219720791338e-06 2.269876117111380154e-05 1.057047470140605334e-11
9.245139944269453736e-06 2.096843474319598499e-05 1.721795129891257708e-12
3.165435220608969757e-06 2.269876117111380154e-05 -1.057038575056956568e-11
-9.245139944269453736e-06 -2.096843474319598499e-05 1.721788004094727738e-12
-3.165435219720791338e-06 -2.269876117111380154e-05 -1.057023324153507239e-11
9.245139942493096896e-06 -2.096843474319598499e-05 -1.721760910933576039e-12
3.165435219720791338e-06 -2.269876117111380154e-05 1.057045105460042542e-11
-1.110247515789808403e-05 -1.982102106978800293e-05 6.008370245780270125e-06
-8.597928056630621541e-06 -1.934300149386558587e-05 1.757215827424829513e-05
-8.221170318734039029e-06 -2.117959364511534659e-05 6.023470232818795012e-06
-1.857775156821617202e-06 -1.410921176869806004e-05 3.591440847117155499e-05
-5.433273350341494279e-06 -1.738926167504928344e-05 2.780668401314301263e-05
-1.934553152782569896e-06 -2.264260851347899006e-05 6.065533083354779365e-06
-5.519178247759271017e-06 -2.042306140381811019e-05 1.767020511245220860e-05
-5.043585743713663305e-06 -2.215124850835081816e-05 6.074822650692368597e-06
-6.912527446445437818e-06 -2.099869824334632540e-05 1.210418716990346866e-05
1.110247244362483343e-05 -1.982101826314419668e-05 6.008428747428240513e-06
8.597925202025180624e-06 -1.934299806194417215e-05 1.757217762943241723e-05
8.221165362698457102e-06 -2.117959653347156745e-05 6.023442562064218464e-06
1.857780590697188927e-06 -1.410922391897884154e-05 3.591438939309909983e-05
5.433273626564982806e-06 -1.738926550842734287e-05 2.780666889989902302e-05
1.861590482985326801e-12 -1.610747805003143185e-05 3.260043938624335169e-05
1.934533130132365386e-06 -2.264260852058441742e-05 6.065493657114728876e-06
5.519158175815164213e-06 -2.042306443783559189e-05 1.767018813048082393e-05
5.043591582598594414e-06 -2.215124714410876550e-05 6.074846956583002111e-06
2.480034834362189958e-12 -2.211264977347582317e-05 1.218532319402498842e-05
6.912545462256503015e-06 -2.099869461247294566e-05 1.210418600994245253e-05
-3.592093244186855827e-06 -1.925301912919508140e-05 2.384654590770196592e-05
3.592119863782272660e-06 -1.925301231509024547e-05 2.384655696374693434e-05
-1.866862493038468074e-06 -1.788245244682684643e-05 2.842139345204941492e-05
-1.911519595054755882e-06 -2.094019333043206643e-05 1.833071469548031018e-05
1.866836321973153190e-06 -1.788245126732590506e-05 2.842139438996582612e-05
1.911517801378437298e-06 -2.094019389886625504e-05 1.833071458356982930e-05
-1.110247244362483343e-05 1.982101826314419668e-05 6.008428747428240513e-06
-8.597925202025180624e-06 1.934299806194417215e-05 1.757217762943241723e-05
-8.221165362698457102e-06 2.117959653347156745e-05 6.023442562064218464e-06
-1.857780590697188927e-06 1.410922391897884154e-05 3.591438939309909983e-05
-5.433273626564982806e-06 1.738926550842734287e-05 2.780666889989902302e-05
-1.934533130132365386e-06 2.264260852058441742e-05 6.065493656670639666e-06
-5.519158175815164213e-06 2.042306443783559189e-05 1.767018813048082393e-05
-5.043591582598594414e-06 2.215124714410876550e-05 6.074846956583002111e-06
-6.912545462256503015e-06 2.099869461247294566e-05 1.210418600994245253e-05
1.110247515789808403e-05 1.982102106978800293e-05 6.008370245780270125e-06
8.597928056630621541e-06 1.934300149386558587e-05 1.757215827424829513e-05
8.221170318734039029e-06 2.117959364511534659e-05 6.023470232818795012e-06
1.857775156821617202e-06 1.410921176869806004e-05 3.591440847117155499e-05
5.433273350341494279e-06 1.738926167504928344e-05 2.780668401314301263e-05
-1.861529515923060143e-12 1.610747805003143185e-05 3.260043938624335169e-05
1.934553152782569896e-06 2.264260851347899006e-05 6.065533083798868574e-06
5.519178247759271017e-06 2.042306140381811019e-05 1.767020511245220860e-05
5.043585743713663305e-06 2.215124850835081816e-05 6.074822650692368597e-06
-2.480028871326482461e-12 2.211264977347582317e-05 1.218532319402498842e-05
6.912527446445437818e-06 2.099869824334632540e-05 1.210418716990346866e-05
-3.592119863782272660e-06 1.925301231509024547e-05 2.384655696374693434e-05
3.592093244186855827e-06 1.925301912919508140e-05 2.384654590770196592e-05
-1.866836321973153190e-06 1.788245126732590506e-05 2.842139438996582612e-05
-1.911517801378437298e-06 2.094019389886625504e-05 1.833071458356982930e-05
1.866862493038468074e-06 1.788245244682684643e-05 2.842139345204941492e-05
1.911519595054755882e-06 2.094019333043206643e-05 1.833071469548031018e-05
-1.345925463601899196e-13 -9.244151945253520353e-06 4.192301111771712385e-05
1.866885304337521519e-12 -3.162904915754438662e-06 4.537849569885565870e-05
1.345563221976037270e-13 9.244151945253520353e-06 4.192301111771712385e-05
-1.866978722001973392e-12 3.162904915754438662e-06 4.537849569885565870e-05
-1.110247244362483343e-05 -1.982101826314419668e-05 -6.008428747428240513e-06
-8.597925202025180624e-06 -1.934299806194417215e-05 -1.757217762943241723e-05
-8.221165362698457102e-06 -2.117959653347156745e-05 -6.023442562508307674e-06
-1.857780590697188927e-06 -1.410922391897884154e-05 -3.591438939309909983e-05
-5.433273626564982806e-06 -1.738926550842734287e-05 -2.780666889989902302e-05
-1.934533129688276176e-06 -2.264260852058441742e-05 -6.065493658002907296e-06
-5.519158175815164213e-06 -2.042306443783559189e-05 -1.767018813048082393e-05
-5.043591582598594414e-06 -2.215124714410876550e-05 -6.074846956583002111e-06
-6.912545462256503015e-06 -2.099869461247294566e-05 -1.210418600994245253e-05
1.110247515789808403e-05 -1.982102106978800293e-05 -6.008370245780270125e-06
8.597928054854264701e-06 -1.934300149386558587e-05 -1.757215827424829513e-05
8.221170318734039029e-06 -2.117959364511534659e-05 -6.023470232818795012e-06
1.857775156821617202e-06 -1.410921176869806004e-05 -3.591440847117155499e-05
5.433273352117851118e-06 -1.738926167504928344e-05 -2.780668401314301263e-05
-1.861479059850549914e-12 -1.610747805003143185e-05 -3.260043938624335169e-05
1.934553152782569896e-06 -2.264260851347899006e-05 -6.065533084687046994e-06
5.519178246871092597e-06 -2.042306140381811019e-05 -1.767020511245220860e-05
5.043585743713663305e-06 -2.215124850835081816e-05 -6.074822650692368597e-06
-2.479953354390001461e-12 -2.211264977347582317e-05 -1.218532319224863159e-05
6.912527446445437818e-06 -2.099869824334632540e-05 -1.210418716990346866e-05
-3.592119863782272660e-06 -1.925301231509024547e-05 -2.384655696374693434e-05
3.592093244186855827e-06 -1.925301912919508140e-05 -2.384654590770196592e-05
-1.866836321973153190e-06 -1.788245126732590506e-05 -2.842139438996582612e-05
-1.911517801822526508e-06 -2.094019389886625504e-05 -1.833071458356982930e-05
1.866862493038468074e-06 -1.788245244682684643e-05 -2.842139345204941492e-05
1.911519595054755882e-06 -2.094019333043206643e-05 -1.833071469548031018e-05
-1.110247515789808403e-05 1.982102106978800293e-05 -6.008370245780270125e-06
-8.597928054854264701e-06 1.934300149386558587e-05 -1.757215827424829513e-05
-8.221170318734039029e-06 2.117959364511534659e-05 -6.023470232818795012e-06
-1.857775156821617202e-06 1.410921176869806004e-05 -3.591440847117155499e-05
-5.433273352117851118e-06 1.738926167504928344e-05 -2.780668401314301263e-05
-1.934553152782569896e-06 2.264260851347899006e-05 -6.065533084242957784e-06
-5.519178246871092597e-06 2.042306140381811019e-05 -1.767020511245220860e-05
-5.043585743713663305e-06 2.215124850835081816e-05 -6.074822650692368597e-06
-6.912527446445437818e-06 2.099869824334632540e-05 -1.210418716990346866e-05
1.110247244362483343e-05 1.982101826314419668e-05 -6.008428747428240513e-06
8.597925202025180624e-06 1.934299806194417215e-05 -1.757217762943241723e-05
8.221165362698457102e-06 2.117959653347156745e-05 -6.023442562508307674e-06
1.857780590697188927e-06 1.410922391897884154e-05 -3.591438939309909983e-05
5.433273626564982806e-06 1.738926550842734287e-05 -2.780666889989902302e-05
1.861479059850902919e-12 1.610747805003143185e-05 -3.260043938624335169e-05
1.934533129688276176e-06 2.264260852058441742e-05 -6.065493657558818086e-06
5.519158175815164213e-06 2.042306443783559189e-05 -1.767018813048082393e-05
5.043591582598594414e-06 2.215124714410876550e-05 -6.074846956583002111e-06
2.479974263388186819e-12 2.211264977347582317e-05 -1.218532319313681000e-05
6.912545462256503015e-06 2.099869461247294566e-05 -1.210418600994245253e-05
-3.592093244186855827e-06 1.925301912919508140e-05 -2.384654590770196592e-05
3.592119863782272660e-06 1.925301231509024547e-05 -2.384655696374693434e-05
-1.866862493038468074e-06 1.788245244682684643e-05 -2.842139345204941492e-05
-1.911519595054755882e-06 2.094019333043206643e-05 -1.833071469548031018e-05
1.866836321973153190e-06 1.788245126732590506e-05 -2.842139438996582612e-05
1.911517801822526508e-06 2.094019389886625504e-05 -1.833071458356982930e-05
1.345251667975116501e-13 -9.244151943477163513e-06 -4.192301111771712385e-05
-1.866918103653339706e-12 -3.162904914866260242e-06 -4.537849569885565870e-05
-1.345251665868954819e-13 9.244151943477163513e-06 -4.192301111771712385e-05
1.866918103231760322e-12 3.162904914866260242e-06 -4.537849569885565870e-05
1.410689998593284145e-05 1.796389705432943629e-05 -3.713483363920744296e-06
1.738572237641733409e-05 1.391095666036790135e-05 -1.086027353380814020e-05
1.308924387899423891e-05 1.816995945702615245e-05 -9.746132932697548767e-06
1.982316452497911996e-05 3.005433055314199464e-06 -2.219495178756858422e-05
1.934365025135775795e-05 8.789802851794092931e-06 -1.718439750497680052e-05
1.040125663642754716e-05 1.739668882905220926e-05 -2.141930645827017088e-05
1.620610473551664654e-05 1.381185423809938584e-05 -1.698645990977354359e-05
1.182336467664413249e-05 1.796324121272618868e-05 -1.585983523355594116e-05
1.484543725638332035e-05 1.609398365687297883e-05 -1.355659613544446529e-05
1.410692826198101102e-05 -1.796387308061753174e-05 -3.713541112837503988e-06
1.738572560938678180e-05 -1.391094711777896009e-05 -1.086030193597764537e-05
1.308923962994867907e-05 -1.816996142167681683e-05 -9.746133065036133303e-06
1.982316537052497551e-05 -3.005456711946408177e-06 -2.219493515376314008e-05
1.934364920330722271e-05 -8.789809339049270420e-06 -1.718437218833912539e-05
1.040127842166782557e-05 -1.739667123956678552e-05 -2.141931564025867374e-05
1.620612290054168625e-05 -1.381183279391962060e-05 -1.698643375469544026e-05
1.182333932270296373e-05 -1.796325410197141537e-05 -1.585985110885701488e-05
1.484541419216611757e-05 -1.609400629831725382e-05 -1.355660433688399280e-05
3.005600853533962891e-06 -1.110231897349933661e-05 -3.962824280989707404e-05
8.790539460790114390e-06 -8.596617167455633535e-06 -3.866870116198128926e-05
4.874618567463073759e-06 -1.309359516454833283e-05 -3.632388333585367945e-05
3.012677542102437656e-06 -8.215039251524558495e-06 -4.234720965357041678e-05
1.796584107438548017e-05 -1.857319158027337380e-06 -2.820503947376096221e-05
1.391070967571295114e-05 -5.432300351770891211e-06 -3.476014995129617091e-05
1.817206988263819767e-05 -4.871841190912107322e-06 -2.617167858787183832e-05
8.487953994773533850e-06 -1.622438926673908099e-05 -2.759620795700357121e-05
1.071526747686846193e-05 -1.041541063173667681e-05 -3.476906572430493725e-05
6.780407259654452901e-06 -1.484389026984445081e-05 -3.217740610850228222e-05
1.176123312873755822e-05 -1.484920530359090662e-05 -2.586429143391910657e-05
7.934871788961572747e-06 -1.182660376208843900e-05 -3.590397437491787969e-05
3.035193366862642961e-06 -1.908025584196337832e-06 -4.526522537418031789e-05
8.838333910077267319e-06 -5.500642259015364743e-06 -4.083493685413941421e-05
3.039131960314023218e-06 -5.043767348666960970e-06 -4.428165911463111115e-05
6.054924909015824142e-06 -6.907717391868573031e-06 -4.197981394327143789e-05
1.740758008139664526e-05 -1.069681524867860389e-05 -2.080349330846331668e-05
1.381456569760075581e-05 -8.488612143864315840e-06 -3.241039762258424162e-05
1.796189530978153925e-05 -7.933279075444943373e-06 -2.364122168785343092e-05
1.484656024075547975e-05 -1.293737760832414097e-05 -2.351670503131231271e-05
1.609869033813993155e-05 -6.781554857226979038e-06 -2.967159111832984308e-05
1.294608515323147913e-05 -1.176664754964917847e-05 -2.966206589860576059e-05
3.005596214578076797e-06 1.110231907652803329e-05 -3.962824112946350397e-05
8.790541915715266441e-06 8.596619583300935119e-06 -3.866869178281717723e-05
4.874618180217282770e-06 1.309358651013781127e-05 -3.632389890739773364e-05
3.012671566882119123e-06 8.215038359793425116e-06 -4.234721400209195963e-05
1.796582373714272762e-05 1.857336309196710999e-06 -2.820508123591025651e-05
1.391070308898179064e-05 5.432301871444167318e-06 -3.476016253500802122e-05
1.817207530407927152e-05 4.871847882448321343e-06 -2.617165083762529321e-05
1.630761360971177965e-05 -1.880964283651857791e-12 -3.219674186638599167e-05
8.487972452897452058e-06 1.622438021442462741e-05 -2.759622347880963389e-05
1.071527732499077956e-05 1.041539375634670250e-05 -3.476908669952649689e-05
6.780391101912641716e-06 1.484389454731172009e-05 -3.217740370686783535e-05
1.176123476831492098e-05 1.484920526451105616e-05 -2.586429142681367921e-05
7.934865553949066452e-06 1.182661259058193082e-05 -3.590395769847987140e-05
3.035177101207153783e-06 1.908019476193345554e-06 -4.526523211012545289e-05
8.838324925264373633e-06 5.500634172150853374e-06 -4.083495869267039780e-05
3.039143100291852306e-06 5.043769848001034006e-06 -4.428165302527986569e-05
6.098443799729125203e-06 4.790318768183586687e-13 -4.419475275341255838e-05
6.054928106458135062e-06 6.907725603966241579e-06 -4.197980232589770822e-05
1.740757959467487126e-05 1.069681494669794120e-05 -2.080345638511005291e-05
1.381456863569496818e-05 8.488615790724907129e-06 -3.241036955259346541e-05
1.796189305736106689e-05 7.933293527884188734e-06 -2.364123111497917762e-05
1.484656210237744745e-05 1.293737379270964993e-05 -2.351670316436127450e-05
1.609869726593160522e-05 6.781545794254384418e-06 -2.967159893429993645e-05
1.294608412294451227e-05 1.176664943258742824e-05 -2.966206543320026867e-05
1.192797424742764179e-05 -3.585936604544315287e-06 -3.847669218259852641e-05
1.192797307147941410e-05 3.585958022078727936e-06 -3.847667906953233796e-05
1.421853670535710989e-05 -1.865636735320919115e-06 -3.574913202086804631e-05
9.171667835872199248e-06 -1.900915484576159997e-06 -4.184977320065286222e-05
1.421854110716935793e-05 1.865615002483167473e-06 -3.574913401038770644e-05
9.171668958529721749e-06 1.900913948027493916e-06 -4.184977351684437963e-05
1.410692826198101102e-05 1.796387308061753174e-05 3.713541112393414778e-06
1.738572560938678180e-05 1.391094711777896009e-05 1.086030193597764537e-05
1.308923962994867907e-05 1.816996142167681683e-05 9.746133065036133303e-06
1.609894684051482727e-05 1.631146466607447110e-05 -2.307993551613640445e-11
1.982316537052497551e-05 3.005456711946408177e-06 2.219493515376314008e-05
1.934364920330722271e-05 8.789809339049270420e-06 1.718437218833912539e-05
1.040127842166782557e-05 1.739667123956678552e-05 2.141931564025867374e-05
1.620612290054168625e-05 1.381183279391962060e-05 1.698643375469544026e-05
1.182333932270296373e-05 1.796325410197141537e-05 1.585985110885701488e-05
1.484541419216611757e-05 1.609400629831725382e-05 1.355660433688399280e-05
1.923218277610772020e-05 1.195612060378437036e-05 -7.171703461317235906e-06
1.923218298216511357e-05 1.195612128945811037e-05 7.171666506877727443e-06
1.787974039046957841e-05 1.421927412081913644e-05 -3.726088287692164158e-06
1.787972965416884108e-05 1.421928835299013372e-05 3.726088806388361263e-06
1.410689998593284145e-05 -1.796389705432943629e-05 3.713483363920744296e-06
1.738572237641733409e-05 -1.391095666036790135e-05 1.086027353380814020e-05
1.308924387899423891e-05 -1.816995945347343877e-05 9.746132931809370348e-06
1.609894684051482727e-05 -1.631146466607447110e-05 2.308012031971655528e-11
1.982316452497911996e-05 -3.005433055314199464e-06 2.219495178756858422e-05
1.934365025135775795e-05 -8.789802851794092931e-06 1.718439750497680052e-05
1.040125663642754716e-05 -1.739668882905220926e-05 2.141930645827017088e-05
1.620610473551664654e-05 -1.381185423809938584e-05 1.698645990977354359e-05
1.182336467664413249e-05 -1.796324121272618868e-05 1.585983523355594116e-05
1.484543725638332035e-05 -1.609398365687297883e-05 1.355659613544446529e-05
1.923218298216511357e-05 -1.195612128945811037e-05 -7.171666507765905862e-06
1.923218277610772020e-05 -1.195612060556072720e-05 7.171703461317235906e-06
1.787972965416884108e-05 -1.421928835299013372e-05 -3.726088806388361263e-06
1.787974039046957841e-05 -1.421927412081913644e-05 3.726088287692164158e-06
3.005596214578076797e-06 -1.110231907652803329e-05 3.962824112946350397e-05
8.790541915715266441e-06 -8.596619583300935119e-06 3.866869178281717723e-05
4.874618179329104350e-06 -1.309358651013781127e-05 3.632389890384501996e-05
3.012671567326208333e-06 -8.215038359793425116e-06 4.234721400209195963e-05
1.796582373714272762e-05 -1.857336309196710999e-06 2.820508123591025651e-05
1.391070308898179064e-05 -5.432301871444167318e-06 3.476016253500802122e-05
1.817207530407927152e-05 -4.871847882448321343e-06 2.617165083762529321e-05
8.487972452897452058e-06 -1.622438021442462741e-05 2.759622347880963389e-05
1.071527732499077956e-05 -1.041539375634670250e-05 3.476908669952649689e-05
6.780391101912641716e-06 -1.484389454731172009e-05 3.217740370686783535e-05
1.176123476653856414e-05 -1.484920526451105616e-05 2.586429142681367921e-05
7.934865553949066452e-06 -1.182661259058193082e-05 3.590395769847987140e-05
3.035177101651242992e-06 -1.908019476193345554e-06 4.526523211012545289e-05
8.838324923488016793e-06 -5.500634172150853374e-06 4.083495869267039780e-05
3.039143099847763096e-06 -5.043769848001034006e-06 4.428165302527986569e-05
6.054928106458135062e-06 -6.907725603966241579e-06 4.197980232589770822e-05
1.740757959467487126e-05 -1.069681494669794120e-05 2.080345638511005291e-05
1.381456863569496818e-05 -8.488615790724907129e-06 3.241036955259346541e-05
1.796189305736106689e-05 -7.933293527884188734e-06 2.364123111497917762e-05
1.484656210237744745e-05 -1.293737379270964993e-05 2.351670316436127450e-05
1.609869726593160522e-05 -6.781545794254384418e-06 2.967159893429993645e-05
1.294608412294451227e-05 -1.176664943258742824e-05 2.966206543320026867e-05
3.005600853533962891e-06 1.110231897349933661e-05 3.962824280989707404e-05
8.790539460790114390e-06 8.596617167455633535e-06 3.866870116198128926e-05
4.874618567463073759e-06 1.309359516454833283e-05 3.632388333585367945e-05
3.012677542102437656e-06 8.215039251524558495e-06 4.234720965357041678e-05
1.796584107438548017e-05 1.857319158027337380e-06 2.820503947376096221e-05
1.391070967571295114e-05 5.432300351770891211e-06 3.476014995129617091e-05
1.817206988263819767e-05 4.871841190912107322e-06 2.617167858787183832e-05
1.630761360971177965e-05 1.880987988708317504e-12 3.219674186638599167e-05
8.487953996549890689e-06 1.622438927384450835e-05 2.759620795700357121e-05
1.071526747686846193e-05 1.041541062996031997e-05 3.476906572430493725e-05
6.780407259654452901e-06 1.484389026984445081e-05 3.217740610850228222e-05
1.176123312873755822e-05 1.484920530359090662e-05 2.586429143391910657e-05
7.934871788961572747e-06 1.182660376208843900e-05 3.590397437491787969e-05
3.035193366862642961e-06 1.908025584196337832e-06 4.526522537418031789e-05
8.838333908300910480e-06 5.500642259015364743e-06 4.083493685413941421e-05
3.039131960314023218e-06 5.043767348666960970e-06 4.428165911463111115e-05
6.098443799729125203e-06 -4.795359464694043027e-13 4.419475275341255838e-05
6.054924909015824142e-06 6.907717391868573031e-06 4.197981394327143789e-05
1.740758008139664526e-05 1.069681524867860389e-05 2.080349330846331668e-05
1.381456569760075581e-05 8.488612143864315840e-06 3.241039762258424162e-05
1.796189530978153925e-05 7.933279075444943373e-06 2.364122168785343092e-05
1.484656024075547975e-05 1.293737760832414097e-05 2.351670503131231271e-05
1.609869033813993155e-05 6.781554859003335878e-06 2.967159111832984308e-05
1.294608515323147913e-05 1.176664754964917847e-05 2.966206589860576059e-05
1.192797307147941410e-05 -3.585958022078727936e-06 3.847667906953233796e-05
1.192797424742764179e-05 3.585936604544315287e-06 3.847669218259852641e-05
1.421854110716935793e-05 -1.865615002483167473e-06 3.574913401038770644e-05
9.171668958529721749e-06 -1.900913948471583126e-06 4.184977351684437963e-05
1.421853670535710989e-05 1.865636735320919115e-06 3.574913202086804631e-05
9.171667835872199248e-06 1.900915484576159997e-06 4.184977320065286222e-05
2.097098204956182599e-05 5.271640873106940261e-12 -1.848071267396278472e-05
2.269986020664305215e-05 1.204360060972699215e-12 -6.324012057135064424e-06
2.118430248998492971e-05 3.010109604684174656e-06 -1.642329805662257058e-05
2.118430072073351766e-05 -3.010112437973333499e-06 -1.642331084283910059e-05
2.097098204956182599e-05 -5.271646506369260483e-12 1.848071267396278472e-05
2.269986020664305215e-05 -1.204381324275803698e-12 6.324012056246886004e-06
2.118430072073351766e-05 3.010112437085155079e-06 1.642331084283910059e-05
2.118430248998492971e-05 -3.010109604684174656e-06 1.642329805662257058e-05
2.043496415282675116e-05 8.829029289003642589e-06 -1.098783851816165225e-05
2.264861461043210511e-05 3.016871922056907351e-06 -3.816937929723707157e-06
2.099854443926574277e-05 6.058246317941495818e-06 -1.380951355933746072e-05
2.093465368346869582e-05 9.179440111140024783e-06 -3.797525263582457455e-06
2.215129253713143953e-05 3.034564183934662651e-06 -1.008307728334045805e-05
2.043495243597703848e-05 -8.829055685666276077e-06 -1.098786616804403593e-05
2.264861092271530651e-05 -3.016900656849230700e-06 -3.816935545852828682e-06
2.099855024439989393e-05 -6.058219752524962587e-06 -1.380949703744249746e-05
2.093465638353109171e-05 -9.179436446515865100e-06 -3.797523568938032668e-06
2.215129628169165699e-05 -3.034541043334115784e-06 -1.008306874972220157e-05
2.043495243597703848e-05 8.829055685666276077e-06 1.098786616804403593e-05
2.264861092271530651e-05 3.016900656849230700e-06 3.816935545852828682e-06
2.099855024439989393e-05 6.058219752524962587e-06 1.380949703744249746e-05
2.093465638353109171e-05 9.179436446515865100e-06 3.797523568493943458e-06
2.215129628169165699e-05 3.034541043334115784e-06 1.008306874972220157e-05
2.211696872933544000e-05 6.082755962921737591e-06 -4.351943073983264029e-14
2.043496415282675116e-05 -8.829029289003642589e-06 1.098783851816165225e-05
2.264861461043210511e-05 -3.016871922056907351e-06 3.816937929723707157e-06
2.099854443926574277e-05 -6.058246317941495818e-06 1.380951355933746072e-05
2.093465368346869582e-05 -9.179440111140024783e-06 3.797525263582457455e-06
2.215129253713143953e-05 -3.034564183490573441e-06 1.008307728334045805e-05
2.211696872933544000e-05 -6.082755962921737591e-06 4.349921707581463198e-14
-1.410692826198101102e-05 1.796387308061753174e-05 -3.713541112837503988e-06
-1.738572560938678180e-05 1.391094711777896009e-05 -1.086030193597764537e-05
-1.308923962994867907e-05 1.816996142167681683e-05 -9.746133065036133303e-06
-1.982316537052497551e-05 3.005456711946408177e-06 -2.219493515376314008e-05
-1.934364920330722271e-05 8.789809339049270420e-06 -1.718437218833912539e-05
-1.040127842166782557e-05 1.739667123956678552e-05 -2.141931564025867374e-05
-1.620612290054168625e-05 1.381183279391962060e-05 -1.698643375469544026e-05
-1.182333932270296373e-05 1.796325410197141537e-05 -1.585985110885701488e-05
-1.484541419216611757e-05 1.609400629831725382e-05 -1.355660433688399280e-05
-1.410689998593284145e-05 -1.796389705432943629e-05 -3.713483363920744296e-06
-1.738572237641733409e-05 -1.391095666036790135e-05 -1.086027353380814020e-05
-1.308924387899423891e-05 -1.816995945702615245e-05 -9.746132931809370348e-06
-1.982316452497911996e-05 -3.005433055314199464e-06 -2.219495178756858422e-05
-1.934365025135775795e-05 -8.789802851794092931e-06 -1.718439750497680052e-05
-1.040125663642754716e-05 -1.739668882905220926e-05 -2.141930645827017088e-05
-1.620610473551664654e-05 -1.381185423809938584e-05 -1.698645990977354359e-05
-1.182336467664413249e-05 -1.796324121272618868e-05 -1.585983523355594116e-05
-1.484543725638332035e-05 -1.609398365687297883e-05 -1.355659613544446529e-05
-3.005596214578076797e-06 -1.110231907652803329e-05 -3.962824112946350397e-05
-8.790541915715266441e-06 -8.596619583300935119e-06 -3.866869178281717723e-05
-4.874618180217282770e-06 -1.309358651013781127e-05 -3.632389890739773364e-05
-3.012671566882119123e-06 -8.215038359793425116e-06 -4.234721400209195963e-05
-1.796582373714272762e-05 -1.857336309196710999e-06 -2.820508123591025651e-05
-1.391070308898179064e-05 -5.432301871444167318e-06 -3.476016253500802122e-05
-1.817207530407927152e-05 -4.871847882448321343e-06 -2.617165083762529321e-05
-8.487972452897452058e-06 -1.622438021442462741e-05 -2.759622347880963389e-05
-1.071527732499077956e-05 -1.041539375634670250e-05 -3.476908669952649689e-05
-6.780391101912641716e-06 -1.484389454731172009e-05 -3.217740370686783535e-05
-1.176123476831492098e-05 -1.484920526451105616e-05 -2.586429142681367921e-05
-7.934865553949066452e-06 -1.182661259058193082e-05 -3.590395769847987140e-05
-3.035177101207153783e-06 -1.908019476193345554e-06 -4.526523211012545289e-05
-8.838324925264373633e-06 -5.500634172150853374e-06 -4.083495869267039780e-05
-3.039143100291852306e-06 -5.043769848001034006e-06 -4.428165302527986569e-05
-6.054928106458135062e-06 -6.907725603966241579e-06 -4.197980232589770822e-05
-1.740757959467487126e-05 -1.069681494669794120e-05 -2.080345638511005291e-05
-1.381456863569496818e-05 -8.488615790724907129e-06 -3.241036955259346541e-05
-1.796189305736106689e-05 -7.933293527884188734e-06 -2.364123111497917762e-05
-1.484656210237744745e-05 -1.293737379270964993e-05 -2.351670316436127450e-05
-1.609869726593160522e-05 -6.781545794254384418e-06 -2.967159893429993645e-05
-1.294608412294451227e-05 -1.176664943258742824e-05 -2.966206543320026867e-05
-3.005600853533962891e-06 1.110231897349933661e-05 -3.962824280989707404e-05
-8.790539460790114390e-06 8.596617167455633535e-06 -3.866870116198128926e-05
-4.874618567463073759e-06 1.309359516454833283e-05 -3.632388333585367945e-05
-3.012677542102437656e-06 8.215039251524558495e-06 -4.234720965357041678e-05
-1.796584107438548017e-05 1.857319158027337380e-06 -2.820503947376096221e-05
-1.391070967571295114e-05 5.432300351770891211e-06 -3.476014995129617091e-05
-1.817206988263819767e-05 4.871841190912107322e-06 -2.617167858787183832e-05
-1.630761360971177965e-05 1.880964283763576045e-12 -3.219674186638599167e-05
-8.487953994773533850e-06 1.622438926673908099e-05 -2.759620795700357121e-05
-1.071526747686846193e-05 1.041541063173667681e-05 -3.476906572430493725e-05
-6.780407259654452901e-06 1.484389026984445081e-05 -3.217740610850228222e-05
-1.176123312873755822e-05 1.484920530359090662e-05 -2.586429143391910657e-05
-7.934871788961572747e-06 1.182660376208843900e-05 -3.590397437491787969e-05
-3.035193366862642961e-06 1.908025584196337832e-06 -4.526522537418031789e-05
-8.838333910077267319e-06 5.500642259015364743e-06 -4.083493685413941421e-05
-3.039131960314023218e-06 5.043767348666960970e-06 -4.428165911463111115e-05
-6.098443799729125203e-06 -4.790318768182971755e-13 -4.419475275341255838e-05
-6.054924909015824142e-06 6.907717391868573031e-06 -4.197981394327143789e-05
-1.740758008139664526e-05 1.069681524867860389e-05 -2.080349330846331668e-05
-1.381456569760075581e-05 8.488612143864315840e-06 -3.241039762258424162e-05
-1.796189530978153925e-05 7.933279075444943373e-06 -2.364122168785343092e-05
-1.484656024075547975e-05 1.293737760832414097e-05 -2.351670503131231271e-05
-1.609869033813993155e-05 6.781554857226979038e-06 -2.967159111832984308e-05
-1.294608515323147913e-05 1.176664754964917847e-05 -2.966206589860576059e-05
-1.192797307147941410e-05 -3.585958022078727936e-06 -3.847667906953233796e-05
-1.192797424742764179e-05 3.585936604544315287e-06 -3.847669218259852641e-05
-1.421854110716935793e-05 -1.865615002483167473e-06 -3.574913401038770644e-05
-9.171668958529721749e-06 -1.900913948027493916e-06 -4.184977351684437963e-05
-1.421853670535710989e-05 1.865636735320919115e-06 -3.574913202086804631e-05
-9.171667835872199248e-06 1.900915484576159997e-06 -4.184977320065286222e-05
-1.410689998593284145e-05 1.796389705432943629e-05 3.713483363920744296e-06
-1.738572237641733409e-05 1.391095666036790135e-05 1.086027353380814020e-05
-1.308924387899423891e-05 1.816995945347343877e-05 9.746132931809370348e-06
-1.609894684051482727e-05 1.631146466607447110e-05 2.308012031971655528e-11
-1.982316452497911996e-05 3.005433055314199464e-06 2.219495178756858422e-05
-1.934365025135775795e-05 8.789802851794092931e-06 1.718439750497680052e-05
-1.040125663642754716e-05 1.739668882905220926e-05 2.141930645827017088e-05
-1.620610473551664654e-05 1.381185423809938584e-05 1.698645990977354359e-05
-1.182336467664413249e-05 1.796324121272618868e-05 1.585983523355594116e-05
-1.484543725638332035e-05 1.609398365687297883e-05 1.355659613544446529e-05
-1.923218298216511357e-05 1.195612128945811037e-05 -7.171666507765905862e-06
-1.923218277610772020e-05 1.195612060556072720e-05 7.171703461317235906e-06
-1.787972965416884108e-05 1.421928835299013372e-05 -3.726088806388361263e-06
-1.787974039046957841e-05 1.421927412081913644e-05 3.726088287692164158e-06
-1.410692826198101102e-05 -1.796387308061753174e-05 3.713541112393414778e-06
-1.738572560938678180e-05 -1.391094711777896009e-05 1.086030193597764537e-05
-1.308923962994867907e-05 -1.816996142167681683e-05 9.746133065036133303e-06
-1.609894684051482727e-05 -1.631146466607447110e-05 -2.307992683213523247e-11
-1.982316537052497551e-05 -3.005456711946408177e-06 2.219493515376314008e-05
-1.934364920330722271e-05 -8.789809339049270420e-06 1.718437218833912539e-05
-1.040127842166782557e-05 -1.739667123956678552e-05 2.141931564025867374e-05
-1.620612290054168625e-05 -1.381183279391962060e-05 1.698643375469544026e-05
-1.182333932270296373e-05 -1.796325410197141537e-05 1.585985110885701488e-05
-1.484541419216611757e-05 -1.609400629831725382e-05 1.355660433688399280e-05
-1.923218277610772020e-05 -1.195612060378437036e-05 -7.171703461317235906e-06
-1.923218298216511357e-05 -1.195612128945811037e-05 7.171666506877727443e-06
-1.787974039046957841e-05 -1.421927412081913644e-05 -3.726088287692164158e-06
-1.787972965416884108e-05 -1.421928835299013372e-05 3.726088806388361263e-06
-3.005600853533962891e-06 -1.110231897349933661e-05 3.962824280989707404e-05
-8.790539460790114390e-06 -8.596617167455633535e-06 3.866870116198128926e-05
-4.874618567463073759e-06 -1.309359516454833283e-05 3.632388333585367945e-05
-3.012677542546526865e-06 -8.215039251524558495e-06 4.234720965357041678e-05
-1.796584107438548017e-05 -1.857319158027337380e-06 2.820503947376096221e-05
-1.391070967571295114e-05 -5.432300351770891211e-06 3.476014995129617091e-05
-1.817206988263819767e-05 -4.871841190912107322e-06 2.617167858787183832e-05
-8.487953996549890689e-06 -1.622438927384450835e-05 2.759620795700357121e-05
-1.071526747686846193e-05 -1.041541062996031997e-05 3.476906572430493725e-05
-6.780407259654452901e-06 -1.484389026984445081e-05 3.217740610850228222e-05
-1.176123312873755822e-05 -1.484920530359090662e-05 2.586429143391910657e-05
-7.934871788961572747e-06 -1.182660376208843900e-05 3.590397437491787969e-05
-3.035193366862642961e-06 -1.908025584196337832e-06 4.526522537418031789e-05
-8.838333908300910480e-06 -5.500642259015364743e-06 4.083493685413941421e-05
-3.039131960314023218e-06 -5.043767348666960970e-06 4.428165911463111115e-05
-6.054924909015824142e-06 -6.907717391868573031e-06 4.197981394327143789e-05
-1.740758008139664526e-05 -1.069681524867860389e-05 2.080349330846331668e-05
-1.381456569760075581e-05 -8.488612143864315840e-06 3.241039762258424162e-05
-1.796189530978153925e-05 -7.933279075444943373e-06 2.364122168785343092e-05
-1.484656024075547975e-05 -1.293737760832414097e-05 2.351670503131231271e-05
-1.609869033813993155e-05 -6.781554859003335878e-06 2.967159111832984308e-05
-1.294608515323147913e-05 -1.176664754964917847e-05 2.966206589860576059e-05
-3.005596214578076797e-06 1.110231907652803329e-05 3.962824112946350397e-05
-8.790541915715266441e-06 8.596619583300935119e-06 3.866869178281717723e-05
-4.874618179329104350e-06 1.309358651013781127e-05 3.632389890384501996e-05
-3.012671566882119123e-06 8.215038359793425116e-06 4.234721400209195963e-05
-1.796582373714272762e-05 1.857336309196710999e-06 2.820508123591025651e-05
-1.391070308898179064e-05 5.432301871444167318e-06 3.476016253500802122e-05
-1.817207530407927152e-05 4.871847882448321343e-06 2.617165083762529321e-05
-1.630761360971177965e-05 -1.880987988666924142e-12 3.219674186638599167e-05
-8.487972452897452058e-06 1.622438021442462741e-05 2.759622347880963389e-05
-1.071527732499077956e-05 1.041539375634670250e-05 3.476908669952649689e-05
-6.780391101912641716e-06 1.484389454731172009e-05 3.217740370686783535e-05
-1.176123476653856414e-05 1.484920526451105616e-05 2.586429142681367921e-05
-7.934865553949066452e-06 1.182661259058193082e-05 3.590395769847987140e-05
-3.035177101651242992e-06 1.908019476193345554e-06 4.526523211012545289e-05
-8.838324923488016793e-06 5.500634172150853374e-06 4.083495869267039780e-05
-3.039143099847763096e-06 5.043769848001034006e-06 4.428165302527986569e-05
-6.098443799729125203e-06 4.795727878842082682e-13 4.419475275341255838e-05
-6.054928106458135062e-06 6.907725603966241579e-06 4.197980232589770822e-05
-1.740757959467487126e-05 1.069681494669794120e-05 2.080345638511005291e-05
-1.381456863569496818e-05 8.488615790724907129e-06 3.241036955259346541e-05
-1.796189305736106689e-05 7.933293527884188734e-06 2.364123111497917762e-05
-1.484656210237744745e-05 1.293737379270964993e-05 2.351670316436127450e-05
-1.609869726593160522e-05 6.781545794254384418e-06 2.967159893429993645e-05
-1.294608412294451227e-05 1.176664943258742824e-05 2.966206543320026867e-05
-1.192797424742764179e-05 -3.585936604544315287e-06 3.847669218259852641e-05
-1.192797307147941410e-05 3.585958022078727936e-06 3.847667906953233796e-05
-1.421853670535710989e-05 -1.865636735320919115e-06 3.574913202086804631e-05
-9.171667835872199248e-06 -1.900915484576159997e-06 4.184977320065286222e-05
-1.421854110716935793e-05 1.865615002483167473e-06 3.574913401038770644e-05
-9.171668958529721749e-06 1.900913948471583126e-06 4.184977351684437963e-05
-2.097098204956182599e-05 -5.271640873036326987e-12 -1.848071267396278472e-05
-2.269986020664305215e-05 -1.204359424620263515e-12 -6.324012057135064424e-06
-2.118430072073351766e-05 3.010112437973333499e-06 -1.642331084283910059e-05
-2.118430248998492971e-05 -3.010109604684174656e-06 -1.642329805662257058e-05
-2.097098204956182599e-05 5.271646506414541351e-12 1.848071267396278472e-05
-2.269986020664305215e-05 1.204380985413526093e-12 6.324012056246886004e-06
-2.118430248998492971e-05 3.010109604684174656e-06 1.642329805662257058e-05
-2.118430072073351766e-05 -3.010112437085155079e-06 1.642331084283910059e-05
-2.043495243597703848e-05 8.829055685666276077e-06 -1.098786616804403593e-05
-2.264861092271530651e-05 3.016900656849230700e-06 -3.816935545852828682e-06
-2.099855024439989393e-05 6.058219752524962587e-06 -1.380949703744249746e-05
-2.093465638353109171e-05 9.179436446515865100e-06 -3.797523568938032668e-06
-2.215129628169165699e-05 3.034541043334115784e-06 -1.008306874972220157e-05
-2.043496415282675116e-05 -8.829029289003642589e-06 -1.098783851816165225e-05
-2.264861461043210511e-05 -3.016871922056907351e-06 -3.816937929723707157e-06
-2.099854443926574277e-05 -6.058246317941495818e-06 -1.380951355933746072e-05
-2.093465368346869582e-05 -9.179440111140024783e-06 -3.797525263582457455e-06
-2.215129253713143953e-05 -3.034564183934662651e-06 -1.008307728334045805e-05
-2.043496415282675116e-05 8.829029289003642589e-06 1.098783851816165225e-05
-2.264861461043210511e-05 3.016871922056907351e-06 3.816937929723707157e-06
-2.099854443926574277e-05 6.058246317941495818e-06 1.380951355933746072e-05
-2.093465368346869582e-05 9.179440111140024783e-06 3.797525263582457455e-06
-2.215129253713143953e-05 3.034564183490573441e-06 1.008307728334045805e-05
-2.211696872933544000e-05 6.082755962921737591e-06 4.349921710863637639e-14
-2.043495243597703848e-05 -8.829055685666276077e-06 1.098786616804403593e-05
-2.264861092271530651e-05 -3.016900656849230700e-06 3.816935545852828682e-06
-2.099855024439989393e-05 -6.058219752524962587e-06 1.380949703744249746e-05
-2.093465638353109171e-05 -9.179436446515865100e-06 3.797523568493943458e-06
-2.215129628169165699e-05 -3.034541043334115784e-06 1.008306874972220157e-05
-2.211696872933544000e-05 -6.082755962921737591e-06 -4.351949130331588574e-14
