-9.325873406851314940e-14 3.241851231905457098e-14 4.618527782440651208e-14
-9.325873406851314940e-14 3.241851231905457098e-14 4.607425552194399643e-14
-9.303668946358811809e-14 3.241851231905457098e-14 4.607425552194399643e-14
-9.303668946358811809e-14 3.241851231905457098e-14 4.618527782440651208e-14
-9.325873406851314940e-14 3.241851231905457098e-14 4.618527782440651208e-14
-9.281464485866308678e-14 3.241851231905457098e-14 4.618527782440651208e-14
-9.325873406851314940e-14 3.197442310920450836e-14 4.618527782440651208e-14
-9.325873406851314940e-14 3.241851231905457098e-14 4.607425552194399643e-14
-9.325873406851314940e-14 3.197442310920450836e-14 4.618527782440651208e-14
-9.281464485866308678e-14 3.197442310920450836e-14 4.618527782440651208e-14
-9.325873406851314940e-14 3.241851231905457098e-14 4.618527782440651208e-14
-9.325873406851314940e-14 3.241851231905457098e-14 4.618527782440651208e-14
-9.325873406851314940e-14 3.241851231905457098e-14 4.618527782440651208e-14
-9.303668946358811809e-14 3.241851231905457098e-14 4.618527782440651208e-14
-9.237055564881302416e-14 3.197442310920450836e-14 4.618527782440651208e-14
-9.325873406851314940e-14 3.241851231905457098e-14 4.618527782440651208e-14
-9.281464485866308678e-14 3.252953462151708663e-14 4.618527782440651208e-14
-9.281464485866308678e-14 3.197442310920450836e-14 4.618527782440651208e-14
-9.325873406851314940e-14 3.197442310920450836e-14 4.607425552194399643e-14
-9.325873406851314940e-14 3.197442310920450836e-14 4.618527782440651208e-14
-9.237055564881302416e-14 3.241851231905457098e-14 4.618527782440651208e-14
-9.281464485866308678e-14 3.197442310920450836e-14 4.618527782440651208e-14
-9.325873406851314940e-14 3.197442310920450836e-14 4.618527782440651208e-14
-9.237055564881302416e-14 3.241851231905457098e-14 4.618527782440651208e-14
-9.303668946358811809e-14 3.241851231905457098e-14 4.618527782440651208e-14
-9.325873406851314940e-14 3.197442310920450836e-14 4.618527782440651208e-14
-9.325873406851314940e-14 3.252953462151708663e-14 4.618527782440651208e-14
-9.303668946358811809e-14 3.241851231905457098e-14 4.618527782440651208e-14
-9.300893388797248917e-14 3.241851231905457098e-14 4.618527782440651208e-14
-9.237055564881302416e-14 3.241851231905457098e-14 4.618527782440651208e-14
-9.325873406851314940e-14 3.197442310920450836e-14 4.618527782440651208e-14
-9.325873406851314940e-14 3.286260152890463360e-14 4.618527782440651208e-14
-9.325873406851314940e-14 3.241851231905457098e-14 4.618527782440651208e-14
-9.325873406851314940e-14 3.241851231905457098e-14 4.618527782440651208e-14
-9.303668946358811809e-14 3.241851231905457098e-14 4.618527782440651208e-14
-9.303668946358811809e-14 3.241851231905457098e-14 4.618527782440651208e-14
-9.237055564881302416e-14 3.241851231905457098e-14 4.618527782440651208e-14
-9.325873406851314940e-14 3.241851231905457098e-14 4.618527782440651208e-14
-9.237055564881302416e-14 3.252953462151708663e-14 4.618527782440651208e-14
-9.325873406851314940e-14 3.241851231905457098e-14 4.618527782440651208e-14
-9.325873406851314940e-14 3.197442310920450836e-14 4.618527782440651208e-14
-9.237055564881302416e-14 3.241851231905457098e-14 4.618527782440651208e-14
-9.325873406851314940e-14 3.241851231905457098e-14 4.618527782440651208e-14
-9.325873406851314940e-14 3.197442310920450836e-14 4.618527782440651208e-14
-9.303668946358811809e-14 3.241851231905457098e-14 4.618527782440651208e-14
-9.325873406851314940e-14 3.197442310920450836e-14 4.618527782440651208e-14
-9.325873406851314940e-14 3.197442310920450836e-14 4.618527782440651208e-14
-9.303668946358811809e-14 3.241851231905457098e-14 4.618527782440651208e-14
-9.325873406851314940e-14 3.241851231905457098e-14 4.618527782440651208e-14
-9.303668946358811809e-14 3.241851231905457098e-14 4.618527782440651208e-14
-9.303668946358811809e-14 3.197442310920450836e-14 4.618527782440651208e-14
-9.325873406851314940e-14 3.252953462151708663e-14 4.618527782440651208e-14
-9.325873406851314940e-14 3.197442310920450836e-14 4.618527782440651208e-14
-9.325873406851314940e-14 3.252953462151708663e-14 4.618527782440651208e-14
-9.325873406851314940e-14 3.252953462151708663e-14 4.618527782440651208e-14
-9.325873406851314940e-14 3.197442310920450836e-14 4.618527782440651208e-14
-9.281464485866308678e-14 3.197442310920450836e-14 4.607425552194399643e-14
-9.325873406851314940e-14 3.197442310920450836e-14 4.618527782440651208e-14
-9.325873406851314940e-14 3.241851231905457098e-14 4.606037773413618197e-14
-9.325873406851314940e-14 3.197442310920450836e-14 4.618527782440651208e-14
-9.325873406851314940e-14 3.197442310920450836e-14 4.618527782440651208e-14
-9.292566716112560243e-14 3.197442310920450836e-14 4.640732242933154339e-14
-9.325873406851314940e-14 3.286260152890463360e-14 4.618527782440651208e-14
-9.325873406851314940e-14 3.241851231905457098e-14 4.618527782440651208e-14
-9.325873406851314940e-14 3.197442310920450836e-14 4.618527782440651208e-14
-9.237055564881302416e-14 3.197442310920450836e-14 4.618527782440651208e-14
-9.325873406851314940e-14 3.241851231905457098e-14 4.618527782440651208e-14
-9.303668946358811809e-14 3.197442310920450836e-14 4.618527782440651208e-14
-9.237055564881302416e-14 3.241851231905457098e-14 4.607425552194399643e-14
-9.303668946358811809e-14 3.197442310920450836e-14 4.618527782440651208e-14
-9.325873406851314940e-14 3.197442310920450836e-14 4.618527782440651208e-14
-9.325873406851314940e-14 3.197442310920450836e-14 4.618527782440651208e-14
-9.237055564881302416e-14 3.241851231905457098e-14 4.618527782440651208e-14
-9.303668946358811809e-14 3.241851231905457098e-14 4.618527782440651208e-14
-9.325873406851314940e-14 3.197442310920450836e-14 4.618527782440651208e-14
-9.303668946358811809e-14 3.241851231905457098e-14 4.618527782440651208e-14
-9.303668946358811809e-14 3.197442310920450836e-14 4.618527782440651208e-14
-9.303668946358811809e-14 3.248790125809364326e-14 4.618527782440651208e-14
-9.281464485866308678e-14 3.197442310920450836e-14 4.607425552194399643e-14
-9.325873406851314940e-14 3.286260152890463360e-14 4.618527782440651208e-14
-9.325873406851314940e-14 3.197442310920450836e-14 4.618527782440651208e-14
-9.325873406851314940e-14 3.286260152890463360e-14 4.618527782440651208e-14
-9.237055564881302416e-14 3.241851231905457098e-14 4.618527782440651208e-14
-9.325873406851314940e-14 3.197442310920450836e-14 4.618527782440651208e-14
-9.237055564881302416e-14 3.197442310920450836e-14 4.618527782440651208e-14
-9.325873406851314940e-14 3.241851231905457098e-14 4.618527782440651208e-14
-9.325873406851314940e-14 3.197442310920450836e-14 4.618527782440651208e-14
-9.237055564881302416e-14 3.197442310920450836e-14 4.618527782440651208e-14
-9.303668946358811809e-14 3.241851231905457098e-14 4.618527782440651208e-14
-9.325873406851314940e-14 3.197442310920450836e-14 4.618527782440651208e-14
-9.325873406851314940e-14 3.197442310920450836e-14 4.618527782440651208e-14
-9.237055564881302416e-14 3.241851231905457098e-14 4.618527782440651208e-14
-9.237055564881302416e-14 3.197442310920450836e-14 4.618527782440651208e-14
-9.306444503920374700e-14 3.197442310920450836e-14 4.618527782440651208e-14
-9.325873406851314940e-14 3.197442310920450836e-14 4.618527782440651208e-14
-9.325873406851314940e-14 3.286260152890463360e-14 4.618527782440651208e-14
-9.303668946358811809e-14 3.241851231905457098e-14 4.618527782440651208e-14
-9.325873406851314940e-14 3.197442310920450836e-14 4.618527782440651208e-14
-9.303668946358811809e-14 3.197442310920450836e-14 4.618527782440651208e-14
-9.325873406851314940e-14 3.252953462151708663e-14 4.618527782440651208e-14
-9.303668946358811809e-14 3.197442310920450836e-14 4.618527782440651208e-14
-9.325873406851314940e-14 3.241851231905457098e-14 4.618527782440651208e-14
-9.325873406851314940e-14 3.241851231905457098e-14 4.618527782440651208e-14
-9.237055564881302416e-14 3.249484015199755049e-14 4.618527782440651208e-14
-9.237055564881302416e-14 3.241851231905457098e-14 4.618527782440651208e-14
-9.325873406851314940e-14 3.241851231905457098e-14 4.618527782440651208e-14
-9.325873406851314940e-14 3.197442310920450836e-14 4.618527782440651208e-14
-9.325873406851314940e-14 3.248790125809364326e-14 4.618527782440651208e-14
-9.325873406851314940e-14 3.197442310920450836e-14 4.618527782440651208e-14
-9.237055564881302416e-14 3.197442310920450836e-14 4.618527782440651208e-14
-9.325873406851314940e-14 3.286260152890463360e-14 4.618527782440651208e-14
-9.303668946358811809e-14 3.252953462151708663e-14 4.618527782440651208e-14
-9.325873406851314940e-14 3.241851231905457098e-14 4.618527782440651208e-14
-9.325873406851314940e-14 3.241851231905457098e-14 4.618527782440651208e-14
-9.325873406851314940e-14 3.197442310920450836e-14 4.618527782440651208e-14
-9.303668946358811809e-14 3.197442310920450836e-14 4.607425552194399643e-14
-9.306444503920374700e-14 3.252953462151708663e-14 4.618527782440651208e-14
-9.325873406851314940e-14 3.197442310920450836e-14 4.618527782440651208e-14
-9.325873406851314940e-14 3.197442310920450836e-14 4.618527782440651208e-14
-9.325873406851314940e-14 3.252953462151708663e-14 4.607425552194399643e-14
-9.237055564881302416e-14 3.286260152890463360e-14 4.618527782440651208e-14
-9.237055564881302416e-14 3.241851231905457098e-14 4.607425552194399643e-14
-9.281464485866308678e-14 3.286260152890463360e-14 4.618527782440651208e-14
-9.237055564881302416e-14 3.252953462151708663e-14 4.618527782440651208e-14
-9.237055564881302416e-14 3.252953462151708663e-14 4.618527782440651208e-14
-9.237055564881302416e-14 3.197442310920450836e-14 4.618527782440651208e-14
-9.325873406851314940e-14 3.197442310920450836e-14 4.618527782440651208e-14
-9.237055564881302416e-14 3.197442310920450836e-14 4.618527782440651208e-14
-9.303668946358811809e-14 3.197442310920450836e-14 4.618527782440651208e-14
-9.325873406851314940e-14 3.197442310920450836e-14 4.618527782440651208e-14
-9.237055564881302416e-14 3.197442310920450836e-14 4.618527782440651208e-14
-9.303668946358811809e-14 3.197442310920450836e-14 4.618527782440651208e-14
-9.325873406851314940e-14 3.197442310920450836e-14 4.618527782440651208e-14
-9.325873406851314940e-14 3.241851231905457098e-14 4.618527782440651208e-14
-9.325873406851314940e-14 3.197442310920450836e-14 4.618527782440651208e-14
-9.325873406851314940e-14 3.241851231905457098e-14 4.618527782440651208e-14
-9.325873406851314940e-14 3.286260152890463360e-14 4.618527782440651208e-14
-9.237055564881302416e-14 3.241851231905457098e-14 4.618527782440651208e-14
-9.281464485866308678e-14 3.197442310920450836e-14 4.618527782440651208e-14
-9.298117831235686026e-14 3.241851231905457098e-14 4.618527782440651208e-14
-9.237055564881302416e-14 3.250177904590145772e-14 4.618527782440651208e-14
-9.303668946358811809e-14 3.241851231905457098e-14 4.618527782440651208e-14
-9.325873406851314940e-14 3.241851231905457098e-14 4.618527782440651208e-14
-9.306444503920374700e-14 3.286260152890463360e-14 4.618527782440651208e-14
-9.303668946358811809e-14 3.241851231905457098e-14 4.618527782440651208e-14
-9.303668946358811809e-14 3.252953462151708663e-14 4.618527782440651208e-14
-9.325873406851314940e-14 3.264055692397960229e-14 4.618527782440651208e-14
-9.325873406851314940e-14 3.197442310920450836e-14 4.618527782440651208e-14
-9.281464485866308678e-14 3.241851231905457098e-14 4.618527782440651208e-14
-9.237055564881302416e-14 3.241851231905457098e-14 4.618527782440651208e-14
-9.281464485866308678e-14 3.197442310920450836e-14 4.618527782440651208e-14
-9.302714848447024565e-14 3.252953462151708663e-14 4.618527782440651208e-14
-9.325873406851314940e-14 3.241851231905457098e-14 4.618527782440651208e-14
-9.325873406851314940e-14 3.197442310920450836e-14 4.618527782440651208e-14
-9.325873406851314940e-14 3.197442310920450836e-14 4.618527782440651208e-14
-9.325873406851314940e-14 3.241851231905457098e-14 4.607425552194399643e-14
-9.303668946358811809e-14 3.241851231905457098e-14 4.618527782440651208e-14
-9.325873406851314940e-14 3.250871793980536495e-14 4.618527782440651208e-14
-9.325873406851314940e-14 3.252953462151708663e-14 4.618527782440651208e-14
-9.237055564881302416e-14 3.252953462151708663e-14 4.618527782440651208e-14
-9.325873406851314940e-14 3.197442310920450836e-14 4.618527782440651208e-14
-9.303668946358811809e-14 3.197442310920450836e-14 4.618527782440651208e-14
-9.237055564881302416e-14 3.197442310920450836e-14 4.618527782440651208e-14
-9.237055564881302416e-14 3.197442310920450836e-14 4.607425552194399643e-14
-9.281464485866308678e-14 3.197442310920450836e-14 4.618527782440651208e-14
-9.325873406851314940e-14 3.241851231905457098e-14 4.618527782440651208e-14
-9.237055564881302416e-14 3.241851231905457098e-14 4.607425552194399643e-14
-9.303668946358811809e-14 3.197442310920450836e-14 4.618527782440651208e-14
-9.325873406851314940e-14 3.241851231905457098e-14 4.618527782440651208e-14
-9.303668946358811809e-14 3.241851231905457098e-14 4.596323321948148077e-14
-9.237055564881302416e-14 3.241851231905457098e-14 4.618527782440651208e-14
-9.303668946358811809e-14 3.241851231905457098e-14 4.618527782440651208e-14
-9.237055564881302416e-14 3.264055692397960229e-14 4.618527782440651208e-14
-9.237055564881302416e-14 3.197442310920450836e-14 4.618527782440651208e-14
-9.237055564881302416e-14 3.241851231905457098e-14 4.618527782440651208e-14
-9.303668946358811809e-14 3.241851231905457098e-14 4.618527782440651208e-14
-9.325873406851314940e-14 3.286260152890463360e-14 4.618527782440651208e-14
-9.281464485866308678e-14 3.197442310920450836e-14 4.607425552194399643e-14
-9.325873406851314940e-14 3.197442310920450836e-14 4.618527782440651208e-14
-9.325873406851314940e-14 3.241851231905457098e-14 4.618527782440651208e-14
-9.325873406851314940e-14 3.286260152890463360e-14 4.618527782440651208e-14
-9.325873406851314940e-14 3.197442310920450836e-14 4.618527782440651208e-14
-9.325873406851314940e-14 3.286260152890463360e-14 4.618527782440651208e-14
-9.303668946358811809e-14 3.241851231905457098e-14 4.618527782440651208e-14
-9.325873406851314940e-14 3.241851231905457098e-14 4.618527782440651208e-14
-9.303668946358811809e-14 3.241851231905457098e-14 4.618527782440651208e-14
-9.325873406851314940e-14 3.197442310920450836e-14 4.618527782440651208e-14
-9.237055564881302416e-14 3.250177904590145772e-14 4.618527782440651208e-14
-9.237055564881302416e-14 3.197442310920450836e-14 4.618527782440651208e-14
-9.303668946358811809e-14 3.197442310920450836e-14 4.607425552194399643e-14
-9.325873406851314940e-14 3.197442310920450836e-14 4.618527782440651208e-14
-9.237055564881302416e-14 3.197442310920450836e-14 4.618527782440651208e-14
-9.237055564881302416e-14 3.241851231905457098e-14 4.618527782440651208e-14
-9.237055564881302416e-14 3.197442310920450836e-14 4.618527782440651208e-14
-9.325873406851314940e-14 3.241851231905457098e-14 4.618527782440651208e-14
-9.325873406851314940e-14 3.241851231905457098e-14 4.618527782440651208e-14
-9.237055564881302416e-14 3.264055692397960229e-14 4.618527782440651208e-14
-9.237055564881302416e-14 3.241851231905457098e-14 4.618527782440651208e-14
-9.281464485866308678e-14 3.241851231905457098e-14 4.618527782440651208e-14
-9.325873406851314940e-14 3.241851231905457098e-14 4.618527782440651208e-14
-9.237055564881302416e-14 3.250177904590145772e-14 4.607420131183537215e-14
-9.325873406851314940e-14 3.197442310920450836e-14 4.618527782440651208e-14
-9.325873406851314940e-14 3.250177904590145772e-14 4.618527782440651208e-14
-9.325873406851314940e-14 3.241851231905457098e-14 4.618527782440651208e-14
-9.281464485866308678e-14 3.241851231905457098e-14 4.618527782440651208e-14
-9.303668946358811809e-14 3.241851231905457098e-14 4.618527782440651208e-14
-9.237055564881302416e-14 3.197442310920450836e-14 4.618527782440651208e-14
-9.325873406851314940e-14 3.197442310920450836e-14 4.618527782440651208e-14
-9.237055564881302416e-14 3.286260152890463360e-14 4.618527782440651208e-14
-9.325873406851314940e-14 3.197442310920450836e-14 4.618527782440651208e-14
-9.325873406851314940e-14 3.250351376937743453e-14 4.618527782440651208e-14
-9.303668946358811809e-14 3.197442310920450836e-14 4.618527782440651208e-14
-9.325873406851314940e-14 3.241851231905457098e-14 4.618527782440651208e-14
-9.303668946358811809e-14 3.241851231905457098e-14 4.618527782440651208e-14
-9.325873406851314940e-14 3.252953462151708663e-14 4.618527782440651208e-14
-9.325873406851314940e-14 3.197442310920450836e-14 4.601874437071273860e-14
-9.303668946358811809e-14 3.197442310920450836e-14 4.618527782440651208e-14
-9.325873406851314940e-14 3.241851231905457098e-14 4.618527782440651208e-14
-9.325873406851314940e-14 3.241851231905457098e-14 4.607425552194399643e-14
-9.325873406851314940e-14 3.197442310920450836e-14 4.618527782440651208e-14
-9.325873406851314940e-14 3.197442310920450836e-14 4.607425552194399643e-14
-9.325873406851314940e-14 3.197442310920450836e-14 4.607425552194399643e-14
-9.325873406851314940e-14 3.241851231905457098e-14 4.618527782440651208e-14
-9.325873406851314940e-14 3.197442310920450836e-14 4.618527782440651208e-14
-9.237055564881302416e-14 3.269606807521086012e-14 4.618527782440651208e-14
-9.303668946358811809e-14 3.197442310920450836e-14 4.618527782440651208e-14
-9.325873406851314940e-14 3.197442310920450836e-14 4.618527782440651208e-14
-9.237055564881302416e-14 3.197442310920450836e-14 4.618527782440651208e-14
-9.237055564881302416e-14 3.241851231905457098e-14 4.618527782440651208e-14
-9.303668946358811809e-14 3.241851231905457098e-14 4.618527782440651208e-14
-9.325873406851314940e-14 3.241851231905457098e-14 4.618527782440651208e-14
-9.325873406851314940e-14 3.197442310920450836e-14 4.618527782440651208e-14
-9.292566716112560243e-14 3.197442310920450836e-14 4.618527782440651208e-14
-9.325873406851314940e-14 3.241851231905457098e-14 4.618527782440651208e-14
-9.325873406851314940e-14 3.241851231905457098e-14 4.618527782440651208e-14
-9.237055564881302416e-14 3.241851231905457098e-14 4.618527782440651208e-14
-9.325873406851314940e-14 3.241851231905457098e-14 4.618527782440651208e-14
-9.281464485866308678e-14 3.197442310920450836e-14 4.607425552194399643e-14
-9.237055564881302416e-14 3.241851231905457098e-14 4.618527782440651208e-14
-9.303668946358811809e-14 3.197442310920450836e-14 4.618527782440651208e-14
-9.237055564881302416e-14 3.250177904590145772e-14 4.618527782440651208e-14
-9.237055564881302416e-14 3.241851231905457098e-14 4.618527782440651208e-14
-9.325873406851314940e-14 3.286260152890463360e-14 4.618527782440651208e-14
-9.325873406851314940e-14 3.252953462151708663e-14 4.618527782440651208e-14
-9.303668946358811809e-14 3.241851231905457098e-14 4.618527782440651208e-14
-9.325873406851314940e-14 3.197442310920450836e-14 4.618527782440651208e-14
-9.325873406851314940e-14 3.241851231905457098e-14 4.618527782440651208e-14
-9.325873406851314940e-14 3.241851231905457098e-14 4.618527782440651208e-14
-9.325873406851314940e-14 3.241851231905457098e-14 4.618527782440651208e-14
-9.237055564881302416e-14 3.241851231905457098e-14 4.618527782440651208e-14
-9.325873406851314940e-14 3.241851231905457098e-14 4.618527782440651208e-14
-9.325873406851314940e-14 3.197442310920450836e-14 4.618527782440651208e-14
-9.325873406851314940e-14 3.241851231905457098e-14 4.618527782440651208e-14
-9.237055564881302416e-14 3.241851231905457098e-14 4.618527782440651208e-14
-9.325873406851314940e-14 3.250177904590145772e-14 4.618527782440651208e-14
-9.237055564881302416e-14 3.241851231905457098e-14 4.618527782440651208e-14
-9.325873406851314940e-14 3.241851231905457098e-14 4.618527782440651208e-14
-9.325873406851314940e-14 3.197442310920450836e-14 4.618527782440651208e-14
-9.325873406851314940e-14 3.241851231905457098e-14 4.618527782440651208e-14
-9.325873406851314940e-14 3.197442310920450836e-14 4.618527782440651208e-14
-9.237055564881302416e-14 3.197442310920450836e-14 4.618527782440651208e-14
-9.303668946358811809e-14 3.252953462151708663e-14 4.618527782440651208e-14
-9.325873406851314940e-14 3.197442310920450836e-14 4.607425552194399643e-14
-9.325873406851314940e-14 3.197442310920450836e-14 4.607425552194399643e-14
-9.325873406851314940e-14 3.197442310920450836e-14 4.618527782440651208e-14
-9.325873406851314940e-14 3.197442310920450836e-14 4.607425552194399643e-14
-9.237055564881302416e-14 3.241851231905457098e-14 4.618527782440651208e-14
-9.237055564881302416e-14 3.286260152890463360e-14 4.618527782440651208e-14
-9.237055564881302416e-14 3.252953462151708663e-14 4.618527782440651208e-14
-9.325873406851314940e-14 3.241851231905457098e-14 4.618527782440651208e-14
-9.325873406851314940e-14 3.197442310920450836e-14 4.606037773413618197e-14
-9.325873406851314940e-14 3.197442310920450836e-14 4.618527782440651208e-14
-9.237055564881302416e-14 3.197442310920450836e-14 4.618527782440651208e-14
-9.325873406851314940e-14 3.197442310920450836e-14 4.618527782440651208e-14
-9.325873406851314940e-14 3.286260152890463360e-14 4.618527782440651208e-14
-9.325873406851314940e-14 3.197442310920450836e-14 4.618527782440651208e-14
-9.325873406851314940e-14 3.241851231905457098e-14 4.618527782440651208e-14
-9.303668946358811809e-14 3.241851231905457098e-14 4.618527782440651208e-14
-9.303668946358811809e-14 3.241851231905457098e-14 4.618527782440651208e-14
-9.303668946358811809e-14 3.197442310920450836e-14 4.618527782440651208e-14
-9.325873406851314940e-14 3.197442310920450836e-14 4.618527782440651208e-14
-9.325873406851314940e-14 3.286260152890463360e-14 4.618527782440651208e-14
-9.237055564881302416e-14 3.197442310920450836e-14 4.618527782440651208e-14
-9.325873406851314940e-14 3.241851231905457098e-14 4.618527782440651208e-14
-9.303668946358811809e-14 3.241851231905457098e-14 4.618527782440651208e-14
-9.325873406851314940e-14 3.241851231905457098e-14 4.607425552194399643e-14
-9.325873406851314940e-14 3.241851231905457098e-14 4.608813330975181088e-14
-9.325873406851314940e-14 3.241851231905457098e-14 4.618527782440651208e-14
-9.325873406851314940e-14 3.241851231905457098e-14 4.607425552194399643e-14
-9.325873406851314940e-14 3.241851231905457098e-14 4.618527782440651208e-14
-9.325873406851314940e-14 3.252953462151708663e-14 4.618527782440651208e-14
-9.325873406851314940e-14 3.197442310920450836e-14 4.618527782440651208e-14
-9.303668946358811809e-14 3.197442310920450836e-14 4.618527782440651208e-14
-9.237055564881302416e-14 3.241851231905457098e-14 4.618527782440651208e-14
-9.325873406851314940e-14 3.197442310920450836e-14 4.607425552194399643e-14
-9.303668946358811809e-14 3.241851231905457098e-14 4.618527782440651208e-14
-9.325873406851314940e-14 3.286260152890463360e-14 4.618527782440651208e-14
-9.303668946358811809e-14 3.197442310920450836e-14 4.618527782440651208e-14
-9.325873406851314940e-14 3.241851231905457098e-14 4.618527782440651208e-14
-9.325873406851314940e-14 3.197442310920450836e-14 4.618527782440651208e-14
-9.303668946358811809e-14 3.286260152890463360e-14 4.618527782440651208e-14
-9.325873406851314940e-14 3.252953462151708663e-14 4.618527782440651208e-14
-9.237055564881302416e-14 3.197442310920450836e-14 4.618527782440651208e-14
-9.325873406851314940e-14 3.197442310920450836e-14 4.618527782440651208e-14
-9.281464485866308678e-14 3.197442310920450836e-14 4.618527782440651208e-14
-9.325873406851314940e-14 3.197442310920450836e-14 4.618527782440651208e-14
-9.325873406851314940e-14 3.241851231905457098e-14 4.618527782440651208e-14
-9.281464485866308678e-14 3.197442310920450836e-14 4.618527782440651208e-14
-9.325873406851314940e-14 3.241851231905457098e-14 4.618527782440651208e-14
-9.325873406851314940e-14 3.241851231905457098e-14 4.618527782440651208e-14
-9.059419880941277370e-14 3.241851231905457098e-14 4.618527782440651208e-14
-9.237055564881302416e-14 3.197442310920450836e-14 4.618527782440651208e-14
-9.325873406851314940e-14 3.197442310920450836e-14 4.618527782440651208e-14
-9.303668946358811809e-14 3.241851231905457098e-14 4.618527782440651208e-14
-9.303668946358811809e-14 3.197442310920450836e-14 4.618527782440651208e-14
-9.325873406851314940e-14 3.241851231905457098e-14 4.618527782440651208e-14
-9.237055564881302416e-14 3.197442310920450836e-14 4.618527782440651208e-14
-9.303668946358811809e-14 3.197442310920450836e-14 4.618527782440651208e-14
-9.325873406851314940e-14 3.241851231905457098e-14 4.607425552194399643e-14
-9.325873406851314940e-14 3.241851231905457098e-14 4.618527782440651208e-14
-9.325873406851314940e-14 3.197442310920450836e-14 4.618527782440651208e-14
-9.325873406851314940e-14 3.197442310920450836e-14 4.574118861455644947e-14
-9.325873406851314940e-14 3.241851231905457098e-14 4.607425552194399643e-14
-9.325873406851314940e-14 3.241851231905457098e-14 4.618527782440651208e-14
-9.325873406851314940e-14 3.241851231905457098e-14 4.618527782440651208e-14
-9.325873406851314940e-14 3.197442310920450836e-14 4.618527782440651208e-14
-9.325873406851314940e-14 3.197442310920450836e-14 4.618527782440651208e-14
-9.325873406851314940e-14 3.241851231905457098e-14 4.618527782440651208e-14
-9.303668946358811809e-14 3.241851231905457098e-14 4.607425552194399643e-14
-9.237055564881302416e-14 3.197442310920450836e-14 4.618527782440651208e-14
-9.237055564881302416e-14 3.250177904590145772e-14 4.618527782440651208e-14
-9.237055564881302416e-14 3.241851231905457098e-14 4.618527782440651208e-14
-9.303668946358811809e-14 3.197442310920450836e-14 4.618527782440651208e-14
-9.303668946358811809e-14 3.286260152890463360e-14 4.618527782440651208e-14
-9.237055564881302416e-14 3.252953462151708663e-14 4.607425552194399643e-14
-9.237055564881302416e-14 3.197442310920450836e-14 4.618527782440651208e-14
-9.325873406851314940e-14 3.248096236418973604e-14 4.618527782440651208e-14
-9.325873406851314940e-14 3.197442310920450836e-14 4.618527782440651208e-14
-9.325873406851314940e-14 3.286260152890463360e-14 4.618527782440651208e-14
-9.325873406851314940e-14 3.197442310920450836e-14 4.596323321948148077e-14
-9.325873406851314940e-14 3.197442310920450836e-14 4.618527782440651208e-14
-9.325873406851314940e-14 3.286260152890463360e-14 4.618527782440651208e-14
-9.325873406851314940e-14 3.197442310920450836e-14 4.618527782440651208e-14
-9.281464485866308678e-14 3.241851231905457098e-14 4.618527782440651208e-14
-9.299505610016467472e-14 3.241851231905457098e-14 4.618527782440651208e-14
-9.281464485866308678e-14 3.197442310920450836e-14 4.618527782440651208e-14
-9.325873406851314940e-14 3.197442310920450836e-14 4.618527782440651208e-14
-9.325873406851314940e-14 3.197442310920450836e-14 4.618527782440651208e-14
-9.303668946358811809e-14 3.197442310920450836e-14 4.618527782440651208e-14
-9.325873406851314940e-14 3.241851231905457098e-14 4.618527782440651208e-14
-9.237055564881302416e-14 3.241851231905457098e-14 4.618527782440651208e-14
-9.325873406851314940e-14 3.241851231905457098e-14 4.618527782440651208e-14
-9.303668946358811809e-14 3.197442310920450836e-14 4.618527782440651208e-14
-9.303668946358811809e-14 3.197442310920450836e-14 4.618527782440651208e-14
-9.237055564881302416e-14 3.241851231905457098e-14 4.618527782440651208e-14
-9.237055564881302416e-14 3.241851231905457098e-14 4.618527782440651208e-14
-9.325873406851314940e-14 3.197442310920450836e-14 4.618527782440651208e-14
-9.303668946358811809e-14 3.197442310920450836e-14 4.607425552194399643e-14
-9.325873406851314940e-14 3.264055692397960229e-14 4.618527782440651208e-14
-9.237055564881302416e-14 3.241851231905457098e-14 4.618527782440651208e-14
-9.303668946358811809e-14 3.197442310920450836e-14 4.618527782440651208e-14
-9.325873406851314940e-14 3.197442310920450836e-14 4.618527782440651208e-14
-9.325873406851314940e-14 3.241851231905457098e-14 4.618527782440651208e-14
-9.325873406851314940e-14 3.250177904590145772e-14 4.618527782440651208e-14
-9.303668946358811809e-14 3.197442310920450836e-14 4.618527782440651208e-14
-9.237055564881302416e-14 3.197442310920450836e-14 4.618527782440651208e-14
-9.281464485866308678e-14 3.197442310920450836e-14 4.618527782440651208e-14
-9.303668946358811809e-14 3.252953462151708663e-14 4.618527782440651208e-14
-9.325873406851314940e-14 3.286260152890463360e-14 4.607425552194399643e-14
-9.281464485866308678e-14 3.197442310920450836e-14 4.618527782440651208e-14
-9.303668946358811809e-14 3.197442310920450836e-14 4.618527782440651208e-14
-9.303668946358811809e-14 3.241851231905457098e-14 4.618527782440651208e-14
-9.325873406851314940e-14 3.250177904590145772e-14 4.618527782440651208e-14
-9.303668946358811809e-14 3.241851231905457098e-14 4.618527782440651208e-14
-9.237055564881302416e-14 3.241851231905457098e-14 4.618527782440651208e-14
-9.325873406851314940e-14 3.241851231905457098e-14 4.618527782440651208e-14
-9.325873406851314940e-14 3.197442310920450836e-14 4.618527782440651208e-14
-9.303668946358811809e-14 3.252953462151708663e-14 4.618527782440651208e-14
-9.303668946358811809e-14 3.241851231905457098e-14 4.618527782440651208e-14
-9.237055564881302416e-14 3.241851231905457098e-14 4.607425552194399643e-14
-9.325873406851314940e-14 3.241851231905457098e-14 4.618527782440651208e-14
-9.237055564881302416e-14 3.286260152890463360e-14 4.607425552194399643e-14
-9.303668946358811809e-14 3.252953462151708663e-14 4.607425552194399643e-14
-9.325873406851314940e-14 3.241851231905457098e-14 4.618527782440651208e-14
-9.237055564881302416e-14 3.286260152890463360e-14 4.618527782440651208e-14
-9.237055564881302416e-14 3.249484015199755049e-14 4.618527782440651208e-14
-9.325873406851314940e-14 3.197442310920450836e-14 4.618527782440651208e-14
-9.303668946358811809e-14 3.250177904590145772e-14 4.618527782440651208e-14
-9.325873406851314940e-14 3.241851231905457098e-14 4.618527782440651208e-14
-9.325873406851314940e-14 3.197442310920450836e-14 4.618527782440651208e-14
-9.325873406851314940e-14 3.197442310920450836e-14 4.607425552194399643e-14
-9.281464485866308678e-14 3.197442310920450836e-14 4.618527782440651208e-14
-9.237055564881302416e-14 3.252953462151708663e-14 4.618527782440651208e-14
-9.325873406851314940e-14 3.197442310920450836e-14 4.618527782440651208e-14
-9.325873406851314940e-14 3.197442310920450836e-14 4.618527782440651208e-14
-9.325873406851314940e-14 3.252953462151708663e-14 4.618527782440651208e-14
-9.325873406851314940e-14 3.241851231905457098e-14 4.618527782440651208e-14
-9.325873406851314940e-14 3.197442310920450836e-14 4.618527782440651208e-14
-9.303668946358811809e-14 3.241851231905457098e-14 4.618527782440651208e-14
-9.325873406851314940e-14 3.197442310920450836e-14 4.618527782440651208e-14
-9.325873406851314940e-14 3.197442310920450836e-14 4.618527782440651208e-14
-9.237055564881302416e-14 3.197442310920450836e-14 4.618527782440651208e-14
-9.325873406851314940e-14 3.197442310920450836e-14 4.618527782440651208e-14
-9.237055564881302416e-14 3.197442310920450836e-14 4.618527782440651208e-14
-9.325873406851314940e-14 3.241851231905457098e-14 4.618527782440651208e-14
-9.325873406851314940e-14 3.252953462151708663e-14 4.618527782440651208e-14
-9.237055564881302416e-14 3.264055692397960229e-14 4.618527782440651208e-14
-9.281464485866308678e-14 3.286260152890463360e-14 4.618527782440651208e-14
-9.325873406851314940e-14 3.197442310920450836e-14 4.607425552194399643e-14
-9.325873406851314940e-14 3.250177904590145772e-14 4.618527782440651208e-14
-9.309220061481937591e-14 3.286260152890463360e-14 4.618527782440651208e-14
-9.325873406851314940e-14 3.197442310920450836e-14 4.618527782440651208e-14
-9.325873406851314940e-14 3.197442310920450836e-14 4.618527782440651208e-14
-9.325873406851314940e-14 3.241851231905457098e-14 4.618527782440651208e-14
-9.303668946358811809e-14 3.197442310920450836e-14 4.618527782440651208e-14
-9.237055564881302416e-14 3.286260152890463360e-14 4.618527782440651208e-14
-9.325873406851314940e-14 3.197442310920450836e-14 4.618527782440651208e-14
-9.325873406851314940e-14 3.197442310920450836e-14 4.607425552194399643e-14
-9.325873406851314940e-14 3.197442310920450836e-14 4.618527782440651208e-14
-9.325873406851314940e-14 3.241851231905457098e-14 4.618527782440651208e-14
-9.325873406851314940e-14 3.286260152890463360e-14 4.618527782440651208e-14
-9.325873406851314940e-14 3.241851231905457098e-14 4.618527782440651208e-14
-9.303668946358811809e-14 3.241851231905457098e-14 4.618527782440651208e-14
-9.325873406851314940e-14 3.241851231905457098e-14 4.618527782440651208e-14
-9.325873406851314940e-14 3.241851231905457098e-14 4.618527782440651208e-14
-9.303668946358811809e-14 3.241851231905457098e-14 4.618527782440651208e-14
-9.303668946358811809e-14 3.197442310920450836e-14 4.596323321948148077e-14
-9.325873406851314940e-14 3.250177904590145772e-14 4.618527782440651208e-14
-9.325873406851314940e-14 3.286260152890463360e-14 4.618527782440651208e-14
-9.303668946358811809e-14 3.252953462151708663e-14 4.618527782440651208e-14
-9.237055564881302416e-14 3.241851231905457098e-14 4.618527782440651208e-14
-9.303668946358811809e-14 3.286260152890463360e-14 4.618527782440651208e-14
-9.237055564881302416e-14 3.241851231905457098e-14 4.618527782440651208e-14
-9.303668946358811809e-14 3.252953462151708663e-14 4.618527782440651208e-14
-9.325873406851314940e-14 3.197442310920450836e-14 4.607425552194399643e-14
-9.325873406851314940e-14 3.241851231905457098e-14 4.618527782440651208e-14
-9.281464485866308678e-14 3.197442310920450836e-14 4.607425552194399643e-14
-9.303668946358811809e-14 3.197442310920450836e-14 4.618527782440651208e-14
-9.325873406851314940e-14 3.286260152890463360e-14 4.618527782440651208e-14
-9.325873406851314940e-14 3.197442310920450836e-14 4.618527782440651208e-14
-9.325873406851314940e-14 3.241851231905457098e-14 4.596323321948148077e-14
-9.325873406851314940e-14 3.241851231905457098e-14 4.607425552194399643e-14
-9.325873406851314940e-14 3.197442310920450836e-14 4.618527782440651208e-14
-9.303668946358811809e-14 3.252953462151708663e-14 4.618527782440651208e-14
-9.325873406851314940e-14 3.197442310920450836e-14 4.618527782440651208e-14
-9.237055564881302416e-14 3.241851231905457098e-14 4.618527782440651208e-14
-9.325873406851314940e-14 3.197442310920450836e-14 4.618527782440651208e-14
-9.303668946358811809e-14 3.241851231905457098e-14 4.618527782440651208e-14
-9.303668946358811809e-14 3.197442310920450836e-14 4.607425552194399643e-14
-9.325873406851314940e-14 3.197442310920450836e-14 4.618527782440651208e-14
-9.325873406851314940e-14 3.241851231905457098e-14 4.596323321948148077e-14
-9.325873406851314940e-14 3.197442310920450836e-14 4.618527782440651208e-14
-9.325873406851314940e-14 3.252953462151708663e-14 4.607425552194399643e-14
-9.325873406851314940e-14 3.197442310920450836e-14 4.618527782440651208e-14
-9.325873406851314940e-14 3.197442310920450836e-14 4.618527782440651208e-14
-9.303668946358811809e-14 3.241851231905457098e-14 4.618527782440651208e-14
-9.325873406851314940e-14 3.252953462151708663e-14 4.618527782440651208e-14
-9.237055564881302416e-14 3.197442310920450836e-14 4.618527782440651208e-14
-9.237055564881302416e-14 3.197442310920450836e-14 4.618527782440651208e-14
-9.325873406851314940e-14 3.241851231905457098e-14 4.618527782440651208e-14
-9.237055564881302416e-14 3.241851231905457098e-14 4.607425552194399643e-14
-9.325873406851314940e-14 3.247402347028582881e-14 4.618527782440651208e-14
-9.325873406851314940e-14 3.286260152890463360e-14 4.618527782440651208e-14
-9.325873406851314940e-14 3.286260152890463360e-14 4.618527782440651208e-14
-9.325873406851314940e-14 3.197442310920450836e-14 4.618527782440651208e-14
-9.303668946358811809e-14 3.252953462151708663e-14 4.618527782440651208e-14
-9.325873406851314940e-14 3.252953462151708663e-14 4.618527782440651208e-14
-9.237055564881302416e-14 3.241851231905457098e-14 4.618527782440651208e-14
-9.325873406851314940e-14 3.241851231905457098e-14 4.618527782440651208e-14
-9.325873406851314940e-14 3.197442310920450836e-14 4.618527782440651208e-14
-9.370282327836321201e-14 3.219646771412953967e-14 4.618527782440651208e-14
-9.325873406851314940e-14 3.197442310920450836e-14 4.618527782440651208e-14
-9.303668946358811809e-14 3.197442310920450836e-14 4.618527782440651208e-14
-9.325873406851314940e-14 3.286260152890463360e-14 4.618527782440651208e-14
-9.237055564881302416e-14 3.197442310920450836e-14 4.618527782440651208e-14
-9.281464485866308678e-14 3.197442310920450836e-14 4.618527782440651208e-14
-9.325873406851314940e-14 3.286260152890463360e-14 4.607425552194399643e-14
-9.303668946358811809e-14 3.241851231905457098e-14 4.607425552194399643e-14
-9.237055564881302416e-14 3.197442310920450836e-14 4.618527782440651208e-14
-9.303668946358811809e-14 3.241851231905457098e-14 4.618527782440651208e-14
-9.325873406851314940e-14 3.241851231905457098e-14 4.618527782440651208e-14
-9.303322001663616447e-14 3.197442310920450836e-14 4.618527782440651208e-14
-9.237055564881302416e-14 3.197442310920450836e-14 4.618527782440651208e-14
-9.325873406851314940e-14 3.197442310920450836e-14 4.618527782440651208e-14
-9.303668946358811809e-14 3.197442310920450836e-14 4.618527782440651208e-14
-9.303668946358811809e-14 3.197442310920450836e-14 4.618527782440651208e-14
-9.303668946358811809e-14 3.241851231905457098e-14 4.607425552194399643e-14
-9.281464485866308678e-14 3.197442310920450836e-14 4.607425552194399643e-14
-9.325873406851314940e-14 3.241851231905457098e-14 4.618527782440651208e-14
-9.325873406851314940e-14 3.250199588633595482e-14 4.607425552194399643e-14
-9.237055564881302416e-14 3.197442310920450836e-14 4.618527782440651208e-14
-9.325873406851314940e-14 3.241851231905457098e-14 4.618527782440651208e-14
-9.303668946358811809e-14 3.241851231905457098e-14 4.618527782440651208e-14
-9.325873406851314940e-14 3.241851231905457098e-14 4.618527782440651208e-14
-9.325873406851314940e-14 3.197442310920450836e-14 4.618527782440651208e-14
-9.303668946358811809e-14 3.241851231905457098e-14 4.618527782440651208e-14
-9.237055564881302416e-14 3.286260152890463360e-14 4.618527782440651208e-14
-9.237055564881302416e-14 3.252953462151708663e-14 4.618527782440651208e-14
-9.325873406851314940e-14 3.197442310920450836e-14 4.618527782440651208e-14
-9.237055564881302416e-14 3.308464613382966490e-14 4.529709940470638685e-14
-9.325873406851314940e-14 3.241851231905457098e-14 4.618527782440651208e-14
-9.281464485866308678e-14 3.197442310920450836e-14 4.618527782440651208e-14
-9.281464485866308678e-14 3.197442310920450836e-14 4.618527782440651208e-14
-9.325873406851314940e-14 3.252953462151708663e-14 4.618527782440651208e-14
-9.325873406851314940e-14 3.197442310920450836e-14 4.618527782440651208e-14
-9.325873406851314940e-14 3.241851231905457098e-14 4.618527782440651208e-14
-9.303668946358811809e-14 3.241851231905457098e-14 4.607425552194399643e-14
-9.237055564881302416e-14 3.197442310920450836e-14 4.618527782440651208e-14
-9.325873406851314940e-14 3.197442310920450836e-14 4.618527782440651208e-14
-9.303668946358811809e-14 3.197442310920450836e-14 4.607425552194399643e-14
-9.325873406851314940e-14 3.197442310920450836e-14 4.618527782440651208e-14
-9.237055564881302416e-14 3.241851231905457098e-14 4.618527782440651208e-14
-9.325873406851314940e-14 3.241851231905457098e-14 4.607425552194399643e-14
-9.237055564881302416e-14 3.252953462151708663e-14 4.618527782440651208e-14
-9.303668946358811809e-14 3.241851231905457098e-14 4.618527782440651208e-14
-9.237055564881302416e-14 3.241851231905457098e-14 4.618527782440651208e-14
-9.325873406851314940e-14 3.197442310920450836e-14 4.618527782440651208e-14
-9.325873406851314940e-14 3.241851231905457098e-14 4.618527782440651208e-14
-9.325873406851314940e-14 3.252953462151708663e-14 4.618527782440651208e-14
-9.325873406851314940e-14 3.241851231905457098e-14 4.607425552194399643e-14
-9.325873406851314940e-14 3.241851231905457098e-14 4.618527782440651208e-14
-9.303668946358811809e-14 3.252953462151708663e-14 4.618527782440651208e-14
-9.325873406851314940e-14 3.197442310920450836e-14 4.618527782440651208e-14
-9.325873406851314940e-14 3.197442310920450836e-14 4.618527782440651208e-14
-9.325873406851314940e-14 3.241851231905457098e-14 4.618527782440651208e-14
-9.325873406851314940e-14 3.241851231905457098e-14 4.607425552194399643e-14
-9.325873406851314940e-14 3.241851231905457098e-14 4.618527782440651208e-14
-9.281464485866308678e-14 3.251565683370927218e-14 4.618527782440651208e-14
-9.303668946358811809e-14 3.252953462151708663e-14 4.618527782440651208e-14
-9.281464485866308678e-14 3.241851231905457098e-14 4.618527782440651208e-14
-9.237055564881302416e-14 3.241851231905457098e-14 4.618527782440651208e-14
-9.325873406851314940e-14 3.241851231905457098e-14 4.618527782440651208e-14
-9.325873406851314940e-14 3.286260152890463360e-14 4.618527782440651208e-14
-9.237055564881302416e-14 3.241851231905457098e-14 4.618527782440651208e-14
-9.325873406851314940e-14 3.197442310920450836e-14 4.618527782440651208e-14
-9.325873406851314940e-14 3.241851231905457098e-14 4.618527782440651208e-14
-9.325873406851314940e-14 3.264055692397960229e-14 4.618527782440651208e-14
-9.303668946358811809e-14 3.197442310920450836e-14 4.607425552194399643e-14
-9.237055564881302416e-14 3.197442310920450836e-14 4.618527782440651208e-14
-9.237055564881302416e-14 3.264055692397960229e-14 4.618527782440651208e-14
-9.237055564881302416e-14 3.197442310920450836e-14 4.618527782440651208e-14
-9.303668946358811809e-14 3.197442310920450836e-14 4.618527782440651208e-14
-9.325873406851314940e-14 3.197442310920450836e-14 4.618527782440651208e-14
-9.237055564881302416e-14 3.197442310920450836e-14 4.607425552194399643e-14
-9.325873406851314940e-14 3.252953462151708663e-14 4.618527782440651208e-14
-9.237055564881302416e-14 3.197442310920450836e-14 4.607425552194399643e-14
-9.281464485866308678e-14 3.286260152890463360e-14 4.618527782440651208e-14
-9.237055564881302416e-14 3.197442310920450836e-14 4.618527782440651208e-14
-9.237055564881302416e-14 3.241851231905457098e-14 4.618527782440651208e-14
-9.303668946358811809e-14 3.197442310920450836e-14 4.604649994632836751e-14
-9.325873406851314940e-14 3.197442310920450836e-14 4.618527782440651208e-14
-9.303668946358811809e-14 3.241851231905457098e-14 4.618527782440651208e-14
-9.325873406851314940e-14 3.241851231905457098e-14 4.618527782440651208e-14
-9.325873406851314940e-14 3.286260152890463360e-14 4.618527782440651208e-14
-9.303668946358811809e-14 3.252953462151708663e-14 4.618527782440651208e-14
-9.237055564881302416e-14 3.252953462151708663e-14 4.618527782440651208e-14
-9.325873406851314940e-14 3.197442310920450836e-14 4.618527782440651208e-14
-9.303668946358811809e-14 3.197442310920450836e-14 4.618527782440651208e-14
-9.325873406851314940e-14 3.197442310920450836e-14 4.618527782440651208e-14
-9.325873406851314940e-14 3.197442310920450836e-14 4.618527782440651208e-14
-9.325873406851314940e-14 3.197442310920450836e-14 4.618527782440651208e-14
-9.325873406851314940e-14 3.241851231905457098e-14 4.618527782440651208e-14
-9.325873406851314940e-14 3.241851231905457098e-14 4.618527782440651208e-14
-9.325873406851314940e-14 3.241851231905457098e-14 4.618527782440651208e-14
-9.281464485866308678e-14 3.286260152890463360e-14 4.618527782440651208e-14
-9.325873406851314940e-14 3.197442310920450836e-14 4.618527782440651208e-14
-9.303668946358811809e-14 3.241851231905457098e-14 4.618527782440651208e-14
-9.303668946358811809e-14 3.197442310920450836e-14 4.618527782440651208e-14
-9.325873406851314940e-14 3.241851231905457098e-14 4.618527782440651208e-14
-9.325873406851314940e-14 3.241851231905457098e-14 4.618527782440651208e-14
-9.325873406851314940e-14 3.197442310920450836e-14 4.618527782440651208e-14
-9.325873406851314940e-14 3.241851231905457098e-14 4.618527782440651208e-14
-9.325873406851314940e-14 3.197442310920450836e-14 4.618527782440651208e-14
-9.303668946358811809e-14 3.197442310920450836e-14 4.618527782440651208e-14
-9.325873406851314940e-14 3.252953462151708663e-14 4.618527782440651208e-14
-9.303668946358811809e-14 3.197442310920450836e-14 4.618527782440651208e-14
-9.303668946358811809e-14 3.252953462151708663e-14 4.618527782440651208e-14
-9.281464485866308678e-14 3.241851231905457098e-14 4.618527782440651208e-14
-9.237055564881302416e-14 3.197442310920450836e-14 4.618527782440651208e-14
-9.281464485866308678e-14 3.286260152890463360e-14 4.618527782440651208e-14
-9.237055564881302416e-14 3.241851231905457098e-14 4.618527782440651208e-14
-9.325873406851314940e-14 3.241851231905457098e-14 4.618527782440651208e-14
-9.259260025373805547e-14 3.197442310920450836e-14 4.618527782440651208e-14
-9.325873406851314940e-14 3.252953462151708663e-14 4.607425552194399643e-14
-9.325873406851314940e-14 3.197442310920450836e-14 4.618527782440651208e-14
-9.237055564881302416e-14 3.197442310920450836e-14 4.618527782440651208e-14
-9.325873406851314940e-14 3.197442310920450836e-14 4.618527782440651208e-14
-9.325873406851314940e-14 3.197442310920450836e-14 4.607425552194399643e-14
-9.237055564881302416e-14 3.286260152890463360e-14 4.618527782440651208e-14
-9.325873406851314940e-14 3.197442310920450836e-14 4.618527782440651208e-14
-9.325873406851314940e-14 3.241851231905457098e-14 4.618527782440651208e-14
-9.309220061481937591e-14 3.241851231905457098e-14 4.618527782440651208e-14
-9.299505610016467472e-14 3.286260152890463360e-14 4.618527782440651208e-14
-9.303668946358811809e-14 3.241851231905457098e-14 4.618527782440651208e-14
-9.325873406851314940e-14 3.197442310920450836e-14 4.618527782440651208e-14
-9.325873406851314940e-14 3.286260152890463360e-14 4.618527782440651208e-14
-9.303668946358811809e-14 3.197442310920450836e-14 4.618527782440651208e-14
-9.325873406851314940e-14 3.286260152890463360e-14 4.618527782440651208e-14
-9.237055564881302416e-14 3.252953462151708663e-14 4.618527782440651208e-14
-9.237055564881302416e-14 3.197442310920450836e-14 4.618527782440651208e-14
-9.325873406851314940e-14 3.197442310920450836e-14 4.574118861455644947e-14
-9.237055564881302416e-14 3.197442310920450836e-14 4.618527782440651208e-14
-9.237055564881302416e-14 3.197442310920450836e-14 4.618527782440651208e-14
-9.325873406851314940e-14 3.250177904590145772e-14 4.618527782440651208e-14
-9.325873406851314940e-14 3.197442310920450836e-14 4.618527782440651208e-14
-9.237055564881302416e-14 3.286260152890463360e-14 4.618527782440651208e-14
-9.325873406851314940e-14 3.241851231905457098e-14 4.618527782440651208e-14
-9.237055564881302416e-14 3.241851231905457098e-14 4.618527782440651208e-14
-9.325873406851314940e-14 3.241851231905457098e-14 4.618527782440651208e-14
-9.303668946358811809e-14 3.241851231905457098e-14 4.618527782440651208e-14
-9.303668946358811809e-14 3.197442310920450836e-14 4.618527782440651208e-14
-9.237055564881302416e-14 3.241851231905457098e-14 4.618527782440651208e-14
-9.325873406851314940e-14 3.241851231905457098e-14 4.618527782440651208e-14
-9.237055564881302416e-14 3.241851231905457098e-14 4.618527782440651208e-14
-9.325873406851314940e-14 3.197442310920450836e-14 4.618527782440651208e-14
-9.325873406851314940e-14 3.252953462151708663e-14 4.618527782440651208e-14
-9.325873406851314940e-14 3.197442310920450836e-14 4.618527782440651208e-14
-9.325873406851314940e-14 3.241851231905457098e-14 4.618527782440651208e-14
-9.325873406851314940e-14 3.241851231905457098e-14 4.608813330975181088e-14
-9.325873406851314940e-14 3.286260152890463360e-14 4.618527782440651208e-14
-9.237055564881302416e-14 3.252953462151708663e-14 4.618527782440651208e-14
-9.303668946358811809e-14 3.197442310920450836e-14 4.618527782440651208e-14
-9.325873406851314940e-14 3.197442310920450836e-14 4.618527782440651208e-14
-9.325873406851314940e-14 3.252953462151708663e-14 4.618527782440651208e-14
-9.325873406851314940e-14 3.241851231905457098e-14 4.618527782440651208e-14
-9.237055564881302416e-14 3.252953462151708663e-14 4.618527782440651208e-14
-9.325873406851314940e-14 3.241851231905457098e-14 4.618527782440651208e-14
-9.237055564881302416e-14 3.252953462151708663e-14 4.618527782440651208e-14
-9.237055564881302416e-14 3.197442310920450836e-14 4.596323321948148077e-14
-9.281464485866308678e-14 3.197442310920450836e-14 4.618527782440651208e-14
-9.325873406851314940e-14 3.241851231905457098e-14 4.618527782440651208e-14
-9.325873406851314940e-14 3.197442310920450836e-14 4.607425552194399643e-14
-9.325873406851314940e-14 3.197442310920450836e-14 4.618527782440651208e-14
-9.325873406851314940e-14 3.250177904590145772e-14 4.618527782440651208e-14
-9.237055564881302416e-14 3.252953462151708663e-14 4.607425552194399643e-14
-9.325873406851314940e-14 3.241851231905457098e-14 4.618527782440651208e-14
-9.325873406851314940e-14 3.286260152890463360e-14 4.618527782440651208e-14
-9.281464485866308678e-14 3.197442310920450836e-14 4.618527782440651208e-14
-9.325873406851314940e-14 3.197442310920450836e-14 4.618527782440651208e-14
-9.303668946358811809e-14 3.197442310920450836e-14 4.618527782440651208e-14
-9.303668946358811809e-14 3.286260152890463360e-14 4.618527782440651208e-14
-9.325873406851314940e-14 3.241851231905457098e-14 4.618527782440651208e-14
