-3.945991851471692513e+00 6.384749190906394034e+00 1.585133508827720570e-07
3.945991851471692513e+00 6.384749190906394034e+00 -1.585133508713363975e-07
-3.945991851471692513e+00 -6.384749190906394034e+00 -1.585133508713346505e-07
3.945991851471692513e+00 -6.384749190906394034e+00 1.585133508827720570e-07
1.803233757225514797e-07 -3.945478832268722869e+00 1.276457810186232678e+01
-1.803233757225523268e-07 3.945478832268722869e+00 1.276457810186232678e+01
-1.803233757131347233e-07 -3.945478832268722869e+00 -1.276457810186232678e+01
1.803233757131347233e-07 3.945478832268722869e+00 -1.276457810186232678e+01
6.384468212049640101e+00 -1.127546667042727295e-07 -7.889383976495910389e+00
6.384468212049640101e+00 1.127546667053160491e-07 7.889383976495910389e+00
-6.384468212049640101e+00 1.127546667042722398e-07 -7.889383976495910389e+00
-6.384468212049640101e+00 -1.127546667053165123e-07 7.889383976495910389e+00
-1.028258121350005899e-17 7.507009016549112346e+00 7.296898841087106599e-18
1.028258121350005899e-17 -7.507009016549112346e+00 7.296898841087106599e-18
-2.320370892371123261e+00 -6.073935971478711338e+00 7.504409645285907260e+00
2.320370920212072363e+00 -6.073935996758219602e+00 7.504409763565448088e+00
-2.320370920212072363e+00 6.073935996758219602e+00 7.504409763565448088e+00
2.320370892371123261e+00 6.073935971478711338e+00 7.504409645285907260e+00
2.658127477543782992e-18 6.438882106167198939e-22 1.500679890003839034e+01
-2.320370920212072363e+00 -6.073935996758219602e+00 -7.504409763565448088e+00
2.320370892371123261e+00 -6.073935971478711338e+00 -7.504409645285907260e+00
-2.320370892371123261e+00 6.073935971478711338e+00 -7.504409645285907260e+00
2.320370920212072363e+00 6.073935996758219602e+00 -7.504409763565448088e+00
7.668097451611460452e-22 5.093680925142216848e-21 -1.500679890003839034e+01
6.073364686818834457e+00 3.753902178789816801e+00 -4.638179515159778887e+00
6.073364767532130060e+00 -3.753902187211730634e+00 -4.638179536938173086e+00
3.753344978109618424e+00 -2.319259717511281238e+00 -1.214170283824413232e+01
3.753344972436964966e+00 2.319259774536195806e+00 -1.214170290768356253e+01
6.073364767532130060e+00 3.753902187211730634e+00 4.638179536938174863e+00
6.073364686818834457e+00 -3.753902178789816801e+00 4.638179515159778887e+00
3.753344972436964966e+00 -2.319259774536195806e+00 1.214170290768356253e+01
3.753344978109618424e+00 2.319259717511281238e+00 1.214170283824413232e+01
7.508565984178481756e+00 -1.361498739899643245e-17 -1.279582925814834237e-17
-6.073364767532130060e+00 3.753902187211730634e+00 -4.638179536938173086e+00
-6.073364686818834457e+00 -3.753902178789816801e+00 -4.638179515159778887e+00
-3.753344972436964966e+00 -2.319259774536195806e+00 -1.214170290768356253e+01
-3.753344978109618424e+00 2.319259717511281238e+00 -1.214170283824413232e+01
-6.073364686818834457e+00 3.753902178789816801e+00 4.638179515159778887e+00
-6.073364767532130060e+00 -3.753902187211730634e+00 4.638179536938174863e+00
-3.753344978109618424e+00 -2.319259717511281238e+00 1.214170283824413232e+01
-3.753344972436964966e+00 2.319259774536195806e+00 1.214170290768356253e+01
-7.508565984178481756e+00 1.361498739899643245e-17 -1.279582925814834237e-17
-2.051772434307700621e+00 7.220436375958605879e+00 -1.944907199381747420e-08
2.051772434307700621e+00 7.220436375958605879e+00 1.944907202283144630e-08
-2.051772434307700621e+00 -7.220436375958605879e+00 1.944907202283144630e-08
2.051772434307700621e+00 -7.220436375958605879e+00 -1.944907199381747420e-08
-3.257178815061898547e+00 -6.475551571523027405e+00 3.899999273573024894e+00
-1.205487523128543792e+00 -5.207293146715439747e+00 1.053577580709833938e+01
-1.234949652940463771e+00 -7.139748711306850737e+00 3.938687141512893675e+00
3.257178654174971655e+00 -6.475551540899253666e+00 3.899999948097388369e+00
1.205487699684847591e+00 -5.207293312522129014e+00 1.053577551668398016e+01
1.234949323678851130e+00 -7.139748671698171734e+00 3.938686742718616074e+00
3.437335489400784321e-07 -6.383760086381190746e+00 7.902578399981303292e+00
-3.257178654174971655e+00 6.475551540899253666e+00 3.899999948097388369e+00
-1.205487699684847591e+00 5.207293312522129014e+00 1.053577551668398016e+01
-1.234949323678851130e+00 7.139748671698171734e+00 3.938686742718616074e+00
3.257178815061898547e+00 6.475551571523027405e+00 3.899999273573024894e+00
1.205487523128543792e+00 5.207293146715439747e+00 1.053577580709833938e+01
1.234949652940463771e+00 7.139748711306850737e+00 3.938687141512893675e+00
-3.437335489400784321e-07 6.383760086381190746e+00 7.902578399981303292e+00
-3.411582187254373840e-08 -2.051044932998671300e+00 1.443460791847071079e+01
3.411582187212762685e-08 2.051044932998671300e+00 1.443460791847071079e+01
-3.257178654174971655e+00 -6.475551540899253666e+00 -3.899999948097388369e+00
-1.205487699684847591e+00 -5.207293312522129014e+00 -1.053577551668398016e+01
-1.234949323678851130e+00 -7.139748671698171734e+00 -3.938686742718616074e+00
3.257178815061898547e+00 -6.475551571523027405e+00 -3.899999273573024894e+00
1.205487523128543792e+00 -5.207293146715439747e+00 -1.053577580709833938e+01
1.234949652940463771e+00 -7.139748711306850737e+00 -3.938687141512893675e+00
-3.437335489448940791e-07 -6.383760086381190746e+00 -7.902578399981303292e+00
-3.257178815061898547e+00 6.475551571523027405e+00 -3.899999273573024894e+00
-1.205487523128543792e+00 5.207293146715439747e+00 -1.053577580709833938e+01
-1.234949652940463771e+00 7.139748711306850737e+00 -3.938687141512893675e+00
3.257178654174971655e+00 6.475551540899253666e+00 -3.899999948097388369e+00
1.205487699684847591e+00 5.207293312522129014e+00 -1.053577551668398016e+01
1.234949323678851130e+00 7.139748671698171734e+00 -3.938686742718616074e+00
3.437335489448940791e-07 6.383760086381190746e+00 -7.902578399981303292e+00
3.411582186294083985e-08 -2.051044932998671300e+00 -1.443460791847071079e+01
-3.411582186491390384e-08 2.051044932998671300e+00 -1.443460791847071079e+01
5.207428930473497530e+00 5.270172199023750892e+00 -2.410349670292055713e+00
6.475348341860957646e+00 1.950405377068985757e+00 -6.511767932016013560e+00
4.410747397247863688e+00 5.172656654402185694e+00 -6.373046638160927202e+00
5.207429103600283327e+00 -5.270171984493192241e+00 -2.410350100504273563e+00
6.475348367234147418e+00 -1.950405600243001913e+00 -6.511767756892755443e+00
4.410747871381889951e+00 -5.172656217597449313e+00 -6.373046388213067459e+00
1.950307751280237589e+00 -3.256514527498501010e+00 -1.294553275503813339e+01
5.269575943279516395e+00 -1.205275945931748360e+00 -1.041130844935332433e+01
3.184849275306342875e+00 -4.415680239275950214e+00 -1.033619569691559548e+01
1.969916280281594823e+00 -1.225177854427101032e+00 -1.427368801673521048e+01
5.174574724464342523e+00 -3.181816191378359804e+00 -8.822684250814290863e+00
1.950307771411446289e+00 3.256514477838569732e+00 -1.294553280634104553e+01
5.269575725387298348e+00 1.205276145999138571e+00 -1.041130876102772618e+01
3.184849619358931960e+00 4.415679988870213180e+00 -1.033619609016598417e+01
1.969915979614285106e+00 1.225177662286665914e+00 -1.427368840726098753e+01
5.174574651358785360e+00 3.181816110689597465e+00 -8.822683731943907759e+00
3.951628784268363503e+00 3.062621334460596194e-07 -1.276106325780927619e+01
5.207429103600283327e+00 5.270171984493192241e+00 2.410350100504273563e+00
6.475348367234147418e+00 1.950405600243001913e+00 6.511767756892755443e+00
4.410747871381889951e+00 5.172656217597449313e+00 6.373046388213067459e+00
6.377596650629921982e+00 3.964211170588560762e+00 -1.632601776688994312e-07
5.207428930473497530e+00 -5.270172199023750892e+00 2.410349670292055713e+00
6.475348341860957646e+00 -1.950405377068985757e+00 6.511767932016013560e+00
4.410747397247863688e+00 -5.172656654402185694e+00 6.373046638160927202e+00
6.377596650629921982e+00 -3.964211170588560762e+00 1.632601776242179403e-07
1.950307771411446289e+00 -3.256514477838569732e+00 1.294553280634104553e+01
5.269575725387298348e+00 -1.205276145999138571e+00 1.041130876102772618e+01
3.184849619358931960e+00 -4.415679988870213180e+00 1.033619609016598417e+01
1.969915979614285106e+00 -1.225177662286665914e+00 1.427368840726098753e+01
5.174574651358785360e+00 -3.181816110689597465e+00 8.822683731943907759e+00
1.950307751280237589e+00 3.256514527498501010e+00 1.294553275503813339e+01
5.269575943279516395e+00 1.205275945931748360e+00 1.041130844935332433e+01
3.184849275306342875e+00 4.415680239275950214e+00 1.033619569691559548e+01
1.969916280281594823e+00 1.225177854427101032e+00 1.427368801673521048e+01
5.174574724464342523e+00 3.181816191378359804e+00 8.822684250814290863e+00
3.951628784268363503e+00 -3.062621333992130858e-07 1.276106325780927619e+01
7.220719811058415871e+00 -2.406011212328055105e-08 -4.101506494364237199e+00
7.220719811058415871e+00 2.406011211592300449e-08 4.101506494364237199e+00
7.143048186095690255e+00 1.964336937651716575e+00 -2.450357272996575020e+00
7.143048036774899856e+00 -1.964337481392210982e+00 -2.450357580140082092e+00
7.143048036774899856e+00 1.964337481392210982e+00 2.450357580140082092e+00
7.143048186095690255e+00 -1.964336937651716575e+00 2.450357272996575020e+00
-5.207429103600283327e+00 5.270171984493192241e+00 -2.410350100504273563e+00
-6.475348367234147418e+00 1.950405600243001913e+00 -6.511767756892755443e+00
-4.410747871381889951e+00 5.172656217597449313e+00 -6.373046388213067459e+00
-5.207428930473497530e+00 -5.270172199023750892e+00 -2.410349670292055713e+00
-6.475348341860957646e+00 -1.950405377068985757e+00 -6.511767932016013560e+00
-4.410747397247863688e+00 -5.172656654402185694e+00 -6.373046638160927202e+00
-1.950307771411446289e+00 -3.256514477838569732e+00 -1.294553280634104553e+01
-5.269575725387298348e+00 -1.205276145999138571e+00 -1.041130876102772618e+01
-3.184849619358931960e+00 -4.415679988870213180e+00 -1.033619609016598417e+01
-1.969915979614285106e+00 -1.225177662286665914e+00 -1.427368840726098753e+01
-5.174574651358785360e+00 -3.181816110689597465e+00 -8.822683731943907759e+00
-1.950307751280237589e+00 3.256514527498501010e+00 -1.294553275503813339e+01
-5.269575943279516395e+00 1.205275945931748360e+00 -1.041130844935332433e+01
-3.184849275306342875e+00 4.415680239275950214e+00 -1.033619569691559548e+01
-1.969916280281594823e+00 1.225177854427101032e+00 -1.427368801673521048e+01
-5.174574724464342523e+00 3.181816191378359804e+00 -8.822684250814290863e+00
-3.951628784268363503e+00 -3.062621334460596194e-07 -1.276106325780927619e+01
-5.207428930473497530e+00 5.270172199023750892e+00 2.410349670292055713e+00
-6.475348341860957646e+00 1.950405377068985757e+00 6.511767932016013560e+00
-4.410747397247863688e+00 5.172656654402185694e+00 6.373046638160927202e+00
-6.377596650629921982e+00 3.964211170588560762e+00 1.632601776242179403e-07
-5.207429103600283327e+00 -5.270171984493192241e+00 2.410350100504273563e+00
-6.475348367234147418e+00 -1.950405600243001913e+00 6.511767756892755443e+00
-4.410747871381889951e+00 -5.172656217597449313e+00 6.373046388213067459e+00
-6.377596650629921982e+00 -3.964211170588560762e+00 -1.632601776688994312e-07
-1.950307751280237589e+00 -3.256514527498501010e+00 1.294553275503813339e+01
-5.269575943279516395e+00 -1.205275945931748360e+00 1.041130844935332433e+01
-3.184849275306342875e+00 -4.415680239275950214e+00 1.033619569691559548e+01
-1.969916280281594823e+00 -1.225177854427101032e+00 1.427368801673521048e+01
-5.174574724464342523e+00 -3.181816191378359804e+00 8.822684250814290863e+00
-1.950307771411446289e+00 3.256514477838569732e+00 1.294553280634104553e+01
-5.269575725387298348e+00 1.205276145999138571e+00 1.041130876102772618e+01
-3.184849619358931960e+00 4.415679988870213180e+00 1.033619609016598417e+01
-1.969915979614285106e+00 1.225177662286665914e+00 1.427368840726098753e+01
-5.174574651358785360e+00 3.181816110689597465e+00 8.822683731943907759e+00
-3.951628784268363503e+00 3.062621333992130858e-07 1.276106325780927619e+01
-7.220719811058415871e+00 2.406011212328055105e-08 -4.101506494364237199e+00
-7.220719811058415871e+00 -2.406011211592300449e-08 4.101506494364237199e+00
-7.143048036774899856e+00 1.964337481392210982e+00 -2.450357580140082092e+00
-7.143048186095690255e+00 -1.964336937651716575e+00 -2.450357272996575020e+00
-7.143048186095690255e+00 1.964336937651716575e+00 2.450357272996575020e+00
-7.143048036774899856e+00 -1.964337481392210982e+00 2.450357580140082092e+00
-3.027834179726651698e+00 6.868281850084869689e+00 -9.507040014898075265e-09
-1.035658806193852755e+00 7.434493413396154438e+00 2.077776649738595824e-07
3.027834179726651698e+00 6.868281850084869689e+00 9.507040048345952169e-09
1.035658806193852755e+00 7.434493413396154438e+00 -2.077776649623233113e-07
-3.027834179726651698e+00 -6.868281850084869689e+00 9.507040048345790042e-09
-1.035658806193852755e+00 -7.434493413396154438e+00 -2.077776649623233113e-07
3.027834179726651698e+00 -6.868281850084869689e+00 -9.507040014898075265e-09
1.035658806193852755e+00 -7.434493413396154438e+00 2.077776649738595824e-07
-3.636343905800080378e+00 -6.492229131995102875e+00 1.968802759094765875e+00
-2.815158185737020702e+00 -6.334529419945816642e+00 5.756961201974128528e+00
-2.692536424309372123e+00 -6.937220781661405766e+00 1.974044875362271689e+00
-6.085103894941692459e-01 -4.620498212186209486e+00 1.176265576058639439e+01
-1.779495532357693754e+00 -5.694299244249730663e+00 9.106711827542962823e+00
-6.323907791634710840e-01 -7.415347900191548547e+00 1.990726423692055658e+00
-1.804806186587723182e+00 -6.687868583579042792e+00 5.790260524457769620e+00
-1.649548302792224419e+00 -7.255143838279074942e+00 1.992158086050701105e+00
-2.261365236708959614e+00 -6.877624372732658031e+00 3.965547476543618721e+00
3.636343914104022801e+00 -6.492228998015953323e+00 1.968804026045209099e+00
2.815158201130920190e+00 -6.334529311736346813e+00 5.756961648788212926e+00
2.692536319138788770e+00 -6.937220835826789056e+00 1.974044241356753382e+00
6.085104769125448954e-01 -4.620498545289983383e+00 1.176265526973516629e+01
1.779495480463901380e+00 -5.694299369923843557e+00 9.106711475770847386e+00
7.273861949068162828e-08 -5.274960642432688473e+00 1.067637094833274958e+01
6.323904276492489096e-01 -7.415347872550178465e+00 1.990725537742701778e+00
1.804805664000746823e+00 -6.687868635747594936e+00 5.790260083522268175e+00
1.649548414399037100e+00 -7.255143829404850919e+00 1.992158598782821866e+00
2.047421849936522861e-08 -7.240699854631316157e+00 3.995315856672870147e+00
2.261365676225876697e+00 -6.877624327783042446e+00 3.965547397968635757e+00
-1.175384302545667836e+00 -6.305064129000403028e+00 7.804400532210820529e+00
1.175385029561982542e+00 -6.305063943624279688e+00 7.804400802921168889e+00
-6.107939916159832450e-01 -5.856560297820013972e+00 9.307188030120116196e+00
-6.235210087709317506e-01 -6.857000617909811524e+00 6.001760840914531769e+00
6.107933706293660059e-01 -5.856560260357102976e+00 9.307188018686179731e+00
6.235209597031321493e-01 -6.857000671317329932e+00 6.001760765598881164e+00
-3.636343914104022801e+00 6.492228998015953323e+00 1.968804026045209099e+00
-2.815158201130920190e+00 6.334529311736346813e+00 5.756961648788212926e+00
-2.692536319138788770e+00 6.937220835826789056e+00 1.974044241356753382e+00
-6.085104769125448954e-01 4.620498545289983383e+00 1.176265526973516629e+01
-1.779495480463901380e+00 5.694299369923843557e+00 9.106711475770847386e+00
-6.323904276492489096e-01 7.415347872550178465e+00 1.990725537742701778e+00
-1.804805664000746823e+00 6.687868635747594936e+00 5.790260083522268175e+00
-1.649548414399037100e+00 7.255143829404850919e+00 1.992158598782821866e+00
-2.261365676225876697e+00 6.877624327783042446e+00 3.965547397968635757e+00
3.636343905800080378e+00 6.492229131995102875e+00 1.968802759094765875e+00
2.815158185737020702e+00 6.334529419945816642e+00 5.756961201974128528e+00
2.692536424309372123e+00 6.937220781661405766e+00 1.974044875362271689e+00
6.085103894941692459e-01 4.620498212186209486e+00 1.176265576058639439e+01
1.779495532357693754e+00 5.694299244249730663e+00 9.106711827542962823e+00
-7.273861949068162828e-08 5.274960642432688473e+00 1.067637094833274958e+01
6.323907791634710840e-01 7.415347900191548547e+00 1.990726423692055658e+00
1.804806186587723182e+00 6.687868583579042792e+00 5.790260524457769620e+00
1.649548302792224419e+00 7.255143838279074942e+00 1.992158086050701105e+00
-2.047421849936522861e-08 7.240699854631316157e+00 3.995315856672870147e+00
2.261365236708959614e+00 6.877624372732658031e+00 3.965547476543618721e+00
-1.175385029561982542e+00 6.305063943624279688e+00 7.804400802921168889e+00
1.175384302545667836e+00 6.305064129000403028e+00 7.804400532210820529e+00
-6.107933706293660059e-01 5.856560260357102976e+00 9.307188018686179731e+00
-6.235209597031321493e-01 6.857000671317329932e+00 6.001760765598881164e+00
6.107939916159832450e-01 5.856560297820013972e+00 9.307188030120116196e+00
6.235210087709317506e-01 6.857000617909811524e+00 6.001760840914531769e+00
1.158869620791861938e-08 -3.027206531564180736e+00 1.373087473540271475e+01
7.113304624881404943e-08 -1.035337398564397660e+00 1.486208936314249485e+01
-1.158869620688090641e-08 3.027206531564180736e+00 1.373087473540271475e+01
-7.113304624492164187e-08 1.035337398564397660e+00 1.486208936314249485e+01
-3.636343914104022801e+00 -6.492228998015953323e+00 -1.968804026045209099e+00
-2.815158201130920190e+00 -6.334529311736346813e+00 -5.756961648788212926e+00
-2.692536319138788770e+00 -6.937220835826789056e+00 -1.974044241356753382e+00
-6.085104769125448954e-01 -4.620498545289983383e+00 -1.176265526973516629e+01
-1.779495480463901380e+00 -5.694299369923843557e+00 -9.106711475770847386e+00
-6.323904276492489096e-01 -7.415347872550178465e+00 -1.990725537742701778e+00
-1.804805664000746823e+00 -6.687868635747594936e+00 -5.790260083522268175e+00
-1.649548414399037100e+00 -7.255143829404850919e+00 -1.992158598782821866e+00
-2.261365676225876697e+00 -6.877624327783042446e+00 -3.965547397968635757e+00
3.636343905800080378e+00 -6.492229131995102875e+00 -1.968802759094765875e+00
2.815158185737020702e+00 -6.334529419945816642e+00 -5.756961201974128528e+00
2.692536424309372123e+00 -6.937220781661405766e+00 -1.974044875362271689e+00
6.085103894941692459e-01 -4.620498212186209486e+00 -1.176265576058639439e+01
1.779495532357693754e+00 -5.694299244249730663e+00 -9.106711827542962823e+00
-7.273861946454683697e-08 -5.274960642432688473e+00 -1.067637094833274958e+01
6.323907791634710840e-01 -7.415347900191548547e+00 -1.990726423692055658e+00
1.804806186587723182e+00 -6.687868583579042792e+00 -5.790260524457769620e+00
1.649548302792224419e+00 -7.255143838279074942e+00 -1.992158086050701105e+00
-2.047421857052280553e-08 -7.240699854631316157e+00 -3.995315856672870147e+00
2.261365236708959614e+00 -6.877624372732658031e+00 -3.965547476543618721e+00
-1.175385029561982542e+00 -6.305063943624279688e+00 -7.804400802921168889e+00
1.175384302545667836e+00 -6.305064129000403028e+00 -7.804400532210820529e+00
-6.107933706293660059e-01 -5.856560260357102976e+00 -9.307188018686179731e+00
-6.235209597031321493e-01 -6.857000671317329932e+00 -6.001760765598881164e+00
6.107939916159832450e-01 -5.856560297820013972e+00 -9.307188030120116196e+00
6.235210087709317506e-01 -6.857000617909811524e+00 -6.001760840914531769e+00
-3.636343905800080378e+00 6.492229131995102875e+00 -1.968802759094765875e+00
-2.815158185737020702e+00 6.334529419945816642e+00 -5.756961201974128528e+00
-2.692536424309372123e+00 6.937220781661405766e+00 -1.974044875362271689e+00
-6.085103894941692459e-01 4.620498212186209486e+00 -1.176265576058639439e+01
-1.779495532357693754e+00 5.694299244249730663e+00 -9.106711827542962823e+00
-6.323907791634710840e-01 7.415347900191548547e+00 -1.990726423692055658e+00
-1.804806186587723182e+00 6.687868583579042792e+00 -5.790260524457769620e+00
-1.649548302792224419e+00 7.255143838279074942e+00 -1.992158086050701105e+00
-2.261365236708959614e+00 6.877624372732658031e+00 -3.965547476543618721e+00
3.636343914104022801e+00 6.492228998015953323e+00 -1.968804026045209099e+00
2.815158201130920190e+00 6.334529311736346813e+00 -5.756961648788212926e+00
2.692536319138788770e+00 6.937220835826789056e+00 -1.974044241356753382e+00
6.085104769125448954e-01 4.620498545289983383e+00 -1.176265526973516629e+01
1.779495480463901380e+00 5.694299369923843557e+00 -9.106711475770847386e+00
7.273861946454683697e-08 5.274960642432688473e+00 -1.067637094833274958e+01
6.323904276492489096e-01 7.415347872550178465e+00 -1.990725537742701778e+00
1.804805664000746823e+00 6.687868635747594936e+00 -5.790260083522268175e+00
1.649548414399037100e+00 7.255143829404850919e+00 -1.992158598782821866e+00
2.047421857052280553e-08 7.240699854631316157e+00 -3.995315856672870147e+00
2.261365676225876697e+00 6.877624327783042446e+00 -3.965547397968635757e+00
-1.175384302545667836e+00 6.305064129000403028e+00 -7.804400532210820529e+00
1.175385029561982542e+00 6.305063943624279688e+00 -7.804400802921168889e+00
-6.107939916159832450e-01 5.856560297820013972e+00 -9.307188030120116196e+00
-6.235210087709317506e-01 6.857000617909811524e+00 -6.001760840914531769e+00
6.107933706293660059e-01 5.856560260357102976e+00 -9.307188018686179731e+00
6.235209597031321493e-01 6.857000671317329932e+00 -6.001760765598881164e+00
-1.158869621395196888e-08 -3.027206531564180736e+00 -1.373087473540271475e+01
-7.113304625373220066e-08 -1.035337398564397660e+00 -1.486208936314249485e+01
1.158869621270582791e-08 3.027206531564180736e+00 -1.373087473540271475e+01
7.113304625381523636e-08 1.035337398564397660e+00 -1.486208936314249485e+01
4.620910001340025275e+00 5.883717130151651986e+00 -1.216786879433271018e+00
5.694545027399129822e+00 4.555078314480667245e+00 -3.558039705868017322e+00
4.287197843998452385e+00 5.951118303895285067e+00 -3.194075140708731553e+00
6.491977537491997907e+00 9.845881822278004236e-01 -7.270092476382030711e+00
6.334529533261878953e+00 2.879350519149314280e+00 -5.628433118516882772e+00
3.406503389830529471e+00 5.694914188284677437e+00 -7.020704028602409608e+00
5.306611578263989770e+00 4.522270432785767014e+00 -5.569397905922309988e+00
3.872680365705702954e+00 5.881774411389660173e+00 -5.196711454660103868e+00
4.861935994501475733e+00 5.270014365614827057e+00 -4.442976454147816057e+00
4.620910283557940090e+00 -5.883716854582978328e+00 -1.216788166213635947e+00
5.694545012925207317e+00 -4.555078215498614469e+00 -3.558040292098791468e+00
4.287197899716602478e+00 -5.951118231008120318e+00 -3.194075236345980784e+00
6.491977589590959496e+00 -9.845885177701116930e-01 -7.270092091365940590e+00
6.334529546382931642e+00 -2.879350591629437517e+00 -5.628432551495331282e+00
3.406503988806562688e+00 -5.694913726014100064e+00 -7.020704253740291279e+00
5.306612010506668753e+00 -4.522269874018025604e+00 -5.569397300505370296e+00
3.872679806982921136e+00 -5.881774681000866423e+00 -5.196711798818745009e+00
4.861935607749121147e+00 -5.270014787098833864e+00 -4.442976699647543271e+00
9.845365629862925516e-01 -3.635764180496602549e+00 -1.297911694090204549e+01
2.879052907417873897e+00 -2.814786052701991892e+00 -1.266400014381476424e+01
1.596860850287865397e+00 -4.287753834932768626e+00 -1.189616011963312658e+01
9.870867009035717565e-01 -2.689733682885284693e+00 -1.386974148091396231e+01
5.883286789055997446e+00 -6.084748184066053334e-01 -9.238679981783082695e+00
4.554586897942726864e+00 -1.779375817496569923e+00 -1.138474137421020416e+01
5.950794244425409829e+00 -1.595876391548876505e+00 -8.572627388395314796e+00
2.781598400625050260e+00 -5.311476625371550853e+00 -9.034582623903677501e+00
3.510329747220763963e+00 -3.410218748352585649e+00 -1.138194011272630846e+01
2.221964997775057071e+00 -4.860117510545975961e+00 -1.053824965485280885e+01
3.852346821855315184e+00 -4.859734247004237062e+00 -8.470655846027003832e+00
2.599462621154826181e+00 -3.872892406647610031e+00 -1.175743283463543420e+01
9.960410135323281011e-01 -6.218952332239826575e-01 -1.482287855932714393e+01
2.895321273373101079e+00 -1.797949226681021528e+00 -1.337249098251918511e+01
9.962991981050608459e-01 -1.651155138978824155e+00 -1.450225682430873775e+01
1.983060968725390616e+00 -2.260847087322991555e+00 -1.374901332260617792e+01
5.698604781124942065e+00 -3.504540799890857983e+00 -6.814376761322327170e+00
4.521549344198568576e+00 -2.781802377954349481e+00 -1.061317555373425492e+01
5.880598631209622340e+00 -2.599901328458072314e+00 -7.744367983966720104e+00
4.859200707539059749e+00 -4.236488847084334708e+00 -7.704444142876928581e+00
5.270699674091982700e+00 -2.222604443087609738e+00 -9.717353265189803579e+00
4.238304779512059639e+00 -3.853629194724881302e+00 -9.710262915106628867e+00
9.845364576429895820e-01 3.635764174164579643e+00 -1.297911687416367954e+01
2.879052983416736211e+00 2.814786129004222204e+00 -1.266399984997988426e+01
1.596860878877933487e+00 4.287753614996614004e+00 -1.189616055448656695e+01
9.870865161752839789e-01 2.689733658519791959e+00 -1.386974164185424385e+01
5.883286345990121902e+00 6.084750035866894891e-01 -9.238680960432311906e+00
4.554586756995043118e+00 1.779375788593240415e+00 -1.138474171768519128e+01
5.950794358266620065e+00 1.595876462871000712e+00 -8.572626738225057608e+00
5.339783880755220480e+00 3.380288302368689994e-08 -1.054651610880904755e+01
2.781598933496681525e+00 5.311476412753719956e+00 -9.034583065718969408e+00
3.510330039726296647e+00 3.410218288910785489e+00 -1.138194076996861881e+01
2.221964532939010084e+00 4.860117586722509486e+00 -1.053824959265153893e+01
3.852346842214521061e+00 4.859734211299514328e+00 -8.470655865748355495e+00
2.599462449537341513e+00 3.872892598830292243e+00 -1.175743232551372230e+01
9.960404485845169020e-01 6.218950490846228973e-01 -1.482287880500204835e+01
2.895321047539908932e+00 1.797948968309741602e+00 -1.337249171246111601e+01
9.962995536321228585e-01 1.651155194214750210e+00 -1.450225660539247485e+01
1.998546405831174155e+00 6.072237923463233120e-09 -1.446936684515876692e+01
1.983061041782179679e+00 2.260847337443680161e+00 -1.374901293008219838e+01
5.698604730255933504e+00 3.504540700352592353e+00 -6.814375866853213282e+00
4.521549367837810252e+00 2.781802495923143326e+00 -1.061317468918014129e+01
5.880598660012360313e+00 2.599901636746865918e+00 -7.744368270202540927e+00
4.859200745651243381e+00 4.236488814842196859e+00 -7.704444095547335891e+00
5.270699910981125669e+00 2.222604245804484790e+00 -9.717353531151392332e+00
4.238304780911583691e+00 3.853629235973972555e+00 -9.710262905526565902e+00
3.902854418881711140e+00 -1.173733874745004790e+00 -1.260403234862942412e+01
3.902854353448697466e+00 1.173734548449250070e+00 -1.260403192225193436e+01
4.654869896135071627e+00 -6.104479777044331534e-01 -1.170909663108879428e+01
3.001593271766360260e+00 -6.203287543869668852e-01 -1.370391456424836463e+01
4.654869999640926181e+00 6.104474304046663136e-01 -1.170909675818078099e+01
3.001593276196606652e+00 6.203287235999854765e-01 -1.370391456602070690e+01
4.620910283557940090e+00 5.883716854582978328e+00 1.216788166213635947e+00
5.694545012925207317e+00 4.555078215498614469e+00 3.558040292098791468e+00
4.287197899716602478e+00 5.951118231008120318e+00 3.194075236345980784e+00
5.273286216114410507e+00 5.342571984685267950e+00 -4.457450975029575033e-07
6.491977589590959496e+00 9.845885177701116930e-01 7.270092091365940590e+00
6.334529546382931642e+00 2.879350591629437517e+00 5.628432551495331282e+00
3.406503988806562688e+00 5.694913726014100064e+00 7.020704253740291279e+00
5.306612010506668753e+00 4.522269874018025604e+00 5.569397300505370296e+00
3.872679806982921136e+00 5.881774681000866423e+00 5.196711798818745009e+00
4.861935607749121147e+00 5.270014787098833864e+00 4.442976699647543271e+00
6.299388021144331162e+00 3.913806534683399008e+00 -2.348229722490529525e+00
6.299388026206980129e+00 3.913806495430105059e+00 2.348228886253708403e+00
5.857831541037118228e+00 4.654509832111049406e+00 -1.219653876105697865e+00
5.857831377942023465e+00 4.654510093732643128e+00 1.219653893163402891e+00
4.620910001340025275e+00 -5.883717130151651986e+00 1.216786879433271018e+00
5.694545027399129822e+00 -4.555078314480667245e+00 3.558039705868017322e+00
4.287197843998452385e+00 -5.951118303895285067e+00 3.194075140708731553e+00
5.273286216114410507e+00 -5.342571984685267950e+00 4.457450974790220992e-07
6.491977537491997907e+00 -9.845881822278004236e-01 7.270092476382030711e+00
6.334529533261878953e+00 -2.879350519149314280e+00 5.628433118516882772e+00
3.406503389830529471e+00 -5.694914188284677437e+00 7.020704028602409608e+00
5.306611578263989770e+00 -4.522270432785767014e+00 5.569397905922309988e+00
3.872680365705702954e+00 -5.881774411389660173e+00 5.196711454660103868e+00
4.861935994501475733e+00 -5.270014365614827057e+00 4.442976454147816057e+00
6.299388026206980129e+00 -3.913806495430105059e+00 -2.348228886253708403e+00
6.299388021144331162e+00 -3.913806534683399008e+00 2.348229722490529525e+00
5.857831377942023465e+00 -4.654510093732643128e+00 -1.219653893163402891e+00
5.857831541037118228e+00 -4.654509832111049406e+00 1.219653876105697865e+00
9.845364576429895820e-01 -3.635764174164579643e+00 1.297911687416367954e+01
2.879052983416736211e+00 -2.814786129004222204e+00 1.266399984997988426e+01
1.596860878877933487e+00 -4.287753614996614004e+00 1.189616055448656695e+01
9.870865161752839789e-01 -2.689733658519791959e+00 1.386974164185424385e+01
5.883286345990121902e+00 -6.084750035866894891e-01 9.238680960432311906e+00
4.554586756995043118e+00 -1.779375788593240415e+00 1.138474171768519128e+01
5.950794358266620065e+00 -1.595876462871000712e+00 8.572626738225057608e+00
2.781598933496681525e+00 -5.311476412753719956e+00 9.034583065718969408e+00
3.510330039726296647e+00 -3.410218288910785489e+00 1.138194076996861881e+01
2.221964532939010084e+00 -4.860117586722509486e+00 1.053824959265153893e+01
3.852346842214521061e+00 -4.859734211299514328e+00 8.470655865748355495e+00
2.599462449537341513e+00 -3.872892598830292243e+00 1.175743232551372230e+01
9.960404485845169020e-01 -6.218950490846228973e-01 1.482287880500204835e+01
2.895321047539908932e+00 -1.797948968309741602e+00 1.337249171246111601e+01
9.962995536321228585e-01 -1.651155194214750210e+00 1.450225660539247485e+01
1.983061041782179679e+00 -2.260847337443680161e+00 1.374901293008219838e+01
5.698604730255933504e+00 -3.504540700352592353e+00 6.814375866853213282e+00
4.521549367837810252e+00 -2.781802495923143326e+00 1.061317468918014129e+01
5.880598660012360313e+00 -2.599901636746865918e+00 7.744368270202540927e+00
4.859200745651243381e+00 -4.236488814842196859e+00 7.704444095547335891e+00
5.270699910981125669e+00 -2.222604245804484790e+00 9.717353531151392332e+00
4.238304780911583691e+00 -3.853629235973972555e+00 9.710262905526565902e+00
9.845365629862925516e-01 3.635764180496602549e+00 1.297911694090204549e+01
2.879052907417873897e+00 2.814786052701991892e+00 1.266400014381476424e+01
1.596860850287865397e+00 4.287753834932768626e+00 1.189616011963312658e+01
9.870867009035717565e-01 2.689733682885284693e+00 1.386974148091396231e+01
5.883286789055997446e+00 6.084748184066053334e-01 9.238679981783082695e+00
4.554586897942726864e+00 1.779375817496569923e+00 1.138474137421020416e+01
5.950794244425409829e+00 1.595876391548876505e+00 8.572627388395314796e+00
5.339783880755220480e+00 -3.380288302296533374e-08 1.054651610880904755e+01
2.781598400625050260e+00 5.311476625371550853e+00 9.034582623903677501e+00
3.510329747220763963e+00 3.410218748352585649e+00 1.138194011272630846e+01
2.221964997775057071e+00 4.860117510545975961e+00 1.053824965485280885e+01
3.852346821855315184e+00 4.859734247004237062e+00 8.470655846027003832e+00
2.599462621154826181e+00 3.872892406647610031e+00 1.175743283463543420e+01
9.960410135323281011e-01 6.218952332239826575e-01 1.482287855932714393e+01
2.895321273373101079e+00 1.797949226681021528e+00 1.337249098251918511e+01
9.962991981050608459e-01 1.651155138978824155e+00 1.450225682430873775e+01
1.998546405831174155e+00 -6.072237938528769570e-09 1.446936684515876692e+01
1.983060968725390616e+00 2.260847087322991555e+00 1.374901332260617792e+01
5.698604781124942065e+00 3.504540799890857983e+00 6.814376761322327170e+00
4.521549344198568576e+00 2.781802377954349481e+00 1.061317555373425492e+01
5.880598631209622340e+00 2.599901328458072314e+00 7.744367983966720104e+00
4.859200707539059749e+00 4.236488847084334708e+00 7.704444142876928581e+00
5.270699674091982700e+00 2.222604443087609738e+00 9.717353265189803579e+00
4.238304779512059639e+00 3.853629194724881302e+00 9.710262915106628867e+00
3.902854353448697466e+00 -1.173734548449250070e+00 1.260403192225193436e+01
3.902854418881711140e+00 1.173733874745004790e+00 1.260403234862942412e+01
4.654869999640926181e+00 -6.104474304046663136e-01 1.170909675818078099e+01
3.001593276196606652e+00 -6.203287235999854765e-01 1.370391456602070690e+01
4.654869896135071627e+00 6.104479777044331534e-01 1.170909663108879428e+01
3.001593271766360260e+00 6.203287543869668852e-01 1.370391456424836463e+01
6.868206004900173411e+00 1.109769059223875538e-07 -6.053380353696892868e+00
7.434550537355882227e+00 4.825941702245623256e-08 -2.070460947543173447e+00
6.938144253356764324e+00 9.860426688575496534e-01 -5.378773823281218114e+00
6.938144222517767190e+00 -9.860428162770085159e-01 -5.378774095014094314e+00
6.868206004900173411e+00 -1.109769059571107960e-07 6.053380353696892868e+00
7.434550537355882227e+00 -4.825941706459740547e-08 2.070460947543173447e+00
6.938144222517767190e+00 9.860428162770085159e-01 5.378774095014094314e+00
6.938144253356764324e+00 -9.860426688575496534e-01 5.378773823281218114e+00
6.692280391334119116e+00 2.891728688335488684e+00 -3.593460947075497458e+00
7.417001923286200338e+00 9.898673311696164490e-01 -1.245342186022231790e+00
6.877136575779484673e+00 1.985189662652531162e+00 -4.521142865585822790e+00
6.856637944337958146e+00 3.004809152433509212e+00 -1.240228085678533709e+00
7.254730537463444762e+00 9.956709023782099877e-01 -3.301539370719364541e+00
6.692280145416102499e+00 -2.891729307413482886e+00 -3.593461572858911879e+00
7.417001848009306286e+00 -9.898680394310517272e-01 -1.245342110159275872e+00
6.877136642907711206e+00 -1.985189192558769911e+00 -4.521142479876999687e+00
6.856637982257307584e+00 -3.004809124964163303e+00 -1.240228041653592683e+00
7.254730611872751922e+00 -9.956703768980279534e-01 -3.301539219162281213e+00
6.692280145416102499e+00 2.891729307413482886e+00 3.593461572858911879e+00
7.417001848009306286e+00 9.898680394310517272e-01 1.245342110159275872e+00
6.877136642907711206e+00 1.985189192558769911e+00 4.521142479876999687e+00
6.856637982257307584e+00 3.004809124964163303e+00 1.240228041653592683e+00
7.254730611872751922e+00 9.956703768980279534e-01 3.301539219162281213e+00
7.242264095761356657e+00 1.994690546941473741e+00 2.404564785557787752e-08
6.692280391334119116e+00 -2.891728688335488684e+00 3.593460947075497458e+00
7.417001923286200338e+00 -9.898673311696164490e-01 1.245342186022231790e+00
6.877136575779484673e+00 -1.985189662652531162e+00 4.521142865585822790e+00
6.856637944337958146e+00 -3.004809152433509212e+00 1.240228085678533709e+00
7.254730537463444762e+00 -9.956709023782099877e-01 3.301539370719364541e+00
7.242264095761356657e+00 -1.994690546941473741e+00 -2.404564785458034734e-08
-4.620910283557940090e+00 5.883716854582978328e+00 -1.216788166213635947e+00
-5.694545012925207317e+00 4.555078215498614469e+00 -3.558040292098791468e+00
-4.287197899716602478e+00 5.951118231008120318e+00 -3.194075236345980784e+00
-6.491977589590959496e+00 9.845885177701116930e-01 -7.270092091365940590e+00
-6.334529546382931642e+00 2.879350591629437517e+00 -5.628432551495331282e+00
-3.406503988806562688e+00 5.694913726014100064e+00 -7.020704253740291279e+00
-5.306612010506668753e+00 4.522269874018025604e+00 -5.569397300505370296e+00
-3.872679806982921136e+00 5.881774681000866423e+00 -5.196711798818745009e+00
-4.861935607749121147e+00 5.270014787098833864e+00 -4.442976699647543271e+00
-4.620910001340025275e+00 -5.883717130151651986e+00 -1.216786879433271018e+00
-5.694545027399129822e+00 -4.555078314480667245e+00 -3.558039705868017322e+00
-4.287197843998452385e+00 -5.951118303895285067e+00 -3.194075140708731553e+00
-6.491977537491997907e+00 -9.845881822278004236e-01 -7.270092476382030711e+00
-6.334529533261878953e+00 -2.879350519149314280e+00 -5.628433118516882772e+00
-3.406503389830529471e+00 -5.694914188284677437e+00 -7.020704028602409608e+00
-5.306611578263989770e+00 -4.522270432785767014e+00 -5.569397905922309988e+00
-3.872680365705702954e+00 -5.881774411389660173e+00 -5.196711454660103868e+00
-4.861935994501475733e+00 -5.270014365614827057e+00 -4.442976454147816057e+00
-9.845364576429895820e-01 -3.635764174164579643e+00 -1.297911687416367954e+01
-2.879052983416736211e+00 -2.814786129004222204e+00 -1.266399984997988426e+01
-1.596860878877933487e+00 -4.287753614996614004e+00 -1.189616055448656695e+01
-9.870865161752839789e-01 -2.689733658519791959e+00 -1.386974164185424385e+01
-5.883286345990121902e+00 -6.084750035866894891e-01 -9.238680960432311906e+00
-4.554586756995043118e+00 -1.779375788593240415e+00 -1.138474171768519128e+01
-5.950794358266620065e+00 -1.595876462871000712e+00 -8.572626738225057608e+00
-2.781598933496681525e+00 -5.311476412753719956e+00 -9.034583065718969408e+00
-3.510330039726296647e+00 -3.410218288910785489e+00 -1.138194076996861881e+01
-2.221964532939010084e+00 -4.860117586722509486e+00 -1.053824959265153893e+01
-3.852346842214521061e+00 -4.859734211299514328e+00 -8.470655865748355495e+00
-2.599462449537341513e+00 -3.872892598830292243e+00 -1.175743232551372230e+01
-9.960404485845169020e-01 -6.218950490846228973e-01 -1.482287880500204835e+01
-2.895321047539908932e+00 -1.797948968309741602e+00 -1.337249171246111601e+01
-9.962995536321228585e-01 -1.651155194214750210e+00 -1.450225660539247485e+01
-1.983061041782179679e+00 -2.260847337443680161e+00 -1.374901293008219838e+01
-5.698604730255933504e+00 -3.504540700352592353e+00 -6.814375866853213282e+00
-4.521549367837810252e+00 -2.781802495923143326e+00 -1.061317468918014129e+01
-5.880598660012360313e+00 -2.599901636746865918e+00 -7.744368270202540927e+00
-4.859200745651243381e+00 -4.236488814842196859e+00 -7.704444095547335891e+00
-5.270699910981125669e+00 -2.222604245804484790e+00 -9.717353531151392332e+00
-4.238304780911583691e+00 -3.853629235973972555e+00 -9.710262905526565902e+00
-9.845365629862925516e-01 3.635764180496602549e+00 -1.297911694090204549e+01
-2.879052907417873897e+00 2.814786052701991892e+00 -1.266400014381476424e+01
-1.596860850287865397e+00 4.287753834932768626e+00 -1.189616011963312658e+01
-9.870867009035717565e-01 2.689733682885284693e+00 -1.386974148091396231e+01
-5.883286789055997446e+00 6.084748184066053334e-01 -9.238679981783082695e+00
-4.554586897942726864e+00 1.779375817496569923e+00 -1.138474137421020416e+01
-5.950794244425409829e+00 1.595876391548876505e+00 -8.572627388395314796e+00
-5.339783880755220480e+00 -3.380288302368674112e-08 -1.054651610880904755e+01
-2.781598400625050260e+00 5.311476625371550853e+00 -9.034582623903677501e+00
-3.510329747220763963e+00 3.410218748352585649e+00 -1.138194011272630846e+01
-2.221964997775057071e+00 4.860117510545975961e+00 -1.053824965485280885e+01
-3.852346821855315184e+00 4.859734247004237062e+00 -8.470655846027003832e+00
-2.599462621154826181e+00 3.872892406647610031e+00 -1.175743283463543420e+01
-9.960410135323281011e-01 6.218952332239826575e-01 -1.482287855932714393e+01
-2.895321273373101079e+00 1.797949226681021528e+00 -1.337249098251918511e+01
-9.962991981050608459e-01 1.651155138978824155e+00 -1.450225682430873775e+01
-1.998546405831174155e+00 -6.072237923463233120e-09 -1.446936684515876692e+01
-1.983060968725390616e+00 2.260847087322991555e+00 -1.374901332260617792e+01
-5.698604781124942065e+00 3.504540799890857983e+00 -6.814376761322327170e+00
-4.521549344198568576e+00 2.781802377954349481e+00 -1.061317555373425492e+01
-5.880598631209622340e+00 2.599901328458072314e+00 -7.744367983966720104e+00
-4.859200707539059749e+00 4.236488847084334708e+00 -7.704444142876928581e+00
-5.270699674091982700e+00 2.222604443087609738e+00 -9.717353265189803579e+00
-4.238304779512059639e+00 3.853629194724881302e+00 -9.710262915106628867e+00
-3.902854353448697466e+00 -1.173734548449250070e+00 -1.260403192225193436e+01
-3.902854418881711140e+00 1.173733874745004790e+00 -1.260403234862942412e+01
-4.654869999640926181e+00 -6.104474304046663136e-01 -1.170909675818078099e+01
-3.001593276196606652e+00 -6.203287235999854765e-01 -1.370391456602070690e+01
-4.654869896135071627e+00 6.104479777044331534e-01 -1.170909663108879428e+01
-3.001593271766360260e+00 6.203287543869668852e-01 -1.370391456424836463e+01
-4.620910001340025275e+00 5.883717130151651986e+00 1.216786879433271018e+00
-5.694545027399129822e+00 4.555078314480667245e+00 3.558039705868017322e+00
-4.287197843998452385e+00 5.951118303895285067e+00 3.194075140708731553e+00
-5.273286216114410507e+00 5.342571984685267950e+00 4.457450974790220992e-07
-6.491977537491997907e+00 9.845881822278004236e-01 7.270092476382030711e+00
-6.334529533261878953e+00 2.879350519149314280e+00 5.628433118516882772e+00
-3.406503389830529471e+00 5.694914188284677437e+00 7.020704028602409608e+00
-5.306611578263989770e+00 4.522270432785767014e+00 5.569397905922309988e+00
-3.872680365705702954e+00 5.881774411389660173e+00 5.196711454660103868e+00
-4.861935994501475733e+00 5.270014365614827057e+00 4.442976454147816057e+00
-6.299388026206980129e+00 3.913806495430105059e+00 -2.348228886253708403e+00
-6.299388021144331162e+00 3.913806534683399008e+00 2.348229722490529525e+00
-5.857831377942023465e+00 4.654510093732643128e+00 -1.219653893163402891e+00
-5.857831541037118228e+00 4.654509832111049406e+00 1.219653876105697865e+00
-4.620910283557940090e+00 -5.883716854582978328e+00 1.216788166213635947e+00
-5.694545012925207317e+00 -4.555078215498614469e+00 3.558040292098791468e+00
-4.287197899716602478e+00 -5.951118231008120318e+00 3.194075236345980784e+00
-5.273286216114410507e+00 -5.342571984685267950e+00 -4.457450975029563916e-07
-6.491977589590959496e+00 -9.845885177701116930e-01 7.270092091365940590e+00
-6.334529546382931642e+00 -2.879350591629437517e+00 5.628432551495331282e+00
-3.406503988806562688e+00 -5.694913726014100064e+00 7.020704253740291279e+00
-5.306612010506668753e+00 -4.522269874018025604e+00 5.569397300505370296e+00
-3.872679806982921136e+00 -5.881774681000866423e+00 5.196711798818745009e+00
-4.861935607749121147e+00 -5.270014787098833864e+00 4.442976699647543271e+00
-6.299388021144331162e+00 -3.913806534683399008e+00 -2.348229722490529525e+00
-6.299388026206980129e+00 -3.913806495430105059e+00 2.348228886253708403e+00
-5.857831541037118228e+00 -4.654509832111049406e+00 -1.219653876105697865e+00
-5.857831377942023465e+00 -4.654510093732643128e+00 1.219653893163402891e+00
-9.845365629862925516e-01 -3.635764180496602549e+00 1.297911694090204549e+01
-2.879052907417873897e+00 -2.814786052701991892e+00 1.266400014381476424e+01
-1.596860850287865397e+00 -4.287753834932768626e+00 1.189616011963312658e+01
-9.870867009035717565e-01 -2.689733682885284693e+00 1.386974148091396231e+01
-5.883286789055997446e+00 -6.084748184066053334e-01 9.238679981783082695e+00
-4.554586897942726864e+00 -1.779375817496569923e+00 1.138474137421020416e+01
-5.950794244425409829e+00 -1.595876391548876505e+00 8.572627388395314796e+00
-2.781598400625050260e+00 -5.311476625371550853e+00 9.034582623903677501e+00
-3.510329747220763963e+00 -3.410218748352585649e+00 1.138194011272630846e+01
-2.221964997775057071e+00 -4.860117510545975961e+00 1.053824965485280885e+01
-3.852346821855315184e+00 -4.859734247004237062e+00 8.470655846027003832e+00
-2.599462621154826181e+00 -3.872892406647610031e+00 1.175743283463543420e+01
-9.960410135323281011e-01 -6.218952332239826575e-01 1.482287855932714393e+01
-2.895321273373101079e+00 -1.797949226681021528e+00 1.337249098251918511e+01
-9.962991981050608459e-01 -1.651155138978824155e+00 1.450225682430873775e+01
-1.983060968725390616e+00 -2.260847087322991555e+00 1.374901332260617792e+01
-5.698604781124942065e+00 -3.504540799890857983e+00 6.814376761322327170e+00
-4.521549344198568576e+00 -2.781802377954349481e+00 1.061317555373425492e+01
-5.880598631209622340e+00 -2.599901328458072314e+00 7.744367983966720104e+00
-4.859200707539059749e+00 -4.236488847084334708e+00 7.704444142876928581e+00
-5.270699674091982700e+00 -2.222604443087609738e+00 9.717353265189803579e+00
-4.238304779512059639e+00 -3.853629194724881302e+00 9.710262915106628867e+00
-9.845364576429895820e-01 3.635764174164579643e+00 1.297911687416367954e+01
-2.879052983416736211e+00 2.814786129004222204e+00 1.266399984997988426e+01
-1.596860878877933487e+00 4.287753614996614004e+00 1.189616055448656695e+01
-9.870865161752839789e-01 2.689733658519791959e+00 1.386974164185424385e+01
-5.883286345990121902e+00 6.084750035866894891e-01 9.238680960432311906e+00
-4.554586756995043118e+00 1.779375788593240415e+00 1.138474171768519128e+01
-5.950794358266620065e+00 1.595876462871000712e+00 8.572626738225057608e+00
-5.339783880755220480e+00 3.380288302296533374e-08 1.054651610880904755e+01
-2.781598933496681525e+00 5.311476412753719956e+00 9.034583065718969408e+00
-3.510330039726296647e+00 3.410218288910785489e+00 1.138194076996861881e+01
-2.221964532939010084e+00 4.860117586722509486e+00 1.053824959265153893e+01
-3.852346842214521061e+00 4.859734211299514328e+00 8.470655865748355495e+00
-2.599462449537341513e+00 3.872892598830292243e+00 1.175743232551372230e+01
-9.960404485845169020e-01 6.218950490846228973e-01 1.482287880500204835e+01
-2.895321047539908932e+00 1.797948968309741602e+00 1.337249171246111601e+01
-9.962995536321228585e-01 1.651155194214750210e+00 1.450225660539247485e+01
-1.998546405831174155e+00 6.072237938528769570e-09 1.446936684515876692e+01
-1.983061041782179679e+00 2.260847337443680161e+00 1.374901293008219838e+01
-5.698604730255933504e+00 3.504540700352592353e+00 6.814375866853213282e+00
-4.521549367837810252e+00 2.781802495923143326e+00 1.061317468918014129e+01
-5.880598660012360313e+00 2.599901636746865918e+00 7.744368270202540927e+00
-4.859200745651243381e+00 4.236488814842196859e+00 7.704444095547335891e+00
-5.270699910981125669e+00 2.222604245804484790e+00 9.717353531151392332e+00
-4.238304780911583691e+00 3.853629235973972555e+00 9.710262905526565902e+00
-3.902854418881711140e+00 -1.173733874745004790e+00 1.260403234862942412e+01
-3.902854353448697466e+00 1.173734548449250070e+00 1.260403192225193436e+01
-4.654869896135071627e+00 -6.104479777044331534e-01 1.170909663108879428e+01
-3.001593271766360260e+00 -6.203287543869668852e-01 1.370391456424836463e+01
-4.654869999640926181e+00 6.104474304046663136e-01 1.170909675818078099e+01
-3.001593276196606652e+00 6.203287235999854765e-01 1.370391456602070690e+01
-6.868206004900173411e+00 -1.109769059223874214e-07 -6.053380353696892868e+00
-7.434550537355882227e+00 -4.825941702245623256e-08 -2.070460947543173447e+00
-6.938144222517767190e+00 9.860428162770085159e-01 -5.378774095014094314e+00
-6.938144253356764324e+00 -9.860426688575496534e-01 -5.378773823281218114e+00
-6.868206004900173411e+00 1.109769059571108357e-07 6.053380353696892868e+00
-7.434550537355882227e+00 4.825941706459740547e-08 2.070460947543173447e+00
-6.938144253356764324e+00 9.860426688575496534e-01 5.378773823281218114e+00
-6.938144222517767190e+00 -9.860428162770085159e-01 5.378774095014094314e+00
-6.692280145416102499e+00 2.891729307413482886e+00 -3.593461572858911879e+00
-7.417001848009306286e+00 9.898680394310517272e-01 -1.245342110159275872e+00
-6.877136642907711206e+00 1.985189192558769911e+00 -4.521142479876999687e+00
-6.856637982257307584e+00 3.004809124964163303e+00 -1.240228041653592683e+00
-7.254730611872751922e+00 9.956703768980279534e-01 -3.301539219162281213e+00
-6.692280391334119116e+00 -2.891728688335488684e+00 -3.593460947075497458e+00
-7.417001923286200338e+00 -9.898673311696164490e-01 -1.245342186022231790e+00
-6.877136575779484673e+00 -1.985189662652531162e+00 -4.521142865585822790e+00
-6.856637944337958146e+00 -3.004809152433509212e+00 -1.240228085678533709e+00
-7.254730537463444762e+00 -9.956709023782099877e-01 -3.301539370719364541e+00
-6.692280391334119116e+00 2.891728688335488684e+00 3.593460947075497458e+00
-7.417001923286200338e+00 9.898673311696164490e-01 1.245342186022231790e+00
-6.877136575779484673e+00 1.985189662652531162e+00 4.521142865585822790e+00
-6.856637944337958146e+00 3.004809152433509212e+00 1.240228085678533709e+00
-7.254730537463444762e+00 9.956709023782099877e-01 3.301539370719364541e+00
-7.242264095761356657e+00 1.994690546941473741e+00 -2.404564785458034734e-08
-6.692280145416102499e+00 -2.891729307413482886e+00 3.593461572858911879e+00
-7.417001848009306286e+00 -9.898680394310517272e-01 1.245342110159275872e+00
-6.877136642907711206e+00 -1.985189192558769911e+00 4.521142479876999687e+00
-6.856637982257307584e+00 -3.004809124964163303e+00 1.240228041653592683e+00
-7.254730611872751922e+00 -9.956703768980279534e-01 3.301539219162281213e+00
-7.242264095761356657e+00 -1.994690546941473741e+00 2.404564785557787752e-08
