3.659685406751113645e-01 5.411008115383185713e-01 1.607465571776754309e+00
8.739030060900592201e-01 6.510654853313077028e-01 -3.769738258449875645e-01
-4.376813647911373395e-01 -2.144279133740337878e-02 1.308485138271064052e+00
-2.093417357061808926e-01 -8.588179922123402588e-02 -8.237884334621827787e-01
-1.758528984074925861e+00 7.748110769327183345e-01 3.971589744477302397e-01
-1.243893701373262717e+00 -1.350921649562288884e+00 -1.984940947061414995e+00
-2.103957237151172333e+00 -3.846488874801844426e-01 6.137041952154220770e-01
9.355300344268001611e-01 9.777338154835449879e-01 -2.307231894648270387e+00
7.980914239653739140e-01 -1.273391384226849388e+00 3.235180985770195333e-02
1.312068898217430557e-01 -2.224702143844400071e-01 -7.880257805435245122e-02
1.962063894063775238e-01 -2.684724787217672159e-01 -7.828659108858128102e-01
-4.851763923442238280e-01 -7.036275385736214805e-01 -9.187187790194787373e-01
4.837629374943162586e-01 -9.895158732289227599e-02 6.580315414879803759e-01
-9.538311876345333395e-01 -6.953903974238301311e-01 1.042030097072479622e+00
-8.088678701949519878e-02 6.778466214594645045e-01 -1.155472228956938019e-01
4.639858278586747597e-01 4.419696554480562756e-01 -2.120049773013074901e-01
-3.745955979256751500e-01 8.947650229151032919e-01 -1.803599313032113516e+00
-4.421578272588142511e-01 -4.522921322776580766e-01 -5.207041911186510719e-01
-6.663572549664380507e-01 -1.126689330344945006e+00 1.193313906559448467e+00
-1.144200542200546789e+00 -8.959989142551154639e-01 3.365903604165518814e-01
1.221535937729107735e+00 -8.932141083706462981e-01 -1.887390870730851766e+00
-1.035367583693176163e+00 -4.281403556107318265e-01 1.946014772630481338e-01
8.964995681027930763e-01 -5.641228020086231920e-01 -8.178590751608111331e-01
-1.172129380181142544e+00 -2.213478222803073048e-01 -4.072003643868248313e-01
3.132990307688271470e-01 -7.324780459201313265e-01 2.686628769632184444e-01
7.108834748844959917e-01 -9.664495457755000185e-01 -4.316229847257684743e-02
1.863003269210668222e-01 8.547442123094977084e-01 -2.796827350383522259e-01
-9.980582248719012117e-01 2.332992968617757581e-02 4.203392137431327114e-01
-1.775710576858652079e+00 -7.553670695833092363e-02 7.769098652194195154e-01
-8.358750615007314311e-01 -1.046485861982800358e+00 -2.306448984599434315e-01
-6.186354308803002633e-01 1.855147763224091584e+00 -2.449514530684662184e+00
-5.307030219914781188e-01 6.546163049335418371e-02 -1.188765336280259488e+00
-1.058389217186000542e+00 4.947792417487574812e-01 -6.699675694151531191e-01
1.596492748985333554e+00 -1.029441842612903502e+00 -7.916495635997108371e-01
-1.219142642228400852e+00 -1.313547455990340396e+00 -1.647549503800131543e+00
-7.695896512355830943e-01 1.893217121560787364e+00 3.080772559854712267e-02
-1.804595030025614166e+00 -3.643601956112831330e-01 -7.134458458377608281e-01
-9.836211972194969233e-02 -4.877796589052474374e-01 1.200114903670922301e-01
4.651535242496551703e-01 -7.699528913439137590e-01 7.138208093860631820e-01
4.341024092898584374e-01 -9.779066652407274463e-01 1.785823920897774419e-01
8.340269485059907950e-01 9.979437299795949068e-01 1.141550097962110932e+00
2.985833056303446864e-01 4.406173664162461034e-01 -4.517127465989431157e-01
-1.157643287189773496e+00 5.063024818364645352e-01 -4.204882644248799095e-01
2.899848240190929793e+00 1.484720654825482766e+00 -1.520588374438202273e+00
-1.258925129783634617e-04 -3.482437842438609876e-01 1.160268971290289164e+00
2.611174266127693322e+00 -4.230101421007906315e-01 5.754038451819155631e-01
-5.452806361806022961e-01 1.064868000894334088e+00 1.582881376458629141e+00
-1.970620570021100193e-01 -5.411113917909428084e-01 -7.739290074555106591e-02
6.778802199574456011e-02 -4.188940908528007157e-01 -9.307543902828609994e-01
-9.694448259637925350e-03 4.611356473427560276e-01 1.276927450660960917e+00
-5.126185572350672182e-01 -5.021669102488892644e-01 1.216910061796774079e+00
-3.132416543975364842e-01 1.660116033191890272e+00 -2.658339185391019321e-01
3.934820545039801470e-02 1.493995222919180854e+00 -1.455969199148101856e+00
1.503764211247749616e+00 7.823902890871626825e-01 -2.139990882930581595e+00
-9.020127287860827403e-01 5.714697102328329947e-01 -1.459383915237542351e-01
2.567747320771377462e-01 -1.125467749403138207e+00 7.285979119076889665e-01
1.187033338189412479e+00 1.009965514485227089e+00 3.313318658377205628e-01
5.344751090158197382e-01 7.876912324124671905e-01 3.058733538745705971e-01
-1.021422584324959582e+00 -3.017548925611554522e-01 7.119473192282136376e-01
2.734567586735451306e-01 -7.096992071160281856e-01 1.010309407779935054e+00
-7.533734420074369442e-01 -3.273134839530874030e-01 2.247857238086123477e+00
1.831232937935376670e+00 1.852915784454929327e-01 1.434101489876003166e+00
-9.330352433014468261e-01 2.885265163868497851e-01 1.845492704432688535e-01
-9.404527155470959743e-02 3.138721969867764305e-01 2.610337724175660346e-01
1.628777659832218561e+00 -5.624258978385258123e-01 1.424485424113505871e+00
-1.045517920311123464e-02 1.593603728917506901e+00 -7.258709772179259279e-01
-1.228145088452566869e-01 2.232373426559909890e-01 -3.354588056894862169e-01
7.375248706147740085e-01 1.034636728261999039e+00 -6.364916310743503614e-01
1.108027687285966900e+00 -9.052618150943166908e-01 -6.756995607923677039e-01
7.712538384236538036e-01 3.205650584932671632e-01 -7.245952257926721041e-01
-2.244595501279298688e-01 -5.344754640081388342e-01 1.319071976110039568e+00
-9.678158526653267701e-01 7.309095531435165771e-01 8.835442049335284764e-01
1.282872054323595412e+00 -7.232449397252457279e-01 -4.243887127817229099e-01
8.803978361794582985e-02 -4.390432717266903200e-04 6.786477257530890705e-01
-2.134429443064144394e+00 -7.121107748062580067e-02 4.750357620009215687e-01
8.477566333586478153e-01 1.642013508564984292e+00 8.890281727935768208e-01
6.020883729191661704e-01 2.014368539099850031e-01 -4.947298889421622992e-01
-7.175287375284472580e-01 -3.735200210170427360e-01 1.650843985781245360e+00
3.837304685526430892e-01 -1.492986458418749329e+00 -1.052597779388280808e+00
-8.034669069746328551e-01 -1.129922938290653933e-01 4.923577806454816908e-01
-1.127063310489577891e-01 6.067948420328316272e-01 -1.859603452510138810e+00
1.663652259207819561e+00 -5.252869599935633405e-01 -1.390145604135190893e-01
-4.476799156956996484e-01 6.475951421182845058e-01 4.649473538338782519e-01
-1.316698686234878402e+00 6.201000267855498738e-01 1.558266285954464037e+00
1.152898222303639475e+00 7.132492046698458710e-01 -8.535394212880954151e-03
-5.711707461977459932e-01 1.622699884094126688e+00 2.911762889385033359e-02
-1.229705302913673082e+00 2.076587450145395697e-01 8.036410635653162826e-01
1.769708808913299236e-01 9.260083422275161569e-01 5.412892472060063520e-01
-1.277616011993265799e+00 -8.284382348661418760e-01 -1.880279225297482593e-01
-4.022020646233840924e-01 -1.256533110793874641e+00 -1.350139809234095045e+00
8.784152250708744392e-01 -1.642347515647931244e+00 -1.174077429258476135e+00
1.038917045242582438e+00 -4.546903808842097106e-01 1.357338916089968928e+00
5.174317525151138630e-01 -1.547956128316003488e+00 1.406400996763312872e+00
-4.004187521426849639e-01 4.129221551037537963e-01 1.046010772858947391e+00
4.787020642395469205e-01 -8.122879019816722224e-01 8.845331665193499893e-01
-2.851711856654629007e-01 -1.433020399634462372e+00 1.200657088902246789e-01
-2.401974036552317615e-01 1.503130934796342189e+00 -1.544241400194824587e+00
8.572050796355402680e-01 -1.298577603869491615e+00 6.267240179098013675e-01
-2.682038362521910746e-01 -2.349503893465563487e-01 1.680755991438444286e-01
6.528882458606423134e-01 -6.046743461566806976e-01 -2.117637475801973368e-01
5.432795296671885654e-02 -1.248511376485010427e+00 -1.074887041475746985e+00
2.189635675638887946e-01 -4.803775622718373106e-01 1.998806633438229563e-01
-6.141589470022686958e-01 -6.909084636802943491e-01 7.087170618750234796e-01
1.760663835977580138e+00 1.482808170031851131e-04 -2.238341069436651787e-01
-7.985620672297440992e-01 -1.274034694039423377e+00 3.668417593612268157e-01
-3.974005241490210505e-01 2.519713169289891086e-01 -5.509011580666201002e-01
-2.439478560614907476e-01 5.792592969852443652e-01 -4.394894090471160863e-01
1.854041648349328719e+00 -3.332674206264620853e-01 3.087291888766162673e-01
-1.896530913211664782e+00 -1.306108818784526893e+00 -2.146839072513187507e-01
1.372008628154156806e+00 1.082161570302015985e+00 3.597946010506077874e-01
-7.427106339979758776e-01 -1.997354414022798619e-01 1.632110266213842698e+00
5.053686710920537450e-01 -4.089781954887057869e-01 -1.033185455852783541e+00
-2.301415766730515067e+00 1.575720918720952435e+00 -1.013141967870908738e-01
1.320302347429578305e+00 -6.673761491441476679e-01 -4.838978842794340318e-01
8.991466115814750193e-01 -1.465845124209193440e+00 4.912920223435091605e-01
3.796785484363964236e-01 -1.561423124323463307e+00 -5.362747935615747030e-01
-3.907184549141369256e-01 6.164107507143973264e-01 -6.102427749169848648e-01
3.146937264204699991e-01 -2.259694514130513365e+00 -2.368536489449055427e-01
2.356830425946630836e+00 -8.816452527466502875e-01 5.383511974411373524e-01
-5.704601855423132584e-01 -1.126564407054178041e-01 1.076434468949508227e+00
-3.310165299303860498e-01 5.971907063622301504e-01 -8.650727691250261753e-01
-5.543325990263199554e-03 6.287471256122043606e-01 -1.307831536575319864e-01
8.537907193071471168e-01 7.319053355243886338e-01 -5.138029227869868043e-01
5.940423917275626797e-01 -6.992463041442947835e-01 -6.956195407552774324e-01
-6.807759735967453540e-01 3.460437399134913550e-02 -6.721447380138566574e-01
9.226982819287592452e-01 4.136986592485814573e-01 -7.113262846323938904e-01
8.671324161806842623e-01 2.849916082426955932e-01 -2.724670011706373240e-01
-4.440466625269594292e-02 -1.623203470296216422e-01 6.441123677448736817e-01
-1.816187341423701085e+00 1.900929302844337199e-01 1.145639606146782841e+00
5.521501551484283427e-02 -6.005296268475559529e-01 1.560651101102850102e-01
4.227879049310775406e-01 -7.183221083520219263e-01 -1.687359127053450036e+00
-2.196833729932180734e+00 -9.356742240763540330e-01 -1.803763184746736900e-02
-7.600787787085235003e-02 6.207632004570730055e-01 -1.289784821729694997e+00
7.072004642692727439e-01 4.241551049837983256e-01 -5.901440285732861141e-02
1.146805799483201049e+00 7.095014737726740295e-02 1.220875782138554966e+00
-4.588355234224119478e-02 -1.493825919677020941e+00 -7.280358457460726074e-01
1.720951822135150522e-01 -1.043070625279413521e+00 -5.332692839270545271e-01
2.341523568966458468e-01 1.148138917207436771e+00 5.953002930680409976e-01
1.022508089768554118e+00 -1.733883451655065189e+00 -2.074049312560553027e+00
2.377462646000170765e-01 -9.969102502843072422e-01 9.907791002052226403e-01
5.277671586047434360e-01 -1.737823997431079848e+00 -2.219795674435425525e-01
5.491063149615698497e-02 -3.251456779329752744e-01 -1.094599426597912956e-01
9.087646826364609298e-01 -1.448750528887905009e+00 -4.071086534277816305e-01
1.103678128696652605e+00 2.928694379817371463e-01 1.941048493427863120e+00
1.749965647732600049e-01 -8.156973597068754023e-01 1.441787489409235290e+00
2.440860116441819549e+00 -1.094029838016099127e-01 -1.506961954706133477e+00
7.609153446335791271e-01 -6.831252135530500869e-02 4.393853760565865074e-01
1.940809061901345833e+00 8.054859372141299767e-01 1.706934852982637363e+00
6.366747357014571618e-01 3.517089673593938870e-01 -1.575308548288998134e+00
5.234557150435583672e-01 -6.929282467779822596e-01 -2.111968171128292049e+00
-3.795410432424034530e-02 -1.591108021376068216e+00 2.434365120901855750e+00
-1.395741913177104943e+00 2.099081025404501588e+00 -1.116927867937521857e+00
-1.773289168301722007e+00 1.023924149076540058e+00 5.499950281760357385e-01
-1.584332132914592739e+00 -6.886403987738574928e-02 1.016532954368638553e+00
-1.224112398770307752e+00 2.062605318823322875e-01 4.133218478084678127e-01
-1.222039152689800151e-01 -6.966539884337082933e-01 7.159151477635913308e-01
-1.058119683387910737e+00 3.675023891505664886e-01 -1.205589510125780084e+00
2.529450732008204916e-01 -1.327089467987593974e+00 -6.413341509883356828e-01
-8.950997430983756997e-01 -8.809201518855472868e-01 1.119956040582764878e+00
5.607545317340433266e-01 1.016671529315319455e+00 -7.225809498930755304e-01
-9.100074765043847380e-01 7.540173874867028836e-01 -2.440216048936233173e-01
-1.144544956637365551e+00 -1.575087972312100737e+00 -1.841322836596718471e+00
4.347851746432403464e-01 1.233505197630169192e+00 4.484772175203602940e-01
-3.010123427034080978e-01 -1.325818414949380575e+00 -9.211399181905322031e-01
-1.869773945547764660e-01 3.275840554698329909e-01 -4.949246849661972231e-02
-6.213033188429529785e-01 3.027146002034657002e+00 -1.684374778024410491e+00
-1.148320667564217690e+00 -2.491429474584529569e+00 -9.909650633318669577e-01
2.214038326489159436e-01 5.865640958309998876e-01 -9.451263151563580323e-01
3.361892828658162302e-01 -4.514971956215478310e-01 7.418469251119866881e-01
-4.881449161766896472e-01 -1.231444922087749472e+00 -2.556791005049998677e-01
-8.601188495984338767e-01 -5.876204887015119144e-02 -1.832128906265708457e+00
-1.791094205342851131e+00 -5.116537583751632479e-01 -1.186989140131416764e+00
-3.852226131507945905e-01 -8.199136528279200586e-01 1.959734513387823285e-01
3.931539299284672051e-01 5.545320076320551239e-01 2.599566031621998174e-01
1.359969702935478031e+00 -9.635912272799124212e-01 2.878701371601624093e-01
-9.924062490432491446e-01 4.680751387409939346e-01 2.179412152444624162e-01
-5.511398722202928147e-01 1.474584671375052780e+00 4.854169257945218502e-02
4.535573663026562508e-01 3.245228653505107808e-01 1.267300761887342198e+00
-1.648335114332471346e-02 -9.071691291232256704e-01 1.668318037186913294e+00
-3.589959733037324519e-01 1.578179488761715321e+00 1.552534552738333573e-01
-1.160855989530392429e-01 -1.677028933884459283e+00 -1.900645543091445677e-01
-3.342587489731415618e-01 6.199187291127077337e-01 -6.232366294945972385e-01
7.987829901819416822e-02 2.708294184415313555e-01 -1.257557343834967201e+00
-4.193277923830815435e-01 4.301188061716264555e-01 8.439124530653816514e-01
6.666773806560517546e-01 -5.880745971822012308e-01 -7.296294538922674100e-01
-1.345899065826447139e+00 -2.115543060800354879e-03 4.935727828264071526e-01
1.211576465441084327e+00 -5.845291756702302166e-01 -5.834366069232314045e-01
-1.584317879354673941e+00 1.614408025449972861e+00 1.295809668787188951e-01
1.386266375535521837e-02 2.012034741959128681e+00 1.378637957777555101e-01
3.459782376611702376e-02 -5.417912011399087513e-01 -9.008846903244333015e-01
1.772086974521708491e+00 -8.979076953776253811e-01 -6.021775642561062458e-01
-1.069657008482627569e+00 -1.561640043252878751e+00 9.285326409975003248e-01
2.056510445346438343e-01 -5.358277523221767202e-01 -1.971539237478800999e-01
2.311452135561203533e-02 2.653563607340539421e-01 -2.067458771868547984e+00
-1.491093149286129460e+00 6.228707237269497377e-01 -1.297424076793843195e+00
-1.875577935574274324e+00 -1.282500693283551874e+00 2.068573028540988124e-01
2.062660440381011817e+00 6.160605642138904797e-02 4.315942149752240442e-01
-7.656743189655791371e-01 1.654104947291631100e-01 1.188084592438493292e+00
1.365454886147456692e+00 -9.665969371439202540e-01 1.820448850799641360e-01
-1.054145317343994526e+00 -9.490886246184302433e-01 -1.113051562556749419e-01
-4.377238395547214389e-02 -9.199489893090107007e-01 4.750013384996512079e-03
1.309686833826706920e+00 -6.188078672309160755e-01 6.216322234623244264e-02
1.716328319275241820e-01 -1.545051948343248438e-01 -8.198193566669834675e-01
-2.655606941448939162e-01 3.319572577223209309e-01 -8.412439488842625435e-02
-1.401595283755122212e+00 1.470170466155248379e+00 -1.387167318714539466e+00
-1.817285944950120635e+00 3.812694695957422053e-01 1.559697760965787161e+00
1.634436289779074569e-01 -8.447948115707814010e-01 -4.007979007905267954e-01
7.302950177597131720e-01 -4.776608382299091793e-01 1.660996862355714532e+00
-7.677830157469128780e-01 1.244790605319197468e-01 2.167953191203210839e+00
-1.039042345631797204e+00 4.468149996297650361e-02 8.508280343458777054e-03
3.198639930183441032e-02 1.694082734558996495e-01 1.568462126098749410e-01
1.759162162200497148e-01 3.634809609940176101e-01 6.648756956302663834e-01
-1.148465013013689473e-01 -4.121312254426648392e-01 -4.903428673308783681e-02
6.251386294702478974e-01 -3.093603063425466315e-01 -9.062783181603788485e-01
2.164979322039249254e+00 -2.204973496796356347e+00 1.664974294384925779e-02
-9.431524537521678297e-01 -1.574599509056668067e-01 2.174850747151213071e+00
-8.209395985180192312e-01 9.795194141757922190e-02 -1.099676978263277816e+00
1.396652310869069824e-01 -2.180312017417860737e+00 1.562362423973809866e+00
2.525237385637778553e-01 4.249928956691907955e-01 -6.697859781435075988e-01
1.052166282554837684e+00 -3.889092636817992887e-01 -9.341034444510942780e-01
2.032762875877549114e+00 -6.752881359451937127e-02 5.203815453278695102e-01
2.820482728796060434e-01 1.143390106332837219e-01 1.952651195350804947e-01
1.735108345489341231e+00 -1.300499317587341386e+00 -1.749138255783938556e+00
-2.709884798418611407e-01 -2.588311913698593814e-01 -1.756560035725881930e+00
1.036657074999827843e+00 5.682068548086465221e-01 -3.581723029715161988e-01
5.405335288904314917e-01 6.797181932276867844e-01 4.894823766236385265e-01
-6.446988904120269925e-01 1.168120412173064393e+00 -5.870321609941745455e-01
-7.833302959338768190e-01 -5.670245050817054322e-01 -3.857469509031736243e-01
-5.564132967504902688e-02 -3.555592874904931477e-01 -3.833341395526919659e-01
1.902422557389554125e+00 9.421748452518881045e-01 -4.860331334120802926e-02
-6.322138399645066409e-02 -1.147274371934469683e-01 -1.231035832211278658e+00
1.259354254787452776e+00 2.455756787912654338e-01 8.049812434560670305e-01
5.335436207239083739e-01 7.907639167951450165e-01 -1.262399694908050707e+00
8.347121749200173135e-02 7.882816254317687177e-02 -6.276663487968244803e-01
5.537332896605201560e-01 -8.281291856620043301e-01 -1.243812650309490175e+00
-4.392327265249560408e-01 1.249651392578488146e-01 -1.510306094772206453e+00
5.412675020741016807e-01 -1.941175966595593216e+00 8.112782596028121629e-02
-1.004303072121443430e+00 8.898026848116888932e-01 -1.083057510132134027e+00
-2.353122312995285514e-01 9.200186169741565445e-01 -6.562692445630236016e-01
5.683018253630484073e-01 -8.958294542279023887e-01 -6.651660990909830096e-01
-1.920658292890891627e-01 1.658492049822635428e+00 -6.308802329480330817e-01
-4.102387363380796681e-01 1.758530305148429396e-01 -7.783386139083279254e-01
3.640089841757374045e-01 -1.238319737273532839e+00 -1.605357720986779757e+00
-4.054529040778778737e-02 1.621324896451863617e+00 -1.598362878243062696e-02
-1.577791894576791032e+00 6.982970464483276851e-01 2.492850262046186760e+00
-5.688925444066053050e-01 8.030126631558903716e-01 -4.704886348646664662e-01
8.858483401526110468e-01 2.974843106608923531e-03 1.400205958333570200e+00
5.726425162613381081e-01 9.456954340660132796e-02 -1.232078371186360460e-01
-4.284665546029113314e-01 -2.217926609065241639e+00 -8.401862527311413364e-01
8.815284037983753263e-02 -3.291457042410301376e-02 -2.082189199890779108e+00
-1.539802318896800193e+00 -1.008737500516501573e+00 -1.868397103567843442e-01
1.859340709743167563e+00 1.508727542851756587e-02 4.916121735555162298e-01
-5.425012961835528058e-01 1.806882386544048869e+00 -5.918523745097762356e-01
1.874006296831212393e-01 1.979706181590035863e+00 7.110624530690367040e-01
-7.649671566482766361e-01 -2.099597097520941591e-01 7.362827645993025305e-01
-3.736896811422134312e-02 -2.566764092107770789e+00 -1.020560666629397151e+00
5.232339858005901068e-01 3.445807883367681956e-01 -4.073371938164589701e-02
-6.137944885646089838e-02 -8.227392683792197348e-01 -1.598619514679069653e-01
4.538674070232176505e-01 3.374272748844318881e-02 2.737377026809725833e-01
-1.706543449477247565e+00 7.643192550861365175e-01 -9.299568616815855338e-01
-2.782705122526161201e-01 7.083313978091482221e-01 -7.732189599981313943e-01
3.993496982887232982e-01 4.082453214284039594e-02 -1.100961367312919936e+00
-5.439007687055100737e-01 2.146603283369552806e-01 -5.914162222097272409e-02
-5.336448832785858354e-01 -1.369160019591961541e+00 1.057531303248936849e+00
-1.037911371877345834e+00 -1.145833441917218476e+00 -9.075728149625703622e-01
1.476828690831452962e+00 -1.021684505799044240e+00 2.242574935971530237e-01
8.236785322424605704e-01 -9.627922707241910460e-01 -1.729646591073381368e+00
-4.026977963457512022e-01 -1.009150260933297849e+00 -9.915580978027792591e-01
-7.058250789616594689e-01 1.196286510425223382e+00 -2.973279724411672653e-01
-1.700535042964310684e+00 -7.311671978794557214e-01 9.470235199777785606e-01
1.643571883012494572e-01 1.195652037707546356e+00 -6.304756667409103787e-01
7.528359810020809895e-02 -1.333106971372473470e+00 3.687330169508097888e-01
1.034894445909344679e-01 -6.827851922097245563e-01 2.673570078579560506e-03
-2.407360988883240349e-01 -1.735736632772853838e+00 1.106549993430326895e+00
9.309718217222331393e-01 -1.239304039850931821e-01 1.305204086966871735e+00
1.040767141566966592e+00 1.690103558027276298e+00 -2.075755383442694946e+00
-8.670711284557424126e-01 5.947758509222322854e-01 -2.048407260186758894e+00
-1.567373850059359697e+00 -4.215320200963326713e-01 -1.159042528743423395e+00
-4.689916853964732346e-01 -1.259236898780636160e+00 -3.290381755930298774e-02
-1.042726430771368396e+00 -1.100004101362094699e+00 8.845270002410636767e-01
6.950672020664560025e-01 5.535011150940901681e-01 4.946374062169422992e-02
-7.037918772570529446e-01 -1.643306791612463069e+00 -3.764978600253369133e-03
3.620655191186634703e-01 -7.957038709206588900e-02 9.094606788240778839e-01
-1.710056202602967979e+00 -2.844797354635122955e-01 1.089725710214641263e-01
9.974815355497631542e-01 1.897894752558363374e+00 1.917927417684844205e+00
-1.348695226023656768e-01 1.648391971683347945e+00 -1.243098440345057565e+00
7.666906990729681626e-01 2.464037713369261751e-01 1.209887733111136704e-01
5.582158461914311642e-01 2.603277134174641461e+00 8.219035071392998271e-01
-5.647063450192708611e-01 -1.332187089473037211e+00 1.164495326566328703e+00
-2.910494380056585784e-01 1.932637310905923611e+00 2.119094317906626557e-01
1.014790242308948098e+00 -1.774472631640282794e+00 4.995175505997910270e-01
1.949956718126968358e-01 -5.004266858959195430e-01 7.066901989035409004e-01
1.290850844156758326e+00 -8.617947945558476208e-01 -6.941103344119003982e-01
6.113951134224718809e-01 -5.406576521203413366e-01 3.687994991458640182e-01
-9.573414918519320693e-01 -3.183196739909168183e-01 -1.073829579529497202e+00
1.880072301420413483e+00 6.582044613597345384e-01 1.551646574569664150e+00
1.642146454582295856e-01 -7.104051621091841406e-01 -2.400480709571345128e-01
2.679705041982609171e+00 8.560387940460192913e-02 -7.961496547512698641e-01
3.725783047565841000e-01 1.269174138813695396e-01 1.402962748622184952e+00
7.786542514030869722e-01 -2.228005255130979911e+00 -6.710375974836276791e-01
6.132101576515072150e-01 1.094999932755229777e+00 1.535821427878628187e+00
-3.901778325262531544e-01 -1.937311853864528699e-01 2.525668059786019826e-01
-1.268515178172292535e+00 7.209088999223246530e-01 -2.016743200412714376e+00
-3.699422571647109081e-01 5.427452636034255651e-01 -7.080955279317079076e-02
-2.296192753704243694e-01 1.100864285886242300e+00 -4.379667252909208996e-01
3.636391984649033765e-02 -7.429812944575314715e-02 -5.824807930429628522e-01
3.010050736360987411e-01 -2.217193374323154220e-01 5.626394728674127821e-01
1.814521596905000367e+00 -1.736541988225446698e+00 -3.548626531570100440e-01
3.836205736832062341e-01 9.914638841173443184e-01 2.943994424638530782e-01
-1.836562967799002521e-01 -1.355563865128187828e+00 -1.059157349731569137e-01
1.533940919927856861e+00 1.893574717921320483e+00 1.250492108760670185e+00
-4.995151345367849216e-01 -2.272263954959448551e+00 8.574138788702632130e-01
-6.123702603915105458e-01 -8.680392659035087721e-01 -3.556401959751374076e-01
6.852960683480277537e-02 -6.697067329537089719e-01 -1.295855609965825828e+00
5.624670556109883091e-01 -2.350801453361693660e+00 2.369255097433322632e+00
4.474943910408037961e-01 7.523573323593000239e-01 -3.660196245164812345e-01
5.020503421613529138e-01 4.632993633784384668e-01 4.851103599267611588e-01
-6.988592534087161301e-01 1.535307787102073274e+00 -8.566777295587707508e-01
2.837031216521453403e-01 1.215522519993107009e+00 8.496077003210246170e-01
2.842619937733641966e-01 -4.997662369400404647e-01 -4.676836099194446317e-01
3.915558621402271400e-01 5.991033362540103546e-01 1.097202805028232975e+00
-6.530653152354970459e-01 1.720957384972154669e+00 -8.687067851822231068e-01
7.968617769446468824e-01 3.532290626609208006e-01 7.219708330966645438e-01
1.811191321633743412e+00 1.498731144579970698e+00 1.699812220221119219e+00
-4.610584920464274594e-01 -6.404200519415750303e-01 -9.218030374299885921e-01
-9.471237805064901261e-02 1.005146015649595603e-01 -4.325546018440024620e-01
-7.443160448782748517e-01 5.781927899702990481e-02 5.612143068375365917e-01
-7.073935412732378358e-01 1.602688511925784098e+00 5.190125352463934583e-01
-1.837007431393391232e-01 -2.777442277874120902e-01 -1.450017300623135830e+00
-2.157509798587669836e-01 -9.171711994474843199e-02 -2.864726009274565222e-01
-1.172183868233747095e+00 1.408940551208873515e+00 1.404028812469167109e+00
7.251788288158306228e-01 1.106786499083515007e+00 1.447182398342915288e+00
1.851583306963822950e-01 -1.232797143870177470e+00 -5.657339592642592896e-01
-4.500014070562197155e-01 -1.128846886046042802e-02 7.855809053422766475e-01
-8.517303711529364829e-01 -5.015348492529918545e-01 -6.433970219035557436e-01
-9.605664559731861285e-01 -9.287457349561896169e-01 2.022854822423767907e+00
-1.250507477114205790e-01 8.502047638062451007e-01 -5.098469305893270631e-01
9.382521950393868382e-02 -8.637260586429523768e-01 1.159780758502514608e+00
-3.285324442686863855e-01 8.840580959578859810e-01 8.167322860832080256e-01
-1.881555425665381920e+00 -1.335160246730598965e-01 -1.813200611434712117e-01
1.038745133310166713e+00 3.857269337257864805e-01 -7.528712841330592598e-01
-4.465386098424510841e-01 4.082106990548603487e-01 -1.051529013861961792e-01
-1.596258048059519430e+00 -1.048373479202542313e-01 -3.969430898477114278e-01
-6.622126020836317517e-01 -1.614162012884782449e+00 7.196963316177017456e-01
-3.801571030878772572e-02 -1.103184085806061532e+00 4.793850175297069138e-01
-1.818715683722139431e+00 -1.190610184243704905e+00 -4.717413040697882032e-01
-1.089592091232040261e+00 1.778564987203880635e-02 -3.605292135037875267e-01
-7.689729683305136509e-01 7.104954542517547544e-01 1.931120439528502208e+00
-4.852081046412659027e-01 9.070482252771192577e-01 -9.248769754572155888e-01
-2.389831944420805210e-01 -2.991827596596409400e+00 -1.008975991840973085e+00
3.487671992797841125e-01 5.345156769568550903e-01 1.362017976951045206e+00
-2.169115387068276113e-01 -1.746163126554750811e+00 6.046311679112652548e-01
3.379677489060587958e-01 6.041675036128032472e-01 1.531876781964885303e+00
-2.113181746073800493e+00 -8.020170774352536336e-01 5.507181002533806380e-01
3.441398566076478427e-01 -6.276209788637011622e-01 1.299935689586406484e+00
-1.315371518547701957e+00 -1.116112295951643629e+00 1.322072151191747924e+00
9.681363488658552008e-01 2.994234952922891213e-01 -6.412652153486977369e-01
-1.319247785720628174e+00 -3.245036911083843539e-02 2.850773429434024231e-01
-2.380911303712136273e-01 6.605339914633510945e-02 -1.801782652336460788e-01
1.142305760325154740e+00 6.658161442774795935e-01 -3.136548537154050520e-02
1.146801089480013330e-01 -1.472490918300481511e+00 -1.500199901198354890e+00
6.105497262541057513e-01 6.569728463569435295e-01 -1.429782513269982180e+00
5.535651263195064953e-01 2.088144852459857148e+00 6.361411572691950678e-01
-3.263685340216504471e-01 5.979072783778497380e-01 -8.784929299140655790e-01
7.806349299156944976e-01 -1.345841726432795760e+00 -1.107335510124240141e+00
-3.188923075955193975e-01 -1.159231559887615864e-01 -4.573121741773046312e-01
2.485033839509106723e+00 1.149883963340338155e+00 -5.131707334641318896e-01
-6.643536524559306988e-01 -1.521899975389650050e+00 8.126210947402014995e-01
9.079438341344828189e-02 4.573391002649871556e-02 1.740367642092305100e+00
-9.053258666907078034e-01 -1.852704556558093796e-01 -1.517741882956172295e-02
-1.154394679280845493e+00 -1.005226182047046946e+00 3.265597946795986695e-01
1.129482970450730539e+00 -3.616403862568179362e-01 4.289498999897662368e-01
7.756536988243803998e-01 6.354222208132703775e-01 1.054271378412034554e+00
-1.089672264803240420e+00 -4.347853001051091293e-01 2.283068403697878501e-01
8.104468083421403346e-01 3.446776334405433073e-01 -1.605932959059107046e-01
1.174261983948531984e+00 2.240148877266372907e+00 -9.567334588384762695e-01
2.135027330734024509e-01 -6.657174562249777994e-01 1.003867211221154188e+00
1.013497986497445824e+00 5.989057024229560433e-01 -3.456810525670029222e+00
-1.980010532358510655e+00 -9.341601194452077150e-01 -7.182485323927310095e-01
-1.206682771940860849e-01 -2.326824224584151113e-01 6.245238233846748255e-01
5.672643755030758461e-01 -1.047002548675230349e+00 -5.817410603154918869e-01
7.584080183324698465e-01 -7.032428952075719941e-02 -7.796831606731696729e-01
1.937399043613107885e+00 1.944363419491304534e-01 -9.819101750627928782e-01
1.116959833215489389e-01 -1.897535918348660366e-01 2.454975086748001356e+00
6.870942440212396418e-01 -9.922210847203019046e-01 9.075279428188947062e-01
1.795747933702170007e+00 4.930945118728598531e-01 1.615841443170526137e+00
2.385333378823547346e+00 1.133164548754759249e+00 2.083207032189503316e+00
-1.115754098501467340e+00 -3.626126694387127314e-01 6.265339700741412443e-01
-1.999661800051526495e-01 3.358747701936855568e-01 5.901770228141244301e-01
-5.621445154143833722e-01 -1.478132510174640757e+00 -4.443580626520556298e-01
-6.315758069718803158e-01 6.461679934268904635e-01 1.831759899772611000e+00
-4.430329629007409738e-03 -1.057800711174665897e+00 8.934557339308352164e-01
1.014740955956484614e-01 1.173472152944824431e+00 1.546852951161350909e+00
-1.706942265966342243e+00 8.234820378870777446e-01 -4.349754898082129895e-01
-1.029328344593053668e+00 -1.394174466199727402e-01 -5.545472237262714099e-01
-3.001867323526665743e-01 -2.687779133779077956e-01 1.083955909134871165e+00
1.377410480718533337e-01 3.629529256825679284e-01 -1.604599731321014189e-01
-8.712979019773033906e-01 1.936331560527777829e-02 -9.187873316493760933e-01
-2.054625111700353057e-01 2.575222440020724091e-01 3.230374799866022606e-01
4.957067171059535426e-01 -2.059184429090756385e+00 1.583850247935052025e+00
-2.890196143838758558e-01 -4.536928501600566710e-01 -3.839348632604748790e-01
-3.859613472689488178e-01 -2.360044297364392862e-01 1.413162247336191557e+00
3.206395365867450997e-01 7.365273726348516015e-02 5.250479626843368441e-01
5.731599589181350929e-01 -3.535786243699170495e-01 -7.652583968440650197e-02
6.551043796845823497e-01 -1.247855688626201331e+00 -1.498849549887752708e-01
-3.015478018285574005e-02 -6.449773537198957296e-01 4.295403960505853047e-01
1.160211123942238132e+00 -5.405592114263855358e-02 -5.104943512401479561e-02
-4.892192411295124832e-01 1.418857793323568428e+00 -7.373837020081988047e-01
1.777419542317146162e+00 1.228243205671166294e+00 1.265716441680168058e-01
5.714573428816452916e-01 -5.130584987621093947e-03 6.046275676636315710e-01
-2.099793149794369762e-01 -9.873878223255262432e-01 -7.288615182369927448e-01
-1.902907672121653349e+00 -2.337303515754587835e+00 2.700046373283261136e+00
-1.449992458801649731e+00 -5.243481570549451964e-01 2.831987254070164273e+00
-5.767200560603020776e-01 2.382005148302847264e+00 4.710578066498014582e-01
-1.295116891027395134e+00 -1.105277077579139400e+00 -8.374995101267256326e-01
-9.074881368124022574e-01 -7.382278444288845054e-02 1.231310365283567521e+00
3.024378082123453937e-01 -6.456178325509556171e-01 -2.995014232542958510e-01
-1.792780216453119801e-01 7.522349259313656500e-01 -2.550586386175892062e-01
-6.403003072794186679e-01 -4.436835683443709488e-01 1.308381509214326943e+00
6.108559268849709234e-01 1.239866892988291891e+00 2.520557354412081619e+00
-2.857333455652034671e-01 2.570454377846303345e-02 3.189004694306552534e-01
-7.919479614097577613e-01 -1.999959974147635933e-01 1.643107651825636673e+00
-4.721270335505417526e-01 -9.482349009501347403e-01 1.598175027252989766e+00
4.212611869719265489e-01 -1.254899577908121344e+00 1.266363309061737885e+00
2.773747362853839701e-02 -1.500206048009186555e+00 1.700093622499895818e-01
-5.045643872633700511e-01 -1.235705547776886626e-01 -2.000323907849431981e-01
-3.940070634370831382e-01 6.564767713153309980e-01 -8.876028489023318757e-01
2.764583937714099271e+00 -1.037677370816199263e+00 2.349959575686808577e+00
-1.371855562480889024e+00 2.168624070613073052e+00 4.381092744714357168e-01
-5.484798172590569232e-01 -8.622163786937927510e-01 1.208348198319350253e+00
-1.387083238042035316e-01 9.061604785511957749e-02 -8.816349958776198426e-01
-2.582357536849866908e-01 -3.302259562457258157e-01 2.260377700008225355e-01
-9.470878213428704506e-02 -1.225352919425523934e+00 5.700334697691894492e-01
1.566313189315955867e+00 -8.124678057055607638e-01 -8.295572002888671470e-01
-2.103949003624530523e+00 7.501640170081290693e-01 -4.787126894323719406e-01
-4.486852477677690243e-01 -1.894673787515216867e+00 1.592664823049463330e+00
-7.808521858894794387e-02 2.682766857022925167e-01 7.039728626430108438e-01
1.974048713586355142e+00 7.677836679302189049e-01 3.736370212005382663e-02
-3.182964670648034122e-01 -2.984934543599476187e-01 -5.454689876453798769e-01
-7.503165198620866949e-01 1.816011428997693411e+00 -2.451261685811257501e-02
8.107129096819639669e-01 1.179354252945032655e-01 1.875883129642691438e+00
-5.197231591349213975e-01 1.177131433538652017e+00 1.227708894330838740e+00
-9.475070382480130782e-01 5.593103750320319589e-01 -4.081606353221269301e-01
-1.257737758487743829e+00 4.949212683196408946e-01 -1.824499677301565925e-01
1.854234419277895618e-01 8.644082992346719951e-01 1.225369228984230840e+00
-8.822748339347991076e-01 -1.308339299084371854e+00 -6.572257213637514583e-01
7.498831804324884720e-01 -1.075207113496861461e-01 -7.991762732744003284e-01
3.799761500902130162e-01 1.791269396750150567e-01 -1.935051949416447814e-01
-3.058194036231544066e-01 -5.945936073583880238e-02 -1.470174322944100664e+00
3.807543501548689702e-01 5.489174982794442492e-01 7.946117699342324092e-02
4.566670562246401555e-01 6.856838942278083993e-01 4.589253297447024038e-01
-1.623110087514523014e+00 -2.210702820649947054e+00 3.086649752099994704e-01
-2.386571841127990146e-01 -5.008201926344361121e-01 7.190906439231075087e-01
-3.362559148174093515e-01 -2.545136582005310122e-01 -7.422461822429211598e-01
7.793534905725277850e-01 -1.939478058000807970e+00 6.543017757294786740e-01
1.422356848772771132e+00 1.098325485597182682e+00 -3.447797165119457774e-01
-1.354240668895174249e+00 -9.989678280869509486e-01 2.084694580941089281e+00
-3.338720455777050566e-01 -1.851108543487843150e+00 6.416702074291125157e-03
-3.738388707592661953e-01 -1.085413785301525103e+00 2.298102839837344036e-01
-1.299159005009243195e+00 -1.590642732852623586e+00 -3.743404463272807792e-02
2.679056802089728809e-02 -1.717549109293625975e-01 -1.442029923723441520e+00
-1.727548343097318639e+00 3.340374653794867532e-01 -1.454793331392741695e+00
-1.817495886617412071e-01 6.510112945988916211e-01 -4.679800097358050581e-01
1.598850324732008943e+00 -7.003202270728454693e-01 -2.551813345539986067e+00
-1.622179400117592860e-02 1.877889831443339819e-01 1.557416333808042674e-01
7.163993684091705116e-01 1.084652453232982872e+00 -3.837600203871326388e-01
5.326787833966969421e-01 2.689628724327981085e-02 1.704350873476378592e+00
-3.388941516870666582e-01 -1.852605525528912001e+00 1.036147405815891709e+00
1.051453224231863937e+00 -8.910511325851560027e-01 2.622750048503176057e+00
-2.197701289038085370e-01 -4.226279324630622392e-01 -6.156512594333152233e-01
2.365485335118155674e-01 1.035421358957028692e+00 -1.661878755766022397e+00
-4.169579911700129760e-01 1.856128606858464258e-01 -2.573339310456027040e-01
-5.503852554799804064e-01 -4.802743695452306172e-01 3.857884655657577988e-01
-1.018556866945714123e+00 -1.244498551530096142e+00 -9.363946832466167880e-01
-1.365586295976428888e+00 -4.929264472613015258e-01 -2.034004721346916345e+00
7.563896081665080207e-01 -1.222272126797181668e+00 -5.686829241928251233e-02
1.385847057961029805e+00 1.135889020769927704e+00 -1.813012256038766479e+00
8.088308370956762694e-01 -8.275966156568312360e-02 -7.986507668626575684e-01
2.082047261065417487e+00 2.071176071876882629e-01 -1.187867690385937952e-01
1.882629413946621533e-01 -6.982165874219180557e-01 -1.804671277397826290e-01
-1.692114079802770954e+00 -1.040920931299283841e-01 -4.220367626444353482e-01
-1.283804684993761658e+00 -2.702335940122196356e-01 -2.234503543863986419e+00
7.040560781414084701e-01 9.118609217381749010e-01 9.116723176410539420e-01
6.021578239183696946e-01 5.090850496351234655e-01 1.899856633487007285e+00
-4.764448562039404478e-01 9.453562317770863865e-01 6.363497858660246420e-01
2.055123599745273921e+00 -9.282604287845008795e-01 -1.080386825674465867e-01
-6.773362512256531076e-01 -4.574282719171124945e-01 2.302693500868517318e-01
-1.027256082245379121e+00 -6.197497934956188725e-01 7.117635542731677312e-01
-1.289392142579893985e+00 1.648170295070970348e-01 5.672627685805394782e-01
1.428684680853161693e+00 4.789358846357332777e-01 -1.075765667101560075e+00
5.223932758797765648e-03 4.852069250309233861e-01 -2.132208890591928085e+00
-9.556291506516495504e-01 1.352798484903755538e+00 9.167112903993461792e-01
1.839312282364845119e+00 -1.023278880696864457e+00 -6.936321704896145635e-01
-9.313078390070551604e-01 4.705936055587195965e-01 -9.330012061304733262e-01
5.343282015456266715e-02 -1.686715615056878725e+00 -3.218288466690603228e-02
2.595600872175542140e+00 -5.065977459144073158e-01 1.039836371216021016e+00
2.192577890479757929e+00 2.243058122519928643e-01 -8.055027954088231912e-01
-5.553915569833415278e-01 -3.614299092957248827e-01 -3.805871686867810522e-01
2.635204761524039818e-01 -1.008808439553841696e+00 6.848239753213501979e-01
-1.175327463480090096e+00 4.296389984269536888e-01 6.269073293491586041e-01
8.621213024158256300e-01 -9.546479634269375847e-01 1.683406944650884141e+00
6.408801324808290900e-01 -2.819162333804178244e-01 -2.018966124139750240e-01
-4.076091157683898181e-01 1.071450790279087961e+00 -1.820963529420320803e+00
1.211768821861969464e-01 5.025743888989241404e-01 -9.044932830491851650e-02
-1.056414828417874929e+00 -4.914071591419602592e-01 1.593173501473170994e-01
1.736001127277341238e+00 3.927158188041247056e-01 5.303004662800491625e-02
1.241466176703285962e+00 4.781612625978692854e-01 1.534420912427600925e+00
5.594632388911943144e-01 -7.350881747772233243e-01 4.907267577429787475e-01
1.022030284946644718e+00 -4.005909086714506961e-01 5.575653064234871170e-01
-6.066829379259531807e-01 -6.081936779989370878e-01 -1.056669378429657469e+00
4.389602849350693337e-02 3.361255165617214602e-01 6.947346583770459827e-02
3.108993526475338776e+00 -2.152766359494406589e-01 -8.104614256509669046e-01
1.151407281146018979e+00 3.936282084188318375e-01 1.010411731434397220e+00
-1.163807858830498754e+00 1.733960308412751256e-02 1.048151210563448066e+00
4.208479911453287536e-02 6.686517802074870565e-01 -4.013874351430034293e-02
1.798102953218075895e+00 1.379485719162947932e+00 -5.515880999984522637e-01
1.001774460976261771e+00 -2.017110848204686779e-02 -1.994716084643090470e+00
1.004318794342693666e+00 -5.816483518052981694e-01 -9.663761065843221587e-01
-3.462327609991717736e-01 -8.770501974305456860e-01 1.771852921493433097e+00
-1.707802664715617924e+00 -3.907461250613426529e-01 2.494799584284281557e-01
-1.646110417331658304e+00 1.141571915880357668e+00 -1.525874775268285966e+00
1.273620808468455268e-01 -3.824419647339377115e-01 -9.533813081407347401e-01
-6.453143953009392586e-01 -6.790417683153097128e-01 1.058862766765387819e+00
1.961626276129453117e-01 -3.258551749545176568e-01 5.584137682862772012e-01
-1.984262138567798983e+00 -5.273968603715513404e-02 -1.223902885635544058e+00
-4.977827253872795787e-01 -3.317130238956721433e-01 4.694395208851153134e-01
-1.401092926941261751e+00 -3.799033747599621091e-01 -2.172473354827956227e-01
-8.233235771750188059e-01 1.284492404209445215e-01 -1.068923551149891793e-01
-1.266816621341437576e+00 -1.163908497016336696e+00 -1.669250460945673753e-01
-1.637234354502824507e-01 1.547497290025893757e-01 4.108884306000513686e-01
-4.186802466795380151e-01 -3.181255308585523994e-02 6.775167020705541443e-02
-8.978414909569768509e-01 -4.297369335937420431e-01 -3.618660084274661348e-01
-1.552257986499096631e+00 -7.253360327424388521e-01 -7.864733175057286862e-01
-4.772523283099616709e-02 5.660079895443979048e-01 1.445315779295446967e+00
-1.014725261292859448e+00 -2.762429660835427070e-01 1.043158331769092229e+00
-2.045463751423078236e+00 -1.860550172261614454e+00 9.374921306126733356e-01
1.223992890268237543e+00 2.614634934228234897e-01 2.252057631106993973e+00
-4.631870627875956381e-01 -5.953599388500270262e-01 7.630975430749238342e-01
-8.361769862093676453e-01 1.541948101026790585e+00 -2.237331011185182406e-01
7.692818533407060899e-01 -6.757700603123666383e-01 4.702356418214915790e-01
-3.188576191546235727e-01 5.230759265164036664e-01 2.345054436205953885e-01
1.558895045097457688e+00 8.073186785254149456e-02 -8.383446917653574193e-01
-9.996958054024597251e-01 7.777700644309208933e-01 2.384625758639430937e-01
-1.313706356202865466e+00 1.419367940436252029e+00 3.617532359734138558e-01
1.089043517715289955e+00 -4.465263235614655990e-01 -8.393478753198219122e-01
-6.188341604297420417e-01 1.764530940564200012e+00 -8.082933969671376451e-01
-9.587492880835346565e-01 -1.541588775133247102e+00 -4.079475967293583194e-01
4.083449538939101786e-01 -1.716534999846999865e+00 1.529269587862507995e+00
-1.234191480365655347e-01 1.855554622401531517e-01 1.906423230939686020e+00
-6.397365930079277341e-01 -7.601007480490304946e-01 8.921854177890952142e-01
-3.677441307230654988e-01 1.117551938140855378e-01 -3.570320043627285278e-01
-1.396852124384415084e-01 -1.582934989594590114e+00 -3.589330230436310609e-01
3.318728305936544110e-01 -5.996824589501600355e-01 1.168744256083066757e+00
-1.256608478582259547e-01 -3.306859048652504574e-01 7.551718637855864280e-01
-6.222850982459946501e-01 5.570981606933292918e-01 -7.709988563088343572e-01
1.521786131119569285e+00 4.880798102235801017e-01 5.744281455502489031e-01
3.676738454348844609e-01 -4.000676594466574809e-02 1.683213674586167885e+00
8.057318177276014959e-01 2.408663188371636288e+00 2.126059798059450889e-01
-5.862780025541611817e-01 6.924670051516893521e-01 -2.118996735375946905e+00
-1.089163275350823579e+00 5.075193754528501550e-02 2.097514209006382246e-01
9.792140154442969813e-01 -1.264496159918953477e+00 -3.066444906557290184e-01
-4.672762787966243669e-01 -1.108101454084333914e+00 1.290659469023885675e-01
1.741206809861960969e-01 -1.566959488404385592e+00 -6.705902931311178428e-01
5.052252428712362686e-01 -1.912625803856127515e-01 -7.110059873989816870e-01
-8.293854734349246360e-01 -4.329092383280053191e-01 -1.496912187669525496e+00
9.423880611158682585e-01 1.129068149727979753e+00 -1.540084890535587114e-01
1.739337763066909792e+00 -6.816918922293869754e-01 5.275865924313917210e-01
-4.574689194506603024e-02 -8.550772172381591041e-01 -1.026634903061455356e-02
2.356277133127639423e-01 -6.585341901531654996e-01 1.322271467097465569e+00
1.083068557313657143e+00 2.120207368889335697e+00 3.908823512218632251e-02
-2.919643993455927622e-01 -1.111868508761413521e+00 -3.184560779236788042e-01
-1.425880825670232943e-01 2.369189976674014875e-01 -1.743976986082703462e+00
-2.937080567302874923e-01 -1.437172279882483528e+00 -4.717114805167331726e-01
-1.584486305480274693e+00 1.018209936228080092e+00 -1.684035127159122291e+00
1.306174530040666193e+00 1.318668852969117955e+00 2.810473473008550660e-01
-4.365000324519203168e-01 -1.802163195492796577e+00 -3.073022691190900879e-01
9.163421556748135854e-02 -1.715421958135793234e+00 1.244329188499283756e+00
4.362962539526109018e-01 -1.126487342219010701e+00 -2.193348741351858422e+00
1.328813912555333543e+00 2.010005613399569402e+00 9.956923047022759876e-01
9.122708219899953175e-01 1.077907640151018809e+00 -6.101318728856012230e-01
-5.343729937227835736e-01 1.686481890382801385e+00 5.224365438027203101e-01
-7.212674176051253605e-02 5.790276876530793260e-01 -1.356494302402557972e+00
-2.680060309688311621e-03 2.340950771611931963e-02 -1.562382415000110214e+00
6.640453057325045039e-02 -1.200175022199562624e+00 -1.584867938621776773e+00
-3.129020341524693105e-01 8.141017153537224438e-01 6.841069798505268196e-01
-1.782856920605406514e-01 -1.362964413217396142e+00 3.099514342244666723e-02
7.678071915927600077e-01 -6.489579673073715416e-01 1.231115456888552506e+00
-6.241780608781449802e-01 3.020791235645757800e-01 9.425030862893497563e-01
-1.912749672843448712e-01 -1.964564772513701860e-02 -3.132843251549502495e-01
4.190967176745678813e-02 2.231687119114765139e+00 -5.750764648026783776e-01
-1.041768037858632923e+00 -1.477240598784961556e-01 -2.652678229097241713e-01
1.242425342224501073e+00 -9.409568563934650465e-02 5.360017085200869946e-01
5.229355673455379216e-01 9.548145947233813713e-01 -3.191468794394923814e-01
-2.369074475696978155e+00 1.934478759676860449e+00 3.159594341961173836e-01
8.554358725539175090e-01 -7.796352785360475268e-01 1.857323965643692398e-01
1.090159773716159464e+00 -1.757947133953720875e-01 4.945834671293395934e-01
1.270405475844156973e+00 -1.620087208719994676e-01 1.476156268217551970e+00
6.139968931164276889e-01 1.217097710960349660e-01 -8.349280431291129512e-01
-1.221428856327400059e+00 2.578828735334911526e-01 2.269963580978273665e+00
-9.528155544665228849e-01 -1.035294760106071132e+00 -1.839045961260465267e+00
1.411781077683958996e+00 -6.304478591594902918e-03 2.236387209660786468e-01
9.293442174870479855e-01 -7.192991263367146670e-01 1.885252717959057689e+00
3.990988908625268672e-01 1.556500284561475711e+00 -1.043937533487662161e+00
-7.367917839302084992e-01 -7.210848372602420842e-01 -6.914997385647723149e-01
-1.164630346273543227e+00 -1.736092971777507543e+00 6.359722291882723422e-01
4.591948298780036408e-01 -6.680931273992593011e-01 1.247276719277519597e+00
7.167552302147076615e-01 1.296224108231132544e+00 9.909946123457913369e-01
-1.213476613706996998e+00 2.907246358208783188e-01 3.990720229636863792e-01
1.220534330642753851e+00 -2.689461269935068399e-01 -1.784792953488497202e+00
-5.647513910374317714e-01 7.632756605733542754e-01 1.540130381568483475e+00
1.385398988664110764e-01 -1.229501460616567732e+00 -4.906015786728514794e-01
-1.382796279406080853e+00 -8.411868143147639421e-01 -7.127531813679229833e-01
1.594546331333777767e+00 3.441687263159703969e-01 -3.812291233226672293e-01
9.267511064434740264e-01 1.121642516425366942e+00 2.551975986932264462e+00
-3.153424647247956014e-01 -5.623384608258897854e-01 -2.621505371561380304e+00
-5.113578589925437123e-01 6.546845515104429136e-01 8.975331244137460529e-02
3.854834367749965240e-01 1.046549221829425197e-01 2.020575329241816931e+00
-8.466073420427149276e-01 7.138857633715887108e-01 -1.715910426085538232e+00
8.063266790756710989e-02 -6.222292779534075446e-01 -8.636216154372071685e-01
1.652436103480372509e-01 -1.360428639542794749e-01 4.033399615140025318e-01
2.261806792094170626e-01 -5.184649711157484075e-01 -8.443828225159336620e-01
1.131731181320648538e+00 -8.436293815008235608e-01 6.305139913880976055e-01
1.714605200316466904e+00 -3.570723156381334085e-01 1.326981276145914601e-01
-8.961227176254098203e-02 1.820024510150164643e+00 3.148560758983432795e+00
8.884266136933557378e-01 2.276719417757312042e-02 1.216444816464774259e-01
-4.256639980178145710e-01 -2.652947533184867090e+00 -1.200813479688079416e-01
-1.097997587085776550e+00 -1.534252954044173223e-01 -7.153034166402486571e-01
-6.573808067302214786e-01 -8.068068317749790830e-02 5.067645970504467412e-01
3.694806158882931180e-01 -8.048259413004580365e-01 5.018083553548820935e-02
-6.178013923227662074e-01 6.058487150986473502e-01 -1.841235797379675354e+00
-5.145190522680819223e-01 -3.036300060782257670e-01 4.080022377844951254e-01
5.061957561352022905e-01 4.225581447451240424e-02 2.326999817443137886e+00
-8.107139038684723076e-01 -5.036729413983654924e-01 4.799730090190118537e-02
-6.039185786972099332e-03 -1.205102242802397861e+00 1.039950048055917398e+00
1.078022241200975895e+00 -1.086730617570879298e+00 4.517142838017033646e-01
1.519821146527368327e+00 -6.619282078009196546e-01 -7.144441082173138557e-01
-9.011928317849612347e-01 -4.180234191099138630e-01 -7.375102931554481378e-01
1.125964347605145743e+00 6.615404243720501842e-01 7.060627025902123099e-01
-4.328124338800558579e-01 4.112329227827117295e-01 1.624215052246697599e+00
-1.590454924068371856e+00 2.531442008477615246e+00 -9.695207553151783397e-01
3.642275599261550201e-01 -1.469914285548461486e+00 2.256990071761359185e-01
-3.571316402058848927e-01 4.705272965697421261e-01 -3.759143416996170717e-01
