4.731580009072201278e+02 -7.655857275168358456e+02 3.526180445182834714e-24
-4.731580009072201278e+02 -7.655857275168358456e+02 -3.489475021026400280e-24
4.731580009072201278e+02 7.655857275168358456e+02 7.245316746991160946e-24
-4.731580009072201278e+02 7.655857275168358456e+02 4.893462229446366355e-23
1.560572532235858725e-25 4.731580009072201278e+02 -1.531171455033671464e+03
-2.485569178073595585e-25 -4.731580009072201278e+02 -1.531171455033671464e+03
5.726219578314246186e-26 4.731580009072201278e+02 1.531171455033671464e+03
1.034088844310612256e-25 -4.731580009072201278e+02 1.531171455033671464e+03
-7.655857275168358456e+02 6.283329765078715916e-25 9.463160018144402557e+02
-7.655857275168358456e+02 -4.624269482631513641e-25 -9.463160018144402557e+02
7.655857275168358456e+02 -2.600755234493360623e-25 9.463160018144402557e+02
7.655857275168358456e+02 2.857713170018215822e-25 -9.463160018144402557e+02
1.094299011164388989e-24 -8.999999999999996589e+02 -1.110253849559488709e-23
-3.863238470991209442e-26 8.999999999999996589e+02 -5.566175768926597353e-25
2.781152949374526315e+02 7.281152949374522905e+02 -8.999999999999996589e+02
-2.781152949374526315e+02 7.281152949374522905e+02 -8.999999999999996589e+02
2.781152949374526315e+02 -7.281152949374522905e+02 -8.999999999999996589e+02
-2.781152949374526315e+02 -7.281152949374522905e+02 -8.999999999999996589e+02
-1.137258903098359594e-25 1.079569737844310619e-26 -1.799999999999999318e+03
2.781152949374526315e+02 7.281152949374522905e+02 8.999999999999996589e+02
-2.781152949374526315e+02 7.281152949374522905e+02 8.999999999999996589e+02
2.781152949374526315e+02 -7.281152949374522905e+02 8.999999999999996589e+02
-2.781152949374526315e+02 -7.281152949374522905e+02 8.999999999999996589e+02
-4.706331684242880658e-26 -1.942306760660738306e-27 1.799999999999999318e+03
-7.281152949374522905e+02 -4.499999999999999432e+02 5.562305898749050357e+02
-7.281152949374522905e+02 4.499999999999999432e+02 5.562305898749050357e+02
-4.499999999999999432e+02 2.781152949374526315e+02 1.456230589874904581e+03
-4.499999999999999432e+02 -2.781152949374526315e+02 1.456230589874904581e+03
-7.281152949374522905e+02 -4.499999999999999432e+02 -5.562305898749050357e+02
-7.281152949374522905e+02 4.499999999999999432e+02 -5.562305898749050357e+02
-4.499999999999999432e+02 2.781152949374526315e+02 -1.456230589874904581e+03
-4.499999999999999432e+02 -2.781152949374526315e+02 -1.456230589874904581e+03
-8.999999999999996589e+02 8.407824180447950514e-27 -7.065669148366058032e-25
7.281152949374522905e+02 -4.499999999999999432e+02 5.562305898749050357e+02
7.281152949374522905e+02 4.499999999999999432e+02 5.562305898749050357e+02
4.499999999999999432e+02 2.781152949374526315e+02 1.456230589874904581e+03
4.499999999999999432e+02 -2.781152949374526315e+02 1.456230589874904581e+03
7.281152949374522905e+02 -4.499999999999999432e+02 -5.562305898749050357e+02
7.281152949374522905e+02 4.499999999999999432e+02 -5.562305898749050357e+02
4.499999999999999432e+02 2.781152949374526315e+02 -1.456230589874904581e+03
4.499999999999999432e+02 -2.781152949374526315e+02 -1.456230589874904581e+03
8.999999999999996589e+02 -3.207541728647675558e-26 2.686557498661049729e-25
2.459398760214044728e+02 -8.657445220055252548e+02 -4.756388352025538900e-24
-2.459398760214044728e+02 -8.657445220055252548e+02 -8.357390529489176078e-24
2.459398760214044728e+02 8.657445220055252548e+02 -1.944820277951036850e-24
-2.459398760214044728e+02 8.657445220055252548e+02 1.475584988124076134e-23
3.904997080974252981e+02 7.764016323745672707e+02 -4.678054434139577893e+02
1.445598320760208253e+02 6.244024298044041643e+02 -1.263683600597093118e+03
1.462138633048078589e+02 8.559508646656379369e+02 -4.731580009072202415e+02
-3.904997080974252981e+02 7.764016323745672707e+02 -4.678054434139577893e+02
-1.445598320760208253e+02 6.244024298044041643e+02 -1.263683600597093118e+03
-1.462138633048078589e+02 8.559508646656379369e+02 -4.731580009072202415e+02
-1.348416747928653029e-24 7.655857275168358456e+02 -9.463160018144404830e+02
3.904997080974252981e+02 -7.764016323745672707e+02 -4.678054434139577893e+02
1.445598320760208253e+02 -6.244024298044041643e+02 -1.263683600597093118e+03
1.462138633048078589e+02 -8.559508646656379369e+02 -4.731580009072202415e+02
-3.904997080974252981e+02 -7.764016323745672707e+02 -4.678054434139577893e+02
-1.445598320760208253e+02 -6.244024298044041643e+02 -1.263683600597093118e+03
-1.462138633048078589e+02 -8.559508646656379369e+02 -4.731580009072202415e+02
1.808420837137104815e-24 -7.655857275168358456e+02 -9.463160018144404830e+02
-1.664062149142215492e-25 2.459398760214044728e+02 -1.731489044011050737e+03
2.892771493513057541e-25 -2.459398760214044728e+02 -1.731489044011050737e+03
3.904997080974252981e+02 7.764016323745672707e+02 4.678054434139577893e+02
1.445598320760208253e+02 6.244024298044041643e+02 1.263683600597093118e+03
1.462138633048078589e+02 8.559508646656379369e+02 4.731580009072202415e+02
-3.904997080974252981e+02 7.764016323745672707e+02 4.678054434139577893e+02
-1.445598320760208253e+02 6.244024298044041643e+02 1.263683600597093118e+03
-1.462138633048078589e+02 8.559508646656379369e+02 4.731580009072202415e+02
1.270417029050678440e-24 7.655857275168358456e+02 9.463160018144404830e+02
3.904997080974252981e+02 -7.764016323745672707e+02 4.678054434139577893e+02
1.445598320760208253e+02 -6.244024298044041643e+02 1.263683600597093118e+03
1.462138633048078589e+02 -8.559508646656379369e+02 4.731580009072202415e+02
-3.904997080974252981e+02 -7.764016323745672707e+02 4.678054434139577893e+02
-1.445598320760208253e+02 -6.244024298044041643e+02 1.263683600597093118e+03
-1.462138633048078589e+02 -8.559508646656379369e+02 4.731580009072202415e+02
-1.274102554486041752e-24 -7.655857275168358456e+02 9.463160018144404830e+02
1.988022265847168895e-25 2.459398760214044728e+02 1.731489044011050737e+03
-2.250278170776846648e-25 -2.459398760214044728e+02 1.731489044011050737e+03
-6.244024298044041643e+02 -6.318418002985465591e+02 2.891196641520416506e+02
-7.764016323745672707e+02 -2.339027217069788946e+02 7.809994161948503688e+02
-5.290067270632256395e+02 -6.193718642120277309e+02 7.655857275168357319e+02
-6.244024298044041643e+02 6.318418002985465591e+02 2.891196641520416506e+02
-7.764016323745672707e+02 2.339027217069788946e+02 7.809994161948503688e+02
-5.290067270632256395e+02 6.193718642120277309e+02 7.655857275168357319e+02
-2.339027217069789515e+02 3.904997080974251844e+02 1.552803264749134314e+03
-6.318418002985465591e+02 1.445598320760207969e+02 1.248804859608808783e+03
-3.827928637584179228e+02 5.290067270632256395e+02 1.238743728424055917e+03
-2.365790004536101208e+02 1.462138633048078020e+02 1.711901729331275874e+03
-6.193718642120277309e+02 3.827928637584178091e+02 1.058013454126452189e+03
-2.339027217069789515e+02 -3.904997080974251844e+02 1.552803264749134314e+03
-6.318418002985465591e+02 -1.445598320760207969e+02 1.248804859608808783e+03
-3.827928637584179228e+02 -5.290067270632256395e+02 1.238743728424055917e+03
-2.365790004536101208e+02 -1.462138633048078020e+02 1.711901729331275874e+03
-6.193718642120277309e+02 -3.827928637584178091e+02 1.058013454126452189e+03
-4.731580009072202415e+02 -5.401277497144408817e-25 1.531171455033671464e+03
-6.244024298044041643e+02 -6.318418002985465591e+02 -2.891196641520416506e+02
-7.764016323745672707e+02 -2.339027217069788946e+02 -7.809994161948503688e+02
-5.290067270632256395e+02 -6.193718642120277309e+02 -7.655857275168357319e+02
-7.655857275168358456e+02 -4.731580009072202415e+02 6.785518392944727607e-24
-6.244024298044041643e+02 6.318418002985465591e+02 -2.891196641520416506e+02
-7.764016323745672707e+02 2.339027217069788946e+02 -7.809994161948503688e+02
-5.290067270632256395e+02 6.193718642120277309e+02 -7.655857275168357319e+02
-7.655857275168358456e+02 4.731580009072202415e+02 -8.722600399348925683e-24
-2.339027217069789515e+02 3.904997080974251844e+02 -1.552803264749134314e+03
-6.318418002985465591e+02 1.445598320760207969e+02 -1.248804859608808783e+03
-3.827928637584179228e+02 5.290067270632256395e+02 -1.238743728424055917e+03
-2.365790004536101208e+02 1.462138633048078020e+02 -1.711901729331275874e+03
-6.193718642120277309e+02 3.827928637584178091e+02 -1.058013454126452189e+03
-2.339027217069789515e+02 -3.904997080974251844e+02 -1.552803264749134314e+03
-6.318418002985465591e+02 -1.445598320760207969e+02 -1.248804859608808783e+03
-3.827928637584179228e+02 -5.290067270632256395e+02 -1.238743728424055917e+03
-2.365790004536101208e+02 -1.462138633048078020e+02 -1.711901729331275874e+03
-6.193718642120277309e+02 -3.827928637584178091e+02 -1.058013454126452189e+03
-4.731580009072202415e+02 8.012116817211473425e-25 -1.531171455033671464e+03
-8.657445220055252548e+02 -1.148558963627122865e-24 4.918797520428089456e+02
-8.657445220055252548e+02 1.232005929825423394e-24 -4.918797520428089456e+02
-8.559508646656379369e+02 -2.365790004536101208e+02 2.924277266096156040e+02
-8.559508646656379369e+02 2.365790004536101208e+02 2.924277266096156040e+02
-8.559508646656379369e+02 -2.365790004536101208e+02 -2.924277266096156040e+02
-8.559508646656379369e+02 2.365790004536101208e+02 -2.924277266096156040e+02
6.244024298044041643e+02 -6.318418002985465591e+02 2.891196641520416506e+02
7.764016323745672707e+02 -2.339027217069788946e+02 7.809994161948503688e+02
5.290067270632256395e+02 -6.193718642120277309e+02 7.655857275168357319e+02
6.244024298044041643e+02 6.318418002985465591e+02 2.891196641520416506e+02
7.764016323745672707e+02 2.339027217069788946e+02 7.809994161948503688e+02
5.290067270632256395e+02 6.193718642120277309e+02 7.655857275168357319e+02
2.339027217069789515e+02 3.904997080974251844e+02 1.552803264749134314e+03
6.318418002985465591e+02 1.445598320760207969e+02 1.248804859608808783e+03
3.827928637584179228e+02 5.290067270632256395e+02 1.238743728424055917e+03
2.365790004536101208e+02 1.462138633048078020e+02 1.711901729331275874e+03
6.193718642120277309e+02 3.827928637584178091e+02 1.058013454126452189e+03
2.339027217069789515e+02 -3.904997080974251844e+02 1.552803264749134314e+03
6.318418002985465591e+02 -1.445598320760207969e+02 1.248804859608808783e+03
3.827928637584179228e+02 -5.290067270632256395e+02 1.238743728424055917e+03
2.365790004536101208e+02 -1.462138633048078020e+02 1.711901729331275874e+03
6.193718642120277309e+02 -3.827928637584178091e+02 1.058013454126452189e+03
4.731580009072202415e+02 1.348644964600219764e-25 1.531171455033671464e+03
6.244024298044041643e+02 -6.318418002985465591e+02 -2.891196641520416506e+02
7.764016323745672707e+02 -2.339027217069788946e+02 -7.809994161948503688e+02
5.290067270632256395e+02 -6.193718642120277309e+02 -7.655857275168357319e+02
7.655857275168358456e+02 -4.731580009072202415e+02 -1.750258810424967012e-23
6.244024298044041643e+02 6.318418002985465591e+02 -2.891196641520416506e+02
7.764016323745672707e+02 2.339027217069788946e+02 -7.809994161948503688e+02
5.290067270632256395e+02 6.193718642120277309e+02 -7.655857275168357319e+02
7.655857275168358456e+02 4.731580009072202415e+02 2.654835154142129694e-23
2.339027217069789515e+02 3.904997080974251844e+02 -1.552803264749134314e+03
6.318418002985465591e+02 1.445598320760207969e+02 -1.248804859608808783e+03
3.827928637584179228e+02 5.290067270632256395e+02 -1.238743728424055917e+03
2.365790004536101208e+02 1.462138633048078020e+02 -1.711901729331275874e+03
6.193718642120277309e+02 3.827928637584178091e+02 -1.058013454126452189e+03
2.339027217069789515e+02 -3.904997080974251844e+02 -1.552803264749134314e+03
6.318418002985465591e+02 -1.445598320760207969e+02 -1.248804859608808783e+03
3.827928637584179228e+02 -5.290067270632256395e+02 -1.238743728424055917e+03
2.365790004536101208e+02 -1.462138633048078020e+02 -1.711901729331275874e+03
6.193718642120277309e+02 -3.827928637584178091e+02 -1.058013454126452189e+03
4.731580009072202415e+02 -4.668308740972560370e-25 -1.531171455033671464e+03
8.657445220055252548e+02 1.391022402101643224e-24 4.918797520428089456e+02
8.657445220055252548e+02 -1.509055063869362277e-24 -4.918797520428089456e+02
8.559508646656379369e+02 -2.365790004536101208e+02 2.924277266096156040e+02
8.559508646656379369e+02 2.365790004536101208e+02 2.924277266096156040e+02
8.559508646656379369e+02 -2.365790004536101208e+02 -2.924277266096156040e+02
8.559508646656379369e+02 2.365790004536101208e+02 -2.924277266096158314e+02
