4.731580009072202415e+02 -7.655857275168359592e+02 0.000000000000000000e+00
-4.731580009072202415e+02 -7.655857275168359592e+02 0.000000000000000000e+00
4.731580009072202415e+02 7.655857275168359592e+02 0.000000000000000000e+00
-4.731580009072202415e+02 7.655857275168359592e+02 0.000000000000000000e+00
0.000000000000000000e+00 4.731580009072202415e+02 -1.531171455033671918e+03
0.000000000000000000e+00 -4.731580009072202415e+02 -1.531171455033671918e+03
0.000000000000000000e+00 4.731580009072202415e+02 1.531171455033671918e+03
0.000000000000000000e+00 -4.731580009072202415e+02 1.531171455033671918e+03
-7.655857275168359592e+02 0.000000000000000000e+00 9.463160018144405967e+02
-7.655857275168359592e+02 0.000000000000000000e+00 -9.463160018144405967e+02
7.655857275168359592e+02 0.000000000000000000e+00 9.463160018144405967e+02
7.655857275168359592e+02 0.000000000000000000e+00 -9.463160018144405967e+02
0.000000000000000000e+00 -9.000000000000000000e+02 0.000000000000000000e+00
0.000000000000000000e+00 9.000000000000000000e+02 0.000000000000000000e+00
2.781152949374526884e+02 7.281152949374526315e+02 -9.000000000000000000e+02
-2.781152949374526884e+02 7.281152949374526315e+02 -9.000000000000000000e+02
2.781152949374526884e+02 -7.281152949374526315e+02 -9.000000000000000000e+02
-2.781152949374526884e+02 -7.281152949374526315e+02 -9.000000000000000000e+02
0.000000000000000000e+00 0.000000000000000000e+00 -1.800000000000000000e+03
2.781152949374526884e+02 7.281152949374526315e+02 9.000000000000000000e+02
-2.781152949374526884e+02 7.281152949374526315e+02 9.000000000000000000e+02
2.781152949374526884e+02 -7.281152949374526315e+02 9.000000000000000000e+02
-2.781152949374526884e+02 -7.281152949374526315e+02 9.000000000000000000e+02
0.000000000000000000e+00 0.000000000000000000e+00 1.800000000000000000e+03
-7.281152949374526315e+02 -4.500000000000000568e+02 5.562305898749052631e+02
-7.281152949374526315e+02 4.500000000000000568e+02 5.562305898749052631e+02
-4.500000000000000568e+02 2.781152949374526884e+02 1.456230589874905036e+03
-4.500000000000000568e+02 -2.781152949374526884e+02 1.456230589874905036e+03
-7.281152949374526315e+02 -4.500000000000000568e+02 -5.562305898749052631e+02
-7.281152949374526315e+02 4.500000000000000568e+02 -5.562305898749052631e+02
-4.500000000000000568e+02 2.781152949374526884e+02 -1.456230589874905036e+03
-4.500000000000000568e+02 -2.781152949374526884e+02 -1.456230589874905036e+03
-9.000000000000000000e+02 0.000000000000000000e+00 0.000000000000000000e+00
7.281152949374526315e+02 -4.500000000000000568e+02 5.562305898749052631e+02
7.281152949374526315e+02 4.500000000000000568e+02 5.562305898749052631e+02
4.500000000000000568e+02 2.781152949374526884e+02 1.456230589874905036e+03
4.500000000000000568e+02 -2.781152949374526884e+02 1.456230589874905036e+03
7.281152949374526315e+02 -4.500000000000000568e+02 -5.562305898749052631e+02
7.281152949374526315e+02 4.500000000000000568e+02 -5.562305898749052631e+02
4.500000000000000568e+02 2.781152949374526884e+02 -1.456230589874905036e+03
4.500000000000000568e+02 -2.781152949374526884e+02 -1.456230589874905036e+03
9.000000000000000000e+02 0.000000000000000000e+00 0.000000000000000000e+00
2.459398760214045296e+02 -8.657445220055257096e+02 0.000000000000000000e+00
-2.459398760214045296e+02 -8.657445220055257096e+02 0.000000000000000000e+00
2.459398760214045296e+02 8.657445220055257096e+02 0.000000000000000000e+00
-2.459398760214045296e+02 8.657445220055257096e+02 0.000000000000000000e+00
3.904997080974253549e+02 7.764016323745676118e+02 -4.678054434139579598e+02
1.445598320760208253e+02 6.244024298044042780e+02 -1.263683600597093573e+03
1.462138633048078589e+02 8.559508646656382780e+02 -4.731580009072202415e+02
-3.904997080974253549e+02 7.764016323745676118e+02 -4.678054434139579598e+02
-1.445598320760208253e+02 6.244024298044042780e+02 -1.263683600597093573e+03
-1.462138633048078589e+02 8.559508646656382780e+02 -4.731580009072202415e+02
0.000000000000000000e+00 7.655857275168359592e+02 -9.463160018144404830e+02
3.904997080974253549e+02 -7.764016323745676118e+02 -4.678054434139579598e+02
1.445598320760208253e+02 -6.244024298044042780e+02 -1.263683600597093573e+03
1.462138633048078589e+02 -8.559508646656382780e+02 -4.731580009072202415e+02
-3.904997080974253549e+02 -7.764016323745676118e+02 -4.678054434139579598e+02
-1.445598320760208253e+02 -6.244024298044042780e+02 -1.263683600597093573e+03
-1.462138633048078589e+02 -8.559508646656382780e+02 -4.731580009072202415e+02
0.000000000000000000e+00 -7.655857275168359592e+02 -9.463160018144404830e+02
0.000000000000000000e+00 2.459398760214045296e+02 -1.731489044011051647e+03
0.000000000000000000e+00 -2.459398760214045296e+02 -1.731489044011051647e+03
3.904997080974253549e+02 7.764016323745676118e+02 4.678054434139579598e+02
1.445598320760208253e+02 6.244024298044042780e+02 1.263683600597093573e+03
1.462138633048078589e+02 8.559508646656382780e+02 4.731580009072202415e+02
-3.904997080974253549e+02 7.764016323745676118e+02 4.678054434139579598e+02
-1.445598320760208253e+02 6.244024298044042780e+02 1.263683600597093573e+03
-1.462138633048078589e+02 8.559508646656382780e+02 4.731580009072202415e+02
0.000000000000000000e+00 7.655857275168359592e+02 9.463160018144404830e+02
3.904997080974253549e+02 -7.764016323745676118e+02 4.678054434139579598e+02
1.445598320760208253e+02 -6.244024298044042780e+02 1.263683600597093573e+03
1.462138633048078589e+02 -8.559508646656382780e+02 4.731580009072202415e+02
-3.904997080974253549e+02 -7.764016323745676118e+02 4.678054434139579598e+02
-1.445598320760208253e+02 -6.244024298044042780e+02 1.263683600597093573e+03
-1.462138633048078589e+02 -8.559508646656382780e+02 4.731580009072202415e+02
0.000000000000000000e+00 -7.655857275168359592e+02 9.463160018144404830e+02
0.000000000000000000e+00 2.459398760214045296e+02 1.731489044011051647e+03
0.000000000000000000e+00 -2.459398760214045296e+02 1.731489044011051647e+03
-6.244024298044042780e+02 -6.318418002985467865e+02 2.891196641520417643e+02
-7.764016323745676118e+02 -2.339027217069790083e+02 7.809994161948507099e+02
-5.290067270632258669e+02 -6.193718642120280720e+02 7.655857275168359592e+02
-6.244024298044042780e+02 6.318418002985467865e+02 2.891196641520417643e+02
-7.764016323745676118e+02 2.339027217069790083e+02 7.809994161948507099e+02
-5.290067270632258669e+02 6.193718642120280720e+02 7.655857275168359592e+02
-2.339027217069789799e+02 3.904997080974252981e+02 1.552803264749135224e+03
-6.318418002985467865e+02 1.445598320760208537e+02 1.248804859608808783e+03
-3.827928637584179796e+02 5.290067270632257532e+02 1.238743728424056371e+03
-2.365790004536101776e+02 1.462138633048078589e+02 1.711901729331276329e+03
-6.193718642120280720e+02 3.827928637584180365e+02 1.058013454126451961e+03
-2.339027217069789799e+02 -3.904997080974252981e+02 1.552803264749135224e+03
-6.318418002985467865e+02 -1.445598320760208537e+02 1.248804859608808783e+03
-3.827928637584179796e+02 -5.290067270632257532e+02 1.238743728424056371e+03
-2.365790004536101776e+02 -1.462138633048078589e+02 1.711901729331276329e+03
-6.193718642120280720e+02 -3.827928637584180365e+02 1.058013454126451961e+03
-4.731580009072203552e+02 0.000000000000000000e+00 1.531171455033671918e+03
-6.244024298044042780e+02 -6.318418002985467865e+02 -2.891196641520417643e+02
-7.764016323745676118e+02 -2.339027217069790083e+02 -7.809994161948507099e+02
-5.290067270632258669e+02 -6.193718642120280720e+02 -7.655857275168359592e+02
-7.655857275168359592e+02 -4.731580009072203552e+02 0.000000000000000000e+00
-6.244024298044042780e+02 6.318418002985467865e+02 -2.891196641520417643e+02
-7.764016323745676118e+02 2.339027217069790083e+02 -7.809994161948507099e+02
-5.290067270632258669e+02 6.193718642120280720e+02 -7.655857275168359592e+02
-7.655857275168359592e+02 4.731580009072203552e+02 0.000000000000000000e+00
-2.339027217069789799e+02 3.904997080974252981e+02 -1.552803264749135224e+03
-6.318418002985467865e+02 1.445598320760208537e+02 -1.248804859608808783e+03
-3.827928637584179796e+02 5.290067270632257532e+02 -1.238743728424056371e+03
-2.365790004536101776e+02 1.462138633048078589e+02 -1.711901729331276329e+03
-6.193718642120280720e+02 3.827928637584180365e+02 -1.058013454126451961e+03
-2.339027217069789799e+02 -3.904997080974252981e+02 -1.552803264749135224e+03
-6.318418002985467865e+02 -1.445598320760208537e+02 -1.248804859608808783e+03
-3.827928637584179796e+02 -5.290067270632257532e+02 -1.238743728424056371e+03
-2.365790004536101776e+02 -1.462138633048078589e+02 -1.711901729331276329e+03
-6.193718642120280720e+02 -3.827928637584180365e+02 -1.058013454126451961e+03
-4.731580009072203552e+02 0.000000000000000000e+00 -1.531171455033671918e+03
-8.657445220055257096e+02 0.000000000000000000e+00 4.918797520428090593e+02
-8.657445220055257096e+02 0.000000000000000000e+00 -4.918797520428090593e+02
-8.559508646656382780e+02 -2.365790004536102060e+02 2.924277266096157746e+02
-8.559508646656382780e+02 2.365790004536102060e+02 2.924277266096157746e+02
-8.559508646656382780e+02 -2.365790004536102060e+02 -2.924277266096157746e+02
-8.559508646656382780e+02 2.365790004536102060e+02 -2.924277266096157746e+02
6.244024298044042780e+02 -6.318418002985467865e+02 2.891196641520417643e+02
7.764016323745676118e+02 -2.339027217069790083e+02 7.809994161948507099e+02
5.290067270632258669e+02 -6.193718642120280720e+02 7.655857275168359592e+02
6.244024298044042780e+02 6.318418002985467865e+02 2.891196641520417643e+02
7.764016323745676118e+02 2.339027217069790083e+02 7.809994161948507099e+02
5.290067270632258669e+02 6.193718642120280720e+02 7.655857275168359592e+02
2.339027217069789799e+02 3.904997080974252981e+02 1.552803264749135224e+03
6.318418002985467865e+02 1.445598320760208537e+02 1.248804859608808783e+03
3.827928637584179796e+02 5.290067270632257532e+02 1.238743728424056371e+03
2.365790004536101776e+02 1.462138633048078589e+02 1.711901729331276329e+03
6.193718642120280720e+02 3.827928637584180365e+02 1.058013454126451961e+03
2.339027217069789799e+02 -3.904997080974252981e+02 1.552803264749135224e+03
6.318418002985467865e+02 -1.445598320760208537e+02 1.248804859608808783e+03
3.827928637584179796e+02 -5.290067270632257532e+02 1.238743728424056371e+03
2.365790004536101776e+02 -1.462138633048078589e+02 1.711901729331276329e+03
6.193718642120280720e+02 -3.827928637584180365e+02 1.058013454126451961e+03
4.731580009072203552e+02 0.000000000000000000e+00 1.531171455033671918e+03
6.244024298044042780e+02 -6.318418002985467865e+02 -2.891196641520417643e+02
7.764016323745676118e+02 -2.339027217069790083e+02 -7.809994161948507099e+02
5.290067270632258669e+02 -6.193718642120280720e+02 -7.655857275168359592e+02
7.655857275168359592e+02 -4.731580009072203552e+02 0.000000000000000000e+00
6.244024298044042780e+02 6.318418002985467865e+02 -2.891196641520417643e+02
7.764016323745676118e+02 2.339027217069790083e+02 -7.809994161948507099e+02
5.290067270632258669e+02 6.193718642120280720e+02 -7.655857275168359592e+02
7.655857275168359592e+02 4.731580009072203552e+02 0.000000000000000000e+00
2.339027217069789799e+02 3.904997080974252981e+02 -1.552803264749135224e+03
6.318418002985467865e+02 1.445598320760208537e+02 -1.248804859608808783e+03
3.827928637584179796e+02 5.290067270632257532e+02 -1.238743728424056371e+03
2.365790004536101776e+02 1.462138633048078589e+02 -1.711901729331276329e+03
6.193718642120280720e+02 3.827928637584180365e+02 -1.058013454126451961e+03
2.339027217069789799e+02 -3.904997080974252981e+02 -1.552803264749135224e+03
6.318418002985467865e+02 -1.445598320760208537e+02 -1.248804859608808783e+03
3.827928637584179796e+02 -5.290067270632257532e+02 -1.238743728424056371e+03
2.365790004536101776e+02 -1.462138633048078589e+02 -1.711901729331276329e+03
6.193718642120280720e+02 -3.827928637584180365e+02 -1.058013454126451961e+03
4.731580009072203552e+02 0.000000000000000000e+00 -1.531171455033671918e+03
8.657445220055257096e+02 0.000000000000000000e+00 4.918797520428090593e+02
8.657445220055257096e+02 0.000000000000000000e+00 -4.918797520428090593e+02
8.559508646656382780e+02 -2.365790004536102060e+02 2.924277266096157746e+02
8.559508646656382780e+02 2.365790004536102060e+02 2.924277266096157746e+02
8.559508646656382780e+02 -2.365790004536102060e+02 -2.924277266096157746e+02
8.559508646656382780e+02 2.365790004536102060e+02 -2.924277266096157746e+02
