1.403583382836190552e+01 -2.263033281075450986e+01 -1.175043538425034756e-01
-1.382876198912659582e+01 -2.254499319268280999e+01 2.157424414551404601e-01
1.399274314057602986e+01 2.257388432700004799e+01 1.804296243990519411e-01
-1.460824775528984532e+01 2.361788118304159667e+01 1.348374384142681237e-01
-1.010894435023013405e-01 1.385572015923891342e+01 -4.236405449461037875e+01
4.800817272974170630e-02 -1.337992407983998611e+01 -4.099509998663971544e+01
1.178956013889578477e-02 1.328468152898101806e+01 4.076474222318090312e+01
-6.279710334880189704e-02 -1.362294461298827741e+01 4.169288884854306332e+01
-2.267877268107650934e+01 7.489404354468247316e-02 2.186900501496728921e+01
-2.212203462534769116e+01 1.142791840289239524e-02 -2.102022767016153892e+01
2.354107725054496925e+01 2.066397679569886500e-02 2.227445052329953157e+01
2.310790418668702273e+01 3.096584442292275169e-03 -2.171781373922762981e+01
5.262564455139746161e-03 -2.539337996800013997e+01 -1.011648819577760372e-01
1.281187874874293621e-02 2.513450584606704297e+01 -8.736954083608453048e-02
7.877553954853107498e+00 2.090357665988101132e+01 -2.014762753044086097e+01
-8.165022239805164617e+00 2.145185497045337897e+01 -2.082750047646871749e+01
8.164623191592854212e+00 -2.148071802686908782e+01 -2.079023215254555623e+01
-8.030684132798612040e+00 -2.112426090299493353e+01 -2.002212526318978547e+01
-1.213055168840263404e-01 1.946057334238969760e-01 -5.179767664979246433e+01
7.989161220650547790e+00 2.109892428751934190e+01 2.046556275714338824e+01
-8.138268513622522349e+00 2.134417990513130192e+01 2.047191811928107086e+01
7.902088324959064991e+00 -2.074829851231565669e+01 2.036159574795112093e+01
-8.432632934936700408e+00 -2.212534359370150838e+01 2.126717233198051105e+01
-1.378890717734236326e-01 4.479713038795898883e-02 5.039849869863164855e+01
-2.061225706105597766e+01 -1.274990652046416528e+01 1.234596095365167656e+01
-2.230221775214745605e+01 1.376470165884763830e+01 1.268892725292367452e+01
-1.312544296689689105e+01 8.052847561914687091e+00 3.868108281595432629e+01
-1.262801980543155445e+01 -7.826223616806059269e+00 3.732051456730878414e+01
-2.114754764468782966e+01 -1.304931709607709500e+01 -1.253784517938335696e+01
-2.200757227808762195e+01 1.362075068094690700e+01 -1.277057358819926947e+01
-1.300006018423511200e+01 8.160653193757914536e+00 -3.846921994792532473e+01
-1.262874665972701926e+01 -7.881861147678546509e+00 -3.766226743700343604e+01
-2.643395363851102076e+01 9.220061618672441284e-03 1.050315106572109747e-01
2.212941794693019659e+01 -1.366289993867532182e+01 1.267397676958338515e+01
2.168266075376875435e+01 1.337390767860777530e+01 1.271062515787444624e+01
1.281618480559291839e+01 7.802905676302941629e+00 3.762290608102725997e+01
1.311464455189420875e+01 -7.987737620174324427e+00 3.854156816255372320e+01
2.200506586698972100e+01 -1.361748077206268981e+01 -1.273016052132562770e+01
2.110380371107117270e+01 1.298774528531812145e+01 -1.255849376732513889e+01
1.304451387064044710e+01 7.901210893514398315e+00 -3.845757403872664071e+01
1.263666659990180463e+01 -7.858834321924741850e+00 -3.735749928272749543e+01
2.677294362715021592e+01 -2.488964274822657446e-03 5.699077289714510330e-02
6.952214120538338982e+00 -2.445585442670524401e+01 -9.186398161901289383e-02
-7.339686660370754012e+00 -2.569204413775269558e+01 4.938298622830921206e-03
7.157720178465924121e+00 2.520706370279296493e+01 -1.998023759734995908e-02
-7.189930030397818861e+00 2.518930505935848885e+01 -7.106835427299486307e-02
1.124056637244542500e+01 2.236584880741517267e+01 -1.036302020519741518e+01
4.113433103192678075e+00 1.818032010854397384e+01 -3.174391968307996947e+01
4.240058060070623469e+00 2.440183543925641985e+01 -1.096948121253231179e+01
-1.163278367871584429e+01 2.318425507674417219e+01 -1.061969741657097543e+01
-4.295636402218509176e+00 1.843448767567255686e+01 -3.217791271039228462e+01
-4.124732000978295510e+00 2.404870398324545633e+01 -1.097363343465103291e+01
5.700126720429728698e-04 2.193155111459349982e+01 -2.230628194381380425e+01
1.146908714677118013e+01 -2.281310617356794168e+01 -1.075696697832969484e+01
4.279866495084920786e+00 -1.840545001765369193e+01 -3.190977279183947601e+01
4.166188020425837912e+00 -2.434762719251047969e+01 -1.105735010811223695e+01
-1.145970127043666231e+01 -2.282940781651805651e+01 -1.031702980568302053e+01
-4.092396980529516171e+00 -1.803867737798359983e+01 -3.127280374836566423e+01
-4.400123930661556493e+00 -2.525863471777526925e+01 -1.108873038034438530e+01
-7.484962075392551095e-03 -2.233757101918163457e+01 -2.237416902044379796e+01
5.875148958751569088e-05 7.344566890810204640e+00 -5.204942788616399696e+01
1.363415629211050251e-01 -6.821341231084249834e+00 -4.762982906574406172e+01
1.148161355773702041e+01 2.285964236818968942e+01 1.063733201793387373e+01
4.205984074323474431e+00 1.804521456532456369e+01 3.156580848730092725e+01
4.145581749183059550e+00 2.416193651983810398e+01 1.077621623387174132e+01
-1.192013140640027657e+01 2.357148515952217238e+01 1.071314271769452020e+01
-4.212437179244567176e+00 1.808721875789857592e+01 3.159006359336684611e+01
-4.142282092119329739e+00 2.386884956486952802e+01 1.079869300697005130e+01
-1.444427365653533140e-03 2.134019699051999197e+01 2.175962592219844538e+01
1.116425000245451926e+01 -2.211266866717584634e+01 1.045243504930291500e+01
4.150019249526276433e+00 -1.816908408277721421e+01 3.176945545184966946e+01
4.075809458108195393e+00 -2.358930305314196474e+01 1.083251480321719740e+01
-1.179868520317837621e+01 -2.358275947374270842e+01 1.096689092730392545e+01
-4.372227022030618748e+00 -1.855531084102970496e+01 3.204971357851556490e+01
-4.121910942447049031e+00 -2.407666752196960047e+01 1.090450067642668941e+01
-7.238426394808664122e-03 -2.166980601630337233e+01 2.221288368927248769e+01
4.350443788481209856e-02 6.554103351657513343e+00 4.707308398487532486e+01
-1.686917691084113130e-03 -6.997288048288190510e+00 4.951217923831154621e+01
-1.749516755159374171e+01 -1.770308663109055658e+01 6.557378526111958372e+00
-2.151367746867510178e+01 -6.451316332748625371e+00 1.727149866719857130e+01
-1.510800468950536413e+01 -1.778716893262005883e+01 1.755277397172872256e+01
-1.916251508246092428e+01 1.935069631180766336e+01 6.710259664951784941e+00
-2.289104724493846632e+01 6.922254272440672374e+00 1.779818002660367426e+01
-1.617169450425226884e+01 1.890350859474694545e+01 1.734186058064879887e+01
-6.667114747542934872e+00 1.123483687937201481e+01 4.257449160144139455e+01
-1.866984164232045629e+01 4.258992989301819243e+00 3.129617059492345987e+01
-1.127864256017449485e+01 1.565822925066168203e+01 3.107621766379892847e+01
-6.711498272457575354e+00 3.921537650700407163e+00 4.818189625239761398e+01
-1.846296941142142600e+01 1.127407818803095019e+01 2.523289459892895437e+01
-6.617770524665367304e+00 -1.121299359207840496e+01 4.235060901584310500e+01
-1.806694412258115179e+01 -4.043244841514392895e+00 3.071970956670359598e+01
-1.119512534252211999e+01 -1.574758941117600308e+01 3.095211746975421363e+01
-6.480408748445825928e+00 -3.907436490021457764e+00 4.839802480589946043e+01
-1.749610230211136042e+01 -1.075221675414017319e+01 2.418521827467297314e+01
-1.337077555375531901e+01 1.540878699248417749e-01 4.112971625340001935e+01
-1.750566576232121108e+01 -1.767313051299672821e+01 -6.504444813057839170e+00
-2.264553188458602051e+01 -6.829790506088607493e+00 -1.736129714765967691e+01
-1.485746201507468456e+01 -1.741333779651592906e+01 -1.712086153317168424e+01
-2.235299886395900160e+01 -1.379064333527908381e+01 -9.246422872385895442e-02
-1.872859968323358970e+01 1.900232983538801435e+01 -6.524688673343799650e+00
-2.283126972521228737e+01 6.871142089624512117e+00 -1.757275850750326640e+01
-1.545542769493389024e+01 1.817173913202121582e+01 -1.730704137870862169e+01
-2.360852732102615548e+01 1.462288212992223535e+01 -1.838934284245731521e-02
-6.782805824213538060e+00 1.130464636852027738e+01 -4.269797771822007348e+01
-1.821138805347544576e+01 4.263780426507911336e+00 -3.089158335893557350e+01
-1.131236859037097808e+01 1.572251231137372329e+01 -3.111557247966134909e+01
-6.860451738456187165e+00 4.358938265369880938e+00 -5.035235279164287192e+01
-1.845617059184965925e+01 1.129348986973143099e+01 -2.513395083881860970e+01
-6.440731054024946722e+00 -1.093965323163198633e+01 -4.150074690496874297e+01
-1.777859817286730504e+01 -4.073336443302006060e+00 -3.031295767797996632e+01
-1.089951355375172071e+01 -1.513816857500306767e+01 -2.993302357671896985e+01
-6.755564381130986895e+00 -4.378252905906550474e+00 -4.989051392954191044e+01
-1.773140687085593115e+01 -1.087095841585120226e+01 -2.432444610408641239e+01
-1.347764168779382388e+01 8.161106654814559436e-02 -4.144184028138303688e+01
-2.534104655357714364e+01 1.489292089805267089e-02 1.131264900485461844e+01
-2.512725500381934651e+01 4.751195421537312592e-03 -1.105409841230455648e+01
-2.500192300068363949e+01 -6.908278600721478924e+00 6.496156016937335131e+00
-2.567723564000174008e+01 7.096388880526232512e+00 6.732957098149636721e+00
-2.557045503181521795e+01 -7.084125850146234527e+00 -6.740125595283045001e+00
-2.600172740448237718e+01 7.184612196309984711e+00 -6.651066174993184532e+00
1.873342638525625858e+01 -1.891855719605631592e+01 6.604745119316845603e+00
2.289719649436915816e+01 -6.918966289739549858e+00 1.780607575800999243e+01
1.571582201824230118e+01 -1.835861696272376875e+01 1.726137790720856557e+01
1.862852246251818045e+01 1.892595330888956795e+01 6.793226771564834898e+00
2.355500068831996430e+01 7.058211179570936800e+00 1.811381655664491674e+01
1.560702938799198769e+01 1.834461970234444905e+01 1.730780716670252417e+01
6.569681471873167311e+00 1.093332783558452270e+01 4.182940298207633134e+01
1.880025946515641166e+01 4.233127714311791578e+00 3.122739918184591090e+01
1.107806005925886694e+01 1.536885054255645677e+01 3.072169931113791108e+01
6.295719799547176088e+00 4.002958611037166214e+00 4.650510785528105373e+01
1.817071179017388971e+01 1.102394647753057910e+01 2.475692572614048359e+01
6.687195487453582388e+00 -1.118990777938838654e+01 4.251420042177984016e+01
1.877247863646336512e+01 -4.209724424044498647e+00 3.128469313482777636e+01
1.115402635025809630e+01 -1.543720496955660693e+01 3.077311024083259383e+01
6.692305079695898051e+00 -4.305813964669197524e+00 4.842906817209777159e+01
1.841536219504637373e+01 -1.123243344796878951e+01 2.516875981779074678e+01
1.324400705864640848e+01 6.345033271627492644e-02 4.107629080885434547e+01
1.856088845603112247e+01 -1.882329325456974090e+01 -6.548979399356444908e+00
2.284594858281917240e+01 -6.871584577436900432e+00 -1.750396724365313617e+01
1.543843311803840024e+01 -1.815249829982120389e+01 -1.728455496086866106e+01
2.355688435005465209e+01 -1.457391936341510075e+01 -2.218150691055004869e-02
1.817882168807410892e+01 1.838776580541797756e+01 -6.441737679260638672e+00
2.310166580175936701e+01 6.996943910975403469e+00 -1.786232862931419874e+01
1.479139174549469615e+01 1.728298501093969364e+01 -1.695184232286152337e+01
2.250208308668320356e+01 1.391328637588817685e+01 6.669117774610937299e-02
6.731577617565276839e+00 1.125686288836079108e+01 -4.275747984794760015e+01
1.857662547546200926e+01 4.201169938915975344e+00 -3.115441766356379816e+01
1.090123732166938986e+01 1.516824260692546034e+01 -3.049717827081096644e+01
7.030424988347172999e+00 4.160305707349961857e+00 -5.006992275524667235e+01
1.800702264500412042e+01 1.089964237840364802e+01 -2.485692421653558881e+01
6.594819646184423512e+00 -1.089756222850419398e+01 -4.184509759850207899e+01
1.816141234283407258e+01 -4.149390044571751091e+00 -3.044409999678917345e+01
1.125498610075255357e+01 -1.566345973657154822e+01 -3.075470591163404777e+01
6.562893837417202114e+00 -3.914790858963625109e+00 -4.716240818898690179e+01
1.839071729901804275e+01 -1.122236478914187074e+01 -2.471175569397115268e+01
1.323758979781196921e+01 4.035828633514453728e-02 -4.085330169321581906e+01
2.603063408306124416e+01 1.159889116807666896e-02 1.147168609469863831e+01
2.582002788433554485e+01 -1.062904307076545200e-02 -1.127634843055988867e+01
2.568025128273293944e+01 -7.108468837122296158e+00 6.735208930317257092e+00
2.547119020808089118e+01 7.034701770773503782e+00 6.824598999528931564e+00
2.601149015072682502e+01 -7.166253207217456733e+00 -6.618335510455901627e+00
2.534349270579303948e+01 7.005902521960811313e+00 -6.713763278699618198e+00
1.048562232296730024e+01 -2.369408806441328252e+01 -1.060846932919273095e-01
3.496462606807296147e+00 -2.501806617161203405e+01 -1.036227384295007464e-01
-1.089290618037330916e+01 -2.479032123786614150e+01 1.991540898239244628e-01
-3.622317923714705845e+00 -2.556949660114622347e+01 -7.918072895420853741e-02
1.059393985116776271e+01 2.406131363996003714e+01 1.025035064388102046e-01
3.626728652458424573e+00 2.555243133999498539e+01 -1.247307178342356576e-01
-1.097994612815416460e+01 2.481464232996569663e+01 -3.966690105332447772e-03
-3.549566469740729424e+00 2.508062483925569452e+01 -7.198502892244434959e-02
1.273911762788817015e+01 2.270783919081603841e+01 -5.223668378584301664e+00
9.679450869723014605e+00 2.180846230792023732e+01 -1.528486423668400285e+01
9.324584997040446410e+00 2.410351517828388879e+01 -5.350214150845059358e+00
2.020653672846830506e+00 1.615093174186456793e+01 -3.709301076016932797e+01
6.066862798638180898e+00 1.973691409867315372e+01 -2.587771429223090891e+01
2.186099959386925473e+00 2.511328551000125486e+01 -5.650855527695227920e+00
6.196131621141599766e+00 2.300661442688496550e+01 -1.578004185149217697e+01
5.783415903921433454e+00 2.516364379910161375e+01 -5.572644557472322902e+00
7.825304751717407470e+00 2.381030774419812346e+01 -1.081861786191871921e+01
-1.326863972503908684e+01 2.370651158298852224e+01 -5.304734612495660251e+00
-9.864791167391761206e+00 2.224078079836600352e+01 -1.556890369768770199e+01
-9.560981009805459507e+00 2.466029800921449322e+01 -5.468532855578791541e+00
-2.203765263486121118e+00 1.627028023459034856e+01 -3.733321444040499415e+01
-6.337721111529534213e+00 2.020680534033319375e+01 -2.648861489901841537e+01
-5.207150523890680116e-02 1.862033301290779264e+01 -3.270862920847252298e+01
-2.095936262478879542e+00 2.467502031045591337e+01 -5.622069527589543370e+00
-6.148584707006899741e+00 2.282893145633770615e+01 -1.584915218602664133e+01
-5.701841430096071583e+00 2.492439898619795713e+01 -5.544491089128752215e+00
3.529539291376716792e-02 2.399228409361641212e+01 -1.114685728873562987e+01
-7.879314675125661083e+00 2.396325584095637140e+01 -1.092207072841716275e+01
4.089438271188758911e+00 2.186666440800542333e+01 -2.169530168083839072e+01
-4.090852608499030652e+00 2.173980357418113130e+01 -2.196887096121342609e+01
2.130110881658659583e+00 2.066670990822807141e+01 -2.713995621804885161e+01
2.120657214358061982e+00 2.285940717581975434e+01 -1.645733921861534910e+01
-2.163785222745227887e+00 2.059291431793741012e+01 -2.719821099342823345e+01
-2.077305002829866076e+00 2.281205034940070675e+01 -1.648818755246362500e+01
1.287991546853750791e+01 -2.293323045600268628e+01 -5.506869665560965466e+00
9.830129166985420497e+00 -2.216171543151614642e+01 -1.569963672321058290e+01
9.289776955957155025e+00 -2.398418905629657161e+01 -5.537287136456031433e+00
2.136622667091645500e+00 -1.611494660551645097e+01 -3.684536005680357817e+01
6.320938336980050032e+00 -2.023071896712340134e+01 -2.632320444028990281e+01
2.108893848027867612e+00 -2.523203873082210436e+01 -5.720047121884802799e+00
6.150216467181747859e+00 -2.288546788285911759e+01 -1.592021245118617223e+01
5.619522378582869848e+00 -2.468994837245153207e+01 -5.609265910904801089e+00
7.775888864629044939e+00 -2.369019918535795455e+01 -1.101396140840681426e+01
-1.280226031103458517e+01 -2.292844465246741237e+01 -5.110866186710296688e+00
-9.906374185833039192e+00 -2.230108056601733324e+01 -1.525135682921753855e+01
-9.723349455818066644e+00 -2.508337017424645765e+01 -5.284710184792087873e+00
-1.980460398904059005e+00 -1.591338187642497637e+01 -3.635914403483938884e+01
-6.085890520069336063e+00 -1.970376873917276583e+01 -2.558517030410308379e+01
4.149290024706749069e-02 -1.857286945394196209e+01 -3.241596645682781741e+01
-2.184012338729113267e+00 -2.561377044156207106e+01 -5.742034503255080580e+00
-6.468454420688463991e+00 -2.397282683932084879e+01 -1.583405848510954783e+01
-5.947180848310518186e+00 -2.578885300844657635e+01 -5.616252231431856146e+00
-1.055147443815026599e-02 -2.488441712694922359e+01 -1.127136935953684826e+01
-8.180060393565945276e+00 -2.483781628073748493e+01 -1.083799279158598949e+01
4.088773094577971889e+00 -2.191056791439673646e+01 -2.196054991183706662e+01
-4.134255861916440900e+00 -2.222673634363902195e+01 -2.167267308873331189e+01
2.167163626260481202e+00 -2.068723505450951450e+01 -2.705991773807141598e+01
2.111353725936896186e+00 -2.338227663959207092e+01 -1.655652677511010396e+01
-2.133471201717634713e+00 -2.074872920565672985e+01 -2.697870490365177787e+01
-2.169576508917879121e+00 -2.367997349683877673e+01 -1.656607731423521201e+01
-1.112990671857053554e-01 1.059892337151422659e+01 -4.794474518960861076e+01
1.065007777615604168e-01 3.644947169203733406e+00 -5.324170645969415716e+01
1.776430472969107721e-01 -9.934715432099114452e+00 -4.513241136715190294e+01
-3.929020831481483400e-02 -3.427269714264316924e+00 -4.944883403334414851e+01
1.290682068590093579e+01 2.296708027933279794e+01 5.507078458246744468e+00
9.814901116240111634e+00 2.212832546161673264e+01 1.552110746424548537e+01
9.450741805900877424e+00 2.443743579813237687e+01 5.432029706069893216e+00
2.089257865151010751e+00 1.589600376012579375e+01 3.649581909025268089e+01
6.205604623721637125e+00 1.979235903576744704e+01 2.598139332937742552e+01
2.106616201582672598e+00 2.493427170742881671e+01 5.409216211864413815e+00
6.091124301196468416e+00 2.269205251270475543e+01 1.570361018390459407e+01
5.754001147962863882e+00 2.520937458886837845e+01 5.402163439984743576e+00
7.912409433033296580e+00 2.405711607893313797e+01 1.083983349059641021e+01
-1.349431795122960587e+01 2.396282119392024157e+01 5.477690350827895571e+00
-1.001890740624897269e+01 2.251328396972445844e+01 1.563221916118719967e+01
-9.600342988042543269e+00 2.468400460783565009e+01 5.395949956955566229e+00
-2.084482271551599819e+00 1.590432292994751862e+01 3.651099027705136280e+01
-6.286718065802315181e+00 1.996599685743110442e+01 2.609148812556423280e+01
4.369480606121205549e-03 1.807984054260406381e+01 3.192846142202683879e+01
-2.114506392381678257e+00 2.464083714907667755e+01 5.430119146247013084e+00
-6.097931089703419794e+00 2.262662767104023587e+01 1.572891338906033099e+01
-5.707940819962661116e+00 2.485155275498290095e+01 5.422086565506988975e+00
-2.802992864785858879e-02 2.374096757080939213e+01 1.089883623678075786e+01
-7.888944549656554450e+00 2.392251290047322598e+01 1.087404961835209782e+01
4.041760889188739547e+00 2.134299092157832689e+01 2.144420730648175066e+01
-4.007333564054133213e+00 2.132791298608795216e+01 2.142211166021970215e+01
2.121660363357838364e+00 2.003376189221465609e+01 2.663098591121178771e+01
2.032646086534106278e+00 2.243878371948935424e+01 1.617827384713900685e+01
-2.116300469491869229e+00 2.009405459625713775e+01 2.669061798239530603e+01
-2.059295294930374887e+00 2.238358101288389079e+01 1.618101553324471453e+01
1.272021343676992089e+01 -2.258426627384587349e+01 5.240442389435601811e+00
9.498053596497859630e+00 -2.137579282871746145e+01 1.532985929577839812e+01
9.105570133680483735e+00 -2.347766021426665972e+01 5.295342278820306170e+00
2.032153604446142570e+00 -1.608011856454800537e+01 3.680588867620405580e+01
6.175248955202820689e+00 -1.984633352440382836e+01 2.606793918039105762e+01
2.113068343109782088e+00 -2.460277876829135835e+01 5.480768848322243869e+00
5.982158753976391630e+00 -2.218995354840256340e+01 1.566163623480062128e+01
5.527186546140834267e+00 -2.420124585900994774e+01 5.418105817621355236e+00
7.528562463346423428e+00 -2.290538706139886571e+01 1.072627856409114955e+01
-1.297949579567706913e+01 -2.332186147109484153e+01 5.651155205172751828e+00
-1.030007758554161690e+01 -2.321857759080696937e+01 1.599099886442798990e+01
-9.718587504240185027e+00 -2.508018340943971936e+01 5.612673117222160002e+00
-2.210457655251360620e+00 -1.622034551853129969e+01 3.701010090052511003e+01
-6.462788633407190453e+00 -2.055294601653436715e+01 2.644479725741624065e+01
-8.933865599309505356e-02 -1.845691519992892182e+01 3.245405701871590765e+01
-2.093632419602240446e+00 -2.482815538516237552e+01 5.527998272484981435e+00
-6.296625379708568282e+00 -2.330669620393059915e+01 1.598494036778317451e+01
-5.776592547519919130e+00 -2.517310044402709934e+01 5.537589382664910964e+00
2.042541650972027126e-02 -2.371512918532337366e+01 1.100607773280372648e+01
-8.145121527319929555e+00 -2.465436375914710965e+01 1.109296663972709851e+01
4.010786436641886610e+00 -2.146991208724715960e+01 2.163095213705835107e+01
-4.160581810888638543e+00 -2.188806345768293582e+01 2.207923137176918615e+01
2.105679680157720224e+00 -2.039232282312525513e+01 2.697971350263482648e+01
2.065761300014896662e+00 -2.249507770276627738e+01 1.631926939025034429e+01
-2.227114448908556366e+00 -2.058515250002631802e+01 2.704813533799606162e+01
-2.062794272325458422e+00 -2.264981805942074544e+01 1.638789923392697290e+01
1.254936003254262522e-01 9.881588029082859492e+00 4.493967482376004341e+01
-1.816514469559727535e-02 3.433328488524901356e+00 4.894885337333147390e+01
-5.045808553765384480e-02 -1.024359256360915182e+01 4.689624528327672692e+01
-2.679646230793422332e-02 -3.402549035828168478e+00 4.959240671890636065e+01
-1.555177080210345153e+01 -1.983420064097269275e+01 3.468885710294512315e+00
-1.918032176473773376e+01 -1.536585144922166890e+01 9.631762264001030971e+00
-1.464196695867510911e+01 -2.037374506173579292e+01 8.923726741415940467e+00
-2.187950503018769766e+01 -3.279248140690743885e+00 1.958696113996840893e+01
-2.150567733869152676e+01 -9.772273156983677822e+00 1.492842438001384586e+01
-1.211984609423260117e+01 -2.043120615896020453e+01 1.976413430704473839e+01
-1.795398344860794992e+01 -1.531434339239358167e+01 1.502380501318345019e+01
-1.342144607728820738e+01 -2.048067744807586976e+01 1.441812638712853278e+01
-1.631121352134993430e+01 -1.771540532647375343e+01 1.207139273949593949e+01
-1.711908546294290900e+01 2.175634590749460884e+01 3.512990024864118155e+00
-2.091057650242255050e+01 1.668589587443931066e+01 9.914655315543740244e+00
-1.595140056656648930e+01 2.212361189650833282e+01 8.924954113630647612e+00
-2.299276976154096630e+01 3.497698690396561449e+00 1.998526007025532181e+01
-2.257189362040646685e+01 1.025115582961186966e+01 1.526241277120178275e+01
-1.222328100011170626e+01 2.048189891398137163e+01 1.908976003476977823e+01
-1.956056039320338868e+01 1.659308240901776088e+01 1.539408534060867062e+01
-1.432801892384456366e+01 2.170561639702141221e+01 1.418284307654338328e+01
-1.799023299603845061e+01 1.946019072917551185e+01 1.223254753837354336e+01
-3.302774810502231428e+00 1.235775036198042010e+01 4.235682097006333890e+01
-1.001506659668147847e+01 9.765750177074098204e+00 4.124683291863822632e+01
-5.575665364973777294e+00 1.491334098588578350e+01 3.740261783889253167e+01
-3.210368763279121573e+00 9.080480978257002178e+00 4.686123518439554658e+01
-2.094809960309880381e+01 2.206206739133597328e+00 2.676953918771492624e+01
-1.600284837486128353e+01 6.150742811330444759e+00 3.511426398571934016e+01
-2.128830224364949686e+01 5.676034657904646785e+00 2.444302398241508456e+01
-9.862961244342498546e+00 1.891022413325296725e+01 2.598152997382400642e+01
-1.238413661621476081e+01 1.201501869971334635e+01 3.527189254931007412e+01
-7.836826188708872820e+00 1.706473138233247155e+01 3.177948069353997695e+01
-1.368341732196132199e+01 1.735499508030001437e+01 2.400613908057264823e+01
-9.125776332968804638e+00 1.355956234015412143e+01 3.693704142155808512e+01
-3.382373472237142575e+00 1.892614800170298484e+00 4.853568225533815195e+01
-9.940618160439173678e+00 5.996820677001926114e+00 4.478817665075126797e+01
-3.240437002050552628e+00 5.331806788915041118e+00 4.776013061598180087e+01
-6.754639795605608121e+00 7.691784996428948418e+00 4.720226067132873027e+01
-2.043847458435426390e+01 1.252953533232031802e+01 1.844257366310262114e+01
-1.599216218562728997e+01 9.762063927864058854e+00 3.203100378709100937e+01
-2.089279633404671799e+01 9.168629751492993307e+00 2.115281301731923236e+01
-1.757825095174109364e+01 1.528514852094997956e+01 2.128350090873741252e+01
-1.867507423174384229e+01 7.804511574840730326e+00 2.849742606184514315e+01
-1.511094418184966948e+01 1.370297619979841208e+01 2.866878901340383834e+01
-3.417494106492938499e+00 -1.249776785999642037e+01 4.284598591868596884e+01
-9.695338177852510952e+00 -9.613588632377721765e+00 4.023688035832650201e+01
-5.640275555916254291e+00 -1.512347935101171359e+01 3.772236750566818131e+01
-3.345401654222760257e+00 -9.087699527555624712e+00 4.755290205975833118e+01
-2.038599276325622611e+01 -1.997682893486830924e+00 2.644062869585140163e+01
-1.546519106759799911e+01 -5.944555701210867404e+00 3.422518236821844084e+01
-2.010309376191179709e+01 -5.311470587608488891e+00 2.373672922766182936e+01
-1.871426446354644568e+01 9.472621540331245538e-02 3.165312160470487157e+01
-9.989622532620661133e+00 -1.930169780608810015e+01 2.615930347025499358e+01
-1.205259741187411393e+01 -1.186181961745881708e+01 3.456454836181235635e+01
-7.922076660051269315e+00 -1.745669778623832613e+01 3.199907036049978615e+01
-1.351283026040464286e+01 -1.727099555461402147e+01 2.379173485828130552e+01
-9.038714363596945134e+00 -1.366230671624869686e+01 3.690553876668802502e+01
-3.398645940923523234e+00 -2.037338952153114224e+00 4.943797532939343853e+01
-9.553930967577777267e+00 -5.931736219690910694e+00 4.353400594668838153e+01
-3.373870466873780671e+00 -5.496720626626826700e+00 4.866335344730668311e+01
-6.721780424790881447e+00 -7.662864016261634881e-02 4.852120515284326530e+01
-6.578616313783018477e+00 -7.588613413737480329e+00 4.630106554959965592e+01
-1.903753622084853703e+01 -1.171827213879889307e+01 1.787870642146632250e+01
-1.530183599310870157e+01 -9.435663766082692305e+00 3.079214621737824231e+01
-1.965862848015089526e+01 -8.676585024757633491e+00 2.048366600542556526e+01
-1.669151804370292425e+01 -1.459204041750635916e+01 2.076376176331156742e+01
-1.776360314212197977e+01 -7.436667277421527444e+00 2.762399642020778856e+01
-1.457887789199878270e+01 -1.335685549425885021e+01 2.790759897764792896e+01
-1.339651717905793404e+01 3.890885243648260605e+00 4.042239356543493756e+01
-1.314025914462532540e+01 -3.828399956899931844e+00 3.992102332798319964e+01
-1.622752431084669311e+01 2.169287376933495270e+00 3.664645853898714023e+01
-9.909465658840050040e+00 2.001009099673425773e+00 4.557771784289479911e+01
-1.603891831988872951e+01 -1.999050540223914707e+00 3.635424335297540210e+01
-9.999621584081845427e+00 -1.891994649660164729e+00 4.587845176617335596e+01
-1.548406092020095315e+01 -1.968783101645337297e+01 -3.244417664939768908e+00
-1.927070257608281523e+01 -1.538456697332587098e+01 -9.667510725291244000e+00
-1.439483933586975439e+01 -2.001132474297461528e+01 -8.537162010701342396e+00
-1.782423949453826850e+01 -1.802492906093709379e+01 2.752980202906340698e-02
-2.219732189222596119e+01 -3.360540965214374065e+00 -1.916055803411910574e+01
-2.254090426358645516e+01 -1.024544354936507773e+01 -1.512383028111965899e+01
-1.159876302641788826e+01 -1.944065422705694601e+01 -1.867449082165321883e+01
-1.791715538213586711e+01 -1.520863623662635788e+01 -1.500529196297408063e+01
-1.299740274148220642e+01 -1.979254729168903282e+01 -1.381345472534191288e+01
-1.622204729022329062e+01 -1.755201428037769062e+01 -1.191742239462446484e+01
-2.179406625915898843e+01 -1.347717541601170765e+01 6.262733184188932434e+00
-2.211155023420506538e+01 -1.362538584701674615e+01 -6.482800495068742563e+00
-1.986462666976270341e+01 -1.579099675516973633e+01 3.367800045269094156e+00
-1.988474764253341576e+01 -1.578697838388321806e+01 -3.422066195741388483e+00
-1.687059745613904838e+01 2.151003803116561741e+01 -3.289516096584058413e+00
-2.042152967648208062e+01 1.639656011330928820e+01 -9.796220460491506188e+00
-1.538654143999077206e+01 2.133259424195706799e+01 -8.764721635025290780e+00
-1.921937012299614622e+01 1.945326265899640461e+01 8.751946080559923347e-02
-2.288315429462683781e+01 3.456252413995160033e+00 -1.945134710205189776e+01
-2.244097006778142500e+01 1.018106295697571007e+01 -1.519830592400803404e+01
-1.186536268104267222e+01 1.995861420600170888e+01 -1.924475807334463084e+01
-1.900163271160455736e+01 1.622012507893746402e+01 -1.521616299857409693e+01
-1.359270340441264047e+01 2.068645850281763643e+01 -1.416388853503586454e+01
-1.722661803908428979e+01 1.871961607620508516e+01 -1.207042254020561955e+01
-2.337166741946379744e+01 1.446113400035617502e+01 6.534680475107887965e+00
-2.310065149825558706e+01 1.430213721196608567e+01 -6.581328232562929870e+00
-2.133371384185110031e+01 1.694418031821761872e+01 3.435120994332033550e+00
-2.114032591162837704e+01 1.684179069104849447e+01 -3.319187363755685904e+00
-3.543862164880710708e+00 1.270575441899678637e+01 -4.329880354408584964e+01
-9.895360900946171157e+00 9.811342577692208522e+00 -4.085925285893098646e+01
-5.686122751957181976e+00 1.515686658695678268e+01 -3.795190508363855031e+01
-3.530224196145643756e+00 9.336059055489670300e+00 -4.822234328686262472e+01
-2.033133693840134626e+01 2.157072210565447179e+00 -2.614800177796747604e+01
-1.579497308722497095e+01 6.259774308368927009e+00 -3.505567892570560673e+01
-2.078555898034289484e+01 5.597445448220574882e+00 -2.399520255448112138e+01
-9.895219148972417500e+00 1.897578360892379479e+01 -2.613701526425213828e+01
-1.230604398700481816e+01 1.202563798060197087e+01 -3.506859847223610416e+01
-7.916223358632816343e+00 1.730459230045593699e+01 -3.215484411584424151e+01
-1.364395370337041236e+01 1.728104981155540543e+01 -2.392815230329106058e+01
-9.163813209043006225e+00 1.368386553785807713e+01 -3.708220647117609303e+01
-3.560789041020335333e+00 2.126941264104136753e+00 -5.305221531417083014e+01
-9.905139065692132760e+00 6.334150877253654777e+00 -4.489525500329401098e+01
-3.359233388857496561e+00 5.666390486180317154e+00 -5.044065182359034338e+01
-6.712692713858832150e+00 7.818368898110350074e+00 -4.672322502062110772e+01
-2.042188875438142759e+01 1.253739037694555947e+01 -1.848987017514868114e+01
-1.595686344101650889e+01 9.823102803974247621e+00 -3.194781621621908130e+01
-2.056282416518283540e+01 9.056807467758172692e+00 -2.103069811255479848e+01
-1.742675131378795328e+01 1.513590479686285128e+01 -2.108216736872490671e+01
-1.848458892327280267e+01 7.795893463512230781e+00 -2.838389936181672368e+01
-1.503093860848239238e+01 1.363975603362267108e+01 -2.845375644519546654e+01
-3.149247633519225431e+00 -1.223350898873222015e+01 -4.193803705934436721e+01
-9.584635014791762941e+00 -9.517126071200641135e+00 -3.999384704843065208e+01
-5.345123148921128831e+00 -1.461739014078357002e+01 -3.658048454789361159e+01
-3.212808295795792635e+00 -9.112804180943021137e+00 -4.673727556334007005e+01
-1.992158142924493802e+01 -2.031863372523345479e+00 -2.581536459471020706e+01
-1.534797172386577380e+01 -6.037048241660637693e+00 -3.430139575945049302e+01
-2.015443961444584886e+01 -5.392161611062213034e+00 -2.335109642187615364e+01
-1.818321275949196902e+01 7.455617942703511580e-02 -3.108527640962382321e+01
-9.466656474017465683e+00 -1.823088706704642803e+01 -2.495680951915289825e+01
-1.193221127844402574e+01 -1.167246785858228897e+01 -3.430831675968208572e+01
-7.507912021420703574e+00 -1.652906385226001262e+01 -3.069742773704865257e+01
-1.325810183546826693e+01 -1.680097664952989334e+01 -2.301150012196622541e+01
-8.754553368923946977e+00 -1.313284509114023990e+01 -3.579354600575637591e+01
-3.688418405575561998e+00 -2.056316332818431736e+00 -5.158965142775005575e+01
-9.702203757364429748e+00 -6.164535847150503400e+00 -4.417419537516266814e+01
-3.431582004178070022e+00 -5.737113051874807468e+00 -4.989268494789445896e+01
-7.148100717341330679e+00 -1.244538046281763732e-02 -5.211232735268382754e+01
-6.524600489028418160e+00 -7.709470694914966060e+00 -4.611941173380918002e+01
-1.964324951958428755e+01 -1.206251754895927775e+01 -1.814126460643213790e+01
-1.534969144635325300e+01 -9.476186297566687955e+00 -3.106087591998003816e+01
-2.017620901950870405e+01 -8.905064734845032248e+00 -2.045253939515250252e+01
-1.659346106558096423e+01 -1.441758139799736860e+01 -2.060780987519684615e+01
-1.789460643123045358e+01 -7.561597528332702822e+00 -2.758930330762072813e+01
-1.454720167523187335e+01 -1.320752760149583338e+01 -2.769874811188093844e+01
-1.340177771801134732e+01 4.168865102752057794e+00 -4.083407785032556347e+01
-1.318774328222248293e+01 -3.983389030915307494e+00 -4.029752253581485633e+01
-1.592226785065950523e+01 2.198113021991383587e+00 -3.625075588636354240e+01
-1.038100060789643386e+01 2.285349239255090481e+00 -4.708367974325977201e+01
-1.576967537592341273e+01 -2.014880981100475754e+00 -3.596842454806612466e+01
-1.030723106640087749e+01 -2.159181930767661406e+00 -4.675280634896050458e+01
-2.405830584933065097e+01 3.443520422596203778e-02 1.652462527430679273e+01
-2.618193978779054731e+01 2.479642218888125985e-02 5.779091969134605655e+00
-2.353229858610381697e+01 -3.317352256664470644e+00 1.469989821487150650e+01
-2.454024925780452193e+01 3.501111938571324522e+00 1.507986990199882449e+01
-2.375958194727667205e+01 1.175948777251405869e-02 -1.615607886343087785e+01
-2.604099080774371444e+01 6.045660676029279007e-03 -5.558650910623669894e+00
-2.416966432889132221e+01 -3.438691421427207739e+00 -1.452268220377530916e+01
-2.487493540357574062e+01 3.553054677701868336e+00 -1.471111232543190539e+01
-2.357646364925383864e+01 -1.020489336643781897e+01 9.526192572864754737e+00
-2.608356926319483549e+01 -3.497338514304563883e+00 3.483650781953539610e+00
-2.354830452083562520e+01 -6.769955979809618718e+00 1.207304458002807479e+01
-2.469820159379941416e+01 -1.080558922796481092e+01 3.163039206120424218e+00
-2.523092373724528770e+01 -3.449012350138379812e+00 9.181369754228695612e+00
-2.423060686711682621e+01 1.053110489339475286e+01 9.823167495289791162e+00
-2.656824454615457398e+01 3.588156707311530358e+00 3.464793433293797520e+00
-2.443549988055356437e+01 7.037278991614040358e+00 1.241983954601930762e+01
-2.504296345717680339e+01 1.099498703035509983e+01 3.446409510026009482e+00
-2.579244507431592481e+01 3.540965242155510673e+00 9.198284922020834031e+00
-2.424108892600498066e+01 -1.050409351749185305e+01 -9.882922030145509851e+00
-2.622183496452458584e+01 -3.528370186478937409e+00 -3.469379941451112170e+00
-2.456388778247886151e+01 -7.089065989766453413e+00 -1.221927172235613135e+01
-2.490504346633155208e+01 -1.090306906161919720e+01 -3.584155321380281034e+00
-2.558272960358915071e+01 -3.508675827142003101e+00 -9.175563715028964396e+00
-2.574841586172734509e+01 -7.110707179634496278e+00 -1.143972007271812502e-01
-2.423759379523200153e+01 1.047489254147238569e+01 -9.750181428705200659e+00
-2.660242536643836431e+01 3.593331031059211256e+00 -3.402500489111201620e+00
-2.486557122348437687e+01 7.148024507707620323e+00 -1.228877919567529986e+01
-2.504221742845103194e+01 1.098086757477128295e+01 -3.344879406793274779e+00
-2.600901691378150105e+01 3.587055383232340855e+00 -9.093949381124781794e+00
-2.631819053183126300e+01 7.286407176653520779e+00 3.332094659412423304e-02
1.659337589775668675e+01 -2.110817815128073605e+01 3.323660145541237121e+00
2.069572035289824541e+01 -1.652417428124368826e+01 9.875474580300254601e+00
1.521722330332109685e+01 -2.110994940726632052e+01 8.642002736759966552e+00
2.313454566511693855e+01 -3.487893590284698142e+00 2.004516791235528572e+01
2.255097145175649231e+01 -1.025235010291474502e+01 1.525388747510660004e+01
1.185910480339774509e+01 -1.981336720637532167e+01 1.892512596963138805e+01
1.927996159173693513e+01 -1.635418209254874711e+01 1.533964363433708122e+01
1.355493584009643904e+01 -2.054897244342935281e+01 1.396741661734944095e+01
1.739765625484593414e+01 -1.879160059296408747e+01 1.209014521647050522e+01
1.647345770619045169e+01 2.103808021214216950e+01 3.604253469455552139e+00
2.030495858891767824e+01 1.627286984863257757e+01 9.898245030951922985e+00
1.540957712939511737e+01 2.137599171283011046e+01 8.956759136341133853e+00
2.384487606741895860e+01 3.568932898069753445e+00 2.020671521473045118e+01
2.260554387699105661e+01 1.022526407409727511e+01 1.534307564558771375e+01
1.189780161828142013e+01 2.000883061676825747e+01 1.906350590636406750e+01
1.878557389032353342e+01 1.600629514853911317e+01 1.520743646185838926e+01
1.385418800263376227e+01 2.107239105704841009e+01 1.422945519198207620e+01
1.747348982135112294e+01 1.899031593683404040e+01 1.225751863003663189e+01
3.322575392994201238e+00 1.222844726844198959e+01 4.209418279781365868e+01
9.691165823030626569e+00 9.439879313873184685e+00 4.001422082972349159e+01
5.553224268777738892e+00 1.482072566943835668e+01 3.731675794414707781e+01
3.220738141563184609e+00 8.743713190647229183e+00 4.559120289695272277e+01
2.142443726035318008e+01 2.206028619461981144e+00 2.693094458220112841e+01
1.588234918983426169e+01 6.064263932348069375e+00 3.474150488076454479e+01
2.153540105529467397e+01 5.718351716787087646e+00 2.440620010345297430e+01
9.659458388145742092e+00 1.851414780108958524e+01 2.577105983546713119e+01
1.214746781932580078e+01 1.173777226012194141e+01 3.453277447185486437e+01
7.734089864006751469e+00 1.694561903987040097e+01 3.163671897869268079e+01
1.332519497217404592e+01 1.690663754406468300e+01 2.362909286606852888e+01
9.019774104270647186e+00 1.339786867073689614e+01 3.662183618787837958e+01
3.116479008293248754e+00 2.235764634991939115e+00 4.887360623808961435e+01
9.536253613653471461e+00 5.857949556290291682e+00 4.354354663015872973e+01
3.311241330456990095e+00 5.470173552557991314e+00 4.815631886509809334e+01
6.463798899330238434e+00 7.364570604787428643e+00 4.519798490081947762e+01
2.005461560119147890e+01 1.228851785224062354e+01 1.831321886577217128e+01
1.575643644323316117e+01 9.547640251690173940e+00 3.126453856735845349e+01
2.098613921203002164e+01 9.217834955983834178e+00 2.106933351457378478e+01
1.685201389918606196e+01 1.461857694273153818e+01 2.073662754614916182e+01
1.867707434628781726e+01 7.732354170264795989e+00 2.828347032890319568e+01
1.472614452947834351e+01 1.331587242516951086e+01 2.804968597137545316e+01
3.329243053629779237e+00 -1.249917399109655669e+01 4.279047462886355646e+01
9.992386568407658487e+00 -9.684623919544259607e+00 4.105341083149015446e+01
5.512790772027368114e+00 -1.491423660536481854e+01 3.737464742711701149e+01
3.315748300777818347e+00 -9.108236926579124315e+00 4.775352190786088613e+01
2.125300564374826706e+01 -2.131543028394455419e+00 2.684802313555939790e+01
1.600729954854926618e+01 -6.103465669617934353e+00 3.505040009325606576e+01
2.133315423941340327e+01 -5.662476395350724445e+00 2.443750550867664373e+01
1.911492241941502712e+01 3.097678500637834204e-02 3.183077171916931647e+01
9.674698416425012937e+00 -1.849379803340842088e+01 2.568263409618221260e+01
1.233929742489232773e+01 -1.190999041469521202e+01 3.508100454939550872e+01
7.718912253238761956e+00 -1.689848456565923485e+01 3.158761929751058872e+01
1.357806315688246634e+01 -1.717206712515008959e+01 2.375592027826079544e+01
9.063770766772012877e+00 -1.345267377402177544e+01 3.674748406660545186e+01
3.234800333618098822e+00 -2.110809401285547615e+00 5.037085480923578018e+01
9.984781371492623236e+00 -6.029406683302200420e+00 4.459596742994676788e+01
3.414290652443703777e+00 -5.721343225549775369e+00 4.995626495975015757e+01
6.395302147461367603e+00 4.853009040403383212e-02 4.704736378405274877e+01
6.769443792880365685e+00 -7.631040514287705356e+00 4.710074624165810775e+01
2.032130518560527577e+01 -1.246207675267744541e+01 1.840230668126987368e+01
1.597575032621385560e+01 -9.714810641806522540e+00 3.193070936271546145e+01
2.089222092946350173e+01 -9.170987636449750013e+00 2.114027755938119313e+01
1.748127763445581806e+01 -1.518436955523154275e+01 2.119164321874248813e+01
1.869200847735442395e+01 -7.777371358203600593e+00 2.847938817718002724e+01
1.504093378709836948e+01 -1.358666833971308208e+01 2.852550151654513755e+01
1.314634786906529662e+01 3.793860647152420995e+00 3.982892593874141340e+01
1.341997699219433393e+01 -3.799392238264317712e+00 4.024954400974873892e+01
1.624673009090094311e+01 2.110735098610768468e+00 3.656787212219676775e+01
9.471819294676866008e+00 1.910951368807370265e+00 4.334845608692902630e+01
1.633151083312569440e+01 -2.062967548918380523e+00 3.666194296433664590e+01
9.997717061345040790e+00 -1.990668231866915105e+00 4.469562982804498574e+01
1.652622695693771249e+01 -2.107207844060109281e+01 -3.406375582995395668e+00
2.039228817610715083e+01 -1.636855976016064673e+01 -9.790601301034090653e+00
1.515291146518645959e+01 -2.101936141258882174e+01 -8.807933553535841398e+00
1.892164070320505331e+01 -1.914835194261592832e+01 2.638755888713748693e-02
2.303656408975753678e+01 -3.478885172768994227e+00 -1.953278157038625196e+01
2.245703296328675691e+01 -1.018784351713968839e+01 -1.509168639761090702e+01
1.185659655632915843e+01 -1.993587101373897852e+01 -1.918459961673561054e+01
1.899540756979218159e+01 -1.621410895234214777e+01 -1.519176091810245310e+01
1.350086379208498322e+01 -2.051889581915817118e+01 -1.411792239959404505e+01
1.714809396740276881e+01 -1.866447338049675864e+01 -1.206914604273600133e+01
2.326256646261085237e+01 -1.438585796937475614e+01 6.503872143926979987e+00
2.309170759544769425e+01 -1.430772249897701087e+01 -6.573684949780351339e+00
2.120381918920047326e+01 -1.683056638921231141e+01 3.416097852154380554e+00
2.107526152707093914e+01 -1.676394327536226214e+01 -3.325160104371047698e+00
1.626405573876012767e+01 2.071575783590290243e+01 -3.203681229052958823e+00
1.963489364574920160e+01 1.565642204878640342e+01 -9.610685286012383699e+00
1.477786509731250852e+01 2.052784433539498465e+01 -8.531775123143148676e+00
1.871138789483064713e+01 1.896827038237013241e+01 1.941844653630182271e-01
2.332447156258478671e+01 3.531767959625484732e+00 -1.985575062715354377e+01
2.222474480652466511e+01 1.009394262523647789e+01 -1.521975660095952243e+01
1.143518355319929825e+01 1.916000471980051501e+01 -1.864624452019382872e+01
1.792178740444828478e+01 1.523380877958406998e+01 -1.492572806057988011e+01
1.308992897921809018e+01 1.987863671518970676e+01 -1.384563751299322121e+01
1.656825291473766626e+01 1.792708740380659549e+01 -1.188302294791123082e+01
2.241792450038121132e+01 1.386777153576074717e+01 6.583698294947002871e+00
2.204479872574354715e+01 1.360360917112211432e+01 -6.417197772999697847e+00
2.075242390439785822e+01 1.650855221144366425e+01 3.561239530418939481e+00
2.062386201470499003e+01 1.638190449263648674e+01 -3.295756281654277142e+00
3.332366263143353713e+00 1.267627058594430878e+01 -4.322860586441954212e+01
9.979669648408467708e+00 9.655591579852449868e+00 -4.113492489621697956e+01
5.461880152008118827e+00 1.491614956629094735e+01 -3.750092664460510150e+01
3.386010608756051088e+00 9.426200215320728049e+00 -4.870401937676798809e+01
2.092780079417187622e+01 2.154357755353374593e+00 -2.655381016041157238e+01
1.588947002942756725e+01 6.033023069161932206e+00 -3.498194921203093344e+01
2.117950089626177146e+01 5.629314118442843906e+00 -2.434333875358369070e+01
9.409221698140552093e+00 1.818976056216514436e+01 -2.535239131704917881e+01
1.213329215468610123e+01 1.169356507931990130e+01 -3.484672709973963833e+01
7.564965133352884230e+00 1.675297312508003245e+01 -3.138096497203655844e+01
1.311072568984602604e+01 1.662044995679708492e+01 -2.335050429484982715e+01
8.953307032244737229e+00 1.337984134931003410e+01 -3.673592376224695499e+01
3.572013168586245513e+00 2.146523678530048329e+00 -5.222877112666164123e+01
1.003764970232758991e+01 6.049707736672250924e+00 -4.477664878968437279e+01
3.572979479292475613e+00 5.930273336702713394e+00 -5.282331180608834842e+01
6.936540555019279353e+00 7.789294040489071591e+00 -4.755448267493761705e+01
1.960213097568754748e+01 1.198620986416493217e+01 -1.820786164091187231e+01
1.573501332470142700e+01 9.481210960116657205e+00 -3.172295654376387120e+01
2.086630854841806482e+01 9.113547688071147235e+00 -2.115084471718494541e+01
1.655787732373756427e+01 1.435670315217698700e+01 -2.067062605909692152e+01
1.857380347905057860e+01 7.674821743757254566e+00 -2.843027076438369605e+01
1.452827736453980201e+01 1.310411939550283833e+01 -2.800988370919839454e+01
3.359536039219289005e+00 -1.228909615246856823e+01 -4.249141185793446596e+01
9.586047047461981663e+00 -9.478847928654376531e+00 -3.982567402223047992e+01
5.607684689439294878e+00 -1.498650990344646594e+01 -3.752801109365067589e+01
3.223446616778590457e+00 -8.661887987982913373e+00 -4.522877121185190674e+01
2.063347848552357888e+01 -2.134021068702927959e+00 -2.621137568003842944e+01
1.549294715975106485e+01 -6.044659846033387574e+00 -3.411051883449560052e+01
2.075785346788219954e+01 -5.548570653329321090e+00 -2.358799919785431953e+01
1.861560587765012187e+01 8.086475273359289284e-03 -3.134808900750491389e+01
9.889202709018530157e+00 -1.895247569685211531e+01 -2.593593139184158858e+01
1.215212863488556749e+01 -1.186809795156753111e+01 -3.454522748198479576e+01
7.869554477326833997e+00 -1.725409926163857577e+01 -3.180140268162173101e+01
1.361335239508794004e+01 -1.725094063915398124e+01 -2.370684833695118243e+01
9.044078482266115770e+00 -1.348575116734115475e+01 -3.660073071328856287e+01
3.419480157508193230e+00 -2.074643681844881904e+00 -4.947108446808682203e+01
9.383541977979655613e+00 -5.991514393746725453e+00 -4.347707413279511002e+01
3.146949153540689270e+00 -5.344242981639235168e+00 -4.681138703372629095e+01
6.941167614873847924e+00 -1.877740076425361282e-01 -4.908185018552691048e+01
6.283671612406577012e+00 -7.323356820233438924e+00 -4.427431146268762774e+01
2.040529719864838043e+01 -1.254759580920064010e+01 -1.843820944753541724e+01
1.576588605706610657e+01 -9.668982416739744679e+00 -3.123053960312006083e+01
2.045667409138169290e+01 -9.007816909324937171e+00 -2.057536480405877555e+01
1.739001322752671541e+01 -1.510350326468252646e+01 -2.089798823506313852e+01
1.835153912380716790e+01 -7.709506656628603238e+00 -2.768886758304235940e+01
1.495201856288796094e+01 -1.355519431462884050e+01 -2.812423332179682234e+01
1.337138414614180171e+01 3.838180809554654793e+00 -4.033171142945354859e+01
1.296331563010851440e+01 -3.854995439552944436e+00 -3.967383490183529915e+01
1.610300995111125033e+01 2.113840704049256392e+00 -3.640105052348113190e+01
1.018753867977267191e+01 1.913169979170330937e+00 -4.572400905605480403e+01
1.583864491710350464e+01 -2.039033273203520125e+00 -3.581953943061095913e+01
9.902759075957494161e+00 -2.051199058745636350e+00 -4.546447624749073668e+01
2.497888967359467571e+01 1.562403354339935053e-02 1.679531934514615799e+01
2.671772949422771859e+01 1.010537077087386194e-02 5.863384306576154614e+00
2.468303234907308408e+01 -3.510463079183020252e+00 1.516275633737103057e+01
2.545919916086765866e+01 3.621088691693168382e+00 1.532621343496452226e+01
2.472062268205728941e+01 2.131302366628456176e-03 -1.652924577997899647e+01
2.655542987596649240e+01 -1.297207249297487042e-02 -5.686727167298913699e+00
2.503729873951248663e+01 -3.552496907305461527e+00 -1.480647341684058027e+01
2.505960349402886678e+01 3.553628321697969383e+00 -1.501687151044015067e+01
2.421764023246572961e+01 -1.051827057740919003e+01 9.823704358581510476e+00
2.660500401958988803e+01 -3.583646022627660521e+00 3.453627490240386511e+00
2.442506952002337783e+01 -7.038886709156654042e+00 1.242833920373162293e+01
2.504929021292921476e+01 -1.099297112127546328e+01 3.452596814969799865e+00
2.580082317780705026e+01 -3.544619485637473311e+00 9.137541813277897162e+00
2.360585265608305150e+01 1.019960240161263165e+01 9.862157893309451140e+00
2.656891699207690394e+01 3.569056161831855256e+00 3.558340229751852934e+00
2.469880423855642704e+01 7.119427324034909077e+00 1.258469768662827448e+01
2.401576139434784096e+01 1.050712493899405509e+01 3.404131071221370153e+00
2.615930607463245394e+01 3.588716065959772550e+00 9.264150462447432233e+00
2.422896460104082905e+01 -1.046404268303914797e+01 -9.697049792828741133e+00
2.662555078962225963e+01 -3.582791276324672758e+00 -3.441118993822452676e+00
2.486513016955909450e+01 -7.142744863693860857e+00 -1.227110290862963815e+01
2.503707487775183083e+01 -1.096635553179850397e+01 -3.334156584137284440e+00
2.605963916931852609e+01 -3.578960293504655166e+00 -9.106489625272592647e+00
2.632574866243243861e+01 -7.280152836230152857e+00 5.756674480798289195e-02
2.343258855945054364e+01 1.015601555033358494e+01 -9.789415402218834217e+00
2.646661066048103450e+01 3.555054219973317942e+00 -3.360715403864682482e+00
2.444140428547914112e+01 7.037712073444174266e+00 -1.242336839528475956e+01
2.397343302337068138e+01 1.050332390459324294e+01 -3.400628095711180077e+00
2.584591912267009306e+01 3.536871312057454197e+00 -9.063258073728581721e+00
2.559257511231666626e+01 7.060243932126144095e+00 4.441700327962865708e-02
