-6.028931039150481341e-01 -9.977599987581625696e-01 -2.219773813601661708e-03
3.155122506287831585e-02 8.704897042285334452e-01 -1.143905680985439544e+00
9.485868595417974447e-01 5.451393407879404629e-01 9.925298978670070715e-01
-1.035862618127052492e+00 8.114808469247914990e-01 3.972753115776925803e-01
-1.058886172946517990e+00 2.018966273335735251e-01 2.688464685364237439e-01
8.748525224624156271e-01 3.416262660830039488e-01 1.015627754000025806e+00
4.979275191355255759e-01 9.950752133036590008e-01 -3.405010639859765709e-01
-6.421920153249142116e-01 5.555494728420822259e-01 6.821457514070863315e-01
-1.293376664140579169e-01 3.339866524245080348e-01 7.663617567078179205e-01
-1.830817848758448774e+00 -1.608485940980658446e+00 -8.816305681827631968e-01
2.778787672971143152e+00 6.911217146100963049e-01 -2.053326204822227552e-01
-2.168448587071744316e-01 -7.804347699780126435e-01 -6.261408875195731971e-01
-8.053293298157970792e-01 4.923142657553091772e-01 1.478405936418281996e+00
-9.636947723553274114e-01 -6.939331979219811597e-01 -1.445747773247813672e+00
-1.990988541800518818e-01 1.487205101775861182e+00 -9.291936362626021517e-02
7.028119131752692539e-01 4.455435778829264920e-02 -6.173848160926522777e-01
1.436021499649707822e+00 8.715313612279064204e-01 9.933584320633507270e-01
5.416179435937574782e-01 9.680042587627629702e-01 6.282466751583377640e-01
-9.709612290375726484e-01 -3.177746474563849510e-01 -1.364828412362955490e+00
-7.863423454740285923e-01 5.462097277786950311e-01 1.027660301125458586e+00
2.632524008227446824e-02 8.287665260157923708e-01 1.263996060816954925e+00
2.418065664477004051e-01 1.178396929885788591e+00 1.077204922053197622e+00
5.366089803102231937e-01 1.944323699955292417e+00 -1.957162926761676913e-01
1.201570772524474112e-01 1.885416040152750883e-01 8.534211219990294195e-01
-2.146303547755129271e-01 -4.431775385500253406e-01 -4.272315032200424967e-01
5.048745237663708751e-01 -2.926034341408046413e-01 -1.556945372585960552e-01
-9.891586434641976844e-01 2.398204183910418674e+00 4.802004414565321788e-01
1.548447975270581090e+00 1.085303106516856131e+00 4.117250561767104022e-01
-2.382161612316518740e-01 -5.892912295645986731e-01 1.129863834822502078e+00
4.841525612335550455e-01 -1.430954879638456578e+00 1.740942824984439641e+00
-1.190351753290693204e-01 -9.375148416880703106e-01 5.522360027058972332e-01
-1.493397834376842370e+00 1.392080651761430365e+00 -6.350689264699340697e-01
1.433172430746966208e+00 8.377897280973450878e-01 -2.052991744969141427e-02
-5.169834385465148507e-01 -3.357212802236314020e-01 2.276144668562098683e-01
-4.945995508336327173e-01 -1.523410750034991601e+00 6.009908484761783409e-02
-3.606734457173505631e-02 1.023939233053999809e+00 8.381610525697326119e-01
2.138096575533432742e-01 -1.122490706080655487e-01 -1.424520256008034558e+00
2.061259710201591488e+00 -2.162267111354545079e+00 -1.324774038429858136e-01
-1.499188305721965042e+00 1.667568377023482151e+00 -3.839349617016092897e-01
1.686083221686550226e+00 3.480612610118544725e-01 5.255616229889364249e-02
-1.857000822304018195e+00 4.750677597738772184e-01 1.553149077634565556e+00
6.067000545191962857e-01 8.839701927075459542e-01 3.532544719137060141e-01
-3.372760690438321718e-01 7.368502036465525151e-01 -9.885898840155430412e-01
-2.219153550259607699e-01 2.939845907202775499e-01 -1.456817939300665277e+00
6.581634455818955454e-01 6.887615213212464060e-02 -1.083698638053662622e+00
-5.825140067503836727e-01 3.868126754380200594e-01 1.117284657914126456e+00
2.411382382250612799e-01 -2.744535661619547096e-01 3.106132656967018346e-01
1.738878013089699470e+00 -8.104482631010505311e-02 1.248571301533961009e+00
2.108714008313969046e+00 -1.553222011910864842e+00 9.157689137775036278e-03
2.585908209685355841e-01 4.646985149955147887e-01 3.915155850059511833e-01
-6.004370322774808810e-02 -7.186180229152159260e-01 1.723511439935173847e-02
-4.627326918816077050e-01 -8.030411341923461288e-01 -3.550348924219853264e-01
1.996774485016531708e-01 7.677239014055190491e-01 7.017902487581487714e-01
6.800544633693815788e-01 1.656904524608784623e-01 1.944590214711498510e-01
-1.185235883771668330e+00 1.770931998629045268e+00 -1.937648531978866773e+00
1.704256408901209774e+00 -1.240934602368818918e-01 7.493336762683577845e-01
-1.132985107129857782e+00 -8.834617770549351226e-03 8.196851912220007308e-02
8.731320092637279151e-01 -1.241808082089920079e-01 -1.356762140827324270e+00
1.245577898848710507e+00 2.725075229942914845e-01 5.165251909785688322e-02
-3.121584173259082662e-01 -2.129597712426180234e+00 1.856820040826786533e-01
-1.872644013632445148e+00 4.567985804200158095e-01 -3.416917765278351116e-01
1.022702982312869713e-01 3.124559392081444065e-01 6.263986336431631718e-01
-1.136137730776698662e+00 -2.321579397034312819e+00 1.000468249868481818e+00
8.318343560493058897e-01 -1.157134453936900842e+00 -4.171920095487971492e-02
-6.257103169545169541e-01 -6.411526589931977327e-01 -4.593276997649778370e-01
-7.685006659420370312e-01 4.919217297437971648e-01 -5.736479546569965837e-01
-6.127835947382811455e-01 -3.172667244660676844e-01 -2.534550005039589715e-01
-1.507514753038835531e+00 1.046524688518281065e+00 1.954756761074305238e-01
4.072991777368871191e-01 -1.000883950549595891e-01 -4.911802158674236640e-01
1.432207039691191897e+00 -7.383589272216192212e-01 3.637180540768646386e-01
-1.350938802073395228e+00 1.569312735355470112e+00 3.941257186107635091e-01
-4.899608301638371799e-01 -1.449015607281627094e-01 -1.109067851296897667e+00
1.183641443014075811e+00 -1.190272834494049858e+00 -9.068581204012016173e-01
-1.120857510373847621e+00 4.901871536497078297e-01 1.755995744451905871e-01
1.573923921836929696e-01 -1.501567006835187179e+00 3.327770523715524731e-01
1.634367003857121192e+00 2.346865865360500958e-01 1.384162464007947513e-01
3.461645123189341366e-01 -1.809230074555530088e+00 -6.971982657105769976e-02
1.578027691694841694e+00 -5.933898851414681763e-01 -9.875036524850590303e-02
1.208309288312927610e+00 8.781520537230579349e-01 1.656065882693203428e-01
-2.359343745930285452e-01 1.579927434470400405e+00 1.106681625882817377e+00
-4.034882570153153769e-01 -5.950844259083307719e-01 7.130945380092629238e-01
1.567600605685364634e+00 -9.642994902473241980e-01 -5.516580909495684137e-01
-4.554247339574313269e-01 1.901248535766655090e+00 6.367564481521675868e-01
3.221974979981885312e-01 1.347198098948847012e+00 5.533272411656966483e-01
-2.147934348611464095e-01 -8.681538197521349032e-01 -3.620665466144243894e-01
-6.865569710560972538e-01 6.725188527315840714e-01 -1.265127607622610340e-01
-7.814251958248104313e-02 1.212083235025993994e-01 1.438919006111840648e-01
-1.055483340124433733e-01 -8.748796003447770753e-01 -5.030143437479002166e-01
-5.725724990596922082e-01 1.156349987065288243e+00 -4.274659077250513861e-01
1.992832678898583398e-01 1.302998457348138739e-01 -8.027175404683570270e-02
5.908798548228705316e-01 -2.870343415057291514e-01 1.093106636077832317e+00
3.197336655078402146e-01 -1.885892993392285000e+00 -1.065551050399717870e+00
-1.237475007198513222e+00 1.728251521417183134e-01 -3.389429019799736764e-01
-4.708203274557283269e-01 -1.503942544159311945e+00 1.005996685285513170e-01
-6.999373670501600753e-01 -3.971577996643603226e-01 -1.529965787122222087e+00
1.176491239867421212e+00 1.242953084686787113e+00 1.541962933293430371e+00
4.078631789398785013e-01 -1.002392743555778232e+00 -1.414575641470628975e+00
-1.246138482781036450e+00 8.396781409179957523e-01 1.549377067300054867e+00
-1.783297828808422525e-01 5.482950182410696316e-01 -8.688820192127258979e-01
2.375972131663471654e+00 9.189782526812640961e-01 -1.421304979436875671e-01
-7.976322511859154085e-01 5.942379664844513742e-01 -3.284116879877020390e-01
-1.874240384682790639e+00 -1.154638813050572033e+00 7.818271873097691893e-01
2.716224020204714984e-01 -9.021603224670329824e-02 5.846594526986466089e-01
-3.278814974072299937e-01 2.063707011038135253e+00 -1.194697232714536927e-01
-1.371982292048472551e+00 -1.309199005574005259e+00 5.631063752391087807e-01
9.196472038655474357e-01 -1.910306145700845781e-01 -1.999358159548594083e+00
-1.960435512510913858e+00 9.393960994090236882e-01 8.004700163915881017e-01
3.722845951424915700e-01 3.329071908763754917e-01 -1.076195106870855955e+00
-5.825611489294042489e-01 1.012577985615171983e+00 9.762871311600805901e-01
-1.006831036192111117e+00 -8.538218984294586589e-01 -9.970144443397777057e-01
-1.186348173045592702e+00 3.702922777861390458e-01 -4.965213321473356811e-01
6.286380365765155132e-01 -1.099098706885263677e-01 6.940049598705113620e-01
9.917751419015635728e-01 -1.047674531132923859e+00 6.993893289282873127e-01
-8.987957749459896117e-01 -6.225411022294856656e-01 -4.848467356836440034e-01
3.047664552662068815e-01 3.652764081986573097e-01 1.691698066549928825e+00
-6.972922386680777684e-01 -1.797670451254773372e-01 -6.359624076985857799e-02
3.165961006624871676e-01 -3.366632824883246111e-01 -4.013889189855046058e-01
8.149025965357886703e-01 1.540130726383949433e+00 -2.335515954784620207e-01
-1.408926911180090391e+00 9.804035908373184838e-02 -4.035553245306962578e-01
3.815991794199122267e-01 1.491119372792905295e+00 9.560488793189325651e-01
-2.110449953683667113e-01 -8.910810793173479238e-01 -4.063098692277090085e-01
-1.870817149438812887e-01 -5.957048560441021712e-01 8.728574648217619636e-01
7.195983265148564456e-01 -1.203855759919598700e+00 -6.554728679952879222e-01
-6.225799476039087926e-02 -6.879065615886179597e-01 3.001331574616097550e-02
7.241020052441575761e-01 -1.605745398948734692e+00 -8.699996391291108244e-01
-1.050909828454372086e+00 -2.204501490580480956e-03 3.150723083580016848e+00
9.788753845059914305e-01 5.050349454953981798e-01 5.643763787188011555e-02
1.075107504268370873e+00 -1.439966330941725159e-01 1.031861433284080087e+00
-1.510346197401395418e-01 3.930325350315181376e-01 1.441231823072974150e+00
-2.282073920016655932e-01 -1.129720094676680775e+00 -3.378564199237959476e-01
8.770279403433857146e-01 -7.582970492844979260e-01 -3.003565795521003223e-01
-2.406057725722935692e-01 -1.017273499190907371e+00 2.250635197183394054e-01
-2.221875633921830406e-01 -1.546946698280695420e+00 7.767330692270908443e-01
-4.855036337817276726e-01 -2.177417835285869185e-01 6.149438780066661669e-01
2.418826170752673144e-01 2.568597986559381097e-01 -2.648409059678270006e-01
8.548200628708825244e-01 -7.937660627695948268e-01 -3.395837463264370082e-01
1.798486584066105176e-01 -1.675063541990081006e+00 2.060125022719903887e-01
2.930554222646651330e-01 5.065943583665397654e-01 5.232649813139349515e-01
-1.903771012678649177e-01 -5.207845378379966084e-01 2.344999331387507546e-01
7.654412619704118459e-01 -1.952332202963690255e-01 -1.557854647367723055e+00
8.066627303206376498e-02 3.705828191145649764e-01 -7.968670510685529340e-01
-1.044905296974959485e+00 -4.912633296791604764e-01 2.944940418722727937e+00
2.622454425574685666e-01 5.649020947119808289e-01 1.573257274292885477e-01
-7.187329254465537609e-01 8.608353597571692939e-01 5.549970374079133961e-01
-1.195451173859939820e+00 6.645241582724047413e-01 -7.031827776582355582e-01
4.540879438194951878e-01 1.033347811386397419e+00 1.123955194232236110e+00
-5.247289671872505945e-01 1.350189150727554521e+00 6.018563758496081606e-01
-2.277759688436594931e+00 -9.896809767838873340e-01 8.961035905703884641e-01
-1.174234507877333522e+00 4.218182592633956118e-01 5.277619184286417298e-01
1.354342684491278703e+00 -1.466727509694174814e-01 -9.879427251775826924e-02
-1.622108915624787429e+00 -4.007834734974347057e-01 4.207648915649827570e-01
2.348182262835640799e-01 4.212659906859607672e-01 -5.420703452215169804e-01
-1.597093226107754838e+00 3.731634274524864847e-01 1.011772766946630542e+00
5.257138661353099041e-01 7.711058992151893499e-01 -4.412632015104720473e-01
-1.792618902977093587e+00 -1.220046323477046224e+00 -1.175608627627453551e+00
4.592752619347785226e-01 1.888925538877604948e-01 1.148788614838106348e+00
-9.749097954658783594e-02 1.973913105406074564e+00 1.541022231832966105e-01
1.644659011101808455e+00 7.558461575880703887e-01 -7.018041497491113168e-01
-2.453482728244421318e-01 -2.227668148447949026e+00 -1.226098114334870148e+00
2.106141237734545091e-01 -9.744106423167757380e-02 -2.245454186323482815e-01
2.232219869582813487e+00 -5.018499840008613377e-01 2.858779523870428330e-01
-3.255214163804038829e-01 -8.781165750604427167e-01 8.417230352597301901e-02
-6.514237865560200680e-01 -2.042780861758591859e-01 -7.346232327163235154e-02
-1.710085020743814299e+00 1.216892980937061219e+00 -1.980559167840911794e-01
9.872367825667989205e-01 -1.050018412979538018e+00 2.650279977621252669e-01
5.606151395391149178e-02 1.690581209644296479e+00 3.008997582671066873e-01
-1.127655276585484811e+00 -3.783103322881520847e-01 -6.856924642935023628e-02
1.608990018301727831e+00 -1.314513363950765568e-01 -2.903242691195502823e-01
3.760080812059004018e-01 2.726101957247951124e-01 4.482311788682156739e-01
2.874510285215676197e-01 -1.339684323322077875e+00 1.685997645844092008e-01
8.638361521381840991e-01 1.067654426050625327e+00 -7.909263055366326511e-02
1.619067965791640251e+00 -3.823219350549360018e-01 -2.052248663617204372e+00
1.278644969888109051e+00 4.594966026123480929e-01 -7.136427929509056578e-02
1.927153818788021500e+00 7.886850081154291037e-02 1.365785904836539277e+00
8.526791774738289309e-01 3.004863170272983885e-01 -3.242463402273806916e-02
-9.615013973703842032e-01 4.397078484379094987e-01 -1.152953518704428415e+00
6.576754191649495374e-01 -1.317829291553180848e+00 3.500235742673822870e-01
1.075454520348386067e+00 1.359365501854651992e+00 9.096794716420012472e-01
-4.595245597324357223e-01 -1.218175128667041557e-01 -6.276378531510172776e-01
2.503300012748463366e-01 7.476968966447709031e-01 8.749479514357689780e-01
-9.592496424422032320e-01 1.129208467223300483e+00 -8.645807968389428444e-01
3.096728656252505929e-01 7.160534184797033852e-01 -6.352306422065494562e-01
4.532537549163878632e-01 -2.282784067877392797e-01 -5.549844668594078323e-01
6.078527197790719594e-01 -6.032536607702585485e-01 -8.518765736350242257e-02
1.159540079688746284e+00 3.939758547823526968e-01 4.018452397178262636e-01
6.557780854081329824e-01 -7.818160672336453842e-01 2.954368964097008332e-01
-6.009697469276624737e-01 2.077322438039499453e-01 9.685327387737954208e-01
1.087955233986967141e+00 -4.437405586230839805e-01 -1.604152409655175138e+00
2.282910970686428953e-02 -1.653392357202407181e+00 1.761249510056575041e-01
-4.046941699226396794e-01 7.512303883174412111e-02 -1.394886836385533790e+00
-7.576056895903700017e-01 5.316842558641772243e-01 -2.138422579866358642e-01
1.952998509784852565e+00 5.789741471744365153e-01 -7.643160858974271665e-01
-8.299309008472612048e-02 1.569018066977097670e+00 1.584554061816423998e+00
-6.080500190488452583e-02 1.234713346988217664e+00 7.006941756643274566e-01
-1.036716786078673680e+00 -8.205367822162517033e-01 8.916305151358193681e-01
3.288872097314795018e-01 5.673339127114593872e-01 -9.553529989016635859e-01
5.511337772394735435e-01 -7.055329338547080553e-01 2.059677228338431032e+00
8.750535480941140642e-01 4.966193246952159412e-02 -4.686624822282453584e-01
3.257012866894509195e-01 -8.601215739905904156e-01 1.252574291450041066e+00
1.226688500758313261e+00 7.621256298562262277e-02 1.693614299114342137e+00
-4.417454582814034358e-02 -6.519773149748213648e-01 1.363676171591984732e+00
9.970431355490007030e-01 8.758241146966887491e-01 8.056664956040758829e-01
-8.573718454344875228e-01 3.152545499932425388e-01 1.689594945855935171e+00
2.333721685667267953e-01 -1.421561900100131726e-01 -1.422633858827301312e+00
-9.871335567998904548e-01 -7.496306941691768255e-01 -1.175259883683243300e+00
5.314193694567107551e-01 1.032396969568688760e+00 -1.411374004623510148e-01
4.991124955347122638e-01 -1.927272554681697558e+00 2.501502355978559300e-01
3.129366222246027784e-01 1.084992136421561337e+00 1.236047401052073003e+00
-9.922159172714760667e-01 6.412082075392351310e-01 -6.518052341650235615e-01
7.542304710296080517e-01 1.792123703516996236e-01 -6.282007342934545213e-02
4.942661900415715875e-02 -4.412670901186186434e+00 4.121610988675180054e-01
6.610996303181706502e-01 -2.108946919399617759e+00 1.481580315885832055e+00
1.555398499049861050e+00 1.122032096070721546e-01 -1.204284793067053272e+00
4.722032961462707679e-01 3.923689190630159224e-02 -4.816976104935513647e-01
-6.310287333698130219e-01 -2.805765088014658404e-02 1.972684968222649715e+00
3.878009090953671301e-01 2.571126188970756399e+00 -1.675078352747538801e-01
-4.604629388438600812e-01 6.872603772363963248e-01 6.766459516230688420e-01
1.212529981108690480e+00 1.123714519901095832e+00 9.595542328535165699e-02
-2.336575848842808445e-01 8.705966228748808211e-01 2.391889346671324468e+00
-1.687634004276153954e+00 5.392900968960283592e-01 -7.559333471359919177e-02
-1.221056035422568575e+00 1.819288171982168523e-01 -3.871391842502613367e-01
-1.177445783200129270e+00 6.522415118998247108e-01 -2.355637602402826380e-01
-1.081581301664954697e+00 1.155729881325596731e-01 7.837142433285135823e-01
-6.178415318815971835e-01 2.625233937983221799e-01 3.477300937827301763e-01
2.546141576455970279e-01 9.923068153630194566e-01 -1.355978701910644846e+00
1.141528690002926227e+00 -5.038972508343600998e-01 9.322348670727665931e-01
-9.348882711118627897e-02 -2.728760632831166988e-01 -1.212955824984582598e-01
-6.415635977613076690e-01 3.868468825655913546e-01 1.398096702792800405e+00
1.614170409076636448e+00 9.994151682910140666e-01 -1.394368298781758775e-01
2.368241021393815426e-01 4.051081995462250118e-01 -3.859043730003316464e-01
6.084035312001095930e-01 -2.093875724844885822e-01 9.870517659759286966e-01
-4.630756542318215652e-01 -5.927197445127964093e-01 1.581459972400094394e-01
1.178422974377153265e+00 3.321255382355721153e-01 3.580760825250512425e-01
9.627562272260798970e-01 -8.424622223292610457e-01 -1.527356261458805209e+00
1.904998970302706346e-02 2.375627601962942148e-01 -1.090754590724001272e+00
5.807350396929312764e-01 7.330148389651123253e-01 1.077834672514296210e+00
1.734036140236534740e+00 3.795059318309783603e-01 -2.180374559594665751e+00
5.512418034343686823e-01 -3.501753646891982430e-01 1.896564843819403157e+00
1.510216387066230181e+00 -3.251350012054589067e-01 -3.219856514577067452e-01
1.628998637505590263e+00 -1.742890380109919923e-01 1.352059779536303630e+00
-1.331346108016579821e+00 -1.523154104042748314e+00 1.309447881402335589e+00
-7.282901395429957070e-01 1.629100173566442045e-01 6.733567031666740643e-01
-5.956740794130731542e-01 9.212217233695907392e-01 -1.551844689422090973e+00
3.014944204596435931e-02 8.958356457308593868e-01 1.526516206256313402e-01
2.627632632877808794e-01 1.527569475131610011e+00 -5.622087080972385520e-01
-1.478121715879670006e-01 -2.896708938072370954e-01 -1.369466830496811616e-01
-4.359708199423355524e-01 5.257832876975669922e-01 4.728582275185385167e-03
-1.731886353071766527e+00 -1.120163488719540190e+00 -1.100367085354299279e+00
-3.761518330374396535e-01 7.455397577038949675e-02 2.496922792682794434e-01
7.372234385944645974e-01 8.780846811089606518e-01 -7.911484939446871145e-01
-6.140881283522940937e-01 -1.248044709783808104e+00 1.139801514369604751e+00
-1.389437955760781662e+00 -1.313407629363288143e+00 1.486517285818904632e+00
-8.101972161217683155e-01 7.300220526926400888e-01 -5.983454033677776396e-01
-3.029107132633978017e-01 -2.787655519924103209e-01 6.056898787890561131e-01
1.345627409686402376e-01 6.390652408791108741e-01 1.666690767268533380e+00
9.328685787577104538e-01 -9.220360386988776247e-01 -4.641010968205568354e-01
5.214646018700047625e-02 1.314476796394241864e+00 -7.442164921112954801e-01
2.860361310720719308e-01 -1.239397795195968932e+00 -2.712542080163635183e-01
1.717055043615652199e+00 1.671382090258659803e+00 6.502330476601784204e-01
-3.219805617534565179e-01 -1.506458898984390782e-01 -1.436930601238527672e+00
-5.419611870173908219e-01 3.458002476978809248e-01 6.391325991877176704e-02
3.700202149491598619e-02 1.096808997932201324e+00 2.266657717221385315e-01
5.276013589066598231e-01 3.843877053462049775e-01 7.297690155831659808e-01
-1.290120929233763647e+00 1.055880752527365463e+00 2.634654912615385314e+00
-1.456876535347682022e+00 -6.862913156190171282e-01 -5.571367254989001427e-01
-2.033798596785270085e+00 4.891011342188216759e-01 6.924418073025796483e-01
-5.528261756669594629e-01 2.166261369785359991e-01 -8.255664910618737418e-01
8.753767446367444194e-01 -6.404747009855719098e-01 1.812460720054833579e-03
6.403829079526661694e-01 8.755088915339190869e-01 -1.097036622222554270e+00
-1.392839141878233544e+00 2.070640453999964770e+00 9.594783062219816583e-02
-7.204615262021053512e-01 -1.560085900940598180e-01 4.556599325504353537e-01
3.378499948048660495e-02 8.441716090045191939e-03 -1.719283061822894476e+00
-8.964362856397193324e-01 1.407081799322541293e+00 -3.521630520289204536e-01
-8.384400603883160885e-01 1.434020462318503997e+00 1.401032640414880515e+00
-1.518441127631637265e-02 -4.675979589540968928e-01 -5.949166832120166282e-01
-5.149294873433951647e-01 -5.500580249152945411e-01 -9.700733928172299014e-02
5.204035766984649314e-01 1.564434387961761153e-01 1.353824016665808649e+00
-2.294514280874289380e-01 -4.752308007674760360e-02 -1.118159713073038519e+00
1.272587536941428343e+00 8.655125258751830142e-01 1.149354741027967641e+00
8.745686681121284112e-01 1.220260095271606282e+00 1.027932778899492750e+00
-7.264626582805676636e-01 2.303573182179890211e-01 6.451862739597287177e-01
-1.088928715343439491e+00 -8.788425654403843046e-01 -3.254632343895892399e-01
-1.529947552937394928e+00 -1.377576184963006822e+00 1.906312594034164087e-01
-1.359199413770711094e-02 6.616011813906529371e-01 1.372878769345234007e+00
2.783401905173108482e-01 1.227501591840155282e+00 -3.815788428494222839e-01
1.165793828736147786e+00 -1.488773880630058555e+00 -1.397255272904980528e+00
2.243604930411921217e+00 -5.542685277756698170e-01 -2.014879163693384378e-01
-1.105867232391160915e+00 1.253559488905729102e+00 -2.075286025710807170e-01
-2.363427766666412466e-01 1.352069742186875700e+00 4.884441074667873472e-01
1.383074774516148131e-01 1.874187867678959618e+00 1.214075082204538081e+00
7.119743574940149422e-01 1.954848624925119793e+00 -6.035164355956007531e-01
7.010315016751993422e-01 -2.049413640828014138e+00 -9.563735314097631113e-01
-6.846076343480753668e-01 1.537359411888888916e-01 4.766521582240849098e-01
-1.019220459924244926e+00 3.525808833196272252e-01 -6.227365530098637469e-01
1.425973577113078150e+00 2.194115258236608579e-01 1.019793141254212721e+00
-1.001051540933995121e-01 7.039270057046437268e-01 4.256492920917898659e-01
-6.596237495794048389e-01 1.124626208042894371e+00 -4.492318771699029684e-02
8.477705471357060985e-01 1.707876699988756464e+00 7.595952157255440040e-01
5.594068770705630245e-01 7.427151428892894147e-01 1.149102848779003094e-02
9.819097866431117927e-01 3.873114361620823565e-01 -4.915343822270379359e-01
-9.816097015561853212e-01 -2.947332842102190487e-02 1.507494921585802727e-01
4.813363646801723482e-03 -8.714180826806591229e-01 -2.088558008444289793e-01
1.664097196942604384e+00 2.841285192243850344e-01 7.874558496860000201e-01
1.649058488453072568e+00 7.695860626864516885e-01 -4.100507891601530286e-01
6.546008815381998414e-01 -1.084894593393121331e+00 1.047794382200758267e+00
3.879871509831062659e-01 4.164624889489497161e-01 -1.003266824717458539e+00
4.221121783354101487e-01 3.997282096368251492e-01 7.057262987753399885e-01
-1.021398842984545752e+00 -8.770134661163205836e-01 1.778306861743899736e+00
-2.798118573813653809e-01 -8.098012073126726884e-01 -1.445753445529004644e+00
3.411189205874521901e-01 1.287833276446920472e+00 -1.120335132760446717e+00
5.385045925690546964e-01 1.254260919812248298e+00 5.169733882226800609e-02
-9.751740806875126566e-01 2.259273122895405148e-02 -5.736075758010246162e-01
1.618378948697864195e-01 1.490685907937483456e-02 8.378552667271353671e-02
1.203052552195287506e+00 1.044177435505867058e+00 3.002710757893260474e-01
-5.235496642673809209e-01 -5.923895069487962184e-01 2.470807066116566253e-01
2.025513875363042171e+00 -2.875263102812211646e-01 -1.071093946485437209e+00
3.070173027911656582e+00 -3.626456888905740250e-01 -6.088327590636890552e-01
8.449416870948797120e-01 -4.385328292592944321e-01 9.118098553023372688e-01
-8.809419531428196448e-01 1.736237705388780528e+00 8.659925687533229777e-01
-4.415116419922615054e-01 -4.493906085028056552e-01 -4.807217723065790316e-01
-1.175776415061648095e+00 1.444101707733946027e-01 -3.123526110991716731e-01
-5.878738003950479962e-01 -7.822817722625117209e-01 5.431670470320550947e-01
-1.220748591988751297e+00 -4.547725251124150048e-01 1.870855378993896978e-01
-1.226538329066220179e+00 -1.720714974292034904e+00 -2.709345634683454906e-01
-5.107779500951089569e-01 2.124118414106836994e+00 1.493706123705509814e+00
-3.967675233833708841e-03 -5.562419062717902096e-02 -5.383679114929710297e-01
1.373101796997327373e+00 -1.366512770793095299e+00 -1.291061221707096029e+00
-1.580796519774729444e-02 -6.997812758980371806e-01 -7.799792953867475953e-01
4.942794377160178998e-01 4.581493259349584957e-01 2.793395601702112874e+00
-1.980336517299278842e+00 -1.066472431456703562e+00 -1.610464643076182922e-01
5.669872109619603640e-01 -2.714419530070081965e+00 -3.494548212877701676e-01
-6.075895572861565730e-02 -1.037889992091220348e+00 9.187048475462401553e-01
6.081803853283243022e-01 -6.379423321209946041e-01 -2.919756064388571160e-01
6.092564472265076247e-01 1.033547909040267054e+00 5.722420309603007960e-01
-1.874640483725275586e-01 3.770416378040787331e-01 5.784893776753604611e-01
1.035737744028733864e+00 8.778841116682754020e-01 -4.484606850289531987e-01
-2.503987566333749082e-01 1.582435286905438110e+00 -7.485310806278179241e-01
-7.012269707589997847e-02 1.726137742404451336e-01 -8.041848075124704565e-01
4.701239029735994335e-02 8.401786996792343087e-01 -1.553367895494391249e+00
5.906134259777701817e-02 1.074908638432688496e-01 6.029346672370266003e-01
-1.378096445663501868e+00 1.664975480424468746e-02 -6.445925986814787789e-01
1.742945133656657708e+00 4.160408528266700268e-01 2.568621067508530809e-01
7.272518435892771915e-01 -8.560751965117516793e-01 -9.824271098855413831e-01
4.294014617694779656e-01 2.270222506214884639e+00 -1.438023922590708326e+00
7.567998981156237592e-01 1.159863726439976483e+00 6.431720706059763648e-01
2.315803496158217178e-01 2.275579960030665039e-01 -8.164625429533514112e-01
-1.184681987164003969e+00 -1.027586710371744649e+00 -4.359678524231027086e-01
-3.818522522756814808e-01 1.982695192984656130e+00 -1.267048574288893059e+00
3.802915956314724677e-01 1.072673733561803733e+00 5.911785836138369055e-01
-5.028252552186091018e-01 8.055542678189332451e-01 6.141476624719693911e-01
4.088385126864602648e-01 1.956474659997851306e+00 -6.063193951856905572e-01
-1.394400445346123618e+00 -1.347005403515250110e+00 1.922972275816456245e+00
1.111288548481645932e+00 4.657324768852857400e-01 -1.914862651886549416e-01
-2.732748694890544394e-01 -1.132644112713016682e+00 -1.993691005777403213e-01
-1.188011817404518000e+00 2.236301127146913814e-01 -1.064654231859470945e+00
-2.375935896271367476e+00 6.217999073324583792e-01 6.837567739112899723e-01
-5.233475016476391017e-01 -1.071930259493886206e+00 4.987949421376891568e-01
-1.042275973663246535e+00 2.465446113813485607e-01 4.425441906866490749e-01
-7.130167012451906761e-01 4.839694055701164177e-01 4.674770404578778571e-01
5.024756366503124738e-01 2.414250472341814280e-01 4.057977191145832330e-01
8.908720427043713697e-01 2.001506211137549784e-01 -3.549666722915559292e-01
6.804010397257042042e-01 -1.692624845972723335e+00 -8.436058708855361313e-03
-2.782432027425025822e-01 -4.880215598963605350e-01 -5.329854892766802132e-01
5.723908229976594209e-01 -1.034834837378498573e+00 1.293156601174426878e+00
-7.073055671977849200e-03 3.578577066642993909e-01 -1.027613419872171585e+00
4.704445753539417407e-01 3.034254156397607205e-01 1.075740237144941380e+00
-1.159720207084807608e+00 -7.785119574058111391e-01 5.726499712368600115e-01
-8.890479593573348271e-01 -3.082638673136151031e-01 -5.746620886225415337e-01
-2.602575988409048247e-01 1.074382335421458112e+00 1.439224989233939933e+00
-3.464247506045055602e-01 -1.082434187893216021e-01 -2.882365217294226012e-01
9.222549984893177455e-02 -3.201406570295937559e+00 -4.643194437283449383e-01
3.011602144638310108e-01 6.457015203547713522e-01 -2.167858441171261197e-01
-2.464611875324288215e-01 4.148793979093655382e-02 1.534651870647143479e+00
-4.239964525563745812e-01 -2.771177839673720555e+00 -1.263609552424387106e+00
1.525370378824896012e+00 1.165676420650385570e+00 -5.159462554312732596e-01
8.823553964334041044e-01 8.631657840065259935e-01 2.174780027937113780e-01
1.518960097045660151e-01 8.850317778579444572e-02 2.101782748570594439e+00
9.859481522770566775e-01 -4.378140829224634323e-01 1.921083257920871701e-01
-4.458188740320179200e-01 7.763069606179316684e-02 9.710602428360859406e-02
-9.638811213942751754e-01 4.929629439161720139e-01 -4.644023311140534349e-01
-1.347143956827685063e+00 -2.297386871998398916e-01 -1.185149080005390432e-01
-2.698662661657960649e-01 5.230023916188795974e-02 -3.942598632311982709e-01
-7.104113158590485977e-01 8.969122907658008126e-01 -2.643011239143833624e+00
1.091869691955781596e-01 -2.587577989164223435e+00 5.205447678351595719e-01
8.813361024253202336e-01 3.528568244038628454e-01 -9.248538692973163888e-01
1.320385045006722935e+00 -5.758989842314643504e-01 3.496961904607590599e-01
1.242681809835527229e+00 1.428401208520131638e+00 1.919731744018224662e+00
1.127974341769712119e+00 8.620884794757045777e-02 2.394785396865730664e-01
2.566103889259583326e-01 3.922887837918391796e-01 -4.752181103409598983e-01
-8.318893023260298669e-01 6.286083468351314485e-01 -1.594038888728474435e+00
1.284396550533755677e-01 2.983208220391684873e-01 -1.633961962321159200e+00
6.781816397271989150e-02 5.853649510801489653e-01 9.648842143971412266e-01
1.818998367569468977e+00 -7.747528589666656529e-02 -1.374588516088814938e+00
1.633397755976158328e+00 2.016183867311465705e-01 1.030624485482487085e+00
-1.345988078050796011e-01 2.014530482931104149e+00 1.550095205407607368e+00
6.171783648304282055e-01 4.410075614610937667e-01 -8.020296594017197744e-01
9.236732306654030222e-02 -1.747847350296962421e-01 -7.321908441859107386e-01
-5.541015620535711950e-01 1.876056719956288033e-01 9.032239877264599537e-01
2.524469768473998066e-01 1.268347189433484345e+00 -8.205017070867264006e-02
-6.725440931871776717e-01 7.242239243646267921e-01 -2.975664443068179454e-01
-6.745063563798347345e-03 -3.107553943943251462e-01 -1.922454379198301311e+00
3.154348643433724786e-01 2.013554589717021948e+00 -4.104427533699731012e-01
2.745914870104078087e-01 -1.214536939562800066e+00 5.776755175045885649e-01
-1.490748319143650802e+00 4.149319012473166868e-02 -5.721801978111138443e-01
2.306024900368540465e+00 -2.434816086552474279e-01 4.473030711982858842e-01
9.420449364342436960e-01 -8.877665100769328577e-01 -6.182584081631197215e-01
3.479704001833323068e-01 9.611282086805960079e-01 -1.418764666983840073e+00
3.075765657298575040e-02 -1.793245719012741990e+00 7.432806753036089731e-01
8.643569633792445028e-01 -2.015070688943439714e-01 -4.810289514033127545e-01
1.316031334113756834e+00 1.161176182009484137e+00 -1.632464959301181406e-01
1.273710208306785052e+00 9.854027854455614521e-02 -3.944676429757863062e-02
3.970822202363951531e-02 1.283202773072421310e-01 -2.972691772531497745e-01
4.633787737450038857e-02 7.507842921622088772e-01 6.967701277623987721e-01
-1.343943226877456487e+00 3.935707687636670893e-01 1.418633026335579528e+00
9.437326425210942338e-01 -9.211250523982593419e-02 -1.045999843747438041e+00
-7.674023034184764835e-01 8.645352216809059076e-01 -2.268079368090551551e+00
-1.577186389653096044e-01 8.332273591889958197e-01 -7.284788545108065172e-01
5.844396818456293330e-01 -1.196248935456943663e+00 -1.969004111171109850e+00
-1.158177172344044159e+00 -5.000150287120395109e-01 7.068176851288423546e-01
-7.551319561504100941e-02 -1.090863363999002633e+00 8.295903361528063069e-01
-8.594964660310656646e-01 4.567390025498139772e-01 -1.623667215906564043e-01
4.926521112970486116e-01 2.845336321173502769e-01 2.411870310065294287e+00
-3.606672360012265766e-01 1.505553937442390688e-01 5.799461546958741831e-01
-2.581932181839229345e-01 4.385205724816332862e-01 -1.146124775791375949e+00
4.561879033447974879e-02 -9.893607904665155939e-01 9.561523308162890311e-01
2.877136773132888514e+00 8.624688914022354824e-01 -1.285676900879909601e+00
-2.679863618348414245e-01 -1.674244522115452716e+00 1.039923117339363046e-01
-5.964819517076006550e-01 -3.725524056558848773e-01 1.166122679351401237e+00
7.942881647485570129e-01 -7.803661563308058116e-03 -3.033647518555467881e-01
4.560896260706805427e-01 -2.931535579583270934e-01 1.908320909531438181e+00
6.325638727204704881e-02 1.029625366418964738e+00 -1.348480942015377881e-01
-7.991949811708218832e-01 -1.097840672169936083e+00 -3.864761132751627914e-01
-1.034595340940853259e+00 3.771404896759536496e-01 2.447040050141260803e+00
9.987464324091610557e-01 -1.945027915397522733e+00 5.705653235879285523e-01
-4.143597242719377904e-01 3.037889218726964602e-01 1.067269072232232663e+00
6.239688246083343603e-01 -4.286918331947019434e-01 9.645319689689058062e-01
1.320638721752063871e+00 4.737593745805595002e-01 2.581341225979989495e-01
-1.725695986719707031e+00 -4.808708297497306661e-01 -7.136936095363546895e-02
-1.773490049375934519e-01 8.305574436973173214e-02 -2.531064918493387550e-01
1.392088030992082892e+00 -5.245273557692546884e-01 9.089509642200384043e-01
1.521938863755394999e+00 1.141946330102224572e+00 -4.305267084356942942e-01
4.779205122622974256e-01 -1.916250888809752695e+00 1.186185276400769206e+00
-1.677171053191097438e-01 1.204591353014223376e+00 1.608684485522686280e+00
1.389307261689401995e-01 3.106772035220605188e-01 -8.818135370819026875e-01
-6.347659957288241950e-01 -1.289876799621474168e+00 -3.908335760905332079e-01
2.300220236828677198e-02 1.212821910965324435e+00 1.266743047642100661e+00
-1.650903145859813903e-01 1.030901995931242876e+00 2.240292940191750126e-01
7.854735282087907944e-01 -4.483310608590571622e-01 -4.938083886322253147e-01
2.703780827571509726e-01 9.910579149765240681e-01 3.002459912998731856e-02
-8.627170515638850068e-01 -1.692566997580060018e-01 1.695258556354597212e+00
1.454059301581756225e+00 -4.215280203625610400e-01 -2.019181968592671794e-01
-3.121869189884652895e-01 1.431933924734605790e-01 1.149398057224226166e+00
-9.188276532963102206e-02 1.382483102741446646e-01 1.198076467963200331e+00
1.910261159179017787e-01 -1.191982993939882052e+00 -1.015242076442864627e-01
-1.753207739716382774e+00 7.877545811974708823e-01 1.615782360521095251e+00
-9.535978378643494846e-01 -2.426836235341300625e-03 7.131560865323842702e-01
1.019225155210148337e-01 5.411680581943739687e-01 1.867881117541815517e+00
-1.661850113858530653e-01 1.309402598906348913e+00 4.199107431956158321e-01
9.296919920951181027e-01 -4.607847824082697552e-01 -2.490809819053038332e+00
1.524745548718934529e+00 9.507797782187313862e-01 -8.036781366299756979e-02
6.508303242857018667e-01 -3.200452581580982003e-01 -1.823108498363678887e-01
4.563023942446985948e-01 -1.000909874058321325e+00 -1.851376189067285516e+00
5.724235590240751570e-01 1.259468590515789632e+00 -3.293467356509729438e+00
4.893946521869625976e-01 -4.807693906326778593e-02 -1.280570497744451641e+00
-3.027914701768428807e-01 -2.231897983611332570e-01 2.269185185754846401e+00
2.042924317226539610e-02 -1.057463771639133854e-01 -5.879432527660842789e-01
1.514111588877069980e+00 -2.466038910714928312e-01 -5.576849514469836011e-01
5.251853079416196612e-01 1.004452885655649358e-01 -4.583562666185546641e-01
1.287445019993845641e+00 -1.687125819022026185e+00 1.213116866745197892e-01
1.572184580840570167e-01 -8.686577812462927817e-01 -3.470555921569148938e-01
-2.128817184587019185e+00 1.106832983805337234e+00 -2.128018376536986889e+00
1.250678498896673707e+00 1.355627409660233873e+00 8.759324811065608563e-01
-2.065242838583176255e+00 1.335491348712097182e+00 -5.949525397532066107e-01
9.792331854595877072e-01 1.128389903383795745e-01 -9.700143170228416878e-01
1.031641085428094184e+00 -2.911498217830446045e-01 1.091507753361246946e+00
-1.340526503478978615e+00 6.356190178686700332e-01 1.092418781250550142e+00
-1.899065321782502869e+00 2.304051602061131521e-01 -1.937440369875714552e+00
-8.760246757293514985e-01 -6.084965509583081106e-02 -1.465366363906492331e-01
3.421805414062323858e-01 -1.512247096581018357e-01 2.044152787198442400e+00
8.585525471877132331e-01 -9.325853438916371640e-01 9.917365264832209704e-01
-2.878520339245748350e+00 7.091833606342904384e-01 6.441533613608181330e-01
-7.900691345725301407e-01 -2.191722194915710353e-01 -8.107724110020908537e-01
-9.020062991209045755e-01 2.013524718777528477e+00 1.691376382193342964e+00
1.720517713756171796e+00 3.945115524058521173e-01 3.003561795685817937e-01
6.765762906437876589e-01 4.534896986307758171e-01 6.210681567861220387e-01
1.239088594028398271e-01 -2.962237661743798503e-02 1.184833494285534083e+00
-1.001030765224968588e+00 2.947425269245523838e-01 1.236443929221448856e+00
-2.038722253744766455e+00 4.409573646864872742e-01 2.877712261613281711e-02
7.599393226103635934e-02 -1.206530978802003551e+00 7.713990353910091802e-01
5.638272232261292150e-01 -1.929863115451040390e-01 1.799099973293324828e+00
4.372343058864909260e-01 -2.066859080432180917e+00 -8.686246741793273163e-01
1.863821456534336063e+00 4.747590718175962454e-01 9.203655202981697592e-02
8.988392303768317770e-01 -5.092625560090014991e-01 1.247155860678476058e+00
1.024904625518566537e+00 -4.013205899353731176e-01 -5.335283013101514704e-02
-1.461373449223825505e+00 -1.833237452045456128e-01 -4.320722217940111132e-01
-1.704418901856960267e-01 -1.990984659312056149e+00 -1.636997143032825397e+00
1.631430902350080148e+00 1.042901463806339857e+00 6.673905206448207394e-01
-2.604593737684879340e-01 3.528059367538144420e-01 -2.114159096074531285e-01
-3.741652145867554319e-02 1.564634952727217643e+00 8.353205282846373203e-01
1.079425222418561869e+00 1.107482325542527013e+00 -5.463604696267695404e-01
-5.679219956349130793e-01 -7.432248078383529855e-02 6.939329794172619525e-01
3.900975359969924283e-01 -1.243327701741649000e-01 -4.448649470770533187e-01
-3.683441155124534405e-01 1.110549620089552603e+00 -4.493771078726469526e-01
1.275279500995653015e+00 9.854091027285025728e-01 -3.492945915625617070e-02
2.441200367358902223e+00 1.455851843055922523e-01 -3.439575589858125393e-01
-1.009833398267180993e+00 7.387092046536697376e-01 -3.730317539669774640e-01
9.259795110303828958e-01 -3.833637055031611229e-01 1.417508911543791453e-02
1.684135730383177432e+00 1.598085298637819784e+00 -1.770567811850850104e+00
5.134848010400250296e-01 1.515742402937089173e-01 6.084692467079847455e-01
-2.391791258348507365e-01 -1.586896573367963637e+00 -6.321576404541980887e-01
5.034822189537845327e-01 -3.303638583221021885e-02 4.259023024570734312e-02
1.132552047821629326e+00 6.791667887381861446e-01 -8.172314694579124739e-01
-2.023501741539427690e-01 -6.925533375300292338e-01 -6.383823716063858900e-01
-4.317452161942126887e-01 -1.110795789269017675e+00 1.353995939079382094e-01
8.967908211308660560e-01 -1.343189807091630938e-01 -1.683372181340345941e+00
-4.240715983363980285e-02 1.729143670807353761e-01 1.083835720045539741e+00
-1.596740306568148027e+00 -3.814360665480485690e-01 -1.050634330406404304e+00
9.309514405679315541e-01 1.056860237425079951e+00 -1.039308902095927412e+00
-6.830860239404423773e-01 8.511462592957655948e-01 -1.607783746866285612e-01
1.022265350422336461e+00 1.838433308278844214e+00 -9.347200523651904014e-01
-9.256197588893297912e-01 -6.666922168458883080e-01 5.482098873352496682e-01
-1.550260831744357803e-01 2.671889492282851220e-01 1.688164689131086194e+00
-8.372582851034967577e-01 2.903497645723214227e-01 5.632958869698950766e-02
1.093038392772459844e+00 4.394795258290440931e-01 9.125727757386915551e-01
1.914447119596236410e-02 1.731622602509099051e+00 -2.049921729200598342e-01
1.365592097273785610e-01 -1.197511815037081373e+00 -1.853376307108142995e-01
8.977572220532399339e-01 -2.489544770025521547e+00 1.152572796981903513e+00
3.651369696715629082e-02 -8.415964798735713348e-01 -4.071998810060059593e-01
-7.448524449523420410e-01 1.075790804886593399e+00 1.180841045699046798e+00
-9.019942345147985430e-01 2.020415283782930782e+00 -3.717033111918334465e-02
-6.706815148307326835e-01 -1.169218389615187315e+00 1.761629770723238231e+00
-1.193011014811580228e+00 2.976517402572466733e-02 5.836801067145562516e-02
4.295574619788422033e-01 9.037240185728241393e-01 -1.827941468096588196e+00
-6.445703157959324914e-01 5.065634097276227044e-01 4.568224210446599209e-01
3.322796060852111766e-01 1.140019513858524958e+00 -3.984957322393067325e-01
1.056674234832298165e+00 1.598328834337382709e+00 1.760555985262359652e-02
6.937655130470128384e-01 -3.555513811184385919e-01 -1.645021203891053663e+00
-2.185425334854145252e-01 -4.966482037480236533e-01 -9.444072211416346674e-01
-2.231078926495428050e+00 -6.407003821124498399e-01 5.607280951971001237e-02
-1.158894400455061646e-01 -1.443027863943085798e+00 2.914733165753748412e-01
-3.131107304897718380e-01 1.663965646155616263e-01 -1.782521924959847293e-01
-1.434955338907930311e-01 2.078214870670661019e-01 -2.487202777832708267e-01
-1.590084175090765495e+00 -3.476342706543918415e-01 1.028713714950936664e+00
-2.076409117471856580e-01 1.980763949094214826e+00 -1.599781699918778888e-01
5.424623663639656090e-01 8.315389846815622876e-01 2.465786667609002822e-02
-6.009785004520405982e-01 -6.841430713903838834e-01 1.022978314560615498e+00
-2.429562760991522408e-01 -3.386184987442452665e-01 -1.518380688695163405e+00
-3.490446397064403961e-01 1.958516763547695216e+00 2.460966814502497879e+00
1.087932632566026570e+00 -3.540700447554961938e-02 -5.670156683204565784e-01
-1.239282090361864125e-01 1.758238956277355269e+00 -1.390663322054087603e-01
5.252036726591226001e-01 1.067564549890291037e+00 9.204393789136694481e-01
-4.556668490330337828e-01 -4.747110609000635972e-01 -7.649723964044492508e-01
-2.569173705989009626e+00 -4.486620018398089771e-01 1.997823275573749946e+00
-1.607863449746912698e-01 -5.698251040830631942e-01 -4.023291910425921269e-01
-8.606415835063876418e-01 -1.296676342773235513e+00 1.876737661853471684e+00
1.182984279901614366e+00 -5.903415782301582038e-01 1.081040674291846804e+00
5.072432599578702295e-01 5.950057415159462071e-01 -5.844640218785177588e-01
1.959492419969130761e-01 -2.788417399300747168e-01 3.961762938341392704e-01
-2.126405424908746900e-01 8.017273267838771478e-01 7.474628032068777461e-01
-3.522213046058272345e-01 6.311428648523932372e-01 3.492738838552532643e-01
1.016539745770681513e+00 1.773120884128904118e+00 -2.018635318167443682e+00
1.908676055742343780e-01 -1.020458480120778111e+00 4.313149829035760052e-01
7.405464747606139708e-01 5.260122760610896897e-01 8.358488764579449226e-01
-2.874037756332425420e-01 -1.169276120029432819e+00 7.513466453176276261e-02
7.937239967710045807e-01 9.588540621695291755e-01 -1.146366382945480211e+00
5.636419801294778598e-01 -3.865509303616966319e-01 4.247232566942957255e-01
-7.865063091364922210e-01 -8.594014421227255118e-01 1.375705171128444926e+00
-6.264345584527304389e-01 3.142438016936235229e-02 3.303806611255787340e-01
-8.983888075892397795e-01 6.309046216951457176e-01 -3.384101312509925630e-01
3.205965014841663518e-01 -6.863233284884907581e-01 5.238124649971261926e-01
-1.808113075861839558e+00 7.947162371470865017e-01 -4.859563899675358178e-01
1.720382596493936322e+00 5.207586271881491369e-01 8.589553527802830102e-01
-1.560306275879791427e+00 -5.221605782756822724e-03 1.170854466856523723e+00
-5.518831974711062571e-01 -1.507866216186049435e+00 -2.535845694141561690e+00
2.139450766238870094e-01 -1.661979306375845900e-01 -5.966414756994592450e-01
-9.933541639443207449e-01 1.788965720017319239e+00 5.412479635114015863e-01
8.010535093490529501e-01 8.056228381313035314e-01 -1.655830743296532015e+00
9.973045265131026405e-01 -1.271859774164981749e+00 -6.069189955921460919e-03
8.703019824971947038e-01 -5.788934261058412689e-01 -7.186325242017674864e-01
9.877439147290116850e-01 -2.065714355697842564e+00 -5.917633923903409948e-02
-1.192303226996000554e+00 5.061605816887970732e-01 -6.371728659645757853e-01
1.535527639993713445e-01 1.374542943187621935e+00 -1.755234165604177665e+00
2.922276614818413609e+00 -8.393158526210035830e-02 1.525215957738947914e+00
-1.092403894598939829e+00 2.873765353721537963e+00 -4.888854761138520799e-01
1.204792199702420463e+00 6.385081851181522161e-01 8.724217567900918735e-02
-2.135472292280274076e-01 4.655467789263121881e-01 2.854544480487117286e-01
-6.999688550496196981e-01 -1.953708350958717865e+00 1.073009546254958257e+00
1.295624642156217643e+00 -1.018201483639133542e+00 1.808990626471257190e+00
4.443170047273935497e-01 -8.439869865952962513e-01 8.147905692014478785e-01
-3.905988513181950922e-02 -9.294463606912752862e-01 -4.331441515221088334e-01
-1.784290174172880050e+00 -2.198730620198688257e+00 1.471112191234071664e+00
-1.018916502717212569e-01 1.527841800383187509e+00 1.278692253966327685e+00
-3.675873189635956440e-01 3.716512058093079385e-01 -1.208351200172910866e+00
8.489141859226139175e-01 3.851462634337677882e-01 -1.098685113252817258e+00
2.153199616774242209e+00 -1.252061821307923761e+00 1.672708702096500577e+00
1.720693504270959240e-01 -9.656128654527442734e-01 2.836803102830563361e+00
-2.036818905168223726e+00 8.540506133761818219e-01 -3.598072343059622313e-01
7.509783956367527269e-01 -7.645783689886026524e-01 -5.309416821207222359e-01
2.409945526453008136e-01 1.059171993250870081e+00 -1.676797439010374868e-01
-5.404725893143483284e-02 8.201682328440610403e-01 1.059834998767515080e+00
-3.164706351164983666e-01 5.798055607142093004e-01 -5.417216467940226821e-01
-7.112260625960318272e-01 -2.205580531503567032e-01 -4.217046701872044778e-01
-1.798901545602120455e+00 1.548990420499046783e+00 1.888993750916882486e-01
-1.337272017109772726e+00 8.385180683293881609e-02 -1.941302405697754863e-01
-6.906537798481435786e-01 1.489333503572917994e-01 -1.473975009627914445e-01
-6.297846145426599929e-01 2.175188239779985544e+00 1.383098741246569841e+00
-1.167290183729275954e-01 -4.181402639120453957e-01 1.276769514271719475e+00
-3.312293971770911005e-01 -5.686532394410550445e-02 -3.786231736418300131e-01
-1.595352766436314074e+00 2.907348776875776641e-01 -1.129618845475405697e+00
1.308934134393314075e+00 3.087980944411609752e+00 1.604663167103756116e+00
5.551804265504965696e-02 2.651439385397217130e+00 1.808880270263854673e+00
1.729058532964827588e+00 -1.934259543501923417e+00 -8.991378269645099452e-01
1.546039025971397640e+00 1.566715902465627419e+00 -5.507735532832941372e-01
9.101827134777396022e-01 -4.292045654029350565e-01 3.587718611572843219e-01
-2.112492696570774875e+00 -3.417468601209832091e-01 -2.128144721829025310e-01
9.508536194354799687e-01 -3.564589446518828808e-01 -1.553836437686151317e-01
-1.404494366439422715e+00 -9.245769699337755831e-01 -6.909501723575952603e-01
1.354100037725698202e+00 -9.566920464847628036e-01 1.080643590975114143e-01
1.266112528564178552e+00 -2.820165071644779586e-01 -2.780123432960400542e+00
5.450781335755482404e-01 -5.360063370871938071e-01 6.852332558260111339e-01
-1.241463128681500550e+00 1.495403063080292361e+00 -6.024685354206904542e-01
1.224680225706753639e-01 -7.423278277026792438e-01 -1.413411466151014206e+00
-7.553451270645555882e-01 -9.256700185364303834e-01 1.720697907188158293e+00
2.258061827516968656e-01 -6.246902022527227594e-01 -2.066895982298698531e+00
-8.746877690778619430e-01 1.256990819398885018e+00 2.191726869365492325e-01
-1.024186458183859116e+00 -1.493595839999072750e+00 -1.234727235235526743e+00
2.100379775117300341e+00 1.665044703449820307e-01 -1.517824099998014820e+00
-4.197637234027201680e-01 1.908096518703847333e-01 -1.428220272318589501e+00
4.304194290941966705e-01 -1.141405793620780956e-01 1.191024095521815651e+00
-5.159486705451231670e-01 5.127656100653440463e-01 7.278849006627444718e-01
3.832318363553338658e-01 -4.603017335851996572e-01 1.243614945800560978e+00
-4.987801438314171110e-01 7.749576413887742099e-01 3.147206117722102237e-01
-1.611682653481058658e+00 -1.125105229257809425e+00 -6.494869749811025272e-01
7.346540437685986635e-01 -1.376609397717576400e+00 9.709240608189577681e-01
1.358163141104693494e+00 1.325077517203171018e+00 -7.918162758455766781e-01
1.898807781897798419e+00 -1.243584887776330472e+00 -3.339072147602317187e-01
6.491299675244427414e-01 -1.129773114032725623e+00 8.657673978659107261e-01
-2.735556848949521891e-01 7.794044682823779713e-01 7.544416685748218943e-02
8.993043055478489034e-01 -5.644806314762084165e-01 -8.443538969889969881e-01
-1.076273053664680068e+00 6.222927239739245442e-01 7.677730506282948175e-01
-2.206497970797628660e+00 -4.574121356561737239e-01 7.592887739693614246e-02
1.756497014932455192e-01 -1.257469223098169220e+00 1.554424709751711375e-01
-8.387555066696489314e-01 6.138528894636886557e-01 1.319104972928165087e-01
2.221270178189760081e-01 1.221155635012964424e+00 5.596765085874819134e-02
-6.125600939884519036e-01 -1.848061370334223241e+00 3.075069883461845621e-01
1.037898412438473139e+00 -5.248664438484188510e-01 -2.240026255409473810e-01
-3.476939230416500881e-01 4.337757158151293174e-02 -6.648778643534903887e-01
9.331813782240891975e-01 -8.960840555447533440e-01 -5.641455384122816552e-01
4.501249594787040120e-01 -2.152755035653325599e+00 7.050229344156934141e-01
-1.601152626960246628e-01 1.350824065200679991e+00 5.729663823659728733e-02
3.461144570202570603e-01 -2.144836336742247607e+00 -3.728274818093728626e-01
2.468813523710452484e-01 7.958866080217208427e-01 -1.111012171868079046e-01
-3.830438697703416467e-02 -2.035672672478086032e+00 -2.148625515650195883e+00
-4.681811172060215132e-01 3.898893415736177648e-01 -1.249920489994627459e+00
1.964745273426509620e+00 -5.102022452916326056e-01 5.018161366305703419e-01
3.576089942001847155e-01 -8.017772549887201006e-01 1.415951160189335312e+00
9.401133406923958269e-01 -9.849138856200172487e-01 1.027074398300346636e-01
-8.164520017603996149e-02 1.221217683544345012e-01 -1.668881360405657155e+00
2.649651374476575394e-01 2.858653789793644817e-01 4.838662923269480554e-01
1.507702627975157528e+00 2.457155883730044732e-01 -3.199189660373150668e-01
2.177437464773423592e+00 3.206305329430007584e-03 -1.064387653147507606e+00
-5.940740800332988680e-01 -1.502929801544065913e-01 -4.119254722658720613e-01
-6.544155795102215567e-01 5.040609061112743053e-03 -4.883542818044723371e-03
4.212004383463081592e-01 -8.456275716100741802e-01 -2.195103316822673289e-02
9.662164645406396968e-01 3.165420378992774009e-02 2.210917880257656343e+00
2.186271005036719006e-01 2.217184611582035725e+00 -7.673973285621339679e-02
4.242541641946395159e-01 1.076393484166143603e-02 -1.834076475653061200e+00
-1.422749579733993297e+00 -1.138962127212379993e+00 2.619630941410753699e+00
-1.130722846920305891e+00 1.796038529328748412e-01 -1.078782728391911805e+00
-4.299147726353418908e-01 1.230635538006512597e+00 4.054337350757229452e-01
3.688428971721371408e-01 3.106812319263336786e-01 1.695045405233108538e+00
-1.436739231421225060e+00 -1.176048292776909365e+00 -7.020709802590459070e-01
-1.244042924527376082e+00 4.648827425317472173e-01 6.903345469692926395e-01
-9.188563065363992699e-01 2.063426993824648004e-01 -2.056028556366479521e+00
2.388919561023424287e-01 9.000605078335158771e-01 2.669580328297032068e-01
1.106650390636952502e-01 2.003583454835894617e+00 -1.855142085501092497e-01
-1.290213997690342063e-01 -1.700800523662210129e+00 1.510540500691940791e+00
-1.341162217890692565e+00 1.329633761971708683e+00 7.703036450302269689e-01
1.155701568496454668e+00 -1.432954199881137036e+00 3.801191601996309344e-01
-2.374064853723819590e-01 -9.723840460036706768e-01 -3.213946889794355166e-01
-1.573188451498040097e+00 -5.182699203998983872e-01 4.988707134770287710e-01
-1.306161435934176218e+00 1.149298963736396617e+00 -1.016629742256439872e+00
1.271877970581061668e+00 5.411901302103727662e-01 1.343066142122903983e-01
3.321406869319328825e-01 -1.042859317457706325e+00 6.858337295406774503e-01
1.186677679885725228e-01 1.323472372584466150e+00 9.959049314444522183e-02
-5.341297507828100810e-02 4.296055693541963039e-01 1.536592532317077264e+00
-1.346325665703924424e+00 -7.645948332654360913e-01 2.652104377808044977e-01
-3.285699939684177395e-01 -9.862517721076903277e-01 -1.608025353212984454e+00
-1.758262432404629205e-01 2.045250903706482770e+00 -6.858641259948543289e-02
-1.406265334985347781e+00 2.361446956277394593e-01 1.619119697695029225e-01
-1.420016436919465219e+00 -6.055305609605080575e-01 -5.845686855830991568e-01
-2.882293583851101154e-02 7.879093760830000459e-01 2.761387045322722944e-01
1.346892777449433254e+00 -6.605795045369451390e-01 7.924135560708231996e-01
-1.324970634150358650e+00 -2.027968383022381027e-01 2.131835148861902229e-01
-1.587072971677983446e+00 -3.248225635246319576e-01 1.437950511201368853e+00
9.319160547357838720e-01 3.942158373742816746e-01 5.978933430319262055e-01
8.007002957456922643e-02 -8.703296538137159088e-02 1.199023634254104964e+00
7.046278980116352786e-01 4.902556013243540289e-01 -5.490496206794031053e-01
-8.496467687756004139e-01 -1.442376720544956248e+00 -2.696902100728964413e+00
-6.366325988514487388e-02 5.623158931378297032e-01 -1.360274477711746477e-01
2.616282172694069930e-01 1.459024267043557699e-01 5.939943826077639377e-01
1.085169214385228065e+00 1.198230008859457074e+00 1.408775266891442390e+00
-1.665839259675940376e+00 -6.194967921051509618e-01 -8.702743445368743558e-01
1.135795224369201106e+00 -2.203768248898869964e-01 3.276153547652140841e-01
-7.753875787626615668e-02 -2.213759267612015691e+00 1.748251957053715833e+00
1.134116559852796469e+00 -1.043640585256605524e+00 4.191426312523864883e-01
1.291029584474129077e+00 -8.606248844210823146e-01 1.338471615402718085e+00
-1.401012262633160033e+00 1.363378843047672317e+00 -8.356635091147966710e-02
-6.106899660400271213e-01 -1.109098851569364275e+00 -8.532523776067063581e-02
2.475811584878842564e-01 -7.938215577802427703e-01 4.793376662831039803e-01
1.049405258145096553e+00 1.113721302336355912e+00 8.563623273896285859e-01
-1.240988390403404917e+00 1.635423503969752820e-02 -6.726990829666069649e-01
-1.326084151732343841e+00 1.763624533830399965e+00 -4.597870591154102349e-01
-1.053476186600442066e+00 -1.302336274646459686e-02 1.758575587879675772e-01
4.444086334133594551e-01 -1.142980710492104590e+00 -1.271483246414608859e+00
5.691643409043616320e-01 -2.026071784063925296e-01 -7.579286620232184024e-02
2.929898416937407046e-01 -6.211598783637214405e-01 -3.394902978538466010e-01
7.516092717792145494e-01 -1.228107773786745849e+00 -9.642065407927312704e-01
1.303898033487145280e+00 5.268550722588879465e-01 -2.996304107536061981e-02
4.629421993429795879e-01 -5.294538128260148913e-01 1.111537792717564255e+00
-4.501520293423370012e-01 2.631626677338615994e-01 4.578526231325711904e-01
-2.671102056718422171e-02 -1.047743755359821449e+00 -1.093821989032932152e+00
-1.417839704553178315e+00 6.658944307704885990e-01 -1.082758635212751064e-01
-7.771760908135459944e-01 2.779941134128015578e-01 -9.062582004514897482e-01
-9.582992852269941464e-01 7.781904857821322352e-01 1.084890641619596918e+00
1.283794860916237068e+00 -2.136253108215364904e-02 5.087524196924925884e-02
3.623914748735398983e-01 4.250024507793092043e-01 -1.188020765948211155e+00
4.337904036921805262e-01 -9.989498778988578076e-01 -1.771370113832106075e+00
8.947750301056199562e-02 -2.336608512145688446e-02 -4.696027059214846755e-01
-1.398468262446172394e+00 -1.028723136842929486e+00 3.581264257407840157e-01
8.166589070609556744e-01 -1.255872230070200102e+00 4.528805746875523841e-01
4.784507226956026260e-01 -5.648090072777111059e-01 -1.700768431249557233e+00
-9.829029143784732137e-01 1.147359069452377339e-01 2.695215181949209837e-01
-6.496707694045160686e-01 7.359391472699062797e-01 1.475700605632196960e-01
-1.483680169360944934e+00 5.029418871572918226e-01 -2.922455815704953164e+00
2.971631287357786033e-01 6.428741850501764610e-01 -8.523137559732466562e-01
-6.521493572131237260e-02 4.282239893237696493e-01 3.014350670649544872e-01
6.261635281075560444e-01 -1.963319643877826870e+00 1.340702518729302684e+00
-1.287772607713213224e+00 -6.462414408238914554e-01 -1.005805479658771429e+00
7.469017701666051945e-01 -5.600169006377057890e-02 -5.033910486762105396e-01
-1.833900402261110729e+00 1.291736631510029265e-01 -1.168425512134263489e-01
1.774707825186421228e+00 -2.907305621868014889e-01 5.380177940264860847e-01
-1.230700963571757178e+00 -7.164907641891835599e-01 8.432349590684892204e-01
3.000231979900527257e-01 8.619918596649297493e-01 1.495533986172057128e+00
1.402857525263337068e+00 -1.061299015269996815e+00 -1.979021999694342782e+00
4.825237967923229898e-01 1.354196448252153795e+00 1.041913284409928586e+00
-1.190387602185261517e+00 -1.252267324037547258e+00 -9.727060112859808871e-01
3.627990493148330331e-01 6.367174181261586741e-01 -6.328206133577524151e-01
-3.714075743053348311e-01 -1.969018563845519987e+00 -9.317579098749017019e-01
4.213432004491332594e-01 -1.004854302508861319e-01 3.174908202456669382e-02
-5.876994454465215290e-01 -1.970793243432096720e+00 3.308334646003942559e-01
1.370836036744603303e+00 -5.710315438272880462e-01 -1.292257736567887560e+00
-2.665535514225601532e-01 -5.240800167163448542e-01 3.544654378897961200e-01
-6.849039043641854674e-01 3.977645377422482920e-01 -1.157727977318378176e+00
-1.334779663317672005e-01 3.664589837352718593e-01 1.998693880863611494e-01
-2.414114754927719986e+00 -4.664688706561912479e-01 2.891297189007802637e-01
9.865146937894235801e-01 -2.437751716407942498e-02 -1.316287934838045848e+00
2.445007840717688397e-01 4.773118535893106085e-01 -7.687983298576451796e-01
2.945372519956299673e-01 2.281254273303629621e+00 9.736018933919528273e-02
4.967768384688776573e-01 1.121292124826706038e+00 -1.382967765907118673e+00
-1.667592199682179643e+00 -1.026797616137309577e+00 5.740665851219891591e-01
-4.692749342236473414e-02 -7.182528879941635358e-01 -8.745316497751016716e-01
2.101799902027556288e-01 5.865508029505426268e-01 1.636391553456932046e-01
-9.279683382193060215e-02 -7.313358697563682176e-01 1.165385916854284165e+00
-3.852942878802002036e-01 -5.144044634739769473e-01 -3.136771594523058981e-01
8.042935234336180423e-04 -4.438362137893745452e-01 1.873852018813487452e-01
-3.548850052767017482e-01 -6.236231885202304648e-01 6.638842482325497674e-01
2.275994548695433883e-01 5.487349833278780675e-01 1.347849408870416266e+00
-1.270987644658677418e+00 -7.136885591158368403e-01 -1.740336346505095833e+00
1.597789357543728972e+00 2.077452296874871873e+00 -2.403287807537796417e-01
-1.207471256428802153e+00 7.384451988050406701e-01 9.876148821499377561e-01
-2.494926030664230243e+00 -2.001111987772894896e+00 1.026937159069197580e+00
1.408318660728350435e-01 2.868026214196905510e+00 -2.124750319766751522e-02
2.226185307268533156e-02 -2.662591352388929966e-01 -7.673317023782272317e-01
-6.823759334999103254e-01 6.340959189212708180e-01 9.031601433346673202e-01
5.073902361360614899e-01 -8.936043899398110613e-01 -6.154182505908997181e-01
-4.209696885464159211e-01 -1.376911632193970725e+00 -2.083974721914377826e-01
-6.945222444848533350e-01 -7.685197042287341684e-01 -9.782844919545381490e-01
-1.318703456759982240e+00 -9.441790496005777467e-01 -3.397191098441428858e-01
-4.399448323685507534e-01 1.232971090543719006e+00 2.163892962545502563e+00
3.235419522690778371e-01 1.863417849385628156e+00 2.151710932710319824e-01
-9.859166171872252304e-01 6.779197923008740689e-01 -1.238315857498489381e+00
8.110253967560373534e-01 5.651504116832256619e-01 4.599660304473392469e-01
1.513258834385214691e+00 -1.871373463147788518e-01 1.062101621709618193e+00
-6.725974461099963608e-02 7.472842450594094910e-01 1.312340474240293542e+00
-9.630813583228338415e-02 1.669281627230358778e+00 3.058370538068534983e-01
4.895543936710878841e-01 -1.071335426651873757e-01 2.947520473024652365e-01
1.117483052444522507e+00 -1.228092194229720269e+00 -5.500873135397694735e-01
-4.715714549119619931e-02 6.753185449478233959e-01 -8.110023499532718894e-02
8.455419532327880516e-02 -1.635684392624538797e+00 1.870631730702572160e-01
-9.225284413005616635e-01 2.983870025181650232e-01 -1.241586148927954936e+00
-5.342000789111180925e-01 -1.439241865127301123e+00 4.826410557986953176e-01
7.349919234103723387e-01 8.669746588584233971e-01 9.589959287940970079e-01
-1.104186007668762626e+00 1.823249818131032152e+00 6.496967538725292313e-01
9.805708641218455757e-01 1.486562734450394274e-01 -6.945780255576698980e-01
1.886186497789512639e+00 -9.972238119418472824e-01 -6.695687692213978526e-01
-6.574169039556544414e-01 -1.658834976462527866e+00 4.479993258464728956e-01
-1.132613872613829509e+00 -1.460126824006058865e-01 -1.240590113077811418e+00
-4.165040712180194116e-01 2.794419899896563031e-01 1.631198256547062408e+00
1.056777461791345463e+00 1.362636338002981340e+00 4.538285552120354532e-02
7.127061920997525002e-01 1.219878186207265847e+00 6.416045865806112580e-01
-6.247850871428760611e-01 1.898121030280662147e+00 -1.160239944129445977e+00
-4.773322092167745501e-01 -1.171141099886271242e+00 -8.388692594409068171e-02
4.008228756855588548e-01 -3.739683415156334623e-01 1.671013003395851237e+00
1.036555700261397206e+00 -2.765948599668267005e-01 6.965190810347215988e-01
-3.351054892661962659e-01 7.181523367501355670e-01 -3.221588802402674534e-01
-1.340499862696973743e+00 -1.434285231966407059e-01 -4.072835098607511806e-01
-8.784818438209249791e-01 -1.426531645664778969e+00 1.406112447376524743e+00
7.204756637537502728e-01 -2.045381259196088486e-01 2.727422850369686014e+00
-4.389382197462872726e-01 1.816416479855019306e+00 -2.605152520404275140e+00
9.314632479121766062e-01 1.244152078485279977e+00 -6.505020539510806277e-01
1.363372872854913709e+00 -8.214974140334364572e-01 -4.566077063923723034e-01
9.829635202457531751e-01 6.802408861194340073e-01 -8.795887802343284045e-01
-8.067065053798946339e-01 3.642860582181635665e-01 3.997777719651593453e-01
-7.254902675341040608e-01 -4.304094020533640874e-01 2.884703305202713786e-01
-3.681951080807854271e-01 9.540308147349884083e-01 3.708020688039508350e-01
7.719075796160757008e-01 -3.240889898775698996e-01 4.731954834949805289e-01
-2.307902669787628813e+00 1.084351886012487221e+00 -4.142771735450646864e-02
1.284960355035063895e+00 -3.162630560099450872e-01 -9.240560655015587210e-01
-8.297591036455520541e-01 -3.770144959038959631e-01 3.697603401384750854e-01
6.696107657155746518e-01 1.318899538572470220e+00 -5.718638032793050413e-02
-1.152146386920913201e+00 -5.379141342143730631e-01 -1.015675954899947220e+00
-4.661779656889324941e-01 -7.867560191725588847e-01 -6.680782239754787799e-01
1.689938297918096854e-01 -1.018462174625348604e+00 -1.270177805430967588e+00
2.615866689373673726e+00 6.353084053523581076e-01 -1.548296997220993232e+00
2.158377538638203141e+00 -2.607298846655873303e-01 -1.371248473902336174e-01
8.786579768784941180e-03 1.018962816872928556e+00 2.337839841908382343e+00
5.337582797027318193e-01 1.342483281839809584e+00 2.107978380852392475e-01
1.583653504817241764e-01 -2.028784697222744793e+00 2.135069519006580041e+00
2.419974550377518518e+00 2.171700456789190103e-01 3.018756330825305215e-02
2.220657523566662850e-01 -9.255652111435072049e-01 -7.333429904352287698e-01
-4.972078476051589729e-02 1.340565565181556229e+00 1.236762180668556699e+00
-1.340517857773066424e-01 -1.669514446471771496e-01 1.932782186687172166e+00
5.131483775747972542e-01 -7.995996087523413731e-01 -1.112285535780449530e+00
1.433692556310018462e+00 1.422124946029166559e-01 -8.658016631107465777e-01
3.640060042746312008e-01 4.419370624450571355e-02 1.165748173385538156e+00
-8.806526575440145610e-01 1.195454552834399831e+00 3.286359605558825722e-03
4.934429028685235474e-01 2.170019415848037370e-01 -3.586763741152144136e-01
9.317301961975573699e-01 -9.151124731004893764e-01 8.760820328272356239e-01
5.783841886715045399e-01 2.276789135501522399e+00 -2.971560358943389213e-01
-1.333332248783781537e+00 1.342815248884141610e+00 7.962578304800088658e-01
-2.637825796259780642e-01 7.576120022554961864e-01 -1.516194265270886188e+00
-4.238447045958891601e-02 2.571278023412161939e+00 -1.218663562649379362e+00
-2.556216795860169477e-01 4.530547150201996026e-02 1.332565856261550274e-01
-2.939614681220540371e-01 -1.623566506596781922e+00 7.561945263363415437e-01
-9.538291834457834906e-01 4.579511136480033939e-01 -1.173125113804024400e+00
4.642142815675915357e-01 7.109275620548700658e-01 -1.032968373294229636e+00
-5.422548180361330683e-01 -3.919334350589107618e-01 -1.376810254175158954e-01
-1.222651257080494158e+00 5.357403107221417882e-01 1.881179294983122974e+00
1.694209424307531187e+00 -1.409916421095183114e-01 -4.683878834335379326e-01
9.344414431279981503e-01 5.454147126951363472e-02 1.127327135638211741e+00
7.712663095493320353e-02 5.296571814413967433e-02 4.578803755022247124e-01
6.280912516767418463e-01 3.999101209324435469e-01 -2.187707649938363252e-01
-1.248928482510266003e+00 -4.027402829359414405e-01 1.257821993414498074e+00
-3.487997546906468349e-01 9.198225837701143881e-01 4.192535618132806063e-01
-8.421749533478114502e-01 7.584699664315479595e-01 -7.139648881926319302e-02
3.146483643227904192e-02 9.737912909314104803e-01 -3.791275136215583874e-01
9.743776862200614897e-01 -1.943801318400528028e-02 9.856346468117670456e-01
-1.159693995831656110e+00 -1.482638070658163443e+00 5.162909786623587349e-01
-3.752828899932078022e-01 -1.982757872412227174e-01 -5.302317901342888939e-01
-3.437882294153389862e-01 8.955252234826994728e-01 3.386575107608094659e-01
-2.538578515370936706e-01 6.895655631511707906e-01 -2.778020182485348988e-01
1.191517370821804978e+00 -1.214735873647615039e+00 -2.337100515226698538e-01
-2.081486981788465973e-01 -1.327738930034933151e+00 -1.415157511935155821e+00
1.480419003391138799e-01 2.066282636207161794e-01 4.902616727207846359e-01
1.949128732422585664e+00 2.028774419693924358e+00 -8.380508614367061515e-01
-7.635816684963259160e-01 -2.171499932065423355e+00 1.345016365522773150e+00
8.344216419264914864e-01 1.516891974774127183e+00 2.212792186395667049e-01
-3.466229976283269898e-01 -2.317498189100348494e-01 1.031942636980550249e-01
1.327064279700347349e+00 -5.081459701065177414e-01 -5.027324511983827238e-01
2.539975158186108528e-01 4.663746437339827411e-01 1.002839859650643373e+00
3.647392286337579614e-01 -1.734269699648496976e+00 -1.411160460673012595e+00
-1.898521953791603989e-01 -4.216334128061541286e-01 9.335040814827223477e-01
5.606874853906294864e-02 8.090530492030758580e-01 1.565825279489333033e+00
-3.660878093078971940e-01 1.814504143709568321e-02 1.611820632044875801e-01
-1.383633576018204803e+00 1.172367318220337018e-01 -5.065130933603454455e-01
-1.411410285449452129e+00 1.949618447462475146e+00 1.915497710578043800e-01
4.911642022536676366e-01 -1.247665097850134019e+00 -8.220320868620007992e-01
1.876675324711884335e-02 -1.158849389097709320e-01 3.417689858304498451e-01
-2.354842838545686060e-02 -1.182379621437029904e+00 3.648678424171687973e-01
-5.223933239287260610e-01 1.090561893246439595e+00 8.121325322371807376e-01
-7.325154277472858411e-01 1.364879487466055252e+00 -3.680056713216526831e-01
-6.288884835508923299e-01 -2.314866218674181741e+00 -1.194913231241179430e+00
1.190565575434219703e+00 -1.127190843993999408e-01 -3.799023294943553175e-01
-2.368865998919006399e-01 -5.943371990837047480e-01 -4.939685594081780762e-01
-1.374336164300606900e+00 -3.302326991689333857e-01 3.329705198265891508e-01
1.282765432232425340e+00 -5.905624562647149300e-02 -6.535376079004463490e-01
1.807380555496535812e-01 -3.056205596831597093e-01 -1.303995860388792727e-01
-5.914043575764059701e-01 -1.445776910921444225e+00 1.124416511964879906e+00
-5.686883941080867616e-02 5.262011546158412018e-02 -3.730601616732892034e-01
2.112551989493378191e+00 -8.681215375265083356e-01 7.227528113580010682e-01
-4.921511419484302374e-01 -1.127077043275152235e+00 3.719590529244684030e-01
-1.087482954884010811e+00 1.857909480385948386e+00 -5.827368103065526661e-01
3.112304478480762970e-01 1.107625346176499825e-01 -6.472263650677707869e-02
-6.679954315462978132e-01 -2.627939441680814392e-01 -2.955114804229369563e-01
-1.708996414742242953e+00 2.523183204832631699e+00 -3.119591981459776675e-01
-8.304132795574281634e-01 -1.464264507739498899e+00 -7.591513773500079276e-01
-5.511144976881540009e-02 -2.542886101336092164e+00 1.462011982589396464e+00
-2.048907457788922692e-01 -1.936935922666271070e-01 2.031501835701538580e-03
-5.700770068495161214e-01 9.012330484845253453e-01 2.401557987547303930e-01
2.569614761929562174e+00 -4.016862291374772020e-01 -3.139323826231784631e-01
-3.845610521357968603e-02 -1.269290404392848237e-01 2.639785847263924623e+00
-3.195329107550542308e-02 -5.385107990695581215e-02 -9.605804134848641151e-01
1.113482610624506375e+00 -2.078488956731092241e+00 -9.000619768260589293e-01
3.232567061910402995e-01 1.579617050767260222e-01 -7.564277986993075409e-01
-3.080642437030292058e-01 2.978081367075551711e+00 1.981035752221598667e+00
1.772221758309019179e+00 9.097170337270572560e-01 9.872835049141955865e-01
1.145937089637631301e+00 1.671526376241340428e-01 -4.257519505399858240e-01
1.246396411893629708e+00 -6.777758408023615289e-01 -2.427679259350898455e+00
-2.579812242098910691e+00 1.396138207103300388e+00 -1.673988640554992247e-01
-1.272363461309837129e+00 -8.268884536368996674e-01 -1.410985854442115883e+00
-7.980670355624571721e-01 -2.444192853671474097e-01 9.737802487515981320e-02
-1.514820970042469961e+00 5.112963683364644130e-01 -2.372987741572455799e-03
-1.152343080449315105e+00 8.553596575899948817e-01 1.363427615403328241e+00
-1.505310695347464645e+00 -8.158577606365791102e-01 1.081293785674247943e+00
1.001908709765970240e+00 -8.204497713112529622e-01 3.458485461455463872e-01
7.344960638846537160e-02 6.543923526249134648e-01 -1.167274710980557240e+00
1.186367938827483481e+00 -5.879308113997361307e-02 1.566767129446389184e+00
-4.100440026679312566e-02 1.490552609672489481e+00 5.574011836484257243e-01
-2.880048744524715820e-01 4.759434414305891425e-01 -3.714604751803876614e-01
5.767424439622913512e-01 -5.726338724915371881e-01 1.762702007140039662e+00
1.744242137701415563e-02 -6.486331903821385136e-01 -1.799316804662866698e+00
-1.026792115090895630e+00 1.470719345281408241e+00 -6.274589125341022422e-01
-3.025488310383480095e-01 3.256184886336795370e-01 -5.234840011086937528e-01
7.998411801327972581e-01 8.459741455740298066e-02 5.302104457020870854e-01
7.640013287158462507e-01 -1.438701539374916072e+00 -6.841292779351192399e-01
6.582466097362426050e-01 -2.658298994522922953e-01 -1.591347365202517017e-01
2.703930647678955967e-01 1.075285390933908625e+00 -3.612547758002673248e-01
4.366779638070095726e-01 1.523793454090278443e+00 -5.710959652994194308e-02
5.396855041838569123e-02 1.363114584921727657e+00 -1.334432942313741099e+00
-5.671786065397417254e-01 1.914896762699299426e+00 1.774338457589511586e+00
6.225004423609206139e-01 8.438986889235013944e-01 -3.579551948762035862e-01
1.356879318050713712e+00 7.497013954555628024e-01 9.796081735821100533e-01
5.616970735168056450e-01 3.734222736867913728e-01 7.892500349517906910e-01
-1.227426132497108913e-01 -7.162209968016236550e-01 1.026041101300640745e+00
-6.396928401679688285e-03 3.842218665385652154e-01 -5.578564604929127091e-01
7.181593243542096217e-02 -2.102404837681394412e+00 7.542757390048793198e-01
-9.407542477664210256e-01 -1.526955906926320550e+00 -7.928703042738275419e-01
-1.490954919265529366e+00 5.851881977496582454e-01 -7.157795281184448077e-01
4.278014744831280525e-01 2.492277762269585750e+00 -6.506948324114317783e-01
-3.661895663835545434e-01 2.705356239939809004e+00 2.409187120994937537e-01
-1.012607990556839477e+00 -6.450603675335104814e-01 4.968536702103534264e-01
4.521279186862473543e-01 -1.239476815458820491e+00 1.597991179857463528e+00
6.599189324980615778e-02 1.280401557819751179e+00 -7.053789318258329999e-01
2.378189799191030851e-01 -2.259802697807134775e-01 -1.383596226167721266e+00
-4.263756552779218167e-01 -3.339045431055457369e-01 -5.062171796233502219e-01
6.965000554470096583e-01 4.349292136805955611e-01 1.959332745313893342e+00
-5.632401768480532755e-01 -2.628608541140083354e-01 3.441912618693436787e+00
-1.169679967886317340e-01 2.078547377712238298e+00 4.066720665714050331e-01
1.192541750810821172e-01 2.475124302759486916e+00 -6.412010336330882243e-01
-1.964639628784300873e+00 1.287996874321607477e-01 -6.707155892721985979e-02
2.188903069421218595e-01 9.446476574367345114e-01 1.365412000240195711e+00
-1.622303060574827038e-01 -4.133357577327511634e-01 3.632182382645771312e+00
8.707649674336135348e-01 1.755803656452179784e-01 2.153067151058521769e-02
-1.391853506329328027e+00 6.356050209799424255e-01 1.403847437136731324e+00
7.479850235215107501e-01 2.217566033238177192e-01 4.625777252943382573e-02
-3.928411631033946749e-01 -4.444339121790059077e-01 1.503054593311154985e-01
-6.666319328181489201e-01 -1.009787795920181752e-01 -3.248457908472888178e-01
2.297959716123893492e-01 5.463313560419990056e-01 9.605777152911044725e-01
-1.719786189522205300e+00 -8.880255619360295505e-01 -8.693681872584166359e-02
-1.672330442893267821e-01 -1.144975894002492334e+00 5.769891558480425564e-01
-3.834590347690616796e-01 3.981740444554355829e-01 -1.185609205177907466e+00
1.143021089950163827e+00 -6.748322068268756135e-01 -7.938943893267448315e-01
-1.338091104039884627e+00 1.147196184272933239e+00 -3.394715093294869285e-02
6.655181355695313217e-01 -1.137630841169720713e-01 4.594400374037124757e-01
-2.651065256712727969e-01 -2.353650286099143951e+00 -1.218925631545568766e-01
1.822950347166970020e-01 1.675221607952271374e-01 -4.765694372832730841e-02
-1.864476685127569588e+00 9.922768936602719414e-01 1.292868190642939563e+00
-5.576624204022838649e-01 9.046251389921223796e-01 -9.246540649721904925e-01
2.016618996742015890e-01 -1.031503427228125602e+00 -6.457632761472495431e-02
-9.935860850166975400e-01 -4.324554764114934002e-01 3.247496238188233852e-01
-1.341678878798499452e+00 -2.036004680278660661e+00 7.847581561689024321e-01
-6.550626024332771857e-01 8.790792292885705184e-01 1.168229381524796162e+00
-1.816758883355397147e-01 7.731059319318159817e-01 -4.568455279200538954e-01
3.046474144467704037e-01 4.499374445862022176e-01 1.432551242799201319e+00
-1.038097145515536557e+00 4.330964976902794417e-03 2.145409370843733704e-02
-9.296987617267262749e-01 -1.455004261072531779e+00 -4.317203070295473344e-01
-1.734929618122138084e+00 -6.982343530773538198e-01 -5.515080118069445175e-02
-9.102270317710323133e-02 -7.660423999701290176e-01 -1.534573306370943913e+00
-1.415178036435711606e+00 1.171012564952139678e+00 4.762975415143670399e-01
8.176058858155935694e-01 -3.581934696328144541e-01 2.124295114357517722e+00
4.077794677930612344e-01 7.521150630711389562e-01 3.834156799274608396e-01
1.268141785918926734e-01 -1.180222861104122334e+00 -1.876489957898359873e-01
1.203907040976927467e+00 -1.057220260738868101e+00 -1.640062532368099235e-01
1.157396117599186258e+00 1.275923924830096423e+00 7.545745730986318511e-01
-1.426041919538076685e+00 9.247473652320492565e-01 2.417666625367298927e+00
-6.659648376158064549e-03 1.497421967268389054e+00 5.514223258653909721e-01
4.487241077188997007e-02 1.454525018173199458e+00 7.996764869351964400e-01
3.194078474097421072e+00 4.832026423885111832e-01 -1.421954121270472271e+00
3.088072315438444848e-01 -8.339480558139462651e-01 -8.767625651475265958e-01
4.423032662980935226e-01 6.224106853097749470e-01 -9.857000475177997156e-01
-1.206726994112981233e+00 9.941553670938370058e-01 -6.148015707184752987e-01
2.961425101188430276e+00 9.889307473289282724e-02 1.678193096979174737e+00
3.173665299175637555e-01 -9.878990894943282530e-01 6.551017092783820717e-01
6.008249706716407568e-01 9.719763850185805798e-02 6.578854564158641560e-01
2.162280014828985575e+00 2.151250069467809667e-01 2.240105360319818717e-01
8.319985265678218056e-01 2.092315502056514287e+00 -6.807482061247657756e-02
1.016695213225423666e+00 5.626744837489813245e-01 -5.140025492991791012e-01
6.682039721001471755e-02 -1.203761027193250621e+00 -9.328853049829488597e-02
-1.078629767569407871e-01 8.706118308654484106e-02 -3.048961407961223724e-01
-6.892266197626246704e-01 -1.201546717762790983e+00 9.929865067145746682e-01
-3.606393451432196029e-01 3.007828764244124264e-01 5.512267625966705831e-01
-5.763764709228189620e-01 -5.838388774727109043e-01 -8.986099615950488007e-01
2.271381290697217503e-01 -4.834827891202503891e-01 1.188359682875476997e+00
1.771038585457279435e+00 -6.875902928392585434e-02 1.876760499758822087e+00
8.818338726550585260e-01 7.669532025472218795e-01 6.309212167045279429e-01
5.505866446369570566e-01 2.375738787436612320e-01 9.344764636647429068e-01
1.142825319223860880e+00 1.441987168416200005e+00 -1.341206655426607774e-01
1.119654910281512039e-01 -5.803786486319479909e-01 5.457612330654034727e-01
4.993991254496208954e-01 2.252439005180528309e+00 1.071883704583860730e+00
-6.491559143019185463e-01 7.004895292952230124e-01 6.763361723415631799e-01
1.250595981364759357e+00 8.065045717592111973e-01 -1.086283835978796020e-01
6.105466407569063447e-01 9.587954137425737100e-01 -1.378407206434750121e+00
-2.158832713111162038e-01 9.246851265643999396e-01 -6.065582900458394988e-01
-4.638964646945267223e-01 2.602293567129639884e-01 -5.046217276379721950e-01
-8.310579676466995913e-01 7.257577160818016182e-01 -9.466539642282686406e-01
1.057601655371897431e+00 -2.224319095707427696e+00 -2.043231280905352332e+00
3.443856990273194696e-01 3.502153358794707350e-01 1.145415416133985120e+00
1.012124814957596347e-01 -1.790900050628459139e+00 -2.008321751223857976e-01
-3.981909227301136944e-01 2.003960851891739114e+00 6.624291458307745017e-01
3.693563384690800588e-01 9.264283246631135338e-01 -1.471011359873424240e-01
-8.514533119884447609e-01 1.965502624418113131e-01 -8.135034419782720683e-01
3.907948950841220320e-02 8.147167765669163786e-02 1.105900560207194516e+00
-5.488863674128104941e-01 9.202480886340644872e-01 4.187797045421867703e-01
4.093230633483256331e-01 -1.707766737633308884e-01 2.438876561607825177e+00
-2.414437223967204615e-01 -6.903495962735459734e-01 6.173799715302964453e-01
3.668409162429794867e-01 1.379241081656440882e+00 9.317430770143865504e-02
5.040479808307845033e-01 -2.747548886613430108e-01 1.593240820161445637e-01
-6.119389728810155082e-01 -7.924264133996486992e-01 5.893898223694062910e-01
-1.413971126949046253e-01 7.452981903788280515e-01 1.164902013297772099e+00
-7.367458333479619537e-01 5.319728452042368216e-01 5.156935298823307479e-01
2.286795730671508375e-01 -3.660711087762212601e-02 1.406672361696316154e+00
1.824295132079372106e-01 -9.071576158327767647e-01 8.091693517988088891e-01
6.166826078361508090e-01 -1.119427666256833875e+00 -9.865334591971189893e-01
-8.260973269116759221e-01 3.077527350049513166e-01 -4.211247156687707438e-01
3.855477218646179982e-01 -5.376927586206561305e-01 -5.324293178646455349e-01
-1.475777036574589252e-01 -1.927864244192370791e+00 -1.442666410321885584e+00
2.218667555261863100e+00 1.012323952292779827e+00 1.035161562174475414e+00
1.228352361566824813e+00 -3.032526074096236757e-01 8.715378432836425882e-01
-8.107834716347276371e-01 7.022228911465241419e-01 5.239120941305352996e-01
7.824224161872747052e-01 7.789081916087450264e-01 -2.944714237315242400e-01
1.844745808881130267e-01 -8.783750026737291439e-02 -7.430206011140811917e-01
1.048129618001901076e+00 1.835831284934607899e+00 -3.639211446929710991e-01
1.457617825012641477e+00 3.149634648498169098e-01 -4.847073390129307269e-01
-2.529492300554938011e-01 1.073794293210885709e+00 -9.533939412638365862e-01
-7.921188494140386505e-01 -1.724873677738484323e+00 -9.741802976716874563e-01
-1.573065543450698600e+00 -1.637068246116259340e+00 -7.684700408593468923e-01
-1.086029754336303998e+00 1.252125573578761308e+00 -1.617007249830361593e+00
1.075425981568816969e+00 2.026837366052453293e-01 -1.548025968881649561e+00
7.288989464148788455e-01 1.324088188467105409e+00 -7.972844502019542645e-01
-1.482506247631169005e-01 1.157708302425462188e+00 4.895003892026707493e-01
7.166054411459861218e-01 -1.279592450551699567e+00 4.771286660808292390e-02
1.273886529874440399e+00 -6.993424677344229901e-01 -1.272505947028599982e+00
-3.689473357478589843e-01 -4.574878666024460028e-01 1.413404528918025815e-01
1.399231644994689550e-01 -5.538975852580328985e-01 -1.326123105360219823e+00
-7.921981532603075693e-02 1.036265565176193837e+00 4.441828760708323443e-01
1.445404514550792774e+00 8.961380525650796125e-01 5.854481450000686982e-01
-1.340902506840068398e+00 -2.725786558103157065e-01 -2.729854559564582339e-01
-8.015060077998570343e-01 1.743414790701103945e+00 3.603993099316655235e-01
-1.156632437531564195e+00 -9.383116818117137603e-01 2.148155509911226224e-01
1.542737680918113474e+00 -1.369743694569544701e+00 -1.076699161020334833e-01
6.100757070268977289e-01 -5.337799436331792657e-01 2.951609179881976797e+00
1.130288733039193971e+00 5.436290292164124294e-01 -6.656568535972935408e-01
1.347646554809332153e+00 -6.062771226861851659e-01 -5.264177538029350956e-01
1.747913192209312183e-01 5.358299038057684482e-01 -1.187800320760247635e-01
-1.513463329749230313e-01 2.295093095006514160e-03 -9.038926197827437670e-02
2.508834726394360351e-02 -8.545247069662617045e-01 8.423234391801315279e-01
1.859163696535682808e+00 -4.114470518356334039e-01 -1.430680536351896626e+00
9.872501741769970085e-01 1.128567379190492437e+00 -1.450205125427044273e+00
1.592379956400105767e+00 6.791530491358315214e-01 1.069687742507868133e+00
1.487405533772791610e+00 -1.279487986057056999e-02 1.267088704307308411e-01
4.628544976162861091e-01 2.725493070384159555e-01 6.155268058591322616e-02
-8.685543083400153463e-01 4.918582512696215159e-01 -6.282774328909690453e-01
1.080193862789286197e+00 -4.762451992332905615e-01 -6.183803261768154869e-01
-1.818282661111205456e-01 2.051659776322326323e+00 -6.962757516673797609e-01
1.704642170032202975e+00 2.455451373856479547e-01 8.120948957434810378e-01
7.128681939399962759e-03 4.550461185576388373e-02 4.872910734814160927e-01
7.064485743288370090e-01 -1.300344104663614386e+00 6.669160371348598071e-01
4.709180809234644327e-01 1.777741732613939529e+00 5.827992190213168167e-01
-1.704844595680903518e+00 -6.499565318820634818e-01 5.058842655013256334e-03
-2.831065205659540229e+00 1.066385523714521888e+00 3.431477828933671842e-02
-1.713539364279493604e+00 -4.267048080064467230e-01 3.791663279012988386e-01
1.236346014033908869e+00 -5.442459155459513642e-01 8.968503878539182406e-01
6.664090798960331519e-01 2.046542518926605325e+00 -1.729221073246154650e-01
4.363657554677196071e-01 -8.622952770978656867e-01 1.419004826877278969e-01
1.452982786326807441e-01 -4.483431421467001798e-01 -1.862662280477551890e+00
-6.541076810540702446e-01 -4.165987813860713707e-02 -1.995686995401055208e+00
-1.458241503650692106e-01 1.322816428117630005e+00 -2.406034432508803889e+00
-2.706246556810550374e-01 7.272973830383047122e-01 1.096087750705355024e+00
-4.157444626089619455e-02 -6.373769858175414305e-01 5.450558228023179019e-01
1.127335834049019020e-01 4.633315655379227072e-01 4.379014196148450222e-01
7.966031548242442639e-01 -1.641437574406228617e+00 1.577143755237358613e+00
8.421079586533036787e-01 -8.107620033441453877e-01 -8.155949598027857350e-01
-1.692611831579330373e+00 3.550153219786511549e-01 -5.958573260393118520e-01
-2.288487549443748659e+00 1.078503424630990581e+00 1.824513932462832777e+00
1.183242894273603074e+00 -1.500820437592437884e+00 1.107366481957193338e+00
1.129863806257318082e+00 -6.612629527243568672e-01 7.480750508683413624e-01
-1.637481585144311635e+00 3.775411577817919806e-01 8.541224914590115347e-01
1.418343749271725907e+00 -6.092271007536795846e-01 -5.842918339784725079e-01
7.642731891938009392e-01 -1.505661888563732953e-01 2.097484596217374930e-01
-8.430859320073798291e-02 3.709490495994902798e-02 8.753725709206812422e-02
6.204108013446345549e-01 1.265856730506538907e+00 1.595579858863874559e-02
-1.957163917238145256e-01 1.284721136416952847e+00 2.572294173591592736e-01
-1.108564342334527719e+00 -5.617726027705616243e-01 9.859694553927128569e-01
9.914127702268109299e-02 -8.205268168932609019e-01 -1.467026107489775244e+00
-5.451688671256611496e-01 5.311011057776683364e-01 1.241301438614970110e+00
6.808294140889350476e-01 1.132464106730497022e+00 4.076329396792371940e-01
-6.625727784366928219e-01 -8.811695161891599515e-01 5.585869536408947233e-01
-7.862864034383141298e-01 -1.434910314382784047e-01 -1.378877409045541590e-02
-6.963136056718064459e-01 2.582026294925379717e-01 -4.351563044510071282e-02
-1.429238275521929946e+00 1.531125763548649849e-02 -5.607059125236923958e-01
-4.141065865885222852e-01 -7.020676253825500757e-01 2.477199918511379995e+00
8.006473538698357650e-01 -1.079630459666218290e+00 -8.072223993521680796e-02
1.284635975121929397e+00 7.722114445832399809e-01 8.290771196729722625e-01
-3.152708437134913999e-01 8.082689149431098175e-01 -6.999438294987629927e-01
-1.299254604040983585e+00 1.931574084310344386e+00 -1.252876458535706963e-02
2.148403999105972684e+00 1.409965992548833707e-03 -1.877600397348571759e+00
-8.486732517732173964e-01 5.418986167106450980e-01 1.556604250621109464e-01
-4.326372334941337994e-01 -2.113810927749280921e+00 -6.659822665909778672e-02
-4.584813384197090058e-01 1.239471793416624112e-01 -5.981452715235273665e-01
-2.010398019153041727e+00 -8.687900906828196490e-01 -2.244579054109416827e-01
4.065831631859154194e-01 -1.283299261458756002e-01 -5.121035648565618326e-01
-1.836630855985590472e-03 -4.428563953806127773e-01 1.381019582947933477e+00
-6.088444277925446624e-01 7.718938923827733944e-01 2.005248106066459257e-01
5.449840321186245617e-01 6.504482673977408924e-02 -1.318599361460761621e+00
2.954083593579117095e-01 2.910826928685480430e-01 -1.274232857605589242e+00
-6.730771007443777654e-01 9.396291138474169302e-02 1.092849793391525992e+00
-5.381111436265231251e-01 9.004982159010040954e-01 8.357990696949654241e-01
-3.506401283822423998e-01 -5.595488487655896348e-01 4.303008078072670384e-01
1.451999408115412615e+00 -1.109836328560228180e+00 -3.217462128356803341e-01
7.623246820780844590e-01 -9.469420098159256893e-01 -9.612044658139848874e-01
1.203911435735497415e-01 7.004829422523061178e-01 -3.687024708140433371e-01
5.621700567695535611e-01 7.888795437148135581e-02 9.242533779448849351e-01
7.283511563862044014e-02 -3.483109436593131991e-01 -4.373751855372132180e-01
-1.609018036313904609e+00 -3.853226672887762327e-01 -1.314961972205724861e+00
6.475027489427737093e-01 -1.051874383479507236e+00 3.682380212346990089e-01
2.979093799878655413e-01 5.824456038779123324e-01 2.015254924642297385e-01
4.384956163358810222e-01 -3.200253208691084539e-01 -5.498317120293721993e-01
6.649246928314039851e-01 -3.350825992636407014e-01 8.836158650967170791e-01
-4.269094900449962315e-01 8.090737099814500066e-01 -8.846246334100799080e-01
1.473746137403631806e+00 -1.208845569259252350e+00 -1.043856562107173369e+00
-7.906310936643515808e-01 1.155470697438159444e+00 9.434908419239179667e-01
-1.305950155918903649e-02 -7.863290797073073657e-01 -6.528359212873511286e-01
5.712920182238198086e-01 3.398024887221863799e-01 -7.008103903019905490e-01
-3.951584333013263839e-01 -8.366246748674599498e-01 -4.219417424025385110e-01
9.556653527493105815e-02 1.367489538597013832e+00 -6.356277170730102732e-02
1.340362872348076217e-02 -4.968569251075271032e-01 -8.911336185995272219e-01
1.010344636048056577e+00 -1.535090785264139557e+00 -2.694033372547874339e-01
-7.060008631412308944e-01 -1.395114309373476580e+00 -6.606860557922948907e-01
5.301239942019094764e-01 -7.681066053974410224e-01 9.711661241455360472e-01
1.184389886217750654e+00 1.440974865870408239e+00 1.040452470723843559e-01
-1.097569538186705662e+00 -5.274307866543223033e-01 6.503091318905181994e-01
-6.898908864220221204e-01 1.772425467277162492e-01 -8.388953332092456971e-01
-4.284533939750336251e-01 -3.289337562370883150e-01 2.117938883251523574e+00
1.930880408072839227e-01 1.312738491906170868e+00 -9.484753851713116912e-01
2.188247618724537824e-01 5.044261702252517132e-01 5.595146782006426012e-01
-3.312068128839562586e-01 1.121559666074585015e+00 -5.479394250281458545e-01
-6.211638539966864991e-01 -1.400531472979538172e-01 9.931676887783394969e-01
1.106189588305505067e+00 -8.974618933046969449e-01 4.958794874377264184e-01
-1.078093505942974151e-01 2.733340008889240114e-01 -3.448369356461896632e-03
1.340679590818780742e+00 -7.638449852845888843e-01 2.341024651364275455e-01
-4.874087828144202938e-01 -9.798505411608968152e-03 -3.105508336681416237e-01
-1.031542064726444385e+00 1.155675636925746902e-01 -7.739142670292608051e-01
7.289492385656669571e-01 9.448607752970836215e-03 8.749828754017597854e-01
-2.792374878490678225e-01 1.569966109657077835e+00 -1.012722663677676271e+00
1.305733735831021924e+00 -1.800498254209312865e+00 -1.158521152635203083e-01
2.367871891675127904e-01 -2.002982068364796975e-01 -3.275462553868579985e-02
-1.440933524975313462e+00 1.179670305213957437e+00 2.585029791035156621e-01
5.703698751216379481e-01 1.036057078461237069e+00 -9.331965641604554884e-01
1.571983405095589648e+00 4.584980735200134272e-01 -1.303506509414427805e+00
6.025333411231783565e-01 1.402738592892001757e+00 1.362130445978080084e+00
1.499516253536755661e-01 1.602827440602676345e+00 -6.901062359097592802e-01
-3.656753767198997473e-01 6.049241177704052230e-01 9.581631432231276779e-01
-1.152124621476301680e+00 1.416922235940512032e+00 6.401137057327497271e-01
1.322313659125577967e+00 9.758833056520436200e-01 -2.312735063665230795e-01
-7.734828013038561600e-01 -2.613932415959387967e-01 1.863730935572533332e+00
8.025308559160763133e-01 2.250823345569620049e+00 1.334345293004520483e-01
4.795015580030009827e-01 -1.811964003285707336e-01 1.176486985552725462e-01
-3.347495116667497106e-01 -1.471302271910039261e+00 -1.282640522797130922e+00
-1.717802741596265337e+00 4.337685765421477324e-01 -1.967366894998002547e+00
-6.390735742209211478e-01 2.957351218520801184e-02 -2.339448108535291948e-01
-1.398175578415979392e-01 4.512136392958020492e-01 -1.361426698936908652e-01
1.714881284017563678e-01 1.115906453462633813e-01 -8.151662134443906638e-01
-1.669255976258750274e-01 4.013838084397772232e-01 8.007568726976672657e-01
3.144400085048615900e-01 1.012984265712111753e+00 -1.350372877800443572e+00
