4.729191025885719455e+02 -7.645833602231326722e+02 -2.586219689764314156e-01
-4.684193557349346975e+02 -7.691234880151370135e+02 -3.734970497611683538e+00
4.759221751348076737e+02 7.646447298169020996e+02 5.775849927258301930e-01
-4.737281436232727856e+02 7.689722658419955224e+02 -2.109897871111606094e+00
-9.874471018884263263e-01 4.729018697564678746e+02 -1.529743041152378282e+03
-2.658805454265916968e+00 -4.755441631378668035e+02 -1.534852333498236021e+03
1.339516559990210132e+00 4.729450691662695476e+02 1.534006120116609281e+03
-4.207447104332397991e-01 -4.706747385283323979e+02 1.532323843007515052e+03
-7.672082270007321085e+02 2.016647446119734344e+00 9.452822612168865817e+02
-7.681569566691822502e+02 -3.132407182059103512e+00 -9.456944987013604305e+02
7.669281621458020481e+02 -2.399087189895628691e-01 9.491308303260026378e+02
7.626299005352718723e+02 4.789583140424869545e-01 -9.475796012995998581e+02
-2.890462145342776790e+00 -9.002426538087082690e+02 -1.538016940854279202e+00
1.798793543740998535e+00 8.996106768144160242e+02 -3.320758739191879139e-01
2.787776080235005338e+02 7.299862515963701526e+02 -8.996803771382456034e+02
-2.767207818713691267e+02 7.267831681038124998e+02 -8.999323732743239361e+02
2.770896211133061797e+02 -7.276799223446651013e+02 -8.998663065709778266e+02
-2.768002607722490893e+02 -7.301300542991702969e+02 -8.970713283830568798e+02
-1.070854110696447092e+00 -2.840946061017890933e+00 -1.800843339102368418e+03
2.785094616976999191e+02 7.288960696777627390e+02 8.978228156343723185e+02
-2.786728111175816593e+02 7.281235461635583306e+02 9.005519733326830192e+02
2.776258269393703131e+02 -7.278428496982601246e+02 8.987658789415444289e+02
-2.739592752248632337e+02 -7.249572572033914639e+02 8.977003878786680389e+02
-2.799503294474166015e-01 1.979797602171962545e+00 1.804695651629529493e+03
-7.342531969802504364e+02 -4.479790630466966377e+02 5.548602663944666347e+02
-7.325075055651516323e+02 4.480471485374716281e+02 5.567417796467999551e+02
-4.526924306556280158e+02 2.803088753778788487e+02 1.457834248832380808e+03
-4.491054576992967782e+02 -2.778966743443905898e+02 1.456249896848318485e+03
-7.297434988317128273e+02 -4.495726087260212012e+02 -5.548009292407591602e+02
-7.296832745188816034e+02 4.553552743699227676e+02 -5.565763458434533959e+02
-4.489630927934384204e+02 2.797986209997397964e+02 -1.453549530924792634e+03
-4.537720045481568718e+02 -2.789162212567173356e+02 -1.453606119801713021e+03
-8.982714873131867535e+02 7.247314956379079520e-01 5.024143637108073879e-01
7.296539545418195303e+02 -4.488343743228742824e+02 5.564307979553345831e+02
7.250319847015093728e+02 4.496101819729417457e+02 5.585843411817362494e+02
4.480804989353632664e+02 2.763682856148697056e+02 1.456581210084006443e+03
4.519885400338637282e+02 -2.791787552793241503e+02 1.457066431903108423e+03
7.289386379392262825e+02 -4.488486932317516676e+02 -5.561483912108586765e+02
7.286188972375997537e+02 4.507563232625939236e+02 -5.565719800896299603e+02
4.462144592961558942e+02 2.739063588163448912e+02 -1.455747037002646039e+03
4.514884340247269279e+02 -2.782755179514345514e+02 -1.461122804947290206e+03
9.009712838330722207e+02 4.115451557247997272e+00 -1.656430130404564771e+00
2.455656467107218646e+02 -8.636987058837069071e+02 1.220051111187779647e+00
-2.476435537210479083e+02 -8.657910938949570436e+02 2.884887932953880352e+00
2.442915353992382848e+02 8.647539671884212567e+02 3.016498733861711301e+00
-2.441860555124068810e+02 8.659358432998088801e+02 2.447085205702203003e-01
3.902149880136883553e+02 7.769009538619029627e+02 -4.663741409173729835e+02
1.444119310070603319e+02 6.217263751114658135e+02 -1.264091985922195363e+03
1.429268468902586733e+02 8.576898766826653855e+02 -4.748748090156058197e+02
-3.902868192885723033e+02 7.782053404263170933e+02 -4.673218143789440546e+02
-1.442919429205089443e+02 6.230351646459038193e+02 -1.264203923661254748e+03
-1.445490920320765156e+02 8.562903417013288845e+02 -4.740451007489389781e+02
1.105762196326326441e+00 7.690680416973387992e+02 -9.473877689556037467e+02
3.915949690950931199e+02 -7.750885275468762075e+02 -4.715875431844007721e+02
1.423799017521518522e+02 -6.230373808084170832e+02 -1.263913527733842784e+03
1.456011099624314227e+02 -8.544634381203813973e+02 -4.753594592468396058e+02
-3.911910635444160107e+02 -7.721697584826163165e+02 -4.683467673975239336e+02
-1.447077508461415789e+02 -6.222190773346991364e+02 -1.262292987867576358e+03
-1.478800759592218981e+02 -8.563147963777921632e+02 -4.773483188343496408e+02
-2.697691083135822065e+00 -7.663033309295923345e+02 -9.477517873551989851e+02
-1.154113988828008752e+00 2.431634246641782227e+02 -1.731317472890407998e+03
-2.450729888786969735e+00 -2.486949219253946808e+02 -1.727727776039153696e+03
3.928282731329377953e+02 7.779800560908122407e+02 4.713192489305046138e+02
1.452067784056172570e+02 6.229967816275111545e+02 1.259840346074409581e+03
1.443571819465166470e+02 8.525979906748968915e+02 4.707861725099771206e+02
-3.925277170578177106e+02 7.752111016578406861e+02 4.684722372923011449e+02
-1.423610159628052827e+02 6.232547193231919209e+02 1.263626795971090587e+03
-1.473810810165649343e+02 8.527850056718056067e+02 4.739981441322711362e+02
3.193884229318770362e+00 7.640316150822432064e+02 9.446151466133895838e+02
3.902388757553887331e+02 -7.790976840746287735e+02 4.661915582122072692e+02
1.478320061758176962e+02 -6.257444416162021525e+02 1.261654053485198801e+03
1.444152796373151659e+02 -8.581209175469588217e+02 4.763845328879837098e+02
-3.905037699472004533e+02 -7.809363992048546379e+02 4.690208104233844324e+02
-1.419537038752395119e+02 -6.234817122792795772e+02 1.261403422209580867e+03
-1.477198428937096821e+02 -8.613930931625168341e+02 4.710384501713988357e+02
-1.320194505270767538e+00 -7.621962135781158167e+02 9.465416043588228376e+02
-1.266863451726259138e+00 2.455072733981699002e+02 1.731642183402956562e+03
1.364591094564378271e-01 -2.484535548699283538e+02 1.729381203816566767e+03
-6.223225344929561516e+02 -6.308481124365522419e+02 2.844897095712460668e+02
-7.749768033436591850e+02 -2.341707113884858131e+02 7.783609620703202836e+02
-5.293236471142324717e+02 -6.203335085978288816e+02 7.656918810262602619e+02
-6.267332007333699266e+02 6.304594328783354058e+02 2.906095863642573818e+02
-7.771766032491502756e+02 2.295456663288509276e+02 7.816397155392436389e+02
-5.263277646123390241e+02 6.133736607169423678e+02 7.655190752502252280e+02
-2.309548740168252721e+02 3.932321221494338488e+02 1.552357291179576123e+03
-6.325084812723797540e+02 1.434291265537445952e+02 1.249269542273023262e+03
-3.820966257048235661e+02 5.291865381338340057e+02 1.238299014625329391e+03
-2.383520135948615462e+02 1.481562174161410042e+02 1.708178365436818240e+03
-6.165273651537003161e+02 3.840334200210660924e+02 1.056067873737373020e+03
-2.299565040518841386e+02 -3.909612858676508722e+02 1.553391778593903609e+03
-6.301681977149901286e+02 -1.452072384382801147e+02 1.252317840441048929e+03
-3.808283421802902353e+02 -5.276139414897077131e+02 1.238799541337488563e+03
-2.331880408463922265e+02 -1.454446930707109118e+02 1.713146760772861626e+03
-6.196675395125025716e+02 -3.843173420993435911e+02 1.059271507032797899e+03
-4.720300315290393769e+02 2.584408381802492549e+00 1.531241722576522761e+03
-6.263133902435466780e+02 -6.322827323117139713e+02 -2.868382353070549584e+02
-7.781545609140255237e+02 -2.331137540998291229e+02 -7.837203722698275214e+02
-5.268366688846294892e+02 -6.202635508104764313e+02 -7.650768234521609656e+02
-7.645377737314059914e+02 -4.739740615408956046e+02 -1.633084421679603215e+00
-6.227593275724547084e+02 6.304121507800869040e+02 -2.908134771045188813e+02
-7.742555233247634305e+02 2.331260826863746161e+02 -7.823839741594296129e+02
-5.306353067731846522e+02 6.189429466132629614e+02 -7.634648274455810224e+02
-7.625782020019803440e+02 4.731086005650088282e+02 -8.578100434686577458e-01
-2.357593869396314403e+02 3.929558749153026724e+02 -1.551882567673889071e+03
-6.330160344596425830e+02 1.394130532898563786e+02 -1.252715820844104655e+03
-3.833013942295859806e+02 5.282274913130008827e+02 -1.238418350440462746e+03
-2.392517083726348801e+02 1.475813362835808960e+02 -1.710895684742273716e+03
-6.207340080639320377e+02 3.851839447686403446e+02 -1.058981027368131890e+03
-2.349742513255916094e+02 -3.878493147371621035e+02 -1.552343538208405789e+03
-6.303123243761118601e+02 -1.444635430443886435e+02 -1.250450368178703457e+03
-3.842658372798684923e+02 -5.274304504573714212e+02 -1.237089627985993502e+03
-2.387766946008034950e+02 -1.463659495013583296e+02 -1.711693767743935496e+03
-6.209533929700544377e+02 -3.846513277852207580e+02 -1.057611650769137668e+03
-4.719181223463048696e+02 -2.189690303763302398e-02 -1.529845587538197833e+03
-8.650868767891231528e+02 2.620028457100115116e+00 4.937170318242206690e+02
-8.660354685718594965e+02 2.345680513821487345e+00 -4.942049463333721633e+02
-8.555218557573099361e+02 -2.354158319109970137e+02 2.920376168468588389e+02
-8.547953972337829782e+02 2.345760238207197403e+02 2.881121589331501127e+02
-8.567821573236476524e+02 -2.345668321438337784e+02 -2.965260084186070912e+02
-8.571742854114257852e+02 2.347103925257789285e+02 -2.892013960239113430e+02
6.263448740451372032e+02 -6.329913079176884594e+02 2.888037639189664674e+02
7.771857865759191100e+02 -2.355213991881336142e+02 7.812026121405231152e+02
5.278818141130008144e+02 -6.208085791952263435e+02 7.658623597341967297e+02
6.245357926537442381e+02 6.333228085325996517e+02 2.902495960612430963e+02
7.724125634778806671e+02 2.343647043415239182e+02 7.796063959541899067e+02
5.293561402828294149e+02 6.194948985059720599e+02 7.615198356912399049e+02
2.340855723862246691e+02 3.903331183589054376e+02 1.553462898692710951e+03
6.343503586088622797e+02 1.409957993492608637e+02 1.250850099423216307e+03
3.826925865367084612e+02 5.301213949883326677e+02 1.238760453255920993e+03
2.375577563306713387e+02 1.488400921059860025e+02 1.709490456179969897e+03
6.183777128424553666e+02 3.858303522005758737e+02 1.056427561451370593e+03
2.337045601075070351e+02 -3.919672431128343533e+02 1.552786500393679489e+03
6.314807456322232611e+02 -1.447177513734302750e+02 1.250979368036631286e+03
3.825369398490175286e+02 -5.296000885887544882e+02 1.242150639246536684e+03
2.397131735540397983e+02 -1.471121713707451875e+02 1.712304786314322428e+03
6.223756871854809560e+02 -3.818774457280222236e+02 1.057822688202570816e+03
4.732887138339891635e+02 -2.040299584489758011e+00 1.534222090761339814e+03
6.235826351853505685e+02 -6.322831490114472217e+02 -2.849585882399250636e+02
7.786636204191909201e+02 -2.336850534764703013e+02 -7.795272629002475924e+02
5.244084458994275337e+02 -6.219665036689555109e+02 -7.637339766667855656e+02
7.660997061429923178e+02 -4.767521144693654946e+02 8.879239102698820441e-01
6.259031904433551290e+02 6.315079989669646920e+02 -2.888920436283274285e+02
7.738787282727058709e+02 2.345010744091277388e+02 -7.791156682529424415e+02
5.313802441207932361e+02 6.150728851786258247e+02 -7.656619475344898547e+02
7.672974716520552647e+02 4.724754897465493286e+02 -2.481510394912454842e+00
2.340489913893678136e+02 3.886462035684396596e+02 -1.551815785882157343e+03
6.319432781929745033e+02 1.457516480370827878e+02 -1.246503127676157646e+03
3.875127773009079988e+02 5.315391054102616408e+02 -1.235928572108024355e+03
2.367700490022287454e+02 1.456022648816523031e+02 -1.711291178467793316e+03
6.209296215636628631e+02 3.805881519951353198e+02 -1.059270972403106725e+03
2.326096755284100652e+02 -3.881453705705900461e+02 -1.554938996009346738e+03
6.290538979660944960e+02 -1.465812610138731600e+02 -1.247672486944330785e+03
3.806397789285678641e+02 -5.264820465139204089e+02 -1.238749872331865390e+03
2.374985568883721498e+02 -1.483380040167754998e+02 -1.707955883820477993e+03
6.199299660623806858e+02 -3.831893768320058484e+02 -1.057360046683377959e+03
4.725397319739420254e+02 5.599728364958100002e+00 -1.532208749722283983e+03
8.657600434659838129e+02 1.707091803274796371e+00 4.918657181520861741e+02
8.657454289576469364e+02 1.963904540228761153e+00 -4.911481704856583974e+02
8.559979759926417273e+02 -2.375021720670742127e+02 2.895975466281635704e+02
8.571228961139357807e+02 2.364963413901205342e+02 2.909147191061858280e+02
8.550447933997055543e+02 -2.348008658987055242e+02 -2.901486692163773000e+02
8.542664603228845408e+02 2.359707100063041025e+02 -2.948744109766207089e+02
