7.457901193820293262e-01 4.708408250723589705e-01 -1.904651721650659768e-01
2.269049605007189108e+00 3.560054208983144952e-01 2.001901052614057583e-02
-2.930941474018631809e-01 -4.867734861179782713e-01 -3.898492917016322945e-01
-6.989840103369590052e-01 -9.691839864837221985e-02 9.486431058542046380e-01
-3.641309454438075854e-01 -1.062400786941400943e+00 1.047310059381647118e+00
3.011501882705125976e-01 -7.399794788518904154e-01 -3.414967043091327592e-01
1.040678446162874304e-01 -3.064110379300380993e-01 -9.189521807810910881e-01
-5.622827610177678209e-02 -6.492692189371148670e-01 -1.863963900002864715e+00
-2.685811758053817666e-01 -5.056531880514708588e-01 3.843445715305297550e-01
-6.569523182686749264e-03 1.119296321090629681e-01 4.533154970109078141e-02
-8.966594603444525413e-01 -1.053765472663707570e+00 -1.409261050385453684e+00
-1.727806047994077110e+00 2.881199285866674065e-01 2.998564294618273895e-01
-1.363994699973257452e-02 -1.264856657774991178e-01 1.052965409590956858e+00
-1.820113253422823485e+00 -2.740747194220912730e-01 -1.282602620797312687e+00
-7.611358256077621620e-02 -7.347180649901341454e-01 1.414965064376421333e+00
-4.924792405806849294e-01 3.030706381950283301e-01 6.504971190561107397e-01
6.220464837309972461e-01 -1.496946264553050021e+00 -1.174005293335916411e+00
5.553407407397952245e-01 -4.089435358709845869e-01 -2.590532544601103493e-01
-7.860536789247388745e-01 -6.834171204708553438e-01 6.377546177404839201e-01
8.114415229791528406e-01 -6.899765472736384408e-01 -4.007333861295282462e-01
-8.793631931421387327e-01 1.214832128703992320e-01 -9.652714577524780237e-01
3.683942328607943129e-01 4.006223258259737907e-01 -1.956374341626125668e+00
3.468903436506423077e-01 -1.206360903735447659e-01 5.057239091859961899e-01
2.338400113705890737e-01 1.499595899429055690e+00 5.205748689714693178e-01
-7.610410337483262122e-01 -6.416551318960493910e-01 7.046343081982339718e-02
-8.206900061532304003e-01 -6.654679532926772723e-01 1.313391285386654506e+00
5.409039884015011124e-01 3.535072108185511874e-01 -3.250642667384043977e-02
5.658362604256103046e-01 -6.594893342703919137e-01 7.295479110012004220e-01
-1.581016148859892168e+00 1.613836491359871950e+00 -9.391915215506632109e-01
1.301560702636264555e+00 8.126919013603296493e-01 -1.098539863887051826e+00
-1.089880859071227004e+00 1.796499506863099074e-02 5.469382423420530159e-01
1.028008640387954920e+00 7.489150255343218765e-01 7.962568167913610662e-01
9.684471482780435125e-02 -1.851091228438652425e-01 9.307170671821077823e-01
-7.636892158843941458e-02 -5.927294498325582639e-01 -6.803168473414317186e-01
-9.830198235730143175e-01 2.250020481188662325e-01 -1.190071211743134183e-01
2.395216890582052116e+00 -2.161340341268758181e+00 -7.436909283504057333e-01
-3.553126577423195709e-01 6.147201689152621551e-01 -1.289188423233371961e-01
2.509586445577755703e-02 -4.998384461026451620e-01 1.382645787690480965e+00
1.268757775218360973e+00 1.192454602861268587e+00 -5.679200365957263325e-02
1.039155954471636889e+00 -8.161914029959858041e-01 -1.146046452837274465e+00
7.714541667223097088e-01 -5.844195623831439645e-01 2.127420841665904394e+00
1.522587747268615788e+00 9.692387507311038819e-01 -2.728400522035153153e-01
