-4.695855847920594073e+00 3.929502314770586757e+00 2.452035731671192487e+00
3.828952058190447705e+00 3.880815617280845675e+00 1.633852925150266255e+00
-5.139512603250071976e+00 -3.603887791796710260e+00 1.167839894640727350e+00
2.993652242624042614e+00 -5.453488526165826578e+00 9.840102153551052444e-01
-1.608147559340768584e+00 -2.007517016141907806e+00 6.869337901092334775e+00
6.386083209421228313e-01 2.991713180921168558e+00 5.319856946513449536e+00
7.379508321780881355e-03 -3.070913904242043913e+00 -7.819553609753228329e+00
1.616558512214885113e+00 3.350591823347401021e+00 -7.245772587309525115e+00
4.619877683302253679e+00 -3.043520282907414276e-01 -5.606117501279261006e+00
4.128588090048410209e+00 1.992399841072618027e+00 5.311720990593831182e+00
-6.026952760961824751e+00 -1.543224227796502035e+00 -3.772264151862215531e+00
-4.243286446307186210e+00 3.357278415951835404e-01 4.947643580207111924e+00
-1.389379117892237114e-01 4.545611960334805524e+00 -3.755128116460526577e-02
9.883107851167573232e-02 -5.334068926203676675e+00 1.587918167302828643e+00
-2.396370127822093021e+00 -3.661889889006434640e+00 3.994497828488121627e+00
1.230747520988753729e+00 -4.440414647578529994e+00 3.962249227027399456e+00
-2.519108447094558390e+00 3.352927993869422973e+00 4.140725814245231895e+00
3.372993274785622830e+00 2.633181860916151251e+00 4.906928985196175930e+00
-1.010009183710426361e+00 -3.707947070587893634e-01 6.522874678233568702e+00
-1.249693624763389854e+00 -4.427114283978119680e+00 -4.335484045648896334e+00
1.745158927730759757e+00 -4.553356832184864089e+00 -4.788409316790473547e+00
-1.381980248100624031e+00 4.446767576756809781e+00 -3.410506581656000069e+00
2.377159691921128193e+00 3.801907219773596136e+00 -4.923485237613816068e+00
1.560826929863487755e-01 -2.029798089842642927e-01 -8.181869437715283411e+00
4.387742921386905692e+00 2.768813247127551058e+00 -2.054564512496415141e+00
4.834840960782321062e+00 -2.731290327858528322e+00 -2.263990837369531217e+00
3.316669074838987985e+00 -1.355908054780606165e+00 -7.299790289527369858e+00
3.364651621985839558e+00 1.642267434964699735e+00 -6.789460662895979048e+00
3.590302267325618857e+00 3.078044867934804252e+00 3.804434592297789575e+00
4.630901934712064794e+00 -3.009343481254593833e+00 2.908008526633508506e+00
2.696630573794958963e+00 -1.527074970965931477e+00 5.916213599661750422e+00
2.933673440171169489e+00 3.047919397281529719e+00 4.908423663317128316e+00
5.412354822930471876e+00 -1.491908057034321000e-01 -2.429982895936768361e-01
-4.820398467358947059e+00 1.966779795226569538e+00 -1.692673560907580033e+00
-5.936811502083831016e+00 -2.399515282691107920e+00 -1.217927387413086038e+00
-3.447664901319337449e+00 -2.496769665081326472e+00 -6.726952160105279965e+00
-2.896940603725936647e+00 1.444097677576795080e+00 -6.773588894727009091e+00
-3.843456968226545811e+00 3.408883858841698977e+00 3.405975736533257692e+00
-4.644494049383135703e+00 -2.861528536494995834e+00 1.771730030236354336e+00
-1.937408117410154951e+00 -1.612481477860059798e+00 7.070115987353148057e+00
-2.915067545721607978e+00 1.723171122105049635e+00 6.345546485214003773e+00
-5.748034413563143374e+00 -8.702263499578316575e-01 -2.068290684647859645e-01
-2.303898150822418778e+00 4.783287970774734887e+00 8.978088564527110238e-01
1.691854428232698382e+00 4.323184887875509474e+00 5.025925985024929377e-01
-2.157865693315335953e+00 -4.780728336173807769e+00 3.839275895656341087e-01
1.947047729219006484e+00 -5.602420704083445280e+00 7.177948246119423281e-01
-3.339091880455834271e+00 -4.063232794989019681e+00 2.166890714798144657e+00
-1.250407867624208080e+00 -3.049829205107724039e+00 5.691601937356275620e+00
-1.829092236126724336e+00 -4.542057566766130705e+00 2.629752803809954464e+00
2.745325073318009235e+00 -5.125945206251959263e+00 2.299815917022601131e+00
4.517914786000574723e-01 -3.289398512610907765e+00 6.000713985056477462e+00
1.150551246515502335e+00 -5.075600299493749468e+00 2.717007829374173067e+00
-5.752262718830992716e-01 -4.340053403873614712e+00 4.395372691112779506e+00
-3.472313025410522780e+00 4.107429098380207755e+00 2.058904503328276459e+00
-8.228283041604197434e-01 3.019449101257551504e+00 5.433404473449604311e+00
-1.427595615077412949e+00 4.220951649749747681e+00 2.303838145914094415e+00
3.479555093293288603e+00 3.689403046374340800e+00 2.653882387308894142e+00
3.587042003163166903e+00 2.669747328335464687e+00 5.315371961372428622e+00
1.472566553373568343e+00 3.795244190283160179e+00 3.062939129772205060e+00
-5.105601423511383491e-02 3.382870426244655615e+00 4.492941791529394990e+00
-1.157432157082530999e+00 -1.076074659944487477e+00 6.675030286078612818e+00
-9.900295797236217943e-02 9.269385949028674521e-01 6.251049193746559318e+00
-3.065410729532531242e+00 -4.104429885267860456e+00 -2.231937253060596316e+00
-7.885347529167354708e-01 -4.023827873634727936e+00 -6.478374815886807525e+00
-1.036297970032473259e+00 -4.903947535588836004e+00 -1.571872776277543515e+00
2.683453344835834642e+00 -4.918909754049112237e+00 -2.075438032874172833e+00
7.880725077274707280e-01 -4.008707727406812360e+00 -6.519964056648050565e+00
1.057227717990437688e+00 -5.205884711667759568e+00 -1.647332375672778459e+00
3.697874789550794628e-01 -4.890423491274034973e+00 -4.297850490476694318e+00
-2.515342664210019397e+00 4.848588412655382207e+00 -7.839925175476215591e-01
-4.079438675862099295e-01 4.008524034397140667e+00 -5.925921041991981220e+00
-1.848525157667813001e+00 4.819192082436866365e+00 -1.413109386869417117e+00
3.417443060053941828e+00 3.935447208779307982e+00 -2.152229739413158427e+00
9.856542057960920866e-01 3.703671920583260224e+00 -6.779662742110239115e+00
1.621077800317144657e+00 4.475443705246651582e+00 -2.089127290034961337e+00
4.236108674984347400e-01 4.487603338137491349e+00 -3.577031995187360813e+00
9.116689464677295643e-03 -1.357957368681201205e+00 -8.469822708380993603e+00
9.712855903898636178e-01 1.872350751125131607e+00 -7.852748095680238904e+00
3.607824641048092751e+00 3.972187701368261603e+00 -8.144477288967842954e-01
5.012652308789904865e+00 1.322594400677023163e+00 -3.435437291339657584e+00
3.352166391531659073e+00 3.299106121851597795e+00 -3.931964212097373679e+00
3.797626897170505611e+00 -4.495032385804140773e+00 -1.113967664839412341e+00
5.156890376462799352e+00 -1.541841518791084553e+00 -3.920267649598026427e+00
3.589658732437979172e+00 -3.736099561997415996e+00 -4.034858879282345434e+00
1.412507326152778298e+00 -2.316346635855063507e+00 -8.031433829467793828e+00
4.295274747085402467e+00 9.024768006551164845e-02 -6.684076582724908455e+00
2.600523328237825282e+00 -3.228052796333543029e+00 -6.486702352029108276e+00
1.721683213285013503e+00 -8.870607574330811040e-01 -8.117850005975741468e+00
4.160605125740032939e+00 -2.113905251013285636e+00 -5.269270424105300776e+00
2.463752506372670403e+00 2.616938597342850059e+00 -7.203303411495057595e+00
4.389765816980182755e+00 5.302850011834316923e-01 -6.148547655570910209e+00
2.601535087468928698e+00 3.256372310542469339e+00 -6.201952207495198266e+00
1.690319561256445446e+00 9.517147740523542732e-01 -8.026760659024578359e+00
4.066739990146888140e+00 1.834937719165831149e+00 -5.121703586908737726e+00
2.913542132459401746e+00 9.315697999284328068e-02 -7.446370195611025089e+00
3.585228556733442762e+00 3.944180272219447225e+00 2.583331616940580666e+00
3.574381709923557526e+00 2.464377095589042721e+00 5.352701572489348081e+00
3.049275121419932066e+00 2.656831004438799937e+00 4.847303251647694822e+00
4.294478099102342128e+00 3.060448512133352228e+00 6.420258178423238205e-01
3.842987875012681798e+00 -4.558383086564402831e+00 1.659914589982235622e+00
4.539147850433845832e+00 -7.826567752995576832e-01 4.027380657206744985e+00
3.360666099653315975e+00 -3.913094862364054904e+00 3.357460474673104933e+00
4.309960205408378542e+00 -3.578778751785386181e+00 3.832624303315909087e-01
8.048814413808629276e-01 -1.975710068872960301e+00 6.295548541358678030e+00
3.374686740700958865e+00 4.469801514156612754e-02 5.878876094528609819e+00
2.072297855176386427e+00 -3.277226817882429089e+00 5.145548908629820062e+00
1.077062649036778952e+00 -4.723644401451117525e-01 6.285322578529501492e+00
3.637614172044084881e+00 -1.657157979899268385e+00 4.949136886607954366e+00
1.943933157001169754e+00 2.828540717729700393e+00 5.153868489653102181e+00
3.898243296759993370e+00 2.141549257532936679e+00 5.248665779658300501e+00
7.607989398859810182e-01 3.481302756171777091e+00 6.246990693368290160e+00
1.570179523095200480e+00 1.098313717513589971e+00 5.951016884759075865e+00
5.106457683046904172e+00 -1.678310695063949531e-01 5.548061449629828168e+00
2.974840960181939664e+00 9.356112301199654979e-01 5.552345167821015615e+00
5.180497301700583535e+00 -2.840627580977329592e-01 -3.346424157457986492e+00
4.910799039006929156e+00 5.766591189692231723e-01 2.730358092922200886e+00
5.084643659460139631e+00 1.173379412401335031e+00 -5.023696354339025616e-01
5.401526285755099188e+00 -1.255349565215719387e+00 -1.571972491873919520e+00
4.509881289526817660e+00 1.924691320689270846e+00 2.428217521891564701e+00
5.119010751862423270e+00 -1.577347049077539198e+00 1.440270670898225358e+00
-3.737044227156809839e+00 3.890529048937255485e+00 -2.015962344788113925e-01
-5.105856290971683364e+00 5.083673208579371217e-01 -3.629357786203949221e+00
-3.254876749469817643e+00 3.415895589814799127e+00 -3.343602771706177812e+00
-4.705836975594534621e+00 -3.880361329609274712e+00 -3.044362864400311786e-01
-5.902418457378480809e+00 -1.761288403903519262e+00 -3.714465280633487687e+00
-4.182976241579534182e+00 -3.205307335513674083e+00 -3.380665191679043335e+00
-1.662458391432644511e+00 -2.843846994897841984e+00 -7.432208938275119969e+00
-4.376140785456354543e+00 -1.520742992131121074e+00 -6.235645384861966178e+00
-2.683460563585323033e+00 -3.606165883551389229e+00 -5.578505354265832494e+00
-1.840415469606214049e+00 -1.682397780649286245e+00 -7.984037359772510278e+00
-5.127524246024443677e+00 -2.363393206629431642e+00 -4.631777529374534907e+00
-7.722441716537834511e-01 2.193087160999651175e+00 -7.650794649520599400e+00
-4.509170392190835486e+00 -4.746400188521128494e-02 -5.841579008245977533e+00
-2.155619207370079060e+00 3.026760951337251981e+00 -5.586869635715898674e+00
-1.159446242692716567e+00 5.656290272850866829e-01 -8.063520363464828478e+00
-4.087790906919855694e+00 1.677555947316213825e+00 -4.681390135108745021e+00
-2.857364011958402727e+00 -4.726866748312657518e-01 -7.194897035364613558e+00
-2.728220488002360167e+00 5.642432993571834920e+00 1.357613291884075313e+00
-4.288633555910722706e+00 1.367219896046523608e+00 4.585191713351638221e+00
-3.428737479527051324e+00 3.171847988910799998e+00 3.663321555924664352e+00
-4.286965231742183136e+00 3.001206350547164892e+00 1.069521139061112347e+00
-4.334637211988360050e+00 -4.342058052238247257e+00 1.100714345032510755e+00
-4.489247580178760799e+00 -1.324474380318231725e+00 3.739046041552759991e+00
-3.674843398369012526e+00 -3.304236839516986546e+00 3.192130485318012134e+00
-4.177129105023126066e+00 -5.030696500626776313e+00 1.047607422176052294e+00
-1.464474291772707382e+00 -1.337781742212283298e+00 7.380391302704139456e+00
-3.104093095155125770e+00 -4.709444589421971084e-01 6.174525971526403367e+00
-2.064294911324251025e+00 -2.685569899310748188e+00 5.909032225050486531e+00
-1.223990598293030807e+00 -1.386740111753368199e+00 6.849886156920224956e+00
-3.732690211375773615e+00 -1.925029351358271024e+00 4.914033351943701611e+00
-1.305482594712677802e+00 1.514955719436217096e+00 6.316159072740971325e+00
-3.305367918899721591e+00 3.952751029930992588e-01 6.292132126440982631e+00
-2.441096398790297606e+00 2.387307968549686521e+00 5.726806734325849746e+00
-2.030284956526107631e+00 4.095337764295474692e-01 6.488454215048239604e+00
-3.651824166205988043e+00 1.305563840898202876e+00 5.688146772945133378e+00
-2.121179661374059222e+00 -2.326132555102255473e-01 6.628173086499216105e+00
-5.948869941948002449e+00 -1.117297975656291742e+00 -2.461702672743807163e+00
-4.964394602020101743e+00 -9.525925830724212284e-01 2.559474569119599696e+00
-5.545535026961808001e+00 3.483456567209706201e-01 -8.808263368998231480e-01
-5.635707133533431445e+00 -2.144721277772431378e+00 -1.238269972779523664e+00
-4.911743027247863935e+00 1.050269162146303614e+00 1.875996299981029347e+00
-5.050056947544846686e+00 -2.367978297988104330e+00 6.556801164697484419e-01
-4.261116391294657468e+00 4.143636690128262856e+00 9.381275872628134227e-01
-1.029623944613596631e+00 4.518599407130095891e+00 7.010930549511419363e-01
3.000184900589593084e+00 4.119456674141630970e+00 1.119400229805419977e+00
6.239141432624711880e-01 4.716010790345444015e+00 1.811629735860614265e-01
-3.976623232355089854e+00 -4.122705210475382742e+00 1.545518266706299298e-02
-6.968101648437442508e-01 -5.175020220531874493e+00 6.246567275602290525e-01
2.748958984684796825e+00 -5.327119813921478375e+00 7.971794750960967679e-01
8.446379977499353098e-01 -5.505384729113901088e+00 7.174272038499209803e-01
-4.057145015059774984e+00 -4.045032702180916040e+00 1.109519849549669868e+00
-2.487094078241729900e+00 -4.137179027731413328e+00 2.926252668814874003e+00
-3.226491269428971798e+00 -4.404910039066320948e+00 9.021898353740449572e-01
-1.521770538806529904e+00 -2.625327029485385655e+00 6.404558806341141164e+00
-1.543981373821189385e+00 -3.759718115603332578e+00 4.750349624987058483e+00
-1.154515617263698557e+00 -5.027750331611513523e+00 1.967618401609627643e+00
-2.023680056606823818e+00 -4.273101537785324311e+00 3.522534709481254023e+00
-2.028254439704288536e+00 -4.716707580307136105e+00 1.075386263387426489e+00
-2.482460267103866247e+00 -4.498376427357841045e+00 1.737982790146880063e+00
2.808397883169567066e+00 -5.593277727643852337e+00 1.548710746633105817e+00
2.630022057082015863e+00 -4.764786206039561378e+00 3.201922638734838067e+00
2.840294094601041319e+00 -5.328185537140447181e+00 1.259701984200257474e+00
-5.173541190980116555e-01 -2.558022220847046224e+00 6.552349731031850588e+00
8.689993954333451454e-01 -4.142853068718024723e+00 5.213265832013243894e+00
-5.640878369038304641e-01 -3.142329000500785341e+00 6.261418011323093502e+00
9.570275507026874129e-01 -5.286051397458738421e+00 1.940436588690863884e+00
2.224465265703741146e+00 -4.936368037242792717e+00 3.006057409025309823e+00
1.752307862892007684e+00 -5.322757838657123486e+00 1.343121136284424644e+00
-3.282267122492933398e-01 -5.025758091167087827e+00 2.211765058494552516e+00
2.030046944979081669e+00 -5.399097489436230468e+00 1.961575452388132357e+00
-1.169143903738653734e+00 -4.422223007356489433e+00 3.937841497362359888e+00
3.341227237029649744e-01 -4.386024884746284158e+00 4.210431288657921378e+00
-7.071569737235161579e-01 -3.618966582115846098e+00 5.216048994634312486e+00
-5.641000087624039594e-01 -4.561747388188432950e+00 3.197971408172382457e+00
2.342038077426804310e-01 -4.022761168444654700e+00 5.024981678590106249e+00
5.417894260089932690e-01 -4.789210044369816899e+00 3.290505858933375105e+00
-4.410316621469790199e+00 4.014540878221166231e+00 1.999064017084418721e+00
-2.815904140383723941e+00 3.952346285640334411e+00 2.911379497839563957e+00
-3.448636561498882536e+00 4.236948065778153527e+00 1.011481574769991232e+00
-2.271494680385797438e-01 2.991361829197428435e+00 5.440563814996219882e+00
-1.486927070059524070e+00 3.345274171463011204e+00 5.152203408174504951e+00
-5.649108450318032215e-01 4.718299754095776954e+00 1.515397812812085965e+00
-1.773866500861173590e+00 4.096016095856831463e+00 3.390026138726066840e+00
-1.982665172480957860e+00 4.403517204074175240e+00 1.633532506268415174e+00
-2.491072747753660721e+00 3.986071895891825090e+00 2.199943193207890779e+00
3.654531642299046812e+00 3.679557817794061325e+00 2.063379596516095926e+00
3.067409680357074730e+00 3.559227366224935629e+00 3.301176413488172035e+00
2.476688707499325126e+00 3.757602571293858773e+00 1.840692259387075147e+00
2.031181659086268798e+00 2.901848851803841001e+00 5.397241446339474891e+00
2.652037029110024147e+00 2.843837602046432878e+00 4.959077433077201391e+00
1.456269149856793454e+00 3.062943646497448213e+00 5.109744508458526902e+00
4.869738586555894533e-01 4.331104538009563854e+00 1.733421302347744053e+00
2.501688811884623220e+00 3.301919266688024379e+00 4.061791401304999383e+00
1.621612673363299839e+00 4.248075296176176074e+00 1.441729966564462950e+00
-7.909742717895366926e-02 4.325384629747831333e+00 2.531648550482308302e+00
2.029465243804622343e+00 3.966527366692253587e+00 2.604399032877031228e+00
-1.168869448428212721e+00 3.546869667423059092e+00 4.170441928918108054e+00
1.554135377711489463e+00 3.436382142294353681e+00 4.274645320970752671e+00
-8.664697297493395567e-02 3.199705272812568779e+00 5.204600750764029726e+00
-4.493179575982853557e-01 3.919491104105339740e+00 3.289310981705740211e+00
1.693248480713554383e+00 3.197523617580500854e+00 4.968887338713654955e+00
7.946191536817032164e-01 3.798775330946968509e+00 3.669416336060843609e+00
-1.477492188757140390e+00 -1.662857795930452243e+00 6.928251039597716598e+00
-1.170743533003646641e+00 -9.188353473868131616e-01 6.733595137027238664e+00
6.285919857461260696e-01 1.775469516699671235e+00 6.104380809129723140e+00
-7.882059677778282536e-01 2.575786901917145877e-01 6.330699664127178217e+00
-3.781708585429458758e+00 -4.013898432835519614e+00 -7.418100116252027698e-01
-2.400200329661763554e+00 -4.148489233949603339e+00 -3.634619799055132550e+00
-2.639401574415641605e+00 -4.617849608235848891e+00 -7.897731288029623542e-01
-6.942658259989499536e-02 -3.467654311125210054e+00 -7.336607630028647797e+00
-1.060057053747819777e+00 -4.310802634730872995e+00 -5.486288075169881928e+00
-3.971303063584817328e-01 -5.234684087089156002e+00 -8.269062923885361904e-01
-1.211296474145699964e+00 -4.780388124499125979e+00 -2.878560188169219547e+00
-1.634352762355681943e+00 -5.085417129281348814e+00 -3.878561454230435857e-01
-2.369438807350402243e+00 -4.554885648665984554e+00 -1.702791937048135695e+00
2.690821188261358188e+00 -5.217763853805048591e+00 -9.319304420565315272e-01
2.219562587548675747e+00 -4.656948996436117483e+00 -3.492540356168756244e+00
2.231438805312534690e+00 -5.719970643379250319e+00 -3.303825037012904642e-01
7.786545161467069986e-01 -3.359507865913620162e+00 -7.498416006613271456e+00
1.053829833903965563e+00 -3.872200497233155847e+00 -5.993647793469352614e+00
-1.580822488415616622e-01 -4.041429206532932028e+00 -6.474591419824036187e+00
3.116387982293156722e-01 -5.462329755216621230e+00 -1.359632341845760095e-01
1.869079474513875461e+00 -4.864169398327278238e+00 -2.964332151024985151e+00
1.508861563875116385e+00 -5.504359332236441915e+00 -2.841327586415984818e-01
3.878607667179717611e-01 -5.121033926316712837e+00 -2.179959453052062290e+00
2.051412008330555370e+00 -5.328602070566922144e+00 -1.315087243558025643e+00
-5.038968708563835719e-01 -4.849551304522169204e+00 -4.310236128783941467e+00
1.123346754175898798e+00 -4.391650525715886211e+00 -5.048555908110832213e+00
-6.571199219926774360e-01 -4.676876917731505046e+00 -5.419882873078342378e+00
-1.221039893851651702e-02 -4.991952474229335301e+00 -3.004565877797441331e+00
8.929768488189383790e-02 -4.733679400932707004e+00 -5.491519087796136844e+00
1.146676513406957199e+00 -4.766607457544739468e+00 -3.405695459751625354e+00
-3.172239293402097093e+00 4.681832377721026006e+00 8.003774982640156355e-02
-2.715509951815992196e+00 4.525052979886846849e+00 -1.957512169458007545e+00
-2.949322319213172783e+00 4.803993595920199589e+00 8.414475599909381209e-01
3.278776755220711436e-01 3.113653398922332727e+00 -6.930152878819325402e+00
-1.016310755489777895e+00 4.138314511883407931e+00 -4.572914444665014955e+00
-5.110356483252946891e-01 4.537916831924777128e+00 -8.452589908525361961e-01
-2.329015629535204912e+00 4.776864425598981612e+00 -1.952185457472708663e+00
-1.463438844310503972e+00 4.968134979585820510e+00 7.999046195336751222e-03
-2.250821025197774272e+00 5.109977428953898837e+00 -1.770471442702525877e-01
3.520074513262465121e+00 4.011100575641220800e+00 1.631201343630006573e-01
2.348375651396236830e+00 4.187117577434015026e+00 -3.505156556728365125e+00
2.714766051090382160e+00 4.228583667059669260e+00 -5.696536422336184735e-01
1.919987316398765298e+00 3.137960249276256608e+00 -7.267211047280287772e+00
1.168304442892649897e+00 3.985868187193574830e+00 -5.740571648866198196e+00
6.519703500245115357e-01 3.426362734125517395e+00 -6.609656073817489208e+00
8.574748482023418772e-01 4.607954571913890796e+00 -1.317934614898424117e+00
1.631853796416739888e+00 4.278429108871462994e+00 -3.395592143097638349e+00
1.956738644107855585e+00 4.279048271440352380e+00 -5.298394878726658819e-01
-4.215774684694623825e-02 4.693679453938519153e+00 -2.193685302072244436e+00
2.607761329716085541e+00 4.231089519315047731e+00 -1.791333667991777290e+00
-4.563007538317772616e-01 4.606879896517601658e+00 -3.873608613372220955e+00
1.468737260143587964e+00 4.107684090252930353e+00 -4.564043826459188047e+00
-1.490230894330933364e-01 4.198301014993063518e+00 -5.214907506702987305e+00
-1.145026930720912217e+00 4.542290498506042162e+00 -2.793081698704742877e+00
4.448614178906127870e-01 4.142330677648059734e+00 -5.321249371905427239e+00
6.180123223739449889e-01 4.708107862830925860e+00 -3.078971591661306739e+00
1.023715461902078988e-01 -2.311404476237203021e+00 -8.166647129141104244e+00
8.445037521286749560e-02 -9.043014631123336144e-01 -8.313544081023742649e+00
1.263834021200330504e+00 2.836652209399796565e+00 -7.400574263811041220e+00
7.993388517423332118e-01 8.161833214146149151e-01 -8.078498454430590670e+00
3.907104435190414282e+00 3.706603068512349441e+00 6.819653768805269412e-01
4.060886679974216484e+00 3.433381408174234206e+00 -1.520797107963723249e+00
3.581673839469647902e+00 4.043451853562482157e+00 -9.470910800861688239e-01
4.568277474935708682e+00 6.919379365474136456e-01 -4.861818391948526497e+00
4.520119427520610245e+00 2.325127318795234377e+00 -2.667751130564410378e+00
2.616984667319790514e+00 3.597682249765083551e+00 -4.871648403790559634e+00
3.880919590404606101e+00 3.009774022866292142e+00 -2.801148470114128042e+00
2.894605319418889877e+00 3.969975868622031001e+00 -3.404281239761746125e+00
3.187027031473557148e+00 3.783056978389241820e+00 -2.585960358067195042e+00
3.094099450274937713e+00 -5.252274221130458720e+00 -3.467049888942153046e-02
4.533143010993669009e+00 -3.313520191422849148e+00 -1.980263156956782344e+00
3.505931789530257081e+00 -4.612204222411035559e+00 -1.626727363793772696e+00
4.820543340756303863e+00 -7.423486469624824835e-01 -5.056140580289967268e+00
5.111017512932540363e+00 -2.317154446564179349e+00 -3.424349241120913767e+00
2.706994781452453314e+00 -4.148632600185397479e+00 -4.456681267537684121e+00
4.419302136589028152e+00 -2.831087230624846018e+00 -3.574768556673851183e+00
3.247280551181514152e+00 -4.257117941335106792e+00 -3.124334655852984088e+00
4.110694248425572184e+00 -3.782603558552433132e+00 -2.760566670668960665e+00
1.055420514949380273e+00 -2.553066595696727781e+00 -8.142636672908281525e+00
2.161439165648061156e+00 -1.880368304932411805e+00 -7.759488165168932028e+00
1.438131775718601402e+00 -3.179354392185829159e+00 -7.237794025254380870e+00
7.713958276012624626e-01 -1.833000249315290375e+00 -8.328856540187416613e+00
4.478845703422642544e+00 3.725700980699760967e-01 -6.493212178207405927e+00
4.216414432061837303e+00 -9.004300371278310955e-01 -6.946992755328716740e+00
4.556948861335996526e+00 -7.298402073269002477e-01 -5.589390544758741974e+00
1.947827288011236613e+00 -4.047623142559602982e+00 -5.688444038797847213e+00
3.100744690574956497e+00 -2.278924131413094578e+00 -7.021386302932675960e+00
1.626033307936795680e+00 -3.398698789030891731e+00 -6.834957595710041467e+00
2.807289326416171349e+00 -3.581473698908216541e+00 -5.282913977445666376e+00
2.376900617546984673e+00 -2.492233264466471532e+00 -7.383257691932036515e+00
9.127948477190677146e-01 -5.765680087552411681e-01 -8.162430442339045911e+00
2.409165937279919678e+00 -1.208521914027603339e+00 -7.783427553800425613e+00
8.606935023066943913e-01 -1.485540390122704002e+00 -8.343516918852573738e+00
1.604784256997676239e+00 -1.690842585410212706e+00 -7.995472254462151263e+00
4.185822305841671920e+00 -2.714247412637916135e+00 -4.048410829766372565e+00
3.886477886842877538e+00 -1.950525218233558178e+00 -6.366983065983440326e+00
4.653619905665823175e+00 -1.729061685762966594e+00 -4.779819601818520169e+00
3.623072593712305611e+00 -2.994803477393796598e+00 -5.194870414528990565e+00
4.243050776153276971e+00 -1.099746170342674745e+00 -6.012043461636553232e+00
3.280825973386566119e+00 -2.942211173269432933e+00 -5.887792158275805043e+00
2.020084143064266868e+00 2.908662345958429540e+00 -7.437162490775677703e+00
2.920300709506803649e+00 2.350067248470747661e+00 -6.795516338924374899e+00
1.888694200846788185e+00 3.549137283268311904e+00 -7.075454602218801625e+00
1.740241775229893761e+00 2.378967135050094939e+00 -7.727424311818876568e+00
4.593267361589608910e+00 -1.476101893365978045e-02 -6.116661718472260922e+00
3.555374426891107387e+00 9.548224264237324954e-01 -6.495803031990121212e+00
4.613818651371627944e+00 9.865734893057932497e-01 -5.041084663403420763e+00
4.370949300573712115e+00 -2.589239936480031146e-02 -6.433367860997146082e+00
1.774956944912886136e+00 3.648464760052464229e+00 -5.994680303805858479e+00
2.959516015709839909e+00 2.566536932768196611e+00 -6.522985561288344059e+00
1.189023798036956459e+00 3.543486911187567312e+00 -6.597271261401239428e+00
2.906214739559503712e+00 3.284843429547802618e+00 -5.164406552863234801e+00
2.419426390147124462e+00 3.421190363545308699e+00 -6.611408278631530244e+00
1.249424274289703041e+00 3.060734395196755830e-01 -8.290264922471118680e+00
2.217332180679687959e+00 1.831461169693867408e+00 -7.433530341519570150e+00
1.222165492190278702e+00 1.277255804355190927e+00 -7.933556952770715043e+00
1.776617057493200535e+00 -3.771143186630777216e-02 -8.153585101266468627e+00
1.842642289539950573e+00 1.778898898029279030e+00 -7.545314341695267935e+00
4.305052682362974892e+00 2.351670916146090473e+00 -3.733556272114943120e+00
3.764049479483860594e+00 2.022305341780116894e+00 -5.872867962877275083e+00
4.563369774531132350e+00 1.506292952438234467e+00 -4.113986541134398323e+00
3.706856826345185763e+00 2.677338396035173318e+00 -4.522038458743851130e+00
4.349444815703499501e+00 1.169578497012042639e+00 -5.836801248386064067e+00
3.497351768983181231e+00 2.638271590343391093e+00 -5.519091424583026928e+00
3.269274846967293424e+00 -7.870132655974471092e-01 -7.206820519565253491e+00
2.965711840184223291e+00 9.922798766236933243e-01 -7.254234671367062681e+00
3.637077435200570363e+00 2.100460700264424052e-01 -7.113395300026352785e+00
2.488048679263422880e+00 -7.309081154458155760e-01 -7.815507503430404235e+00
3.679678304571913916e+00 7.601556193853076238e-01 -6.967323797781561190e+00
2.436650133285597430e+00 7.421017482936954623e-01 -7.587437680165128207e+00
3.780148682358634105e+00 3.854403075616330554e+00 2.653579492712934584e+00
4.002740106111402518e+00 3.531786132892754893e+00 2.693950732190519393e+00
3.556072842112046661e+00 3.541668975832785726e+00 1.828531375205902920e+00
4.066551278717430051e+00 3.705946107247610311e+00 9.298364517272730279e-01
3.512836376364945057e+00 2.565377309208982659e+00 5.918821198768290159e+00
3.820795957459175884e+00 2.486204369347168708e+00 4.336018338492465318e+00
3.199250632636407410e+00 3.313135583860380873e+00 3.582460412598807764e+00
3.719833521809098098e+00 3.071048486632232954e+00 3.661387958209028071e+00
3.651811435354665569e+00 3.231470826294181808e+00 2.809327611482189013e+00
3.688389376270588826e+00 3.061395803390699388e+00 3.501295282789374852e+00
4.445218793594630569e+00 2.875112483717453316e+00 -7.616263223606233312e-01
4.180188009015179063e+00 3.056213253526890217e+00 2.528058136797026290e+00
4.113066947721335964e+00 3.451977575391406816e+00 -3.224016302508441734e-01
3.954723929361704027e+00 3.412069365739906601e+00 1.448038443547583487e+00
3.328631013056638110e+00 -5.157790614399446305e+00 1.108637222786325038e+00
4.290309591647104348e+00 -3.560860650177104958e+00 2.035932156497988643e+00
3.097408496638310638e+00 -5.302220843384350957e+00 1.651296697073431519e+00
3.511690711029135770e+00 -5.027893697658694094e+00 4.417180005206194915e-02
4.593133334371549914e+00 2.894719541115229888e-01 4.670213399865832393e+00
4.648385998183739432e+00 -2.015634279650367233e+00 3.421243333254790908e+00
2.415817284786165864e+00 -4.127921973335283212e+00 3.920222606967723955e+00
4.012796639379472730e+00 -3.598577558223770012e+00 2.956970391791924779e+00
3.172079127023001988e+00 -4.466303882490882948e+00 2.667063330704249058e+00
3.693366894569623415e+00 -4.142578381377749253e+00 2.573792489871404854e+00
4.685696716865778377e+00 -3.567237946220149780e+00 -8.645379253740064218e-01
4.582600239916135187e+00 -3.268295483949974933e+00 1.421436702016890097e+00
4.068474187780426021e+00 -4.310954819581581887e+00 -3.466022906893660438e-01
4.015684235969994020e+00 -4.417392345984086255e+00 7.510241368519250393e-01
-5.836718575677926069e-01 -1.942591314770828248e+00 6.756959154452299110e+00
1.906769952350346076e+00 -1.723638985897984144e+00 6.059140789772537339e+00
4.381285025724764304e-01 -2.521898484999532286e+00 6.060699216356223218e+00
-4.647357871714779542e-01 -1.447621723318995857e+00 6.601484834022470771e+00
3.955590854860306482e+00 9.636492166452278463e-01 5.228079015288634501e+00
2.660264798460115543e+00 -4.724949910205214487e-01 6.181787737183075393e+00
4.146844886128996599e+00 -1.712593388168492242e-02 5.098668514738006863e+00
1.714480038961460506e+00 -4.145058946651509757e+00 4.666973143373299493e+00
2.532297754518102462e+00 -2.456379692121799074e+00 5.647010734894601924e+00
1.026983415261318422e+00 -3.276701430601955067e+00 5.493074866105826182e+00
2.935959675435356075e+00 -3.732707303175639257e+00 4.369576091476544910e+00
1.695991366031189607e+00 -2.713583006823822252e+00 5.821099789211728215e+00
7.946152921127391799e-02 -2.773056893749668572e-01 6.456667810634623805e+00
1.744801094996685897e+00 -8.082856771441487842e-01 6.209445769130838677e+00
-3.793398326128884224e-02 -1.221461663955044852e+00 6.453468846627037792e+00
9.005798775636328912e-01 -1.285694682917044362e+00 6.145106620648038032e+00
4.288885519367944710e+00 -2.147263237504025479e+00 4.023045619590903677e+00
3.276592878584501101e+00 -1.375006056379997510e+00 5.617524477441891761e+00
4.149791582658249212e+00 -9.864989652449258628e-01 4.643344196973454352e+00
3.794031998690990726e+00 -2.949436756745202892e+00 4.177789826760936798e+00
3.665512954683004310e+00 -6.089483337671791618e-01 5.421530434301675250e+00
3.275411050344147146e+00 -2.667573334923430295e+00 4.917120410083343884e+00
1.567986794080597823e+00 2.727182452448283279e+00 5.559589274515852608e+00
2.586249638875108836e+00 2.549414033714223038e+00 5.150869280765378200e+00
2.351526052084176754e+00 3.018117191446376246e+00 5.296839053054283042e+00
1.142862060169145266e+00 1.953611177987879310e+00 5.881532056972747391e+00
3.877030686321382369e+00 2.558356505130804148e+00 5.403432409619567167e+00
3.257647440550921036e+00 2.101276664292741181e+00 5.361391351043185871e+00
3.899148341952281882e+00 1.682375173238833455e+00 5.973681630542379217e+00
3.943630206082028522e+00 8.772614076528285620e-01 5.331180082442662282e+00
1.584834467617462384e+00 2.346560787786300839e+00 6.764262941817020369e+00
1.997141120061906250e+00 3.654914047060483284e+00 5.073318018194583168e+00
2.422740839152631054e+00 2.729955248149797065e+00 5.900724488196892992e+00
1.481255824055342396e+00 2.730256921698289929e+00 6.055650248688751347e+00
1.669012617174933766e+00 3.353236463486375385e+00 5.639373738642055045e+00
2.236499483118685738e-01 5.372257774573067080e-01 6.185897840363485223e+00
2.450777188966709375e+00 1.856046553953468736e+00 5.630895472475557995e+00
5.331545163578998991e-01 1.021036587506324311e+00 6.144624847314903882e+00
1.095774259952047913e+00 4.330000525186054050e-01 6.329512314022935016e+00
1.620150544912043022e+00 1.857997097367548145e+00 5.648586180868229611e+00
3.673591598396531044e+00 2.092512042196788880e+00 5.365487898111837239e+00
3.780208628734096798e+00 2.316170319551039469e+00 4.941055541223635217e+00
4.112428109732988446e+00 1.801775471354418512e+00 5.547977720226660026e+00
3.222165174904141782e+00 2.376415776331676000e+00 4.953792889408363820e+00
3.973161052762006040e+00 1.583002014791554002e+00 5.316048630697718380e+00
3.975166184829453275e+00 2.016019153645714823e+00 4.837535452602375941e+00
2.169835861950067724e+00 -3.772287159529551237e-02 6.159445539892190347e+00
2.684027191957063962e+00 1.783978987941485572e+00 5.517769263727962503e+00
3.127179875352166238e+00 1.174544060066773504e-01 5.764869014058175090e+00
1.691606450024936370e+00 2.102539831912000334e-01 6.224271778772771491e+00
3.595378655840469673e+00 1.263842197867667716e+00 5.194878752085767104e+00
2.124924931413283424e+00 1.111245826777176537e+00 5.957730143418929813e+00
4.852331399495907860e+00 -3.919510309574135709e-01 -4.548793734604959837e+00
5.296246379438075635e+00 1.793429968847574663e-01 -2.554445233095362866e+00
4.878249535741836063e+00 5.360125409778585537e-01 -3.557008351101889509e+00
5.143591622349763526e+00 -1.088345499267673100e+00 -4.027968269349742947e+00
4.490239904114253555e+00 9.357618340062717754e-01 4.263507029957779970e+00
5.102603818867937235e+00 1.539064633504780844e-01 1.194235187698043710e+00
4.158621703082615362e+00 1.203828280401042949e+00 4.627096950390240160e+00
4.653495009133107096e+00 -1.473368432994897337e-01 3.535497787458455221e+00
4.888648153667769947e+00 2.124639541105807883e+00 -1.085397163649992613e+00
5.252041551390953522e+00 3.163569636731409784e-01 -7.367749870141377944e-01
4.945935332234233428e+00 1.636058183809939948e+00 -2.451251840265899151e+00
4.787190048855949343e+00 2.199035467747977091e+00 2.981453849643698195e-01
5.035635243682388129e+00 8.812821849284766529e-01 -2.273701113972314225e+00
5.036312403936581639e+00 -2.185229001670331961e+00 -1.934634054184422691e+00
5.498377273684161182e+00 -1.659319496312137154e-01 -1.085891535949605524e+00
5.266816017159652752e+00 -1.676405496401997208e+00 -3.043107427542552923e+00
5.035960097289733817e+00 -2.562305562568648831e+00 -6.861918869161002243e-01
5.347705076902730781e+00 -8.543715515933271165e-01 -2.635487489357740909e+00
4.313041950729247453e+00 2.291903840811962745e+00 3.242507552883907795e+00
5.017693526647959423e+00 7.236100058894937570e-01 9.707643190594080762e-01
4.305734923919551704e+00 1.905173916908853071e+00 3.984532855646293559e+00
4.598281462715622325e+00 2.677601415176243727e+00 1.776961176896144412e+00
4.630511675731641574e+00 1.292870131079175922e+00 3.080493106380591151e+00
4.971815771960756969e+00 1.424191023254346655e+00 7.847417897570503342e-01
4.917992177193641901e+00 -2.546337465646122400e+00 2.007399221366255038e+00
5.306669232124468394e+00 -7.883103211131659016e-01 9.437676606629272769e-01
4.666768100354264703e+00 -1.456016590178405901e+00 2.773486536472388408e+00
5.097786729189849098e+00 -2.446564694432736609e+00 5.135768438564752847e-01
4.848953619943614513e+00 -6.961737361202273711e-01 2.316853835166889475e+00
5.151245154154093342e+00 -1.463356840043649854e+00 -9.601838036906981677e-02
-3.537369482671529841e+00 4.786708860501446061e+00 8.342822961753123545e-01
-4.509686485537427458e+00 2.761933657494036964e+00 -1.470938565453021596e+00
-3.286135074541854717e+00 4.263408717679301851e+00 -7.594197652863037273e-01
-5.542778252553395291e+00 -8.604913084317079575e-01 -4.000900711137172827e+00
-5.058302921016072595e+00 1.287909216074722529e+00 -2.784362290320737010e+00
-2.146768917325323933e+00 4.027702701731107560e+00 -3.260781045153774205e+00
-4.000460262863288818e+00 2.690512748261591369e+00 -2.943396138102293058e+00
-3.280127057834037796e+00 3.972688618975830810e+00 -1.895672417053094305e+00
-4.084768824227169581e+00 3.232964053452118236e+00 -1.641566484835216500e+00
-4.930418608440566786e+00 -3.906727469829274213e+00 1.092596249818228671e+00
-5.378583933725638921e+00 -3.061275107397273931e+00 -1.379376020887569609e+00
-3.905910253849500524e+00 -4.089086668998003660e+00 -1.251829181696826776e+00
-6.125843676306022445e+00 -1.306984711664755938e+00 -3.795652156843668745e+00
-5.980627965366378973e+00 -1.992626322926634996e+00 -2.987242078168002912e+00
-2.839978956120895237e+00 -3.793590830545114923e+00 -4.423339709632769789e+00
-5.143388404572935002e+00 -2.932716850323794588e+00 -2.319104095834245705e+00
-3.493758837755411850e+00 -3.796342982130285204e+00 -2.969077040965319991e+00
-4.498429293730318079e+00 -3.662080177009917836e+00 -1.861390699913308966e+00
-5.297396690491598115e-01 -2.602001477240503124e+00 -8.043637119913162437e+00
-2.381294422450004333e+00 -2.647083517747281345e+00 -7.080181597950671701e+00
-8.174486951552327740e-01 -3.248113256612764399e+00 -7.387136420203335163e+00
-5.121957925765907582e-01 -2.181337992636859902e+00 -8.013131628548368468e+00
-5.162395164524660629e+00 -1.021511955430612462e+00 -5.329154059520250009e+00
-3.758676006734195774e+00 -1.958012774787404764e+00 -6.542621225462974976e+00
-5.297344192051722800e+00 -1.135484801930063403e+00 -5.000516250372612603e+00
-2.053710766625289619e+00 -3.830715151160855036e+00 -5.224997739867675683e+00
-3.369425582798873720e+00 -3.091539702723059779e+00 -5.969346367509396956e+00
-1.427322371852219440e+00 -3.595669969229790652e+00 -6.526435670627387609e+00
-3.728692235427474966e+00 -3.292114829872281323e+00 -4.625729591312992994e+00
-2.289222713768761519e+00 -3.219139603512529479e+00 -6.627721024603191680e+00
-1.030232065135243014e+00 -5.978489995622902065e-01 -8.449436681747680922e+00
-2.767316930943650721e+00 -2.184752956112345768e+00 -7.412029101405249065e+00
-8.452898615242542268e-01 -1.279202054662678556e+00 -8.238493296623419226e+00
-1.551188890773228080e+00 -2.138339246643059077e+00 -7.764578165585230174e+00
-5.758546328697971006e+00 -2.382173234166627740e+00 -2.888870552122202451e+00
-4.334237719535451561e+00 -2.465745230345766092e+00 -5.627315673700753251e+00
-5.217500296996254505e+00 -1.773220516174212946e+00 -4.457333744183440416e+00
-4.795103086921028712e+00 -2.889813207814880602e+00 -3.803845863904610880e+00
-4.734551712766571718e+00 -1.458839172826456698e+00 -5.726312971808927621e+00
-3.999398139026603793e+00 -2.942162256711558399e+00 -4.870408630032760477e+00
6.335944021326740394e-01 2.740479639131796041e+00 -7.455095209578665560e+00
-1.680065491369856501e+00 1.705149042770077061e+00 -7.550580549963424204e+00
-7.172821863409351018e-01 3.193836959294246824e+00 -6.960964563229901536e+00
3.840056473524263159e-01 2.088490529706800825e+00 -7.808490276276858211e+00
-5.189243374426136590e+00 -9.501437011264912691e-01 -5.185504264674844599e+00
-3.879326038607865623e+00 1.016719846590847798e+00 -6.474690776523991609e+00
-5.216058126338197987e+00 -1.414939353758289109e-01 -4.856932021634201568e+00
-4.333617652650081808e+00 -5.474278808696105836e-01 -6.565803118400994620e+00
-1.791560054258491963e+00 3.940380862117168537e+00 -4.848635589305655635e+00
-2.431257516889385517e+00 2.199496358083076419e+00 -6.433451590885624682e+00
-1.137483544656108458e+00 3.389106151793316091e+00 -5.999424303651927914e+00
-2.669308729799135360e+00 3.230951666065459804e+00 -4.494809356361094466e+00
-1.435412938073404421e+00 2.674993713640465121e+00 -6.831735305069889463e+00
-7.277608078387478585e-01 -1.001499941515573422e-01 -8.248771028140158279e+00
-1.993906783040639841e+00 9.556520606543661422e-01 -7.707379115886305421e+00
1.194228876199731997e-02 9.196882945750395333e-01 -8.416255099916741145e+00
-1.579210236146502355e+00 -4.892890473384538530e-01 -8.033124443637918333e+00
-7.188987637635699812e-01 1.345797282935256911e+00 -7.922552110722315355e+00
-4.521973871911427523e+00 1.929948360552432129e+00 -3.505391093190735941e+00
-3.544759208594398192e+00 1.824939658527417130e+00 -5.983064074895477091e+00
-4.972496201538207927e+00 1.038493660341383240e+00 -4.201277500594279957e+00
-3.542793477412405245e+00 2.612559633399092807e+00 -4.457274544415984252e+00
-4.385630716087158376e+00 9.090355728815425751e-01 -5.485934017225021719e+00
-3.045466959771927051e+00 2.356931541708381150e+00 -5.358785365493042185e+00
-2.988662743874074934e+00 -1.217876055646063937e+00 -7.413698310543573200e+00
-2.877934099599727347e+00 6.306474279054913312e-01 -7.285056368279535732e+00
-3.535649423200583730e+00 -7.190320452651297600e-01 -6.926511071079469950e+00
-2.222682232007066272e+00 -1.045509327834641677e+00 -7.880945120814168092e+00
-3.652087512173799677e+00 4.546645343857848298e-02 -6.899345831784535754e+00
-2.098033043856116553e+00 -1.509155597943403204e-01 -8.007641650687864043e+00
-3.611257185866316721e+00 4.922238758596644281e+00 2.075407613039668586e+00
-3.921866650105864771e+00 4.125695824257977762e+00 2.018648589615660516e+00
-4.057334396371408580e+00 4.431745904189069662e+00 1.080283774217160486e+00
-3.537541464699482052e+00 4.848853734739356547e+00 1.388319407673088479e+00
-4.322932711815462348e+00 8.671427657462599248e-01 4.770318737108998342e+00
-4.028167936368425295e+00 2.508833509707262266e+00 3.823679459091205768e+00
-2.915548301805064302e+00 3.674868867616634560e+00 3.409522950180960077e+00
-3.727252421025710305e+00 3.955078385801777507e+00 2.552444311840949887e+00
-3.643116384724030876e+00 3.948078052658783754e+00 2.625053578891898720e+00
-3.501795485422299681e+00 4.084792793643398312e+00 1.627075433855125430e+00
-4.403040404135619923e+00 2.945260642863194445e+00 -7.228890341631324934e-02
-4.296127509634701802e+00 2.914527127177215959e+00 2.126447317208668419e+00
-3.879675482965635247e+00 4.032979902357983981e+00 3.300049181230422235e-01
-3.816661050244173126e+00 3.928459043946535445e+00 1.572031075751953333e+00
-4.926657950718827728e+00 -3.812762479544019811e+00 4.944117428862588315e-01
-4.665277040285129573e+00 -3.473936931556603103e+00 1.589273263767930766e+00
-4.291895124553788854e+00 -3.947679753134793135e+00 1.336500467513933144e+00
-4.318054895571679985e+00 -4.775839942932059934e+00 1.348434598620255720e+00
-4.396818422503928403e+00 -3.790776192118144317e-01 4.662582467782645956e+00
-4.466584867964034089e+00 -2.361840570180363308e+00 2.453864284436469312e+00
-2.971709633849270116e+00 -3.863841200159874756e+00 3.154844590527432491e+00
-4.298130958669585056e+00 -2.807233308230810298e+00 2.442852766687893862e+00
-3.950635061195399977e+00 -3.783996820232770730e+00 2.295240266033803156e+00
-4.226877642234796895e+00 -3.345747175204046631e+00 2.025407013329776795e+00
-4.993573927472457541e+00 -3.701904341983521363e+00 -6.708481304907330800e-02
-4.826869255503020817e+00 -3.469097382640349281e+00 7.510140967475799068e-01
-4.474586602039122951e+00 -4.635012849247928557e+00 1.135310803639284910e-01
-4.105611986565034677e+00 -4.607374868452793315e+00 1.444828836471995226e+00
-1.618303606900250990e+00 -1.136697962085032598e+00 7.305275832780498746e+00
-1.609549609936861581e+00 -1.552242363533754110e+00 6.996977021512042150e+00
-1.676770571118403108e+00 -2.346456024198554147e+00 6.687651044077344231e+00
-1.053527453457789864e+00 -1.794618242766324201e+00 7.100011340617594868e+00
-3.794694427356934074e+00 -2.172401562823882415e-01 5.637641212933772294e+00
-2.576385454461829649e+00 -1.410101239229552661e+00 6.473255460814056228e+00
-3.866552550598025384e+00 -9.315060265233102710e-01 5.216677029311941993e+00
-2.208190386355867396e+00 -3.357015696855013775e+00 5.013062906065543167e+00
-2.277012973352143366e+00 -2.036516296446354346e+00 6.327186318540860555e+00
-1.772618182864090119e+00 -3.108119476337112719e+00 5.897336017455978130e+00
-2.845498855621271250e+00 -3.348324920210316247e+00 4.385467327317901010e+00
-1.707715190040731912e+00 -2.049078667642194151e+00 6.878092856980037695e+00
-1.038454924339774266e+00 -1.385525003704628055e+00 6.673957029399099738e+00
-1.106184212951417223e+00 -1.722810862752175431e+00 7.070209648674100400e+00
-9.940792192386452841e-01 -7.534898785229546814e-01 7.185911151406556563e+00
-7.376507235026804610e-01 -1.349763556562323830e+00 7.300738042037720810e+00
-4.231672773305545476e+00 -2.167053170033182319e+00 3.535443865438694822e+00
-3.148527918510787504e+00 -2.025675436126589624e+00 5.713840608208816896e+00
-4.160483977508240727e+00 -1.377779732630822096e+00 4.443534042547616636e+00
-3.594020408188793869e+00 -2.707174378655448965e+00 4.005971705230871649e+00
-3.214559427715190765e+00 -1.229577401611203991e+00 5.730343082262884913e+00
-2.807287469692547610e+00 -2.740914069514653661e+00 5.062940733447541142e+00
-1.423918442886131785e-01 2.212324341385957460e+00 5.810137813033861676e+00
-2.152250042412199971e+00 1.726523888888580993e+00 6.352315991160855546e+00
-1.105214897322052581e+00 2.075704170997722642e+00 6.145682654475886686e+00
-3.525992114804847311e-01 1.481039244683937994e+00 6.147577614978376737e+00
-4.104906895235067132e+00 4.619756446416268258e-01 5.609205386505997204e+00
-3.231825796740507961e+00 8.074817947070812574e-01 6.476451216738328576e+00
-3.946811272254831859e+00 8.729448753593493926e-01 5.789883702108293839e+00
-3.468366882165719645e+00 -1.672468550809383114e-01 6.071147782438140794e+00
-2.049528213858811565e+00 2.942104465848564221e+00 5.359986153857557056e+00
-3.174445454145911505e+00 1.930634801617366669e+00 5.853572476562926674e+00
-1.543190713627673682e+00 2.445787025551751981e+00 6.040701458147379022e+00
-2.712329061667413388e+00 3.223374537599842160e+00 4.767233910008809694e+00
-2.114973176815070133e+00 1.943222810438661741e+00 6.256870983035621059e+00
-1.387614468982854454e+00 -1.101340490489979285e-01 6.376494810961832904e+00
-2.290885691800312429e+00 1.211484100357484550e+00 6.204908779390835960e+00
-9.399973238936457642e-01 1.182733450979161161e+00 6.287563743613301170e+00
-1.513775321556128484e+00 -6.825924851171289998e-01 6.586533236728217666e+00
-1.666402382413655126e+00 1.119427867907627494e+00 6.327468080563376063e+00
-3.748084980835352464e+00 2.454308442722320738e+00 4.461840793708959474e+00
-3.546951670762030329e+00 1.150685665554835424e+00 6.332504777347951475e+00
-4.074080098252143678e+00 1.461302091565121808e+00 4.874601021526843603e+00
-3.561733227129731727e+00 2.443917483186013317e+00 4.624132444995483482e+00
-3.815714206202071690e+00 8.878294733854712462e-01 5.988448613179979674e+00
-3.305332492637676367e+00 2.240583704227740114e+00 5.200734624855552823e+00
-2.230523394575339768e+00 -1.180267115897054353e+00 6.882306349427004477e+00
-2.742030952988161019e+00 7.561709250506997160e-01 6.433161878745468520e+00
-2.678307108704141015e+00 -5.038192464196564746e-01 6.531813739118271123e+00
-1.844233494758208636e+00 -1.034858125101248749e+00 6.689151072099253525e+00
-3.097703979015085096e+00 6.800615250666351697e-02 6.624061344990808564e+00
-2.148955219879062017e+00 1.055323578608278051e-01 6.712119839225204387e+00
-6.178845097718666857e+00 -1.042161986775987925e+00 -3.393911576177256251e+00
-5.924215111162071778e+00 -7.434341704173111909e-01 -1.466337549614145086e+00
-5.635864596740751686e+00 -3.803193443868629342e-01 -3.179608316879404040e+00
-6.139357188446989078e+00 -1.144093494435884706e+00 -3.374837723723431715e+00
-4.705829430926789847e+00 -3.730055991641091362e-01 3.857519547741986354e+00
-5.356646879397217731e+00 -2.392195310350621051e-01 1.385794288027516918e+00
-4.805816987130669737e+00 3.137994761546494815e-01 3.719592317942714388e+00
-4.840667227707333709e+00 -1.069948587847939336e+00 3.229519357708264593e+00
-5.172499803687421682e+00 1.147152316033003494e+00 -1.515979914213426039e+00
-5.732256260848775042e+00 -4.386342910962848229e-01 -5.056184696927676914e-01
-5.416432885207688841e+00 4.732422545532415370e-01 -2.376166834593195887e+00
-4.837885880895036905e+00 1.963932881441774692e+00 -1.888180085422386523e-01
-6.017866432753213424e+00 -2.274976668073009911e-01 -1.768894299794860903e+00
-6.016239157996846387e+00 -1.195086760713732543e+00 -2.714189816610575345e+00
-5.788836939283872773e+00 -1.576414916356802420e+00 -8.994488877518478365e-01
-5.908507161467944080e+00 -1.309126811518553701e+00 -2.888898077744419091e+00
-5.166090385598939960e+00 -3.225853446672951375e+00 -1.179128864147397149e+00
-5.877488131760151724e+00 -1.314159440352943076e+00 -1.937061561716583169e+00
-4.576890531498411185e+00 1.915728763751357144e+00 2.670856394053398919e+00
-5.482127350847264324e+00 3.809842694026652765e-01 1.011931805743133905e+00
-4.610853050320492308e+00 1.261288941594813418e+00 3.601268879723580785e+00
-4.561967195707609335e+00 1.902940941841524847e+00 1.331638669091996352e+00
-5.000198700642607186e+00 2.876793155850010386e-01 2.749958898800943352e+00
-5.302393730607173339e+00 8.526226979179335475e-01 1.805499193110506884e-01
-5.209854789512805340e+00 -2.697435377585459815e+00 8.776213591918458068e-01
-5.363211939224010294e+00 -1.055961644805125665e+00 7.773038107136908126e-01
-4.710943056517448824e+00 -2.136297776763624423e+00 2.176928804536000239e+00
-4.901438362807787996e+00 -3.394232658702503347e+00 -7.812666462363794251e-01
-5.157474141961954750e+00 -1.694159427630036019e+00 1.820825648891138293e+00
-5.422938888325548490e+00 -2.045373490843488185e+00 -8.085187030551420351e-02
