1.108170147786604254e+01 -1.812112811036857352e+01 -4.561208653988955142e-01
-1.062237587686314733e+01 -1.789718749714587887e+01 4.887137586884533480e-01
1.142215585031880565e+01 1.722094758239355627e+01 -3.395724296707545165e-01
-1.189974792271990367e+01 1.695023858531079242e+01 -3.495930637643611116e-01
-4.075935944058456384e-01 1.329803041581444134e+01 -1.911298621229228161e+02
2.066877743030887116e-01 -1.270850093637855771e+01 -1.903048905549932499e+02
-4.661095516270082895e-01 1.321080509734773401e+01 1.968848325961932346e+02
4.618796001167841392e-01 -1.086686777196296383e+01 1.903626664361636642e+02
-1.982144532462908160e+01 -3.663593679621309218e-01 1.211772621890082178e+02
-2.032305128069897293e+01 5.826491229751305095e-02 -1.251419580829144422e+02
1.907446993007710034e+01 3.731381116713374246e-01 1.176959490188297082e+02
1.928339132704375558e+01 -3.116092113672158104e-01 -1.179620328986001994e+02
3.038706811054263657e-01 -2.271215715416354897e+01 1.254352432515946525e+00
-4.546326487085969870e-01 2.142834219774888282e+01 -5.929643424896230419e-01
6.887442170315122070e+00 1.806180266022390413e+01 -1.152551709116284115e+02
-6.155168954110846080e+00 1.595442484771778524e+01 -1.097443867242379412e+02
5.945365846750504168e+00 -1.521994167605148007e+01 -1.080293829335325597e+02
-7.326241682841966529e+00 -1.647815777142887939e+01 -1.111628219993792754e+02
-1.439991711814397612e-01 5.640132879418472411e-01 -2.236653566070553154e+02
7.025366783233942591e+00 1.746544101943780447e+01 1.120108467174750047e+02
-6.179698703375581026e+00 1.724416954739488261e+01 1.111190749085534009e+02
5.217422900083643178e+00 -1.646760105975752353e+01 1.132632327384109772e+02
-5.486571052744032784e+00 -1.687860773616769450e+01 1.072542950870217311e+02
-2.285994201846328899e-01 -5.239324518774562955e-01 2.303321293615827869e+02
-1.822506383578928890e+01 -1.097009202161572894e+01 7.355582145635094093e+01
-1.503673190811586835e+01 1.116734680662240464e+01 6.757885293939595783e+01
-1.060440561561492068e+01 7.269606782044203186e+00 1.692254939332584911e+02
-1.142765858095108911e+01 -6.898862527692139146e+00 1.814174686485484926e+02
-1.858011760490766662e+01 -1.081796023310414334e+01 -7.172287761150188601e+01
-1.651350436915840447e+01 1.068973888933258998e+01 -6.839305894597872282e+01
-1.180857647791437870e+01 6.480278935853990063e+00 -1.725025012170427203e+02
-1.168373691394579694e+01 -7.374957158857075257e+00 -1.813495809930944915e+02
-1.866324409553144292e+01 -1.336248535921378267e+00 6.562273772743990596e-01
1.671377956916506236e+01 -1.084062467092345194e+01 6.821266490515192515e+01
1.772454877968575460e+01 9.430374493644666956e+00 6.603710987964730350e+01
1.113795802512995436e+01 7.362566514519994776e+00 1.746861352273178341e+02
1.100725928117911323e+01 -6.879993911735153844e+00 1.705073768278818704e+02
1.690837446751183037e+01 -1.038882478633391315e+01 -6.760577964248702187e+01
1.860771863904372125e+01 1.094949602949737155e+01 -7.086093167376728275e+01
1.158726776580537710e+01 6.170312181299430598e+00 -1.721254581381042783e+02
1.141601226703151184e+01 -6.813991453406601728e+00 -1.790271668394228755e+02
1.802215354767621491e+01 2.650349272623002128e-01 2.383208213462749761e-02
5.031864246644762950e+00 -2.090114826015337357e+01 5.127173570170775463e-01
-5.633330776444632093e+00 -2.042694822337674410e+01 -3.909103369952117157e-01
6.014139375752225014e+00 1.947344156293845074e+01 5.631030296641682531e-01
-5.695084109425955887e+00 2.042854855287924565e+01 -8.765574190540084687e-02
7.669963186934775301e+00 1.842232893569220664e+01 -6.183078159889213055e+01
3.921419409586688776e+00 1.459585482320514060e+01 -1.566261636466320226e+02
1.490962438282476210e+00 2.184185112398478879e+01 -6.663791150794435225e+01
-8.569299161781181340e+00 1.766455055825683118e+01 -5.957494323808490577e+01
-3.348631642507481576e+00 1.443607570960056385e+01 -1.483285762387021975e+02
-3.621629555581286075e-01 2.113954811389849198e+01 -6.342334643116610948e+01
3.495074147290020972e-01 1.724107894309195643e+01 -1.160803890624139569e+02
8.703508902693858573e+00 -1.884760575175817010e+01 -5.912200826755893246e+01
2.887895336519740841e+00 -1.403788935040677543e+01 -1.490825937612314078e+02
8.346062729231541466e-01 -1.962268951451072851e+01 -6.160341923360530814e+01
-8.850395987173099499e+00 -1.989469779572702990e+01 -6.058381012298271884e+01
-3.095272644942842266e+00 -1.563326396399970797e+01 -1.561212431794747033e+02
-1.042674203297412783e+00 -1.971414951588636200e+01 -5.834878820112809450e+01
7.900211780582905297e-01 -1.706672147010725737e+01 -1.166404642960523006e+02
2.178949664804301634e-01 5.848258407442487261e+00 -2.033345350422293905e+02
4.600999802512462655e-01 -7.377817748614036830e+00 -2.298496898963755939e+02
7.621491247092810006e+00 1.791285622344906159e+01 5.924966031776082787e+01
2.913370209581609860e+00 1.496185234205720604e+01 1.492541629879135883e+02
1.629806040663291045e+00 2.162053888867592022e+01 6.374798341618191699e+01
-8.952559900125043768e+00 1.708017356382309515e+01 5.947279684442483472e+01
-3.122497954414852561e+00 1.459848383011008721e+01 1.508390707100844566e+02
-1.132015191016222611e+00 1.934646755923125383e+01 6.502380172491824339e+01
-1.638326511283670628e-01 2.006740969262837027e+01 1.255804338215460092e+02
8.777025610943834266e+00 -1.930052274445452198e+01 6.457416078473316645e+01
2.682134970835453380e+00 -1.453877239476703487e+01 1.478264654553692310e+02
1.374713240594396702e+00 -2.172805682503288338e+01 6.596380308249348445e+01
-7.988459628814325697e+00 -1.783173642362754308e+01 5.620979892047840565e+01
-3.372127506817083731e+00 -1.393176982176818512e+01 1.476394739994190957e+02
-9.558411280514966801e-02 -2.096863421899101354e+01 6.526034865997091572e+01
-1.297780388098500326e-01 -1.844818271702022727e+01 1.232866136320033661e+02
3.895085320301918674e-01 6.773825540654314636e+00 2.246960474023896950e+02
4.721946144290753433e-01 -5.479857007817536818e+00 2.145420679819928580e+02
-1.503974237968731487e+01 -1.500013217224585560e+01 4.105051455880250444e+01
-1.889876214274661237e+01 -6.452846249524283984e+00 1.078053011893415203e+02
-1.185528764970043625e+01 -1.384538014868316225e+01 9.462099831449441467e+01
-1.508860566096374889e+01 1.354807551834504054e+01 3.660687829331416054e+01
-1.696475162577684515e+01 5.658182851037978800e+00 9.433701490787046851e+01
-1.418395102581429867e+01 1.341825031420624725e+01 9.227431199244519178e+01
-5.340133042190875479e+00 9.930610742607495212e+00 1.814032938289779224e+02
-1.440871410750736281e+01 3.614498485021437002e+00 1.478242170835415266e+02
-1.016963826026546158e+01 1.221981402621035961e+01 1.489566069963247230e+02
-7.535485853919375643e+00 3.752186866902715412e+00 2.142798927804761320e+02
-1.270642586333413071e+01 1.037533898396162968e+01 1.268895012386872736e+02
-6.161792342945798140e+00 -1.136732460909912490e+01 1.938474435153131594e+02
-1.618632430872363415e+01 -4.276147224668631175e+00 1.552772808286675854e+02
-9.937525838293822744e+00 -1.239509887623027851e+01 1.471157005508420070e+02
-6.269903751992138119e+00 -2.914164296899778517e+00 2.155448667901022759e+02
-1.287208111355296936e+01 -1.071153740055041403e+01 1.375751030696967234e+02
-1.268486079641380826e+01 -3.685560042440685132e-03 1.861913109114907172e+02
-1.479385311323424368e+01 -1.644971766363561372e+01 -3.965045182599903484e+01
-1.925527871129932223e+01 -6.215739237153568020e+00 -9.833847827538660624e+01
-1.469261488437427587e+01 -1.405023847992144503e+01 -9.827142595138126069e+01
-1.902052641281619927e+01 -7.350502055309735994e+00 3.394073589665376756e-01
-1.430633519081075100e+01 1.456979509838365239e+01 -3.682667958512667639e+01
-1.758398971137833655e+01 6.649914980684517474e+00 -9.520704720212661698e+01
-1.337284405368768958e+01 1.387568843138897101e+01 -9.542329292524911466e+01
-1.750202959324377616e+01 6.504912296952338302e+00 -8.113158372227657900e-01
-6.184899755586207526e+00 9.457528814353361568e+00 -1.831919113987685250e+02
-1.547143145941204168e+01 2.724391262155281712e+00 -1.508980821894110420e+02
-1.016851595612415338e+01 1.165799317429450355e+01 -1.462786980568166939e+02
-6.266854743065873201e+00 3.298899333981915039e+00 -2.041733164582254005e+02
-1.188368837531423772e+01 1.165438459146709604e+01 -1.240525650869235079e+02
-4.888129110772519326e+00 -1.023860785004346319e+01 -1.914910075645809400e+02
-1.632993906999980638e+01 -3.534400591604974551e+00 -1.600474021649036445e+02
-1.229745920771481416e+01 -1.271573021934433534e+01 -1.528072902796994867e+02
-6.935853225837094627e+00 -3.086300676707364410e+00 -2.090357686176629102e+02
-1.355853834371809619e+01 -1.174882591707659252e+01 -1.315562799386154325e+02
-1.210460591158511079e+01 6.713518636672335393e-01 -1.845495315222011072e+02
-2.167953266192066408e+01 -2.571554177031343258e-01 6.196116802612287700e+01
-2.138151828214408923e+01 -9.898426804222906772e-02 -6.308519166646545528e+01
-1.952541066686617199e+01 -6.340115680944452770e+00 3.798507979291312608e+01
-1.934528147274314591e+01 6.461314680114689679e+00 3.630084308910451796e+01
-1.792270999650681773e+01 -6.115756398015066431e+00 -3.525859132159164488e+01
-1.806031988275681854e+01 7.510002040956416991e+00 -3.542550675902047175e+01
1.569785996908607650e+01 -1.462081870114416482e+01 3.764119839097452314e+01
1.675426007059899192e+01 -5.197785742851123381e+00 9.582922552254620996e+01
1.224729331856521419e+01 -1.332565475421876400e+01 9.329095344718979277e+01
1.434497157684139346e+01 1.227897632934604388e+01 3.620452589103017971e+01
1.738225043485665466e+01 5.282277590273772638e+00 9.235899721830811870e+01
1.270815743521764674e+01 1.311818439425320371e+01 9.534533300383112930e+01
6.233158642497474311e+00 1.109309993408710149e+01 1.860497968638101725e+02
1.498960389190942522e+01 3.490313366405331852e+00 1.480466552759748708e+02
1.009135615459722857e+01 1.096990907248805058e+01 1.531150939528908737e+02
7.096737370653157129e+00 2.594093280858851713e+00 2.269612606452973296e+02
1.222828926562697660e+01 1.125792046293367399e+01 1.288397458617479288e+02
6.137133444459641929e+00 -9.919708636105315946e+00 1.815794235594894133e+02
1.579783465238914353e+01 -4.844785770364198996e+00 1.469037124939758598e+02
1.158967160633455862e+01 -1.202486859693627963e+01 1.504158621877814994e+02
4.941149356799764192e+00 -3.192361250667889561e+00 2.107463046481094295e+02
1.215943106697509712e+01 -1.148382719185120138e+01 1.286010566580233103e+02
1.116817081495573838e+01 1.544046568121021923e-01 1.940756229307926901e+02
1.423196716074183676e+01 -1.358895159282840481e+01 -3.671480272274537526e+01
1.925948620379159593e+01 -5.733962712831429442e+00 -9.535156579871838289e+01
1.283457792556344046e+01 -1.372319584468654519e+01 -9.524981889579981953e+01
1.784209677960798501e+01 -6.150752050487233724e+00 -1.097113587767263976e+00
1.537906495588064715e+01 1.500372207495044208e+01 -3.962130553115454035e+01
1.717751670676193498e+01 6.897164243751452872e+00 -9.645457006982425696e+01
1.392718202061520394e+01 1.556226957924568310e+01 -1.020276468187720980e+02
1.734685935250214328e+01 7.301602003286926212e+00 4.402508534104961901e-01
7.100999032986051063e+00 1.037088683520441101e+01 -1.831981886058781868e+02
1.383619980445788400e+01 3.567703301316861086e+00 -1.464621998206124260e+02
1.191140819863626632e+01 1.184779280899595300e+01 -1.538530990731407542e+02
6.467146152202423615e+00 3.576509476690546752e+00 -2.045449784201589125e+02
1.270787036239211787e+01 1.260012450908148907e+01 -1.307162380682889591e+02
5.273135787658143059e+00 -9.225087350781153717e+00 -1.926431603763111013e+02
1.503187207079758814e+01 -3.733451496006624737e+00 -1.555973546507610479e+02
1.003482817877199196e+01 -1.136236934995703329e+01 -1.468173312925527796e+02
6.055219626284642942e+00 -4.249217538774221481e+00 -2.199883537176671382e+02
1.329733084375394725e+01 -1.003036801470264905e+01 -1.243282301562218350e+02
1.171645111463307565e+01 -9.101559783376790558e-02 -1.857074684899579893e+02
1.879640292193755968e+01 -9.499042657887806218e-01 6.141379085824511463e+01
1.919344658035418760e+01 -7.737164254983989187e-01 -6.024651889607668664e+01
1.802108001152326011e+01 -7.249554010653088909e+00 3.669957063135058206e+01
1.853244967054161663e+01 6.728068449764411874e+00 3.709051675347924260e+01
1.846650460653032511e+01 -5.303295206375208792e+00 -3.709595165865393795e+01
1.978634659567202192e+01 4.913619868088745513e+00 -3.810672391659338132e+01
8.239003497993378389e+00 -1.962123719620534601e+01 -5.030528269329807012e-01
2.692140049913706701e+00 -2.236359654530165031e+01 6.534045020452806662e-01
-8.457591536287267786e+00 -1.819368528427636988e+01 1.959647707824102580e-01
-2.017328358240058961e+00 -2.088128065038872805e+01 8.606921050489709790e-01
8.867246783456632642e+00 1.869000048562129379e+01 -3.598578000744091510e-01
3.068675051555195044e+00 2.100443657807624831e+01 -1.407937597838521349e+00
-7.555747388750824634e+00 1.877682442514554140e+01 1.010662062840825964e-01
-2.595735045833738486e+00 1.989980356142154250e+01 -5.496615946839021882e-01
1.044367386144559973e+01 1.824313894701482397e+01 -3.101237904551122782e+01
5.322181556626341070e+00 1.889228954449056275e+01 -8.669727173465817316e+01
6.985125549255184474e+00 2.142294660423880615e+01 -3.259214031155607927e+01
1.825416273798903477e+00 1.416952665448298276e+01 -1.745695009805595532e+02
6.994725540263607932e+00 1.645966396353522398e+01 -1.365245455654416560e+02
-7.282102376394257170e-01 2.066038835851700384e+01 -3.324800982101205449e+01
1.034258823643013248e+00 2.070394695635917159e+01 -9.042946193991703296e+01
2.993962846973532876e+00 2.239562320514490068e+01 -3.260952411146723051e+01
4.826568252260766911e+00 2.030034369930714533e+01 -6.273052306001167722e+01
-1.022588404274875984e+01 1.720959773565605033e+01 -2.969912275446482752e+01
-6.899020593332172879e+00 1.871206659844622422e+01 -8.909174157047202414e+01
-5.782864433473051236e+00 2.014060701991403945e+01 -3.161966557234917730e+01
-2.461329561919181952e+00 1.221679533919187044e+01 -1.618655108074752036e+02
-5.096449691247315172e+00 1.433545155052148701e+01 -1.306399539455918841e+02
-4.487623326405688062e-01 1.456050573182793784e+01 -1.501920936679449881e+02
-1.171675446909453022e+00 2.277333482403249931e+01 -3.352367643023880817e+01
-1.958327059506562717e+00 2.013089532040244478e+01 -9.218492947493302836e+01
-4.035168564743474739e+00 1.966185434507371710e+01 -3.319555096453882470e+01
-8.852337367013163316e-01 2.149863953573363773e+01 -6.818095420138025986e+01
-6.089833400135248098e+00 1.857534666147228464e+01 -6.215693295374098426e+01
2.349881303507313390e+00 1.881208548492312005e+01 -1.152227100207873889e+02
-3.349958658884516272e+00 1.805864081127847953e+01 -1.164764955049321316e+02
1.168283384418225657e+00 1.671200077584229859e+01 -1.328259206578646854e+02
5.035394402641621969e-01 2.059960589466341219e+01 -9.657246620063010312e+01
-1.471029841613441524e+00 1.611301643324044619e+01 -1.337790671323173513e+02
-5.943298590865073727e-01 2.031370577554404377e+01 -9.607578591624404396e+01
1.040720899391342869e+01 -1.783496570364014389e+01 -2.947320792775548526e+01
6.667501141834188516e+00 -1.901499713887671206e+01 -8.847196204184305657e+01
6.148284419333083228e+00 -1.987027903327567557e+01 -3.032951341016125468e+01
9.754094050827843976e-01 -1.410380008879229052e+01 -1.626439327538889756e+02
6.100550344534692471e+00 -1.620527469951390742e+01 -1.299838546479505226e+02
9.094154744616963493e-01 -1.921180177109062726e+01 -3.074448249461874383e+01
2.495650814292509345e+00 -1.969494581560861235e+01 -9.085091716953586172e+01
4.882568099271328066e+00 -2.138187941759292343e+01 -3.172558499954026701e+01
5.787728827070721671e+00 -1.922123100561428544e+01 -6.391461207546280576e+01
-8.870238439425186527e+00 -1.783614947029282405e+01 -3.249101774819011013e+01
-7.602388661909016854e+00 -1.755535926078334441e+01 -8.713085919388423406e+01
-5.668311555979983041e+00 -1.818833278814719279e+01 -2.957469744351404728e+01
-1.195511606038359931e+00 -1.432338769788083255e+01 -1.739492295449911694e+02
-5.198581821278409620e+00 -1.689538079748282584e+01 -1.379231597254514270e+02
4.587964325418922296e-01 -1.598783565474405322e+01 -1.506651567670118084e+02
2.413891569725131747e-01 -2.061421076832732169e+01 -3.128004785463513571e+01
-3.043842912900837305e+00 -1.916460870927556215e+01 -8.428764671012324072e+01
-2.713097928367499190e+00 -1.959803189501708331e+01 -3.149644521082882420e+01
5.193596566479464771e-01 -1.945020860808977403e+01 -6.018273116296852265e+01
-5.528097225527437431e+00 -1.773910177025470247e+01 -5.827309651430032034e+01
2.965537442526753775e+00 -1.770577652085054154e+01 -1.155291847853907399e+02
-3.267242688518484428e+00 -1.773648414381509397e+01 -1.166574071880006898e+02
5.668601365575899331e-01 -1.691813060424594894e+01 -1.320586018452618191e+02
-5.035824220507806315e-01 -1.896406623205203701e+01 -9.074864392349519449e+01
-1.612815619186528604e+00 -1.706368539550609498e+01 -1.322225863527280580e+02
-1.534728875247407087e+00 -1.999733480747610770e+01 -9.085263659925738011e+01
1.516467828210176449e+00 8.575211735551921066e+00 -1.876766970543922071e+02
4.347668988405795076e-01 4.328732401156931253e+00 -2.157151195930969720e+02
-7.320449281853859125e-01 -1.105415841373591235e+01 -2.149300150520980139e+02
-1.441703730307199782e+00 -3.065281903262508045e+00 -2.441310561954796015e+02
9.613199475730088039e+00 1.788739541476105188e+01 3.095584198769747530e+01
8.006463727402611141e+00 1.776265228198155910e+01 8.523956557427955261e+01
4.697783700789694095e+00 1.870842366256447775e+01 3.071157713566999092e+01
1.984435201050605890e+00 1.356862499786436693e+01 1.683721413650244187e+02
5.843214451278166521e+00 1.583424426748258185e+01 1.313666677788198456e+02
-7.272644715141206584e-01 2.125706661755452132e+01 3.353793693366875317e+01
3.181086220644966378e+00 2.033409288771021295e+01 9.491469004917998120e+01
4.330058739719484961e+00 2.076024499545222568e+01 2.976594133291566280e+01
5.568471131961274523e+00 1.887720943415226316e+01 6.090152404390548213e+01
-9.828358390070627948e+00 1.638190315201529401e+01 2.996589374488356938e+01
-6.288235637357805885e+00 1.870716192371813236e+01 8.490599136586237705e+01
-6.821928011563243466e+00 1.978995947382207277e+01 3.096058830808611617e+01
-1.737088691592924894e+00 1.313261088550253142e+01 1.636274276466797915e+02
-5.035305412811047709e+00 1.479156680602748253e+01 1.287695308612795770e+02
6.041672083916707070e-01 1.506722225801971504e+01 1.617787249159085547e+02
-8.503365401089801878e-01 2.161548969479391502e+01 3.407568804645182325e+01
-2.002286377571078635e+00 1.980105573537132102e+01 9.336095159060104720e+01
-5.226767491474995531e+00 2.030253213074898255e+01 3.251829879665434220e+01
-4.282025453988119179e-01 2.104370672804196474e+01 6.822013981149224549e+01
-5.766479016845702965e+00 1.962108025711235015e+01 6.277394069363371898e+01
3.035910770488923660e+00 1.890697017543540781e+01 1.218453797382018280e+02
-3.604077775993345778e+00 1.912444670138165037e+01 1.233991018253495042e+02
4.627979319891595833e-01 1.766534048415886815e+01 1.405388576767799123e+02
-1.978274585176807709e-02 2.069386430995821513e+01 1.028825503712751015e+02
-2.140417291050659809e+00 1.768962279943757210e+01 1.405675374453043105e+02
-7.970415593412695232e-01 2.043800344689803339e+01 9.791480349352377743e+01
1.019113197513833846e+01 -1.934423880972888199e+01 3.286816723460682255e+01
7.208156315323415164e+00 -1.902418985156817044e+01 9.113522082053444251e+01
6.180229866773692571e+00 -2.193747643370872424e+01 3.403043819618640953e+01
2.121587419011797149e+00 -1.369726299856722385e+01 1.626757042810974667e+02
4.509156223184647594e+00 -1.424352193892529073e+01 1.299622260012040726e+02
-4.031280597340819970e-03 -2.122945772030831790e+01 3.454668800871085921e+01
2.832164579387682846e+00 -2.103252068245371476e+01 9.386485459125830744e+01
3.936503495325894608e+00 -2.292216332816644098e+01 3.457219227590627497e+01
6.569368685720074375e+00 -2.212148844538431902e+01 6.629887705814408605e+01
-1.012721203290588079e+01 -1.887265544673046946e+01 2.912630281500166163e+01
-5.362233944836043875e+00 -1.735646035580624513e+01 8.162134023351964629e+01
-6.213693428898710458e+00 -1.868713222632490201e+01 3.068902091557610134e+01
-1.866802400746931712e+00 -1.369747055681066428e+01 1.632046032307424070e+02
-5.486073832367065251e+00 -1.602921700266944427e+01 1.241999626467084283e+02
9.319903317109556884e-02 -1.588663089228909264e+01 1.569634445846333222e+02
1.120305265111050524e-01 -2.165285267810898873e+01 3.500256476478109846e+01
-1.447768302679238062e+00 -2.005680223458245948e+01 9.035884118502967510e+01
-3.856667248536664871e+00 -2.015269576890672454e+01 3.324855267211896859e+01
-1.742936560651495992e-01 -2.233175727558693779e+01 6.743266950036856144e+01
-4.357877424625626439e+00 -1.853957009880740614e+01 5.957869779716858716e+01
2.779517972267417925e+00 -1.741151461986406801e+01 1.201676850188143533e+02
-3.407450849253749414e+00 -1.812277430444972381e+01 1.183448719592391143e+02
1.511388083930253590e+00 -1.645809268969442840e+01 1.388452104232538318e+02
1.681376117672000348e+00 -2.013954525107132554e+01 9.923586256017884466e+01
-1.180843045443834338e+00 -1.708801653813263854e+01 1.366422053507030228e+02
-8.200256596612292004e-01 -2.100568465693407560e+01 1.019624618458459651e+02
-2.904340584220088117e-01 9.914355974828069407e+00 2.131124299850552006e+02
1.137401861421249549e+00 3.067559184605901379e+00 2.266309678800962217e+02
-6.336749178697127505e-01 -9.804467333742639568e+00 2.043883163802618981e+02
-5.293198448570269887e-01 -3.748594396332607825e+00 2.241939446116628858e+02
-1.375863180901426297e+01 -1.591233011315100043e+01 1.972068452968940022e+01
-1.753248851959443755e+01 -1.366560174801531780e+01 5.904771935173400976e+01
-1.216575157610143521e+01 -1.715972937122118935e+01 5.104753010934510371e+01
-2.035516928173463214e+01 -4.369764699633631011e+00 1.156882635236623997e+02
-2.052218950241141471e+01 -9.169212271173664774e+00 9.146831464596952799e+01
-9.818272332504797362e+00 -1.315821366124933611e+01 9.949380949776895022e+01
-1.531925354357633218e+01 -1.293473261440878197e+01 8.538511268341923710e+01
-1.073041761890675438e+01 -1.758015327698346653e+01 7.973936646609972456e+01
-1.481974817228171304e+01 -1.645675109204246311e+01 7.512842681628943353e+01
-1.117690174288101623e+01 1.522902298574182645e+01 1.754807388468693574e+01
-1.495369602436202427e+01 1.109480367146585067e+01 5.340640146578373049e+01
-9.717325742643943443e+00 1.618155687419113420e+01 4.789273344740699656e+01
-1.798848414657172867e+01 3.349343198685788892e+00 1.012070876548142451e+02
-1.834443750299747578e+01 9.473716344651407439e+00 8.420448859678015197e+01
-1.025617621278826164e+01 1.451869639961998004e+01 1.052084450051379463e+02
-1.505728894930286899e+01 1.196409886810253553e+01 8.037508549073193365e+01
-1.191794144792302568e+01 1.550617316981249338e+01 7.599807010400813567e+01
-1.208491998250032040e+01 1.402881991187635613e+01 6.566858580624257513e+01
-3.143647572486760744e+00 1.118371656744643872e+01 1.819313209496920365e+02
-7.870244762093416391e+00 8.431550175206213638e+00 1.736448515148703393e+02
-4.082369714628408808e+00 1.168972144372733801e+01 1.682809780581451093e+02
-2.153782196447107111e+00 8.910278798489837726e+00 2.082128205066014459e+02
-1.626278019755116588e+01 1.839435352485904396e+00 1.305187981916904221e+02
-1.294680928467101211e+01 6.516624522262483232e+00 1.606605573038940804e+02
-1.610165764184394632e+01 5.025480030486972893e+00 1.212848826690669597e+02
-9.702465382505542024e+00 1.284464839699409211e+01 1.289912171552479663e+02
-1.152087501260781544e+01 8.288974827679883361e+00 1.642668895684889492e+02
-6.074099552837337157e+00 1.355579660759569549e+01 1.496897116435458202e+02
-1.077623591563939698e+01 1.300047937533551057e+01 1.216450133272683871e+02
-7.595284491179395303e+00 1.073886878314932147e+01 1.729945053957679022e+02
-2.483482272257483636e+00 1.641622160148042298e+00 2.359500821898674303e+02
-8.278603974999709791e+00 4.241654141919371845e+00 1.905819338486472816e+02
-3.318632043800623155e+00 7.085562006030931670e+00 2.313745365930326443e+02
-5.616265471971124690e+00 6.541076790809382757e+00 1.959866095676567568e+02
-1.562467229416355075e+01 1.187091792751648178e+01 1.007186913832727555e+02
-1.281946318418993158e+01 1.040610221792268142e+01 1.558607889144138028e+02
-1.667211614741507475e+01 8.678661544977979148e+00 1.171490064603773789e+02
-1.155576710024908316e+01 1.215386574063237468e+01 1.060325509214666795e+02
-1.419016847573309015e+01 7.511733108555575633e+00 1.409736857220976844e+02
-1.118982971488677336e+01 1.044322829362777227e+01 1.357539984795636201e+02
-3.918547959049732743e+00 -1.106779327248283451e+01 1.942032728685386473e+02
-8.802442322487147308e+00 -9.064237654191984461e+00 1.916407227956587462e+02
-4.176074470515948711e+00 -1.121990628585860073e+01 1.653807020441969655e+02
-2.826346541275741586e+00 -8.952325714517076705e+00 2.078978724512193708e+02
-1.746900888788961481e+01 -1.653074101999187695e+00 1.373506105538113218e+02
-1.439317230277853810e+01 -5.394016441305045539e+00 1.735391425026977572e+02
-1.868561611343163520e+01 -7.114570672075427815e+00 1.356445712729385775e+02
-1.397895587174661713e+01 -2.703336209009274405e-01 1.504715281810705108e+02
-1.002758570176217567e+01 -1.384422773431547782e+01 1.283008220725393755e+02
-1.207836018985066495e+01 -8.771367539836591121e+00 1.631596789572060686e+02
-6.872859211386939116e+00 -1.327569630660284439e+01 1.489277561967459746e+02
-1.127314301445585443e+01 -1.175896283604318704e+01 1.214610868958683483e+02
-6.883053860068173435e+00 -1.052277040296275068e+01 1.655860792312281262e+02
-2.712567521486451749e+00 -2.325352652120890706e+00 2.288880108984058950e+02
-1.013773248545793848e+01 -5.614980923837977755e+00 2.062718756307146748e+02
-2.836265887952180265e+00 -4.252618438951995650e+00 2.199580579932287208e+02
-6.219206515350613529e+00 -8.267668740480210721e-01 2.133497377369557455e+02
-6.745813119563077720e+00 -7.271689948096311973e+00 2.069011754051107346e+02
-1.602507677903906469e+01 -1.194913116098232564e+01 1.107908140999263793e+02
-1.317492353682622230e+01 -1.019352930445681871e+01 1.636359204695738185e+02
-1.790969328324765186e+01 -1.037218198424632476e+01 1.234710157207570802e+02
-1.187243963096529420e+01 -1.282330453589192487e+01 1.117954891953338148e+02
-1.518165235055257334e+01 -6.406938722802057562e+00 1.565466863896636198e+02
-1.171448039084972947e+01 -1.150072361821123934e+01 1.399220800318310864e+02
-1.224734308007420758e+01 3.124483135757052388e+00 1.862454871635272582e+02
-1.163090747143497161e+01 -3.544214355808110284e+00 1.800334169889825660e+02
-1.308217097368937232e+01 1.364444704983897916e+00 1.645562786179495447e+02
-8.909392980231611858e+00 1.343540316374267185e+00 2.027309030292352929e+02
-1.337900292893624687e+01 -1.011789240111287347e+00 1.678629369785668359e+02
-8.713125323556711876e+00 -1.484036713962503917e+00 1.941374519828378311e+02
-1.346845040208479993e+01 -1.650378259520791246e+01 -1.938924677291420551e+01
-1.795304845067815336e+01 -1.423247944994613512e+01 -6.061078389881931372e+01
-1.339783561355301167e+01 -1.811932378673066424e+01 -5.513958127382048957e+01
-1.698631481257971743e+01 -1.458731384101086270e+01 -1.217296922632280509e-01
-1.945684726418426536e+01 -3.674299274172941665e+00 -1.107012022140647929e+02
-1.828048736344715408e+01 -8.161146381493555424e+00 -8.576381913325128892e+01
-9.657574604479778557e+00 -1.416531286934792710e+01 -1.061387273588700282e+02
-1.547640462072611811e+01 -1.317665917888512617e+01 -8.703780279657648578e+01
-1.237722944260974245e+01 -1.691654701321100518e+01 -8.575318451616377047e+01
-1.544985524910175734e+01 -1.643018441624443682e+01 -7.444948379918436387e+01
-1.857550711714692326e+01 -9.007374010969050104e+00 3.816691112313769452e+01
-1.833431937342520612e+01 -8.756275468712642507e+00 -3.648848209868282311e+01
-1.684849651573945195e+01 -1.282055148672750811e+01 1.942564758144490966e+01
-1.777929884939178962e+01 -1.124127635896172528e+01 -2.059210292943716070e+01
-1.284022569812975512e+01 1.548182668447244836e+01 -1.807985737488499112e+01
-1.534081085570029934e+01 1.076021142477800652e+01 -5.238181247909680138e+01
-1.154966875352156741e+01 1.627668540028139432e+01 -5.003233037456178067e+01
-1.471715849700411560e+01 1.278717093470197774e+01 7.143971765872040303e-01
-1.815815794508785075e+01 3.484467527000842058e+00 -1.047212915223082774e+02
-1.662580006270874122e+01 8.344779226361877633e+00 -8.300335517863305768e+01
-1.148808920481139140e+01 1.431691549372581385e+01 -1.053433941855065825e+02
-1.522048945128513431e+01 1.174960473292789942e+01 -8.360575668604171540e+01
-1.073514649454063097e+01 1.657609106737034566e+01 -8.340550612742035241e+01
-1.398817809458479644e+01 1.452267310364102748e+01 -7.071123660559115365e+01
-1.686994630653273930e+01 7.950981710408316694e+00 3.522419101972332101e+01
-1.787786566683941558e+01 6.384604406261978227e+00 -3.448008956448109785e+01
-1.550361330571830898e+01 1.114503690819494075e+01 1.846716971227126791e+01
-1.660663840735284680e+01 1.152404396454863011e+01 -2.017748485863759811e+01
-2.635326985414093048e+00 1.058283608938704745e+01 -1.794282879501292030e+02
-8.280408334812282334e+00 8.079102944416582943e+00 -1.788101886569082808e+02
-5.671677663260633828e+00 1.207545326372611072e+01 -1.641324298020045660e+02
-3.762511012590307402e+00 7.732937566642759997e+00 -2.019004041365265607e+02
-1.644150335845121802e+01 2.719685845732402463e+00 -1.338439934802790106e+02
-1.336336278346435513e+01 5.606409615574340144e+00 -1.619793942504127244e+02
-1.769471881481450026e+01 5.302092254147579453e+00 -1.274978656192246262e+02
-9.902146434405199926e+00 1.338529121798613986e+01 -1.298065701415939657e+02
-1.044981527324573456e+01 9.947967486785325164e+00 -1.626253323465640506e+02
-6.507641835268751507e+00 1.316174202417141004e+01 -1.494429165234222410e+02
-1.117387206333575200e+01 1.304082662273632209e+01 -1.220548572839299055e+02
-6.711390542222567923e+00 1.090385977213542290e+01 -1.622966613274351175e+02
-3.444522392414707923e+00 5.419239039255614454e-01 -2.114069233003466479e+02
-9.328954310054845322e+00 4.369734694027821220e+00 -1.971356666872681274e+02
-3.337535889700732561e+00 5.043961498605450622e+00 -2.168325508308379881e+02
-5.962433153426696109e+00 7.097351347544696765e+00 -2.049482362519864012e+02
-1.470782072158192122e+01 1.256340869816700234e+01 -9.849027962199930641e+01
-1.102886984797318526e+01 9.170266513971037980e+00 -1.503512844350604780e+02
-1.635396419598733075e+01 8.851668509362406567e+00 -1.153641874469650190e+02
-1.198972746145164336e+01 1.234140431416165029e+01 -1.092308396768624874e+02
-1.419847397088327767e+01 6.363531310815096376e+00 -1.435656206891436000e+02
-1.109587076132332228e+01 1.049640723702685818e+01 -1.371059717565874223e+02
-3.028441646010012533e+00 -9.950351927274525110e+00 -1.929532576342382129e+02
-9.188799393541593474e+00 -8.365256328416455389e+00 -1.900988869626740723e+02
-5.214270859581907835e+00 -1.290678384837908155e+01 -1.826143958355146140e+02
-4.241863910822517347e+00 -8.388745409474617887e+00 -2.080349559057488023e+02
-1.924169676388649108e+01 -2.339185169968542422e+00 -1.444242971692228252e+02
-1.392740890628257411e+01 -3.886683532069269198e+00 -1.742697561441663936e+02
-1.824603291558961260e+01 -6.786578098544389093e+00 -1.298231007061166906e+02
-1.726002672516215242e+01 6.832619519199936153e-01 -1.607685853231471640e+02
-9.293031483074583932e+00 -1.420936609390060923e+01 -1.378228349333540166e+02
-1.133352948950191852e+01 -9.516183681933751970e+00 -1.612588113242938732e+02
-7.446688193366751918e+00 -1.584945395456380979e+01 -1.672632187042761984e+02
-1.039830126929456711e+01 -1.387203687701932608e+01 -1.219407711196344906e+02
-8.612702507142094177e+00 -1.202444166707431705e+01 -1.764015665962411390e+02
-2.522534666489178345e+00 -2.066586399250741390e+00 -2.248540819070829571e+02
-9.171820750726585203e+00 -5.039496399237896718e+00 -2.011564451141524046e+02
-3.947719440031985716e+00 -5.079253721909488206e+00 -2.173314945171534305e+02
-4.873666631333309240e+00 4.717951149332601235e-02 -1.939002292767497977e+02
-7.067009963115740590e+00 -6.032518853630308264e+00 -2.066953137419750703e+02
-1.397771129373110988e+01 -1.211196034662493304e+01 -1.014227521215889141e+02
-1.152562219615922956e+01 -9.069698478566900590e+00 -1.563800904327999604e+02
-1.657904076877994726e+01 -8.328772387925466703e+00 -1.191067425243187614e+02
-1.183999122967609274e+01 -1.200520558554647188e+01 -1.133594721152482379e+02
-1.331870415862562318e+01 -7.244057666793477068e+00 -1.430863777165024260e+02
-1.098036234199929417e+01 -1.085006436085466675e+01 -1.387611207208223902e+02
-1.094738491186868679e+01 2.535567977258248451e+00 -1.760963994894578093e+02
-1.226572761437296677e+01 -3.532304517162818680e+00 -1.907539982271750034e+02
-1.474899912351344611e+01 2.004184348107821645e+00 -1.739157398175362914e+02
-8.813746195524338134e+00 1.532696706840111167e+00 -1.874979040698354140e+02
-1.480585636677821881e+01 -2.166443969351921961e+00 -1.872336200004029934e+02
-7.284816820338732235e+00 -9.855632902763706849e-01 -1.845477697956734744e+02
-1.966826149588332484e+01 -4.482946115692882927e-01 9.071430738987614006e+01
-1.957287175269065926e+01 7.865800404540020940e-01 3.163510631280564311e+01
-2.212719195295124308e+01 -2.538795052797568896e+00 8.645222376392190711e+01
-2.128974900241119173e+01 2.762980073833513739e+00 8.394643241950183210e+01
-2.139061255692099905e+01 -6.937728293980844896e-01 -9.258231449906136845e+01
-1.881633766998096746e+01 -8.207555266080862610e-01 -3.186447317482247499e+01
-1.909773153004730872e+01 -2.153001356347448159e+00 -8.282017290418029631e+01
-1.861423789228543768e+01 3.537023291602462649e+00 -7.730176987101940256e+01
-1.892924362656052750e+01 -9.700967114334181574e+00 5.572477803090340842e+01
-1.740031077706786178e+01 -3.904187245628388592e+00 1.980663376953232557e+01
-2.044055052916686321e+01 -5.812868951492575320e+00 7.563453490478333663e+01
-1.860792142110802061e+01 -7.029610585403613499e+00 1.785991943917185054e+01
-2.096003700334791731e+01 -2.998961354505363719e+00 5.352649894804986275e+01
-1.685645830058930272e+01 8.205193115479042731e+00 5.211118650576092648e+01
-1.882746527399067560e+01 4.130567732319634366e+00 1.952775068390933555e+01
-1.813272646594392157e+01 5.547623588684364115e+00 6.980348366393486970e+01
-1.643259347873269860e+01 6.113910930936858890e+00 1.752871860650062885e+01
-1.887998252386345399e+01 3.428978426822042014e+00 5.216867515976914405e+01
-1.886609931863691614e+01 -9.532529945844427033e+00 -5.200791884638097429e+01
-1.936720784868894896e+01 -3.605986648378388892e+00 -1.849751910877252925e+01
-1.943923296896189257e+01 -5.268647692004138072e+00 -6.955128949304007335e+01
-1.835981623039952026e+01 -6.150574231794299962e+00 -1.789450953376937292e+01
-1.860583929473762410e+01 -3.463321379081038209e+00 -5.017569177464527286e+01
-1.707601159390312517e+01 -6.311515939468873349e+00 1.249736148005051450e-01
-1.927267842061377223e+01 9.476528899764307567e+00 -5.290478783688045183e+01
-1.761351329176524416e+01 2.750126015349018349e+00 -1.918033183183504420e+01
-1.996942007309604961e+01 4.086605154125094508e+00 -6.866539336464987286e+01
-1.607576840063013535e+01 7.216760253891620458e+00 -1.773766996801913365e+01
-1.992948817038960385e+01 3.583256160054332895e+00 -4.889928157406696840e+01
-1.756829625013461538e+01 6.009318176784313792e+00 1.414944614021566155e-02
1.365448997859105340e+01 -1.623686990983735967e+01 2.028372031332473213e+01
1.512567070778664835e+01 -1.148564778556476718e+01 5.306705419482241126e+01
1.192818845696117513e+01 -1.778663714010468055e+01 4.922126598512335960e+01
1.739676492976757771e+01 -4.188506944520037578e+00 1.025501701690880338e+02
1.741234501879885244e+01 -6.644994401170436049e+00 8.552431268968798861e+01
9.431085400700288446e+00 -1.620437616942941972e+01 1.048816508121469298e+02
1.551819832654625664e+01 -1.274523460676048359e+01 8.179960115778993668e+01
1.062230517002796404e+01 -1.752200187289382427e+01 7.783898319517776088e+01
1.361448516697364575e+01 -1.524152133359857153e+01 6.714102567245896580e+01
1.244029885163128135e+01 1.533968478952775527e+01 1.879066883465858240e+01
1.458950372958218189e+01 1.132716586376951540e+01 5.183537148412509765e+01
1.194400196395556968e+01 1.544910882407942587e+01 4.709800801023343553e+01
1.813024032940861119e+01 4.057729271555573725e+00 1.023927247695135776e+02
1.637586487555722670e+01 7.906665766732958289e+00 8.017816994486295812e+01
9.447816961583571427e+00 1.402607576653381827e+01 1.041868311442881350e+02
1.554002407011066467e+01 1.266619131720171865e+01 8.613820909154385674e+01
1.007061532606889287e+01 1.596896641531028749e+01 7.557376474120026444e+01
1.261124503739227265e+01 1.425738149513795072e+01 6.429314600637847832e+01
2.642265054987009254e+00 9.676344230282166947e+00 1.855744694495272995e+02
9.995640329006331370e+00 9.908898685492543379e+00 1.851233395128318193e+02
4.247285635046575969e+00 1.230938597563767445e+01 1.686027801676769400e+02
3.987335095286534070e+00 7.629519214529126181e+00 2.175133810034766668e+02
1.652157659131745149e+01 1.515935943100255034e+00 1.284560825498375038e+02
1.319885085112075629e+01 5.548148265681642322e+00 1.671679995363819842e+02
1.552462320442231025e+01 5.271748420240119692e+00 1.213157613137606745e+02
9.472369348026131064e+00 1.501149510064715820e+01 1.389403537524960939e+02
1.080309821188891739e+01 9.915411381724419826e+00 1.645407663568695114e+02
7.782547574207674401e+00 1.403390350606813541e+01 1.523944054202678444e+02
1.126659603339776794e+01 1.271625295294945168e+01 1.265989410042323300e+02
7.701695774923907223e+00 1.067883144558005881e+01 1.673482906870547708e+02
2.777542759600348798e+00 1.743974557375711498e+00 2.330577611548598327e+02
9.937614602414610587e+00 5.094993283533331585e+00 2.057821551832007572e+02
3.367632307745259013e+00 5.986606222265439037e+00 2.211751367247350970e+02
7.016726907579046824e+00 6.782790923335569211e+00 2.174586710544683399e+02
1.449143581819147641e+01 1.269779709736198114e+01 1.021823955755907036e+02
1.234905143135021000e+01 8.928146515458710297e+00 1.560740351010659879e+02
1.487588464100655194e+01 7.743034540621655637e+00 1.104182846922294203e+02
1.144630184024754982e+01 1.295932145769207011e+01 1.149969746123572776e+02
1.413521540522289399e+01 6.729910031598035580e+00 1.421799779831404180e+02
1.103761030401690668e+01 1.087838144453946576e+01 1.382996069230215141e+02
3.588640829867540738e+00 -1.127145211943274106e+01 1.785435399267772993e+02
8.291425799208152370e+00 -7.618929368808096569e+00 1.742286498368640935e+02
5.345678868502076853e+00 -1.174945750122721222e+01 1.725880205399650720e+02
3.896895079425673369e+00 -8.691931370083866071e+00 2.048043079037310861e+02
1.613880163973630744e+01 -8.321432261592415225e-01 1.314305404446042189e+02
1.255033350544710657e+01 -6.435647894098920574e+00 1.595361190052900326e+02
1.668631151772282450e+01 -5.370438793555642576e+00 1.213115470016791875e+02
1.610179687388556857e+01 6.712256336252852597e-03 1.496271185379648045e+02
9.020690995775309418e+00 -1.469045126941200152e+01 1.324597087834972058e+02
1.054586763616962486e+01 -1.026585810389397579e+01 1.662456696171371107e+02
7.392188257282813701e+00 -1.283324529117493285e+01 1.533234577260803349e+02
1.030685583366237523e+01 -1.220071328594419846e+01 1.226776241633626796e+02
8.182197635911686362e+00 -1.081146001379719124e+01 1.721115254168139472e+02
2.352838437542716932e+00 -1.835716350118940854e+00 2.210231794091732525e+02
8.223773688959399308e+00 -4.620357387103093849e+00 1.914526936025332589e+02
2.579373094640436737e+00 -6.538884275570304716e+00 2.164631550445573396e+02
6.835432629918760661e+00 -5.578871705298649175e-01 2.308269615081309496e+02
6.147535171062385118e+00 -7.201417027284726657e+00 1.977237613718137936e+02
1.431753730510767575e+01 -1.103253879628379686e+01 1.020864938315858126e+02
1.264921783947330347e+01 -9.591114809219227766e+00 1.570195820329474259e+02
1.564030128478920822e+01 -7.377112653282749122e+00 1.170700039657825897e+02
1.264109790824759294e+01 -1.156767221002525048e+01 1.073694256276774013e+02
1.502380034225956607e+01 -7.396758494543922424e+00 1.399178171675767146e+02
1.134112026557174957e+01 -1.139938275877828922e+01 1.369916197219813228e+02
1.311420418564022405e+01 3.694687672272155332e+00 1.903109978002600826e+02
1.067026834280666314e+01 -3.168219839266562587e+00 1.866415855786413260e+02
1.412458568919321245e+01 1.689731118678220456e+00 1.641543799220439439e+02
1.029916825221302190e+01 2.881167827463869013e+00 2.220273180961592345e+02
1.251114009663007387e+01 -1.725984796037187019e+00 1.636022835556776727e+02
9.514665489837952350e+00 -1.877550191659726142e+00 2.155163614007877584e+02
1.222897753820744349e+01 -1.483192310116763757e+01 -1.818470182929636891e+01
1.506201900570217767e+01 -1.178801949397884208e+01 -5.471854359268414925e+01
1.269284597054330632e+01 -1.624703799550478323e+01 -5.020258956163120700e+01
1.430256365949564490e+01 -1.401549876154858332e+01 9.982975119639211359e-01
1.769692992728977998e+01 -2.916487633271342528e+00 -1.040952751279304920e+02
1.603845937591440673e+01 -8.485802490110259555e+00 -8.320049773104182123e+01
9.956451414378118869e+00 -1.497553547333182422e+01 -1.067481593730621086e+02
1.509989276971440297e+01 -1.209476458561699630e+01 -8.354986815742715578e+01
1.069352924417177775e+01 -1.736219958883640402e+01 -8.232414121263897755e+01
1.440995307775904521e+01 -1.574514562412566399e+01 -6.940056546938853899e+01
1.721959641830933663e+01 -8.361707854247542926e+00 3.529191705912749910e+01
1.736121028504569708e+01 -7.182057725173563334e+00 -3.557930279662166129e+01
1.629445603281462596e+01 -9.747536401768190473e+00 2.005046058269541476e+01
1.603590698008968474e+01 -1.140796798680478474e+01 -1.934314886786248877e+01
1.336792519873747587e+01 1.643303044094723830e+01 -1.965724615284569410e+01
1.644793457851764984e+01 1.250652593929032363e+01 -5.998451634529150311e+01
1.203780581273794859e+01 1.786798219864153481e+01 -5.453275742009819993e+01
1.509251965690810593e+01 1.393595474717975691e+01 -5.789576989806126672e-01
1.781862536609040504e+01 3.160872342409178248e+00 -1.055228072291823622e+02
1.751695780464034158e+01 8.528322973052992140e+00 -8.515105552550224388e+01
1.095959484034729492e+01 1.652188191442300891e+01 -1.124955824994293323e+02
1.683752586481782743e+01 1.200045677318728288e+01 -9.011514618351763772e+01
1.129852531916288960e+01 1.830746300637359525e+01 -8.711110059361578806e+01
1.482942914962291781e+01 1.721104894880908986e+01 -7.679112808094949116e+01
1.696245233443411138e+01 8.230948492963484853e+00 3.671572911281825213e+01
1.853898818979279639e+01 8.696162146881325938e+00 -3.549513072324940310e+01
1.613676857240468365e+01 1.078987502300396706e+01 1.837025479752403712e+01
1.656323967690505938e+01 1.290975395070144138e+01 -1.993131993945266700e+01
2.629587991400248903e+00 1.082163054417054049e+01 -1.858663700570052697e+02
8.273122698367380679e+00 8.434529172193434121e+00 -1.767111796082789681e+02
5.795022017522989621e+00 1.411326680701100322e+01 -1.747760836437775538e+02
3.424079559680483165e+00 7.963043136580884251e+00 -1.909268268387593537e+02
1.554448736294264677e+01 2.016452786210762849e+00 -1.316610375248420155e+02
1.252714045780999008e+01 4.576481062416348777e+00 -1.587146687451671312e+02
1.740376963592095905e+01 5.478363484279372919e+00 -1.242425888108299716e+02
9.479928360127786391e+00 1.404618367374815335e+01 -1.406318578461947482e+02
1.173922926117164245e+01 9.177629582184261281e+00 -1.724308263251514290e+02
6.389529073664755643e+00 1.356868131706271896e+01 -1.614665111079187625e+02
1.032542285873262777e+01 1.401343088365321776e+01 -1.254341812675479559e+02
7.086208559232443527e+00 1.211218138529742028e+01 -1.717173538016610905e+02
2.971284667483790276e+00 1.344462960431410226e+00 -2.141026007208143938e+02
9.687851267777224606e+00 3.201861961382854282e+00 -1.929040733180306688e+02
2.572339093088832573e+00 6.578104037203589272e+00 -2.047462461490043495e+02
5.686802587033827017e+00 6.519153313748758727e+00 -1.875122541373167167e+02
1.517206326046792064e+01 1.322228554479652196e+01 -1.048084724467130400e+02
1.195606189063967584e+01 8.978544418813932282e+00 -1.564048399086140364e+02
1.591416916899564526e+01 8.022081800907530535e+00 -1.127261952320569236e+02
1.299935935996566272e+01 1.316066641247022950e+01 -1.137065147737689159e+02
1.454111695827464423e+01 6.416256627126641909e+00 -1.385626117720788102e+02
1.131697825649807676e+01 1.123275272598613661e+01 -1.453436398439490063e+02
1.988439883337473679e+00 -1.119716914456832946e+01 -1.875562846028681747e+02
8.843557821965486454e+00 -8.390018410136825366e+00 -1.855561836876291295e+02
4.921087730400980575e+00 -1.187616558003873557e+01 -1.652156803339868532e+02
3.645727641352388471e+00 -8.594580670090465446e+00 -2.228640183931219951e+02
1.686123479425504712e+01 -2.334938711710834003e+00 -1.384832231777644154e+02
1.453152070931866113e+01 -5.530406099957946076e+00 -1.695146067945985635e+02
1.671148419339032287e+01 -5.200966148897147256e+00 -1.271730509238104361e+02
1.609128550342503416e+01 4.163559502075597218e-01 -1.550684597135600029e+02
1.010532781030799754e+01 -1.323716141202197960e+01 -1.294167456136218277e+02
1.076241062873706333e+01 -1.010470748027549170e+01 -1.625753689279261494e+02
6.413692598023830627e+00 -1.249289605378087487e+01 -1.501871315574665005e+02
1.029891675237804449e+01 -1.301948796872760106e+01 -1.196474066489357710e+02
6.244105971090930574e+00 -1.064975250327312928e+01 -1.634559375962553247e+02
3.165480714867578982e+00 -3.026668905765882656e+00 -2.313545438307102700e+02
1.037055934320047434e+01 -4.657639650659896269e+00 -2.077561097670609911e+02
3.306108757464782943e+00 -5.384180682915925331e+00 -2.396217298014443031e+02
5.236470311915886633e+00 4.747898793957161523e-01 -2.107557625603601537e+02
7.579403707721651173e+00 -7.986588345559173518e+00 -2.260549777813507148e+02
1.406295393223364520e+01 -1.185044076944198110e+01 -9.775445675326939465e+01
1.164203503309985166e+01 -9.332758799055971721e+00 -1.512798559982385029e+02
1.587253605670827028e+01 -7.847911656668147273e+00 -1.153808437475518929e+02
1.130673876408564738e+01 -1.318402915465081904e+01 -1.086946784635728847e+02
1.448055979651303105e+01 -6.342785224394461352e+00 -1.411497941621154553e+02
1.096689693989990566e+01 -1.077191400143340516e+01 -1.384497314519891802e+02
1.099212472806792107e+01 3.805711114063531131e+00 -1.815779351812456639e+02
1.140391775424944676e+01 -3.283310488820579742e+00 -1.928474411257156760e+02
1.306857763467757394e+01 1.365616584941259815e+00 -1.653462494588633831e+02
1.014997461159484793e+01 1.868367440409395952e+00 -2.018836628010614049e+02
1.523417655198779030e+01 -1.715264773740466486e+00 -1.797251071466945405e+02
8.968124694717142020e+00 -9.888066530329980841e-01 -2.004422437204696337e+02
1.780465433751288984e+01 -4.505925487026150589e-01 8.687839436438150642e+01
1.826029292980285135e+01 8.011948299702542631e-01 3.017648750169098903e+01
1.937045488190807774e+01 -3.061958397615843097e+00 8.168093938451740144e+01
1.794392862232750119e+01 2.734167857166722726e+00 7.702953562764453466e+01
1.929568124042174304e+01 6.715011197266777809e-02 -8.804799855220447569e+01
2.066824537174897713e+01 5.363642820098549757e-01 -3.079707457052041519e+01
1.872794656641136868e+01 -2.603802827892019334e+00 -7.808615576473688691e+01
1.800930622598162500e+01 3.534937762024636054e+00 -7.795068579057254965e+01
1.653630219745356200e+01 -8.153052453434449731e+00 5.274033960627009776e+01
1.805495464915946258e+01 -4.816097658124437686e+00 1.821964909762862561e+01
1.967825024736941231e+01 -5.845803285120315884e+00 6.982866333550502702e+01
1.732754017066790908e+01 -6.573150363995595491e+00 1.779854693684030309e+01
1.904967250730830841e+01 -2.479765960100352107e+00 5.267925761207217050e+01
1.700970919982282226e+01 7.203736994977588459e+00 5.471094925839260981e+01
1.871848385596282327e+01 4.326798874823500007e+00 1.738281977846103032e+01
1.802383705603279651e+01 4.403042413209141692e+00 6.606407783040337733e+01
1.922975324457310364e+01 6.810032894820484906e+00 1.902538100823542422e+01
1.835262074927593190e+01 2.554460483839304796e+00 4.789530518527577385e+01
1.658426830961355236e+01 -9.227137800591929562e+00 -5.387452589572199457e+01
1.939211673320275153e+01 -3.814457830542234085e+00 -1.796375739077154421e+01
1.857901421610517900e+01 -4.041754087766606496e+00 -6.905639658916537371e+01
1.766917263114125447e+01 -6.528788381621098758e+00 -1.815511259192346927e+01
1.960799511680481189e+01 -3.657777271562709043e+00 -4.858117295774645328e+01
1.660743819302723523e+01 -4.588560997404624864e+00 -2.837329041095936755e-01
1.824979470663883774e+01 8.139515567136998087e+00 -5.453054522238390689e+01
1.940810050397920605e+01 4.457862833762725963e+00 -2.051610877417611434e+01
1.957407732945380729e+01 6.103752637228248901e+00 -6.724281395434002206e+01
1.939318685627488037e+01 6.780536645932442319e+00 -1.954248190108112837e+01
1.844811748738334600e+01 3.270587932376966211e+00 -5.036037732323928395e+01
1.764272042714655342e+01 4.489597716960408214e+00 2.158152363330991669e-02
