1.385160826073869700e+01 -2.226870866944418381e+01 -3.836623442028884445e-02
-1.361590518865647503e+01 -2.217804149211611175e+01 2.141737620810566789e-01
1.380331387910414520e+01 2.223395366803082851e+01 9.857293150497707657e-02
-1.449654588767536190e+01 2.334367246940970020e+01 8.685467475516771285e-02
-8.022643135374216139e-02 1.381130635206734247e+01 -4.127488299433343144e+01
6.773656711917562523e-02 -1.341732427070516565e+01 -4.008825311420695670e+01
2.288067450260780622e-02 1.328849646018529995e+01 3.973758645457955652e+01
-7.226554092421558217e-02 -1.363216065787178444e+01 4.074784635807019839e+01
-2.226173580507220251e+01 7.389612086372550348e-02 2.048716123770629949e+01
-2.169116121871432767e+01 1.511729115669258570e-02 -1.969946825903528520e+01
2.325492267466543339e+01 2.649302406121738923e-02 2.091250442272056631e+01
2.282288024717067643e+01 7.475104238692590643e-03 -2.035791799874000674e+01
1.192084468514943577e-03 -2.488482537306627762e+01 -1.357125610915326797e-01
3.169772529772132974e-02 2.465483341645701287e+01 -1.103393838038033703e-01
7.759155331284454782e+00 2.049644953751225174e+01 -1.874537751600248470e+01
-8.027509283388184258e+00 2.104636235498399088e+01 -1.935363717554372087e+01
8.030139761856043279e+00 -2.108288261097801097e+01 -1.937434894179036604e+01
-7.916658127839346193e+00 -2.081353462398010379e+01 -1.853993573524645910e+01
-1.234368714339140610e-01 1.750831505994501214e-01 -5.112112611516401017e+01
7.864904035331487187e+00 2.067869798099075496e+01 1.906489709395691889e+01
-8.007999709019948398e+00 2.096755241737044884e+01 1.905403767433378448e+01
7.734568281844877546e+00 -2.030540829596853314e+01 1.883445584758073110e+01
-8.339761308879023005e+00 -2.182746963576301269e+01 1.964045522482153672e+01
-1.213416484194742295e-01 3.684225213290676787e-02 4.937810746338071510e+01
-2.021680214940863607e+01 -1.251327519774383923e+01 1.064450462275667419e+01
-2.202397307317808028e+01 1.360662507238479968e+01 1.103728670855223370e+01
-1.297882618682193190e+01 7.973117758035159319e+00 3.697060662732177150e+01
-1.244464527101775708e+01 -7.723400280093815518e+00 3.559896917268094541e+01
-2.074020135874328830e+01 -1.278777212441662314e+01 -1.088137831344788786e+01
-2.178555611006798642e+01 1.348089280455067041e+01 -1.112923821891762444e+01
-1.285348142292848905e+01 8.046688968720630442e+00 -3.690113107259033853e+01
-1.240713190260705190e+01 -7.755046032984389548e+00 -3.590941351777055957e+01
-2.600741480068094802e+01 5.930901225166860559e-03 1.306468499678538897e-01
2.185058551206742905e+01 -1.348782495215428945e+01 1.100727822289339564e+01
2.135696622203951733e+01 1.318247982186107592e+01 1.108535955393314332e+01
1.264984364253377436e+01 7.697927588018672829e+00 3.587366564402197611e+01
1.293796056770223224e+01 -7.904109335763826572e+00 3.682219205328699729e+01
2.178182295446648808e+01 -1.348271480721756355e+01 -1.109578118943756309e+01
2.077510874225713167e+01 1.278122565758510376e+01 -1.085382026632713526e+01
1.285747719275855872e+01 7.828019344998375928e+00 -3.680114353034153396e+01
1.244301387573350226e+01 -7.731369082445719521e+00 -3.563083597945223602e+01
2.644506274004638868e+01 2.354739831396229430e-03 7.656048551956393111e-02
6.812963502435738228e+00 -2.396522382839998500e+01 -1.777911952986208632e-01
-7.276523698379546268e+00 -2.536379352561407785e+01 1.004864589139807529e-01
7.069646769886078985e+00 2.482000800764790682e+01 3.152782818573510865e-02
-7.097885916160812769e+00 2.477323534656087034e+01 -1.210316738581398710e-01
1.109042637589726077e+01 2.203330983638507945e+01 -8.975070709192392471e+00
4.036338013886592968e+00 1.787484854057111860e+01 -2.980406993228521628e+01
4.171907849721785411e+00 2.391842056858452281e+01 -9.395756282220816047e+00
-1.153285424226494094e+01 2.293944648337473780e+01 -9.185558488106954300e+00
-4.237761573394872805e+00 1.821693723363934581e+01 -3.026353780472696187e+01
-4.032984443566866695e+00 2.353150263163615463e+01 -9.389711633704434846e+00
4.107131796995904145e-03 2.145094882610009535e+01 -2.069136413327712631e+01
1.126348652145595608e+01 -2.235170945797660025e+01 -9.326498529762702105e+00
4.208586710032466982e+00 -1.820162948760626875e+01 -2.993546267943933614e+01
4.059151242972741436e+00 -2.376317631458367075e+01 -9.452836709173860541e+00
-1.134495601768197837e+01 -2.254477526606723359e+01 -8.930665706042850260e+00
-4.014097412669952902e+00 -1.772482816998615007e+01 -2.921966016980547920e+01
-4.317537761477415081e+00 -2.467982502491454611e+01 -9.449468160024409258e+00
-1.700837508533403070e-02 -2.189729723293903163e+01 -2.078189415006496432e+01
2.213820421052820758e-02 7.206610209401698164e+00 -5.054269245811853750e+01
1.468400650456380407e-01 -6.649245401888055795e+00 -4.630176787670638561e+01
1.130899919696334699e+01 2.244644482725098200e+01 9.239716091090693695e+00
4.131626480034753968e+00 1.775352782878094970e+01 2.945792310840091233e+01
4.053277637881998352e+00 2.364167646378212595e+01 9.121918672715962018e+00
-1.180246716942201779e+01 2.326975682738839879e+01 9.255134874378430965e+00
-4.146160188785261269e+00 1.777356045922199357e+01 2.953339274125746883e+01
-4.053006477268155550e+00 2.335450590609496757e+01 9.203757868085880034e+00
-8.055327313796207048e-03 2.075091913951592915e+01 2.016210225280813262e+01
1.099496372065096494e+01 -2.174038714051770782e+01 9.038355318332571997e+00
4.090939398902074586e+00 -1.787448393432335791e+01 2.977925999660166667e+01
4.000215978121345550e+00 -2.309800432024534800e+01 9.165151986174944199e+00
-1.164156011957635251e+01 -2.327595031323282626e+01 9.503714969898593878e+00
-4.312343384730656481e+00 -1.838956933573439301e+01 3.017418736391483947e+01
-4.083127543627997014e+00 -2.374981063795477354e+01 9.303185826427510463e+00
-1.318495310244885074e-02 -2.117702296206329038e+01 2.054467122916068433e+01
2.685183785669850633e-03 6.401071379930751704e+00 4.582607034814532909e+01
-3.098933048712495045e-02 -6.796381401407783684e+00 4.819741930152463283e+01
-1.710134397900573333e+01 -1.732742783020589172e+01 5.498515871722490012e+00
-2.104768739493518126e+01 -6.296160618760865191e+00 1.572488785534272537e+01
-1.487471842569149949e+01 -1.752903954436796496e+01 1.593984930217878393e+01
-1.892789026077653602e+01 1.914628424213836055e+01 5.610015051325437874e+00
-2.257484678196960459e+01 6.794470670661777234e+00 1.642843984697294246e+01
-1.597540557741679201e+01 1.872418550166836937e+01 1.590349792810380691e+01
-6.663486829380540044e+00 1.113895318405464607e+01 4.136402516933761575e+01
-1.849440872032741368e+01 4.226256016577455199e+00 2.928330962395084569e+01
-1.109870411421094794e+01 1.543720666505450545e+01 2.899167566501565929e+01
-6.465280674708481889e+00 3.918696235431746722e+00 4.664469128110001606e+01
-1.816559482728573016e+01 1.109602371135722976e+01 2.352017126465657881e+01
-6.565961319749020753e+00 -1.111381480237952779e+01 4.110687021352358528e+01
-1.774899509469601355e+01 -3.961375161367624465e+00 2.861453496847127909e+01
-1.107798897420452633e+01 -1.557720770962791690e+01 2.895925762239126655e+01
-6.362955676068430932e+00 -3.876688846046937975e+00 4.669543553080912801e+01
-1.699578744250330331e+01 -1.043966674041933018e+01 2.242311838970641702e+01
-1.324140254967908881e+01 9.074948193302141697e-02 3.983203902009806541e+01
-1.711254873244796926e+01 -1.730823371415691625e+01 -5.424148417693992030e+00
-2.217569661930974689e+01 -6.664243107593186721e+00 -1.573717345701391146e+01
-1.458306236590571814e+01 -1.711916159693350536e+01 -1.547503193476490146e+01
-2.201237072263840133e+01 -1.358654935674047337e+01 -1.114454545955273213e-01
-1.853100459197991867e+01 1.885790397040192090e+01 -5.431711799382713757e+00
-2.248376735136910654e+01 6.740677390319124385e+00 -1.612175345030202678e+01
-1.526900027887552724e+01 1.791862530981455137e+01 -1.583655694682241943e+01
-2.338330986635378750e+01 1.448718903438826366e+01 -8.714045008062502179e-03
-6.748476526385340790e+00 1.126577128275304496e+01 -4.157168854555852278e+01
-1.789548478133161780e+01 4.184200253012856585e+00 -2.887814816182509148e+01
-1.119133064967431679e+01 1.555031174261910110e+01 -2.904987519301851151e+01
-6.818651217302655887e+00 4.257418888144287372e+00 -4.887787735129574429e+01
-1.821551763140462299e+01 1.113782903058432971e+01 -2.344431978391017068e+01
-6.368757511733803334e+00 -1.079404609567792050e+01 -4.004647898709140463e+01
-1.734400223073551928e+01 -3.972771189457833252e+00 -2.818118994433410762e+01
-1.071179887353152616e+01 -1.488117324950687248e+01 -2.783904997565104011e+01
-6.707300123231654254e+00 -4.265005637962274498e+00 -4.836644534516077698e+01
-1.737279227157273809e+01 -1.060310253281602400e+01 -2.265561274763565436e+01
-1.328486202194631360e+01 9.522441675612515477e-02 -3.998695259542344616e+01
-2.495406214640447828e+01 2.109681509291416734e-02 9.748467210381825510e+00
-2.472691910514614833e+01 6.876881986049694639e-03 -9.436606354292086607e+00
-2.477840442185040004e+01 -6.828508252752590657e+00 5.319812172581980469e+00
-2.552018123955355478e+01 7.066917707993921383e+00 5.581365289663971829e+00
-2.525817485465416823e+01 -6.994484565500627582e+00 -5.624553028542459643e+00
-2.575674179228164107e+01 7.101229844543952119e+00 -5.499652520084586271e+00
1.848408880607228255e+01 -1.868268480028136835e+01 5.516453195784126073e+00
2.260161314900175356e+01 -6.792491872794186314e+00 1.642877978350283641e+01
1.550461542806193016e+01 -1.816344987652272280e+01 1.578597274625225921e+01
1.837847899006214547e+01 1.872009756637329403e+01 5.702904430483055620e+00
2.328106246210179364e+01 6.958358054505793255e+00 1.664946015652455458e+01
1.536552722687072325e+01 1.804953466280165841e+01 1.577903057025579692e+01
6.546054739901208563e+00 1.091374791210210304e+01 4.063061884000505586e+01
1.862385379203574587e+01 4.212233322638217814e+00 2.922325228493945204e+01
1.089397774476537428e+01 1.514760131129685661e+01 2.855356811237157544e+01
6.176385296731758068e+00 3.884249629092743739e+00 4.503113268881532605e+01
1.783481027478722680e+01 1.083555568883043208e+01 2.309480911465260178e+01
6.663031179724202779e+00 -1.109295189291949058e+01 4.132669839938876777e+01
1.859223759010848198e+01 -4.182526449184554629e+00 2.923459848640856151e+01
1.097579558742792472e+01 -1.518142737043997315e+01 2.870694176566241751e+01
6.570588449354844762e+00 -4.166673605578040451e+00 4.697572627289193292e+01
1.812281744785329707e+01 -1.106560498035666384e+01 2.346459875653514615e+01
1.306069268614731449e+01 2.946011659256372872e-02 3.931255048365921567e+01
1.832490661991200653e+01 -1.863618033679153285e+01 -5.487392248604790801e+00
2.248737843771938927e+01 -6.734196081597316308e+00 -1.599196025414462596e+01
1.524071716976124513e+01 -1.789198864425321389e+01 -1.589284291658547765e+01
2.334272171670822971e+01 -1.445378381115586564e+01 -3.064410924083913954e-02
1.791396307405160471e+01 1.814191300773230608e+01 -5.316158921950067118e+00
2.283853369941539313e+01 6.873313367878656877e+00 -1.645617840198269022e+01
1.445560482460425611e+01 1.694470384772030513e+01 -1.531139344928070756e+01
2.214107147100008177e+01 1.370569016241668159e+01 6.795449526877904434e-02
6.661720973551101821e+00 1.118929818387873532e+01 -4.153223426756950687e+01
1.837205901678293785e+01 4.169466834311248427e+00 -2.915602009790727678e+01
1.067980470908386081e+01 1.486819479842974090e+01 -2.843345390894351965e+01
6.891837835279733149e+00 4.168734482120265206e+00 -4.854696966741087749e+01
1.758048611089343183e+01 1.065468319411241005e+01 -2.311093237030174308e+01
6.485093636002416062e+00 -1.080620454050164980e+01 -4.020042654873832078e+01
1.778567277400687274e+01 -4.053605175074262768e+00 -2.824733291047735406e+01
1.114224031401752946e+01 -1.549307544008194348e+01 -2.866774739543310702e+01
6.370445803909886351e+00 -3.890987249734018771e+00 -4.558497044841446666e+01
1.817131017149011996e+01 -1.111025313462667974e+01 -2.316297267159675499e+01
1.310852412575455261e+01 3.818535398169572992e-02 -3.949970920905496286e+01
2.573850567680560886e+01 1.532122648554540452e-02 9.917204637622138108e+00
2.555537646475477231e+01 5.673288588154857138e-04 -9.684757539305417495e+00
2.552813251766240654e+01 -7.070973210050031987e+00 5.588569437935805517e+00
2.504954751944956115e+01 6.897677029737016241e+00 5.654360407110620379e+00
2.576662881885404843e+01 -7.094487951383232627e+00 -5.474102750768311765e+00
2.488334765483691058e+01 6.875523444230183578e+00 -5.509913737303320680e+00
1.030076883199839699e+01 -2.325316068078883092e+01 -1.416089043208799136e-01
3.434251530410296294e+00 -2.450855740306439756e+01 -1.819964678360759813e-01
-1.080061364037786653e+01 -2.455256292003428698e+01 2.783253601212364314e-01
-3.574523338871396394e+00 -2.516351033852340180e+01 -3.327218023557602239e-02
1.046178733517447412e+01 2.369825159912538837e+01 1.202039553910754788e-01
3.563297497816585668e+00 2.504227609972976865e+01 -9.868817281757651105e-02
-1.087148587378659137e+01 2.448661187233028969e+01 -4.647742588971036370e-02
-3.487259270218809437e+00 2.455620633883322057e+01 -1.001758865516099439e-01
1.259644822828753163e+01 2.238459425238842115e+01 -4.248494149872673376e+00
9.536803613056809681e+00 2.148561997697251158e+01 -1.379798752262751904e+01
9.226249285617194928e+00 2.379299029508818819e+01 -4.423895605843818579e+00
2.013844213382411485e+00 1.597716807692481567e+01 -3.550104926658028859e+01
5.955466172232714683e+00 1.930726317704732153e+01 -2.396280264326762577e+01
2.149820483884809619e+00 2.463172068586868235e+01 -4.646489126552858728e+00
6.110150519574427896e+00 2.266395908992631547e+01 -1.416829714333229617e+01
5.684525266256512666e+00 2.474798648384998856e+01 -4.549684420734087631e+00
7.727982833993469747e+00 2.348115408113553215e+01 -9.292203951443553933e+00
-1.317926358565899037e+01 2.347084624744611858e+01 -4.412921267640346201e+00
-9.729473271611189134e+00 2.192309440959079581e+01 -1.415744229903810769e+01
-9.477947752533985692e+00 2.435240452243374065e+01 -4.426291617624332986e+00
-2.176771956852107337e+00 1.615358420279248008e+01 -3.579885749500846970e+01
-6.208925615572733925e+00 1.980592973938383494e+01 -2.460651828950075171e+01
-2.881148196651197799e-02 1.837107915944845971e+01 -3.089121920840516111e+01
-2.039363368715530367e+00 2.419281670070792600e+01 -4.629432372718536470e+00
-6.040384025043090688e+00 2.247166364135568628e+01 -1.432275219331203076e+01
-5.604212597907024751e+00 2.446046967017435847e+01 -4.518366372606522852e+00
1.440318793191033842e-02 2.336810603007092979e+01 -9.558066063026705805e+00
-7.770277851790875268e+00 2.354495002341623078e+01 -9.343109730940875934e+00
4.007957904713579822e+00 2.140623401790045577e+01 -2.013997495456195708e+01
-4.006860652612004081e+00 2.126911993465188999e+01 -2.034270671105988626e+01
2.111833326762407204e+00 2.020430408060778404e+01 -2.536511118434312806e+01
2.071809469994597919e+00 2.248482412984290946e+01 -1.490887077622341828e+01
-2.109588407442111180e+00 2.011077871032376407e+01 -2.541268937971814879e+01
-2.050987147522739917e+00 2.242871579666796933e+01 -1.496264780384903759e+01
1.269139211954464486e+01 -2.254669375262453812e+01 -4.518568705653304818e+00
9.690696599909246700e+00 -2.180089610580594695e+01 -1.423731330930993266e+01
9.115656517073544407e+00 -2.346171802561847741e+01 -4.551927610234176136e+00
2.131132065934491226e+00 -1.596003227364580113e+01 -3.506924104028620093e+01
6.204619639780217355e+00 -1.984015517878994928e+01 -2.451166326952611740e+01
2.054472826589488488e+00 -2.460057710715479118e+01 -4.636198416392349309e+00
6.053566325736049691e+00 -2.250640363618276041e+01 -1.436452369385920136e+01
5.486321337936381326e+00 -2.407806262922359153e+01 -4.571319554945176833e+00
7.626167649252891145e+00 -2.314388092195447300e+01 -9.442814075340299595e+00
-1.264475960973525126e+01 -2.264283865557246500e+01 -4.190797755364783050e+00
-9.747840460948541619e+00 -2.193866699533196041e+01 -1.369535629720948222e+01
-9.625302542275429474e+00 -2.477849858174458575e+01 -4.361781240231048962e+00
-1.971323141831480719e+00 -1.572728687241924561e+01 -3.469856648958727874e+01
-5.984569336698799091e+00 -1.931117052698850500e+01 -2.360837549249667688e+01
3.414130193770020111e-02 -1.833647372152780264e+01 -3.052904660832743033e+01
-2.140448026058984876e+00 -2.502110055308621739e+01 -4.671393339620713903e+00
-6.367719058840391355e+00 -2.354626019514340385e+01 -1.410306868278413006e+01
-5.862833213637427932e+00 -2.532042789849800712e+01 -4.541892100940410515e+00
3.852955951844916176e-03 -2.423722421785042869e+01 -9.650288718752781492e+00
-8.082385101196072341e+00 -2.446631541033106316e+01 -9.346434467319884476e+00
4.014451851635293167e+00 -2.147459237667888843e+01 -2.038359630132850597e+01
-4.063621468812686821e+00 -2.184984790523977338e+01 -2.005208466777828136e+01
2.106846844497893834e+00 -2.023955553567143539e+01 -2.533579675258014063e+01
2.080641441313610951e+00 -2.300608161954091813e+01 -1.506087954895944492e+01
-2.127545999749743455e+00 -2.038573232526750090e+01 -2.522213808665738455e+01
-2.116759874944825537e+00 -2.328986293102687455e+01 -1.499640048298873296e+01
-8.044770074927583281e-02 1.067551388859795303e+01 -4.718400737323531757e+01
1.025322327147839552e-01 3.571713709609879217e+00 -5.244509324491338731e+01
9.977050084560566690e-02 -9.742144313501430730e+00 -4.344222668551783784e+01
-3.719208038062993271e-02 -3.338919032110530871e+00 -4.814115648482066234e+01
1.271034183924210659e+01 2.259340415437927518e+01 4.498200250281255919e+00
9.646220419674669699e+00 2.175729609641557616e+01 1.404405444893723320e+01
9.286163587634483463e+00 2.399651879370311391e+01 4.479795998455537109e+00
2.079500592138504800e+00 1.568561283458592470e+01 3.463397399316235692e+01
6.065612308691994414e+00 1.934101602958401855e+01 2.409888541329258516e+01
2.078701932802295538e+00 2.448331324887048766e+01 4.348602416036602136e+00
5.991347851538256997e+00 2.226055647352153244e+01 1.407502975360538855e+01
5.664926294260427042e+00 2.474544747589188631e+01 4.357731124362384634e+00
7.787206472115834721e+00 2.363540746558514627e+01 9.293820469893168124e+00
-1.337215109281565084e+01 2.366255842491051808e+01 4.516731900358098351e+00
-9.878854284475259817e+00 2.218239286834065993e+01 1.411370585643271980e+01
-9.525281788521073878e+00 2.437886344787389703e+01 4.430069899665936006e+00
-2.063040606683030909e+00 1.570548304021601105e+01 3.473394647856072481e+01
-6.157439477180698617e+00 1.952285833570396179e+01 2.415901299695675064e+01
9.236767466452026204e-03 1.771113394170845012e+01 2.991546051332414180e+01
-2.072517801058705089e+00 2.415786704724193967e+01 4.449058581816761837e+00
-5.991076498619145596e+00 2.221322110567777841e+01 1.408187307306757852e+01
-5.614098491464270424e+00 2.440402157613615586e+01 4.422359078872602822e+00
-1.402880893169872710e-02 2.315490050445737680e+01 9.260952251822361703e+00
-7.768580184555097468e+00 2.351552041100034174e+01 9.299099544586463040e+00
3.928390634021091898e+00 2.080350665570306745e+01 1.989255978887272036e+01
-3.926306332167599500e+00 2.078989314410850753e+01 1.983436566909091781e+01
2.068415412469646331e+00 1.944207447124265542e+01 2.476496496124142155e+01
1.995009671969700138e+00 2.196016781483391256e+01 1.452405024995082883e+01
-2.069232720434232231e+00 1.948426674873175912e+01 2.479182969731403219e+01
-2.009557711232084376e+00 2.194255863569223663e+01 1.455860480549917924e+01
1.253852628899518962e+01 -2.222575033028527614e+01 4.295544826130324623e+00
9.365013356020103430e+00 -2.105633674373805775e+01 1.384014610886476504e+01
8.984929241771174802e+00 -2.309330634828732798e+01 4.373371260735869903e+00
2.024011138298551948e+00 -1.593448209884679478e+01 3.528954301195406629e+01
6.040281334648414990e+00 -1.935813689801653226e+01 2.410783897795919728e+01
2.070158951373430423e+00 -2.422178427762235842e+01 4.448627655901840505e+00
5.876376241093172581e+00 -2.180152066263319810e+01 1.401003438951143920e+01
5.433071911988354152e+00 -2.380694837958169430e+01 4.368168521307485896e+00
7.399730150693891950e+00 -2.249741282845043244e+01 9.162349697517466751e+00
-1.277962654373724050e+01 -2.298805338054058467e+01 4.694884026950516542e+00
-1.019753856168317618e+01 -2.297252227700608174e+01 1.450275119003907776e+01
-9.615162861422238194e+00 -2.477750767070602933e+01 4.756083787834430865e+00
-2.208573779807569526e+00 -1.610768779839073161e+01 3.544192257989229944e+01
-6.391948182661682409e+00 -2.026154216089882354e+01 2.474779768753334608e+01
-7.462735348847002181e-02 -1.819340119564354197e+01 3.056454539369962831e+01
-2.066606564387935219e+00 -2.448729130018523392e+01 4.449653202940845098e+00
-6.237715090873623858e+00 -2.303876891920846504e+01 1.434879917718347286e+01
-5.745656939891963688e+00 -2.492349395121630806e+01 4.476815724728862023e+00
7.960590235278806881e-03 -2.324785273495475124e+01 9.361336247555122725e+00
-8.096493584137427035e+00 -2.442107807572997658e+01 9.386059684316400364e+00
3.928644635931422879e+00 -2.095927638384037195e+01 1.999865999065975330e+01
-4.105011965269606655e+00 -2.149113402096987002e+01 2.036965662439864033e+01
2.065879942758123367e+00 -1.984032341133103117e+01 2.513949814522120363e+01
2.021562699098018889e+00 -2.210665585080127471e+01 1.474018822666843676e+01
-2.175462811057723211e+00 -2.007951899946691654e+01 2.533112066639999327e+01
-2.038593006662696716e+00 -2.228518565273556362e+01 1.481718368689945287e+01
2.649661264027998106e-02 9.695401160498780868e+00 4.326134314867084640e+01
-1.486573350669610598e-02 3.352374063763778000e+00 4.784890908645794383e+01
-1.980466977936442760e-02 -1.017435039435259370e+01 4.536352667632236546e+01
-3.773060926479450405e-02 -3.329568207833730753e+00 4.857186737951470690e+01
-1.520471608059861346e+01 -1.939074219968878765e+01 2.846971534642099844e+00
-1.872855146493195733e+01 -1.500079741533985533e+01 8.168740118653683879e+00
-1.436183983872220438e+01 -1.993489106413757739e+01 7.623984042368110003e+00
-2.142910952959904236e+01 -3.196874799288149216e+00 1.826566853758969344e+01
-2.101183122614390797e+01 -9.543370356643169572e+00 1.321453325343472507e+01
-1.195935907406005683e+01 -2.018270313780801928e+01 1.826694596851921659e+01
-1.763955209042348926e+01 -1.503906677828437921e+01 1.335157388180123128e+01
-1.327081060578778526e+01 -2.025872766910007527e+01 1.289635888071762437e+01
-1.604333033750840087e+01 -1.740592983647226788e+01 1.049752352103269715e+01
-1.697049261305806311e+01 2.154659544876036392e+01 2.843707220135614389e+00
-2.068696579723446050e+01 1.649864713175294995e+01 8.493795565583493357e+00
-1.578507653990666881e+01 2.194502606995288474e+01 7.631261110931214731e+00
-2.270355234922969245e+01 3.461479241093051051e+00 1.879794580723107700e+01
-2.225560111759138238e+01 1.011375358289790327e+01 1.376732057994938785e+01
-1.206882899748711324e+01 2.027373689469877149e+01 1.784320631125043022e+01
-1.935830793342920941e+01 1.643399385008196845e+01 1.384925491068592152e+01
-1.412726142981651911e+01 2.148726651138240840e+01 1.267429060878857960e+01
-1.775985347492748545e+01 1.930477879808760733e+01 1.064184959942586950e+01
-3.341613052746186696e+00 1.236155104466414834e+01 4.141147457379564401e+01
-9.920098129858113012e+00 9.680731310067988815e+00 3.986245612555897821e+01
-5.501983320802579236e+00 1.476239099301660929e+01 3.573597467919739756e+01
-3.211653557924502245e+00 8.827839516837745037e+00 4.510514665949210666e+01
-2.070316966909668466e+01 2.168554644662370468e+00 2.489443651481715847e+01
-1.579681288547253715e+01 6.088147735591056708e+00 3.308224729048323098e+01
-2.094788143927221213e+01 5.588298914205013901e+00 2.298627294982128788e+01
-9.718253506566341571e+00 1.862486844377125550e+01 2.401799978146017267e+01
-1.223379523556261184e+01 1.187373014892783019e+01 3.337473292033942585e+01
-7.713078328980592424e+00 1.686096310511392105e+01 2.968704420406230327e+01
-1.353639024106152000e+01 1.713151253043680100e+01 2.229766127640335327e+01
-8.986120193314532045e+00 1.338859324894173675e+01 3.508840862233662961e+01
-3.303602757422518188e+00 1.852865965787881430e+00 4.738415916831917940e+01
-9.883641825551007898e+00 6.084903689655343229e+00 4.357576119455928421e+01
-3.123291982801095656e+00 5.207377986410089754e+00 4.644854448918781031e+01
-6.661370783585232935e+00 7.633052126943309368e+00 4.557552897744041331e+01
-2.016611855705114564e+01 1.237738217304397637e+01 1.716191119312498969e+01
-1.577765763469611748e+01 9.630212323064140989e+00 3.000680788495565565e+01
-2.050830595738725037e+01 9.012200994697543877e+00 1.987369406070876465e+01
-1.744130573465296763e+01 1.515385996560297777e+01 2.003650212397446850e+01
-1.839271185949483112e+01 7.692278437327366269e+00 2.645215370601273364e+01
-1.491264267487148665e+01 1.352524924615116397e+01 2.676297108738568653e+01
-3.385386548148202834e+00 -1.235795251299358277e+01 4.141390745570274134e+01
-9.586885800160493076e+00 -9.499936673280346966e+00 3.878916795442194143e+01
-5.576475004864464680e+00 -1.507985237033074633e+01 3.619040870397143550e+01
-3.305435477169934799e+00 -8.976979033270234609e+00 4.578622920494533588e+01
-1.996623927667527454e+01 -1.970353804502553041e+00 2.452012538135358710e+01
-1.524531575820328655e+01 -5.880306179475519812e+00 3.219954762829983252e+01
-1.949224256669476674e+01 -5.164728729636720139e+00 2.208538827307272356e+01
-1.857266588593529733e+01 8.996561381831040538e-02 2.967868749972968345e+01
-9.883487363734735354e+00 -1.906451144541437870e+01 2.451725821970692110e+01
-1.188079710749034668e+01 -1.171527523727901787e+01 3.252308632438866454e+01
-7.880866320185071494e+00 -1.736451467752017663e+01 3.011472285989724540e+01
-1.324379751639615854e+01 -1.688351163653192799e+01 2.236981026446171583e+01
-8.968911012338468325e+00 -1.356910155788111894e+01 3.510692513796958281e+01
-3.311958381688192787e+00 -1.969928991707778465e+00 4.836575890762877350e+01
-9.412002157499506083e+00 -5.832943725546458680e+00 4.187459050817287221e+01
-3.257803596539032398e+00 -5.347539173216361519e+00 4.741008005735010755e+01
-6.502989726798508840e+00 -2.007516442697185322e-02 4.709802543564691035e+01
-6.486733403242682883e+00 -7.555019318582897547e+00 4.469231987082974200e+01
-1.865642558994592193e+01 -1.147024936354996605e+01 1.636652703262393516e+01
-1.501477104830756382e+01 -9.247894016694454322e+00 2.864978982573910571e+01
-1.909569698135957339e+01 -8.431406462302021509e+00 1.905876308659946616e+01
-1.631150647280762556e+01 -1.424756945129504615e+01 1.947895424442244661e+01
-1.731288333551850656e+01 -7.260677786664094135e+00 2.549646372113801718e+01
-1.428765368062750873e+01 -1.309710519819408425e+01 2.592889185330617252e+01
-1.322458769687379743e+01 3.898340108687629701e+00 3.903590960638457119e+01
-1.301681144606986074e+01 -3.836451369444158210e+00 3.855717871379452788e+01
-1.612597861849133452e+01 2.151934071615272170e+00 3.487854270520002586e+01
-9.819348931545080816e+00 1.999265152331084927e+00 4.380801843043248311e+01
-1.589528987535277338e+01 -1.963134379964757592e+00 3.450287641759160095e+01
-9.928685405515702556e+00 -1.925674731347670532e+00 4.425889345710865541e+01
-1.514739308678270291e+01 -1.927166532341187022e+01 -2.735985112531624797e+00
-1.882113992088422449e+01 -1.502632154200620462e+01 -8.216773695666621080e+00
-1.406021455360173533e+01 -1.957857765272612482e+01 -7.162365576087604602e+00
-1.737859258668789053e+01 -1.758389663732707930e+01 4.043118946984801398e-02
-2.176821138084403628e+01 -3.301313496195517949e+00 -1.786165610158165507e+01
-2.214129844244256873e+01 -1.006440668159180518e+01 -1.352705404776769882e+01
-1.137732669282206821e+01 -1.912295412772405712e+01 -1.714133961024255726e+01
-1.759322738711091816e+01 -1.492636925102969769e+01 -1.337844791819712142e+01
-1.279535241755103669e+01 -1.950804317143120059e+01 -1.209843241923249302e+01
-1.590563657258274333e+01 -1.727445879927232042e+01 -1.029553525266732628e+01
-2.153391891214116072e+01 -1.331405887706380753e+01 5.130831475776100881e+00
-2.176604526304560494e+01 -1.342680467010008627e+01 -5.366568226616125870e+00
-1.953378081235225494e+01 -1.552121187062462049e+01 2.742752626752967604e+00
-1.955604330006594438e+01 -1.553111590647216467e+01 -2.793400802808565953e+00
-1.677067222610590136e+01 2.139281962847620377e+01 -2.742643809792949749e+00
-2.023815739225083732e+01 1.627572320810990547e+01 -8.351254044281182232e+00
-1.528778482736305300e+01 2.115707672092479541e+01 -7.314182769997091604e+00
-1.899490251761686466e+01 1.927224222186218583e+01 1.079725680544297156e-01
-2.254271680216029594e+01 3.410393460271447186e+00 -1.823162482031994358e+01
-2.210181748184451678e+01 1.000656243490155717e+01 -1.371666452419517057e+01
-1.169744514511049616e+01 1.967640465916883130e+01 -1.785621381403856844e+01
-1.878845832800381643e+01 1.601411213147749990e+01 -1.369133863319058975e+01
-1.339378958977574641e+01 2.035464826171616792e+01 -1.258729008283953377e+01
-1.698895777948388286e+01 1.845322549129034329e+01 -1.046133564187806364e+01
-2.312697497479313924e+01 1.432180043784009094e+01 5.345205622242108490e+00
-2.296827678263045769e+01 1.423253929028860121e+01 -5.398409614434883430e+00
-2.105685998424854333e+01 1.674312822378025345e+01 2.813121711114005663e+00
-2.092635586511992685e+01 1.666350103671383209e+01 -2.724524828820204636e+00
-3.515497755936519475e+00 1.271165304806949514e+01 -4.239923083433105688e+01
-9.832261265990831944e+00 9.716126186495351646e+00 -3.955705583053550356e+01
-5.626425385027659765e+00 1.506167069339424991e+01 -3.640501941553371523e+01
-3.448599469805680773e+00 9.303659048768343709e+00 -4.676664634271795506e+01
-1.996313862092933533e+01 2.117529599917531868e+00 -2.411108877718542587e+01
-1.559269133787348594e+01 6.173323102165366727e+00 -3.318491190463672069e+01
-2.040991678696483902e+01 5.475697398668967431e+00 -2.241679014388700963e+01
-9.722159485877428509e+00 1.862991069920556342e+01 -2.425412217175708918e+01
-1.218818565596910553e+01 1.189544894322631663e+01 -3.313018438799240073e+01
-7.824399975013782260e+00 1.715010096158663799e+01 -3.012383279836438987e+01
-1.335410521319663069e+01 1.689927318359994501e+01 -2.230838171495289757e+01
-9.068644118978248514e+00 1.357797064987435753e+01 -3.528907321027200084e+01
-3.467140504337399509e+00 2.066245124735625271e+00 -5.201670664408225520e+01
-9.873049201777629236e+00 6.290516705590544433e+00 -4.375510120695425087e+01
-3.310257291873234919e+00 5.596039457329057498e+00 -4.907072686367107650e+01
-6.660778980524606929e+00 7.753698408572814671e+00 -4.515304066383092874e+01
-2.017264291502265650e+01 1.240035999649026266e+01 -1.717078629572131376e+01
-1.578772302216401258e+01 9.707646575798259292e+00 -2.994531064736820625e+01
-2.017759825733051571e+01 8.882477893320317008e+00 -1.974384866806748562e+01
-1.714191290297090120e+01 1.489657485999798325e+01 -1.987626610564061735e+01
-1.822957147303879566e+01 7.674389465572063251e+00 -2.638193216398683205e+01
-1.482975290257720324e+01 1.344331602016792537e+01 -2.643913806323084259e+01
-3.200254483515662329e+00 -1.211994117399150817e+01 -4.054943572499306725e+01
-9.437881046427904153e+00 -9.334916064038360162e+00 -3.838035542087614260e+01
-5.215019936579026627e+00 -1.430905911621737836e+01 -3.466744892639474784e+01
-3.191801223031884405e+00 -9.008998572770268609e+00 -4.519759357104110364e+01
-1.941388013307606641e+01 -1.985645569455363857e+00 -2.370428475404080615e+01
-1.503381180884678159e+01 -5.915573931865640844e+00 -3.223726286834887134e+01
-1.971116504250448997e+01 -5.276412306271701880e+00 -2.172321825844221976e+01
-1.776589473438994915e+01 6.869090595649390840e-02 -2.899600126443447223e+01
-9.213106570633987857e+00 -1.777516023154709046e+01 -2.296836524965181425e+01
-1.177517970896433752e+01 -1.151863819775435616e+01 -3.226214889592725399e+01
-7.307743393684557276e+00 -1.616582626318516702e+01 -2.848836539599586715e+01
-1.291180570232562275e+01 -1.635164333367890421e+01 -2.158261237649705322e+01
-8.611215140471042417e+00 -1.291234597668645456e+01 -3.386315027744516470e+01
-3.567581162246801885e+00 -2.038530461271331529e+00 -5.052160620252941214e+01
-9.626684373594487809e+00 -6.124042333908491287e+00 -4.286020426564546426e+01
-3.305796298260577970e+00 -5.620185421908164614e+00 -4.851324049414001394e+01
-7.113219478138882224e+00 -2.512686944822184118e-02 -5.082635335779820451e+01
-6.474279821624923770e+00 -7.600184831616999759e+00 -4.457341665201371228e+01
-1.930148202446366668e+01 -1.184348347204505281e+01 -1.667407570413050522e+01
-1.509169094557119628e+01 -9.299356696528212396e+00 -2.894733182175015784e+01
-1.985681059140501503e+01 -8.747747624861739624e+00 -1.921375039943875862e+01
-1.622623254770195445e+01 -1.409573474070980481e+01 -1.940607693161173941e+01
-1.751607225950849411e+01 -7.378795710043587697e+00 -2.544199491845703420e+01
-1.427569622001397853e+01 -1.296379093283326078e+01 -2.572102180270543315e+01
-1.324731031069397957e+01 4.154499853780736274e+00 -3.943484221159285141e+01
-1.298081782468396561e+01 -3.933492699356044398e+00 -3.874455100668544105e+01
-1.563171395162070176e+01 2.152266971522410088e+00 -3.440703218087699611e+01
-1.038739560800732775e+01 2.272128005217962432e+00 -4.604417750023920064e+01
-1.543194727440557301e+01 -1.976651136553331023e+00 -3.403795735939257128e+01
-1.031245189754413083e+01 -2.140668798769869152e+00 -4.574468678148731726e+01
-2.372944705541894805e+01 4.187822126461463595e-02 1.497397455673973354e+01
-2.577476292295646587e+01 1.349378163524745516e-02 4.774289692746179092e+00
-2.298843783147800934e+01 -3.245753527059968668e+00 1.305696684577915612e+01
-2.412129312858292707e+01 3.429647761985507248e+00 1.342804805201864049e+01
-2.338031197266474592e+01 5.594181073695943598e-03 -1.446068486820039034e+01
-2.565925204488060274e+01 1.262620997628726739e-02 -4.516149654851452588e+00
-2.372974392651827458e+01 -3.363735350012524883e+00 -1.280639242676633316e+01
-2.456370337905713797e+01 3.516075402846686515e+00 -1.308332643391053018e+01
-2.325575555579607112e+01 -1.006755288331514819e+01 8.057395846116717664e+00
-2.577233863777534495e+01 -3.458794516354991355e+00 2.812977680121651503e+00
-2.310309605605287331e+01 -6.641155727908241602e+00 1.043276606936021977e+01
-2.448888144518889831e+01 -1.071451600319979391e+01 2.537446784251722320e+00
-2.471132601684415064e+01 -3.380111408953960339e+00 7.656178220165858583e+00
-2.398161602314704055e+01 1.042968179119324823e+01 8.429773432505605513e+00
-2.627042933293872906e+01 3.543226023678987424e+00 2.864146170531784552e+00
-2.405615165624115903e+01 6.919321092149138153e+00 1.087144056625566257e+01
-2.485280414186799902e+01 1.090220440885579123e+01 2.811199490163804438e+00
-2.539239604038897724e+01 3.480803228245175962e+00 7.778924294095608261e+00
-2.397716256282544478e+01 -1.039919372516947327e+01 -8.475444820135049184e+00
-2.592950974029255207e+01 -3.489840693024218954e+00 -2.857056286227471098e+00
-2.415168279713335764e+01 -6.962919824915915434e+00 -1.063586117702371503e+01
-2.464271688501108670e+01 -1.078111415645678051e+01 -2.916353535337325553e+00
-2.525819045406764829e+01 -3.460471697786764000e+00 -7.720175824219714933e+00
-2.546650930030810756e+01 -7.044539658694986883e+00 -1.596033610096022626e-01
-2.397632047807022460e+01 1.035421135085929656e+01 -8.352796512048366040e+00
-2.630990990472978552e+01 3.554879716037396165e+00 -2.764957092637312819e+00
-2.450990756775600588e+01 7.050365282780462373e+00 -1.069599038352589915e+01
-2.484503455013769013e+01 1.087239250391906964e+01 -2.761375675709114130e+00
-2.574948396251669180e+01 3.556908864417558380e+00 -7.678904237134635657e+00
-2.608435813408890525e+01 7.213281512018852482e+00 3.488520711243157935e-02
1.640526146391512086e+01 -2.084779893485462665e+01 2.723775377563774747e+00
2.046723514868093119e+01 -1.632290234836174037e+01 8.456284990602679130e+00
1.496690390927579450e+01 -2.082365813849648717e+01 7.429945260984582411e+00
2.287533448417691417e+01 -3.463540009491453908e+00 1.885849388353257794e+01
2.222119535590172745e+01 -1.010191857472990051e+01 1.377052198891072976e+01
1.168317588016639341e+01 -1.952835118917705870e+01 1.758869198487481711e+01
1.905261266157629052e+01 -1.616151160919608287e+01 1.378962117641706975e+01
1.340704903315679708e+01 -2.037303249532014959e+01 1.245187501719095202e+01
1.712484002054398147e+01 -1.861679732186187053e+01 1.049208917525306539e+01
1.626405357021670639e+01 2.079016045565582260e+01 2.927301704218882694e+00
2.001803535249644383e+01 1.606461310838117384e+01 8.450188729307885893e+00
1.522829441313503729e+01 2.110494116919890928e+01 7.675645159676253826e+00
2.367811936194035738e+01 3.554176139597949202e+00 1.908459795888333588e+01
2.233779775655583677e+01 1.010397506671571755e+01 1.386327002778793194e+01
1.174128927987682047e+01 1.973068477791063557e+01 1.779723807510232447e+01
1.848746960128616479e+01 1.573098316926962781e+01 1.350272296946189243e+01
1.368267099909587969e+01 2.079527130491858600e+01 1.265236142372432049e+01
1.722280374037575967e+01 1.873021046196726402e+01 1.063705554418598354e+01
3.320896441969966251e+00 1.222147392490646567e+01 4.102150042593652302e+01
9.643056274355499724e+00 9.366165374767613017e+00 3.873898485146469284e+01
5.470358869803138013e+00 1.470108471519704274e+01 3.548981428188336196e+01
3.132598324796502798e+00 8.575231963773434885e+00 4.391796477430246881e+01
2.129901178232591974e+01 2.202177148533799311e+00 2.517684687654232789e+01
1.561980378116512824e+01 5.961199490250520761e+00 3.245083793759074098e+01
2.133263262711407648e+01 5.667363275910624942e+00 2.303104447515887898e+01
9.451708076158725547e+00 1.814851424371361688e+01 2.391566617966494590e+01
1.196190999251556875e+01 1.158997212291779100e+01 3.243816504448098215e+01
7.646380775317500600e+00 1.674281963778561533e+01 2.950106894934310375e+01
1.307245609589939406e+01 1.654543844005470277e+01 2.207160088652333840e+01
8.878654808477902449e+00 1.326242424985384538e+01 3.456481399080551142e+01
3.031274830140971321e+00 2.165680286785585107e+00 4.772882313629074247e+01
9.366166757100861773e+00 5.829332697537868313e+00 4.166346107749521366e+01
3.187589628512488726e+00 5.318318937561223869e+00 4.686105356295892221e+01
6.371674221788337533e+00 7.226222359744352453e+00 4.335769779319257822e+01
1.979717790729912608e+01 1.210638462770891088e+01 1.693617295361468678e+01
1.549944605405986664e+01 9.391468028359284403e+00 2.915531373713345076e+01
2.069181929910647000e+01 9.091421934067103194e+00 1.985209698520985100e+01
1.655948189456220376e+01 1.436933982351541772e+01 1.951640530309354915e+01
1.839549409141377367e+01 7.651795928763740484e+00 2.625260952773834333e+01
1.444588885704017045e+01 1.306294340860167758e+01 2.604960537472204152e+01
3.338910270753784104e+00 -1.249333909464216674e+01 4.187455426248206436e+01
9.913366480614461906e+00 -9.616399806111811444e+00 3.975158012090157911e+01
5.451226053288765527e+00 -1.472652099851472407e+01 3.576049773053386360e+01
3.301672065714998272e+00 -9.044379736925730384e+00 4.617221739724176643e+01
2.105020183336446848e+01 -2.123995672052225281e+00 2.505259143987521853e+01
1.579492611408020331e+01 -6.037681578522958503e+00 3.295690516692464200e+01
2.100888709941314758e+01 -5.580589136269256123e+00 2.296510318992369903e+01
1.900133124471940604e+01 2.584533785115362275e-02 2.989030437998734513e+01
9.435225641690728082e+00 -1.806466634783521030e+01 2.366282022372595506e+01
1.218043000655203301e+01 -1.177607697653040120e+01 3.320943419195680235e+01
7.566246402730083531e+00 -1.660297782535418065e+01 2.946385919313443935e+01
1.334326304190661716e+01 -1.683991972642827051e+01 2.209669048093130783e+01
8.924741206166066476e+00 -1.327045303350750238e+01 3.491121812512214717e+01
3.198087401146414432e+00 -2.036775229657507680e+00 4.944535155799945869e+01
9.885123767060333577e+00 -6.101914921610693376e+00 4.333821296889509966e+01
3.303938397981406538e+00 -5.545789472059702518e+00 4.864110708479380918e+01
6.260985163968753042e+00 4.266689376546984463e-02 4.558332378822841946e+01
6.706131467731156981e+00 -7.637635214513914583e+00 4.561576865856098095e+01
2.006639446756080858e+01 -1.230678919835919061e+01 1.713394104876882196e+01
1.574101810524776646e+01 -9.578953308210579110e+00 2.991233243403245723e+01
2.049582597907541270e+01 -9.012718674376099415e+00 1.985967496604251181e+01
1.728470960431141279e+01 -1.499860098382055540e+01 1.997543841393853015e+01
1.839192553454457268e+01 -7.672556946726082572e+00 2.641394174762629277e+01
1.483573288513736088e+01 -1.339844502424564610e+01 2.662446626044298981e+01
1.292543590986142910e+01 3.817424506500480597e+00 3.818308204190029898e+01
1.324367567137931978e+01 -3.840167306475251063e+00 3.889385389677924110e+01
1.611778872101038473e+01 2.082674343667228367e+00 3.461718916702537285e+01
9.359162765542325957e+00 1.899116619089195490e+00 4.168401771589301319e+01
1.618945078861633036e+01 -2.042084905115082893e+00 3.476057748161078820e+01
9.761466421477738464e+00 -2.014346439893285989e+00 4.285648518320532929e+01
1.632579142197554845e+01 -2.084580954188986368e+01 -2.759402179301758018e+00
2.018877851075622232e+01 -1.624229497074821182e+01 -8.360441033004159195e+00
1.497164708093672658e+01 -2.068303954812545342e+01 -7.500631061373270292e+00
1.866287976030912432e+01 -1.893098606035523801e+01 1.370636326286162575e-02
2.274965320718400719e+01 -3.423181520862431881e+00 -1.834071028049004326e+01
2.210668917429462965e+01 -1.001864313337466150e+01 -1.359964935859614776e+01
1.167972805671615966e+01 -1.962104855870270015e+01 -1.794213213867451984e+01
1.877650906238773487e+01 -1.600952280259728511e+01 -1.369222137380218385e+01
1.326393081008357022e+01 -2.013722978909951067e+01 -1.271045613388249329e+01
1.688617789943058511e+01 -1.832540614424371483e+01 -1.049487571814799480e+01
2.304153038224976058e+01 -1.425363401249075146e+01 5.322333968261819592e+00
2.294301247441286407e+01 -1.421955301183110443e+01 -5.396045159920490164e+00
2.093069749175930738e+01 -1.663712966611243971e+01 2.792827856918431717e+00
2.083411143296417833e+01 -1.658649438431110923e+01 -2.735985954354041905e+00
1.611602033449370808e+01 2.048756900721584628e+01 -2.569765599115662269e+00
1.930129949768649666e+01 1.540294817687859918e+01 -8.095585347775598350e+00
1.451790616585471483e+01 2.017764286244656802e+01 -7.148665813871893704e+00
1.847297714623648801e+01 1.875218838840235946e+01 1.875198439487184843e-01
2.313217925897766492e+01 3.504340026964331667e+00 -1.869314697727959285e+01
2.192997357800058467e+01 9.956420106440821982e+00 -1.373708363781247144e+01
1.115755664348048093e+01 1.875784904920309160e+01 -1.720955539371371756e+01
1.752843748115792977e+01 1.486511014145339615e+01 -1.319741701561891034e+01
1.273799556179120707e+01 1.939787483550243152e+01 -1.212062277279226485e+01
1.622636298547584133e+01 1.762110188975361424e+01 -1.022160420073857878e+01
2.198252752413969802e+01 1.360538561813765135e+01 5.401378068108540376e+00
2.174749453957785050e+01 1.343509903246188131e+01 -5.241685560444459213e+00
2.047896871552341835e+01 1.628792136492279496e+01 2.931430746020139200e+00
2.035923179738759003e+01 1.617713420342484198e+01 -2.639699045272438038e+00
3.308136355544616158e+00 1.256985726183493490e+01 -4.201387179077591583e+01
9.877707874536465482e+00 9.584018942014129294e+00 -3.970891643331717091e+01
5.356396242841410249e+00 1.468649504709593856e+01 -3.577358605895772570e+01
3.405661047160787547e+00 9.407084556230870476e+00 -4.765859410679871644e+01
2.068982293132994954e+01 2.123906277946720156e+00 -2.467042901523148046e+01
1.570674700508152455e+01 5.981589903755904380e+00 -3.307045006638497853e+01
2.088280382703393911e+01 5.563918291013778550e+00 -2.288022405408131377e+01
9.156657086794080413e+00 1.769491213824450426e+01 -2.337820855831776967e+01
1.192989837762920047e+01 1.151258665627431022e+01 -3.284501361678121611e+01
7.401223210510964989e+00 1.642178573596984137e+01 -2.932207402034133636e+01
1.271092140552852179e+01 1.607620380065103660e+01 -2.162583836063328846e+01
8.811669442855107448e+00 1.318737506297219930e+01 -3.486539153928912071e+01
3.526060216529250724e+00 2.105611390338197886e+00 -5.125384042036931476e+01
1.000205645232606244e+01 6.122749514308223340e+00 -4.371592311506829986e+01
3.506342084960195393e+00 5.846929718844976698e+00 -5.137847710842942917e+01
6.938448483593601779e+00 7.848811389538982830e+00 -4.672308805363451256e+01
1.930063178835975890e+01 1.177626840082041149e+01 -1.682707549732711172e+01
1.548309946487875344e+01 9.340365314647794293e+00 -2.966250216209773427e+01
2.046452623938271032e+01 8.971050191461371170e+00 -1.984370120603339060e+01
1.605598179351501642e+01 1.393165538775253154e+01 -1.927885625094628708e+01
1.828538132428563401e+01 7.584746935719410388e+00 -2.638094169747166262e+01
1.420983046691362084e+01 1.281553529229887367e+01 -2.599382904465868904e+01
3.374957210550500797e+00 -1.222897445824997931e+01 -4.108865845527786576e+01
9.484608830097585042e+00 -9.354168835553334560e+00 -3.829201353116634010e+01
5.518179633683764074e+00 -1.485338513730330945e+01 -3.565526285156004604e+01
3.150719462360864753e+00 -8.495390073218123561e+00 -4.360782434410872810e+01
2.033470010102188397e+01 -2.111232755051165366e+00 -2.428404724149896410e+01
1.518130216132751187e+01 -5.903954359259504514e+00 -3.195192244623387978e+01
2.040267032352293697e+01 -5.456721670520786382e+00 -2.213113677467805118e+01
1.835351944842118144e+01 1.494748269281648799e-02 -2.931451779509871614e+01
9.689559497150940004e+00 -1.861500962948375104e+01 -2.421079394719606270e+01
1.198570143973165614e+01 -1.170508480660552664e+01 -3.232655293272949137e+01
7.792952651684110776e+00 -1.709610038804574828e+01 -2.971876321888274930e+01
1.333768306479282373e+01 -1.687353688697444909e+01 -2.229101448870842361e+01
8.921080010403882099e+00 -1.337617914084953341e+01 -3.450681052319195175e+01
3.318070870641289360e+00 -2.030784846525380605e+00 -4.830216349238749274e+01
9.347921893563325924e+00 -5.908610019562444471e+00 -4.176369534572815923e+01
3.078016591564181059e+00 -5.230659536152852951e+00 -4.557905129615788553e+01
6.758469508642178880e+00 -1.463528270846121138e-01 -4.754813248169521245e+01
6.198274372875212102e+00 -7.195947032643635666e+00 -4.252758351359166511e+01
2.016614656810040884e+01 -1.239440927401739323e+01 -1.706382504859410076e+01
1.557357868592267991e+01 -9.549272335687364333e+00 -2.912776205534931151e+01
2.013023221511442884e+01 -8.865323862982172898e+00 -1.943515982832666467e+01
1.713458339908262928e+01 -1.488817952574467185e+01 -1.978822921642284882e+01
1.803952845421061824e+01 -7.566057367939269973e+00 -2.565881183157410206e+01
1.477350279743557415e+01 -1.337869652971013856e+01 -2.614442991435961261e+01
1.325996908097461180e+01 3.862563506705944505e+00 -3.913625870616613867e+01
1.267813188002477531e+01 -3.833603840383142281e+00 -3.781526128691720601e+01
1.597810950651900797e+01 2.085598677340206653e+00 -3.468609868427444809e+01
1.001158967011270917e+01 1.979052600442781085e+00 -4.391511056002467228e+01
1.553761477373734579e+01 -2.013561826170019220e+00 -3.384064745130022800e+01
9.830041768927189949e+00 -2.035800746767904013e+00 -4.381557830161595035e+01
2.475614304576007285e+01 2.278885152051161184e-02 1.530808468646345233e+01
2.630802725389030527e+01 6.467921656981059572e-03 4.776916895581531541e+00
2.428246430937229050e+01 -3.441521518273646052e+00 1.345109897095093210e+01
2.516708126217326580e+01 3.572271305491999005e+00 1.362436516132471986e+01
2.447243901846093550e+01 7.302344417041918036e-03 -1.494200374661210340e+01
2.619253713998707411e+01 -2.304498145255624245e-03 -4.627721361521420995e+00
2.473721900874754454e+01 -3.503850349258456731e+00 -1.315702702761856813e+01
2.478731440451430501e+01 3.514836999029606446e+00 -1.331931195738726892e+01
2.397003603683569750e+01 -1.042381168990220353e+01 8.435574556980645511e+00
2.629525674219360454e+01 -3.535935362931681869e+00 2.860124606355965327e+00
2.406651305488375314e+01 -6.925985179713941342e+00 1.087937012518595914e+01
2.485329761300759799e+01 -1.089508784008253528e+01 2.819876586580215783e+00
2.543159013230944865e+01 -3.479347514645850126e+00 7.713109374722683320e+00
2.329752344032943512e+01 1.006883230602872281e+01 8.611342204855397142e+00
2.616029284509934527e+01 3.514741525273571199e+00 2.956962436638789438e+00
2.446345594749347896e+01 7.038623813234766047e+00 1.108351608280760026e+01
2.366038526732410574e+01 1.034858883006870833e+01 2.841217575423319097e+00
2.587346999813707171e+01 3.559863161070971227e+00 7.853666247066903416e+00
2.397049714492983341e+01 -1.034579239211596580e+01 -8.315020251869425394e+00
2.634471335396272096e+01 -3.544369413252386636e+00 -2.786017495650314757e+00
2.450782965658612156e+01 -7.051134771872486162e+00 -1.064833987371959267e+01
2.483635330643592454e+01 -1.087603377041481423e+01 -2.738254812155941131e+00
2.581286062190969233e+01 -3.544402893196211490e+00 -7.655990801274133339e+00
2.608679575116013538e+01 -7.211726141287005731e+00 4.883249275418978519e-02
2.309000582927032141e+01 1.001113423886699572e+01 -8.512386917648804285e+00
2.606999171784682190e+01 3.496382044288817159e+00 -2.758738688421716212e+00
2.418368482470363290e+01 6.947515936313976681e+00 -1.088898369124298071e+01
2.362047446044005028e+01 1.032951798937587284e+01 -2.765876921002612399e+00
2.561309847119458638e+01 3.494775862975338487e+00 -7.614091987500384739e+00
2.520984244267106433e+01 6.956822087428022883e+00 6.755563882400419939e-02
