4.731748964804050956e+02 -7.654421009042439437e+02 -3.482348005108212852e-01
-4.730387226098648625e+02 -7.653071444030219936e+02 -5.262704515492871993e-01
4.732617032086620270e+02 7.653292551336160159e+02 -5.352988835824479263e-02
-4.732379749466444423e+02 7.658162892406845685e+02 4.701042265916018092e-02
9.835573410123313320e-02 4.730814817518474342e+02 -1.531193286539629526e+03
3.736689518584248026e-01 -4.732218053970595406e+02 -1.531109678774711711e+03
-3.606688200971127078e-01 4.730388954693578967e+02 1.530731697575111411e+03
2.160953717127353513e-02 -4.734048691522856416e+02 1.530800079996530030e+03
-7.653913729665745223e+02 1.143694640491994957e-01 9.465799022883488760e+02
-7.658398968923124812e+02 -3.849638256910740269e-02 -9.465228646231527136e+02
7.655563696447669599e+02 5.227742128924790094e-02 9.459669325220711471e+02
7.654640439284020204e+02 1.190362311615830865e-01 -9.461826320864832951e+02
1.364881341686872140e-01 -8.999091936849715694e+02 5.000833272982708744e-01
2.681883486497700364e-01 9.000975131297340113e+02 1.175198564297558201e-01
2.781948156594238526e+02 7.280441222753256625e+02 -8.999943762852701639e+02
-2.778764931547265746e+02 7.284110476539519823e+02 -8.995540963303727722e+02
2.782654760314591158e+02 -7.281302271594939839e+02 -9.000717351514410893e+02
-2.783740443202612482e+02 -7.283146191422380298e+02 -8.999584171142556670e+02
-2.742752038317165103e-02 2.069884878864566846e-01 -1.799692658957782896e+03
2.782176196179461840e+02 7.278216736109606018e+02 9.001625118128335998e+02
-2.779216576211329084e+02 7.276161902118509488e+02 9.002526211586661020e+02
2.781689383724012714e+02 -7.280650232957518710e+02 9.001934534936724503e+02
-2.784185733148196391e+02 -7.281344506479496204e+02 9.000237916113281926e+02
2.414478499656891042e-01 -8.549924962557561847e-02 1.800351365079840434e+03
-7.283262463471858155e+02 -4.496620139180428168e+02 5.564150068132292972e+02
-7.280521703846000037e+02 4.500084030725963657e+02 5.561020721869156205e+02
-4.497960974076418665e+02 2.779722415035037670e+02 1.456132754062244430e+03
-4.502101905460390867e+02 -2.781599095746856847e+02 1.456169651145075477e+03
-7.279891322974430068e+02 -4.502469869866249610e+02 -5.559444196499509872e+02
-7.285938603104809772e+02 4.500600439056564142e+02 -5.561399637101435474e+02
-4.497609516615676171e+02 2.779203436300296630e+02 -1.456017984793802270e+03
-4.502445283676520376e+02 -2.782372363262766157e+02 -1.456250258199537029e+03
-9.000991686708048292e+02 -7.246581141031632756e-02 2.859342256863856360e-02
7.281352688747932689e+02 -4.503438811439829124e+02 5.563987059811884137e+02
7.281400267624426306e+02 4.500446985086871905e+02 5.560768810438576111e+02
4.498549637299125266e+02 2.780667502695650342e+02 1.456088134318316406e+03
4.501139937423973834e+02 -2.783767870357283982e+02 1.456141806240168989e+03
7.279638846690345417e+02 -4.497785050725228189e+02 -5.560116045839391745e+02
7.282529772280101952e+02 4.500430257661565747e+02 -5.561389705550500366e+02
4.498169890701473719e+02 2.778720479501284331e+02 -1.456295562563419480e+03
4.500193830390976473e+02 -2.779622697106545388e+02 -1.456475141931410917e+03
9.004281166854245839e+02 2.834466820695837330e-01 7.249318358324839673e-02
2.454218746517397562e+02 -8.659420080430797952e+02 1.031142969382445318e-01
-2.458652405535780190e+02 -8.653958698595200758e+02 -1.280688360943942339e-01
2.459231657648927296e+02 8.660327226505082763e+02 2.771722173716552606e-01
-2.457094963277372983e+02 8.656929091882734610e+02 -1.677772100423508550e-01
3.904023656248643874e+02 7.764777014949497698e+02 -4.679911765044518575e+02
1.445243953328238149e+02 6.242527995782802464e+02 -1.263378785169659068e+03
1.461353747536022354e+02 8.560077392352043262e+02 -4.732180301141743826e+02
-3.902265142629270827e+02 7.762507658199459684e+02 -4.676542534896425991e+02
-1.445181834322887653e+02 6.243426428153051120e+02 -1.263721226314410160e+03
-1.462912321224897880e+02 8.558275754580525927e+02 -4.733438696014756601e+02
-2.712029267862295923e-01 7.656103574107645500e+02 -9.463060103480274847e+02
3.905702715537166227e+02 -7.765280725968955267e+02 -4.678403686858867445e+02
1.449863253433208854e+02 -6.245672387713161697e+02 -1.263671782435809973e+03
1.462028716664177637e+02 -8.560222856765884671e+02 -4.731690936069408053e+02
-3.907212069928432356e+02 -7.764597469285578200e+02 -4.678290259739514454e+02
-1.447599039612397860e+02 -6.242018454748946397e+02 -1.263942500823513228e+03
-1.460973685672943532e+02 -8.559404871248348172e+02 -4.732468752700456776e+02
-1.647932761521184453e-01 -7.654397040338942588e+02 -9.466240177781061220e+02
-3.306900257782329627e-02 2.460685438390775346e+02 -1.731742891498264498e+03
1.478733553641649046e-01 -2.459053164029646439e+02 -1.731277387740154381e+03
3.902654915603597487e+02 7.763496038177348737e+02 4.676859670501441997e+02
1.445173071741839408e+02 6.245041829975682504e+02 1.263780519965379881e+03
1.460305690112726325e+02 8.558387639895007624e+02 4.731863701003136953e+02
-3.902119849117999024e+02 7.767158852213588034e+02 4.678146123940790062e+02
-1.446500441241416013e+02 6.243050358086808274e+02 1.263948462067200126e+03
-1.460489877191155585e+02 8.564531352955738157e+02 4.733199751054934268e+02
8.712158439516259900e-02 7.655028989365241614e+02 9.465305360388535973e+02
3.907553712161280259e+02 -7.766033475530290389e+02 4.679634791705070143e+02
1.450056158966804674e+02 -6.243409951885546434e+02 1.263294608495720922e+03
1.461176723498455203e+02 -8.558067102296761277e+02 4.728709050825261215e+02
-3.907702472433610978e+02 -7.765075741165456975e+02 4.677081095963661141e+02
-1.442660862761332510e+02 -6.243646537982955351e+02 1.263822756481806891e+03
-1.458552940941466716e+02 -8.560846067695139254e+02 4.730424138235438818e+02
-1.696013605090834764e-01 -7.655688817393544241e+02 9.464866512115498836e+02
7.465895776269672324e-02 2.459490939555591922e+02 1.731260492001252942e+03
-1.188838185591492708e-01 -2.460690157778389278e+02 1.731272481679164002e+03
-6.245768332600603117e+02 -6.318413983676092585e+02 2.892599932326048702e+02
-7.764878876691005871e+02 -2.340241075929798455e+02 7.809525123037740286e+02
-5.290601494273980734e+02 -6.190161769434690768e+02 7.653596071039854678e+02
-6.245304823248694674e+02 6.321054253719632925e+02 2.891125098638461282e+02
-7.766495457763998047e+02 2.339240268574010599e+02 7.809974026157798335e+02
-5.286058221341470471e+02 6.190750899983897853e+02 7.656141533742991214e+02
-2.339763040281796691e+02 3.903551767230997598e+02 1.552851772533886788e+03
-6.318162898383349102e+02 1.445162512097291483e+02 1.248729471064905738e+03
-3.829115379580977674e+02 5.288114185505692149e+02 1.238655502980363963e+03
-2.367578802044199904e+02 1.462538560475170470e+02 1.711711345515160929e+03
-6.194146803614971759e+02 3.827282268984420739e+02 1.057761234126104682e+03
-2.336367316563253382e+02 -3.905435761237181964e+02 1.552756774751348757e+03
-6.320428381486714215e+02 -1.443654527122446893e+02 1.248966623171304718e+03
-3.826357849802468536e+02 -5.289707974093897747e+02 1.238895738697131719e+03
-2.367384293520477740e+02 -1.464440597154993213e+02 1.712028829620390525e+03
-6.193629504875354996e+02 -3.831783774180831301e+02 1.058043150063547500e+03
-4.732620064063391396e+02 1.268234085670491840e-01 1.531127097199884702e+03
-6.245867506022044608e+02 -6.312613901476121328e+02 -2.890835183907359465e+02
-7.762494181663843165e+02 -2.338866248215815915e+02 -7.809072774328650439e+02
-5.290055161290151773e+02 -6.193100731856955008e+02 -7.655953836197957116e+02
-7.654970708545462230e+02 -4.731847970831284442e+02 -2.968367861490854923e-02
-6.244929583333499750e+02 6.317103638035921449e+02 -2.893015907349054601e+02
-7.763441308755149066e+02 2.336417286460735454e+02 -7.811076946212976964e+02
-5.289724613588770126e+02 6.193572017727177581e+02 -7.660746371349482615e+02
-7.653753998501321121e+02 4.735269686867168275e+02 -6.574820186303297065e-02
-2.335937313185167170e+02 3.904754361767408568e+02 -1.553060188176349129e+03
-6.320147586218872675e+02 1.444708702406349801e+02 -1.249088771809888385e+03
-3.825748171872358512e+02 5.293739917169793898e+02 -1.238495611409362482e+03
-2.364934763026290057e+02 1.463292418745116663e+02 -1.711607650306051028e+03
-6.189493915939950739e+02 3.827639896534062700e+02 -1.058354453834083188e+03
-2.337541083179770567e+02 -3.906520362896356460e+02 -1.553007821067337090e+03
-6.318799268332693373e+02 -1.450863391661158062e+02 -1.248524206618008293e+03
-3.826241815768037213e+02 -5.287068202902295297e+02 -1.238554406287255915e+03
-2.367465566032225581e+02 -1.462603306885327470e+02 -1.712035428176320011e+03
-6.192343152602975351e+02 -3.825780286953268501e+02 -1.057985929613923645e+03
-4.731726267414942413e+02 1.612903868584901201e-01 -1.531157275343196034e+03
-8.658183299592877802e+02 -1.165663400158695184e-01 4.916196689570688818e+02
-8.658215595674635097e+02 7.326469736256318449e-03 -4.921056547559280716e+02
-8.557345719370622419e+02 -2.364594290600968520e+02 2.925031586888438824e+02
-8.558537846798103601e+02 2.367102616503221384e+02 2.921315923743590020e+02
-8.555453130672867701e+02 -2.366572809979091687e+02 -2.926071166274142570e+02
-8.561632289784760133e+02 2.368426531719765649e+02 -2.923621347749202073e+02
6.247399761692597622e+02 -6.318149334000200952e+02 2.892702405315822034e+02
7.766306916535022538e+02 -2.337012971216431652e+02 7.810032084712053120e+02
5.293325347126501583e+02 -6.194768260260347006e+02 7.656432308783537337e+02
6.241273719995191414e+02 6.318851933195998072e+02 2.891680842596961156e+02
7.762996720704076097e+02 2.342673985852637486e+02 7.809572390894942373e+02
5.288064142172531774e+02 6.192387930749283669e+02 7.657872911368140194e+02
2.338137251057932815e+02 3.906160497918558008e+02 1.552624786210433740e+03
6.320686491160421383e+02 1.443338016290350936e+02 1.248567492254200943e+03
3.823869072506929569e+02 5.289307841631554084e+02 1.238742043364152778e+03
2.365304510118362202e+02 1.461104902101552341e+02 1.712162276249399838e+03
6.194755246774568604e+02 3.828990794640188824e+02 1.057440069625350588e+03
2.339982615505038837e+02 -3.904537230726335224e+02 1.552774608387002672e+03
6.316424069612262429e+02 -1.443720875187800914e+02 1.248732692063250624e+03
3.828339552951491100e+02 -5.289295246310974790e+02 1.238634069654562154e+03
2.365203759860547450e+02 -1.461287852368072606e+02 1.711810360498446698e+03
6.194603903207739677e+02 -3.825697211593980001e+02 1.058186342389797346e+03
4.733251457022054751e+02 8.956313806742662031e-02 1.531477345612733643e+03
6.242937265970437011e+02 -6.320816937936833710e+02 -2.891883997594653692e+02
7.764131259424506197e+02 -2.338775149554680297e+02 -7.808840154135651801e+02
5.293880450671193785e+02 -6.192155204442373133e+02 -7.656132582776000390e+02
7.655981810899761513e+02 -4.732282660419521108e+02 1.911619901599321547e-01
6.242528042496161333e+02 6.321051805473922514e+02 -2.889586559973021735e+02
7.759115269078750998e+02 2.340346017525531579e+02 -7.809905154127230844e+02
5.294844710186273460e+02 6.193264130611858036e+02 -7.657493496183545858e+02
7.658802110736257873e+02 4.732861111055550509e+02 5.077491234511381617e-03
2.340113483815204347e+02 3.900905354533831542e+02 -1.552949531612836608e+03
6.319378356186084602e+02 1.443818159130945844e+02 -1.248980081408102933e+03
3.832079871359948697e+02 5.287257031607687168e+02 -1.239106570664590890e+03
2.364485510175287857e+02 1.463732944377291005e+02 -1.711903389492187898e+03
6.196123222057992734e+02 3.823715710117045319e+02 -1.057928702975547139e+03
2.339481798399239096e+02 -3.899082278869365155e+02 -1.552900710307918871e+03
6.319646412352032030e+02 -1.446683074301696195e+02 -1.249085041102982132e+03
3.824118941669621563e+02 -5.291221867983773564e+02 -1.238807520812241819e+03
2.363920799521405343e+02 -1.458926411519370276e+02 -1.711646033615568513e+03
6.197683283859222456e+02 -3.829525330763420925e+02 -1.057796658013696742e+03
4.731922990144879009e+02 6.439666829568026218e-02 -1.531048484468731431e+03
8.656418958956897995e+02 -3.465463712588222334e-02 4.917987922119778545e+02
8.655687090071193097e+02 9.293826635921045853e-02 -4.916867843203373809e+02
8.557374629696633974e+02 -2.363579073190974498e+02 2.924496887550398014e+02
8.555440292948528622e+02 2.369696173621448736e+02 2.924552367353599607e+02
8.559770022380250794e+02 -2.364784323148372209e+02 -2.922213517859911462e+02
8.557710127687644217e+02 2.363065695654281910e+02 -2.920755425068632576e+02
