1.577193336357401243e+01 -2.551952425056120788e+01 1.581247416204919190e-19
-1.577193336357401243e+01 -2.551952425056120788e+01 -2.743386702314001318e-20
1.577193336357401243e+01 2.551952425056120788e+01 1.212422563093976399e-19
-1.577193336357401243e+01 2.551952425056120788e+01 7.148153965664621629e-19
-4.001816910544524596e-20 1.577193336357401243e+01 -5.103904850112239444e+01
3.973017437772843439e-20 -1.577193336357401243e+01 -5.103904850112239444e+01
1.227392094769966790e-19 1.577193336357401243e+01 5.103904850112239444e+01
-1.062622606546145463e-19 -1.577193336357401243e+01 5.103904850112239444e+01
-2.551952425056120788e+01 -4.439597275224901676e-20 3.154386672714802131e+01
-2.551952425056120788e+01 6.610852734765731409e-20 -3.154386672714802131e+01
2.551952425056120788e+01 1.693194904031321101e-19 3.154386672714803197e+01
2.551952425056120788e+01 -2.021407274800996758e-19 -3.154386672714803197e+01
-5.718547755641681845e-20 -3.000000000000000355e+01 3.055996420983368336e-19
4.325243191399696005e-20 3.000000000000000355e+01 1.447308160609440468e-19
9.270509831248427091e+00 2.427050983124842887e+01 -3.000000000000000355e+01
-9.270509831248427091e+00 2.427050983124842887e+01 -3.000000000000000355e+01
9.270509831248427091e+00 -2.427050983124842887e+01 -3.000000000000000355e+01
-9.270509831248427091e+00 -2.427050983124842887e+01 -3.000000000000000355e+01
-1.151282933261685894e-20 2.822738337731960252e-21 -5.999999999999998579e+01
9.270509831248427091e+00 2.427050983124842887e+01 3.000000000000000355e+01
-9.270509831248427091e+00 2.427050983124842887e+01 3.000000000000000355e+01
9.270509831248427091e+00 -2.427050983124842887e+01 3.000000000000000355e+01
-9.270509831248427091e+00 -2.427050983124842887e+01 3.000000000000000355e+01
-9.246507773903933824e-21 -8.698218342310414819e-21 5.999999999999998579e+01
-2.427050983124843242e+01 -1.500000000000000533e+01 1.854101966249684352e+01
-2.427050983124843242e+01 1.500000000000000533e+01 1.854101966249684352e+01
-1.500000000000000533e+01 9.270509831248421762e+00 4.854101966249682931e+01
-1.500000000000000533e+01 -9.270509831248421762e+00 4.854101966249682931e+01
-2.427050983124843242e+01 -1.500000000000000533e+01 -1.854101966249684352e+01
-2.427050983124843242e+01 1.500000000000000533e+01 -1.854101966249684352e+01
-1.500000000000000533e+01 9.270509831248421762e+00 -4.854101966249682931e+01
-1.500000000000000533e+01 -9.270509831248421762e+00 -4.854101966249682931e+01
-3.000000000000001066e+01 2.907376761764223474e-20 4.049205941025195865e-19
2.427050983124843242e+01 -1.500000000000000533e+01 1.854101966249684352e+01
2.427050983124843242e+01 1.500000000000000533e+01 1.854101966249684352e+01
1.500000000000000533e+01 9.270509831248421762e+00 4.854101966249682931e+01
1.500000000000000533e+01 -9.270509831248421762e+00 4.854101966249682931e+01
2.427050983124843242e+01 -1.500000000000000533e+01 -1.854101966249684352e+01
2.427050983124843242e+01 1.500000000000000533e+01 -1.854101966249684352e+01
1.500000000000000533e+01 9.270509831248421762e+00 -4.854101966249682931e+01
1.500000000000000533e+01 -9.270509831248421762e+00 -4.854101966249682931e+01
3.000000000000001066e+01 8.976844005245548678e-22 -2.161879633108812127e-20
