1.408274075461321573e+01 -2.256049947439622727e+01 2.110681291253618530e-01
-1.382611344897373762e+01 -2.277904906514502770e+01 -1.349258159903520271e-01
1.401868506180720075e+01 2.269233378167415793e+01 -6.886531255658170925e-02
-1.411785325013315173e+01 2.257468309920565375e+01 -1.803800426825067360e-01
4.932612403239092919e-02 1.469998821818033008e+01 -2.299328285616689129e+02
-1.330808484357738075e-01 -1.497307872302855003e+01 -2.300231654536601127e+02
4.264575042242555597e-02 1.478038534383405178e+01 2.307642739038943773e+02
4.723956634994429249e-02 -1.466859010571903887e+01 2.299553073787820381e+02
-2.312419056841859089e+01 3.447113875172354985e-02 1.416205515000450532e+02
-2.314032640538680852e+01 -1.219086873812144367e-01 -1.420215887143837392e+02
2.285355981351410648e+01 -1.360316675325630997e-01 1.413019323658770077e+02
2.312027455851984925e+01 -2.587962275924512805e-04 -1.416077665369959391e+02
-8.677017998251171371e-03 -2.682945768843879719e+01 1.726963753367581900e-01
-7.191028035467105298e-03 2.696302188324331084e+01 -1.340226645816465501e-01
8.037956315603372204e+00 2.151653392219924044e+01 -1.353096764120302566e+02
-8.108891308933438680e+00 2.147447431503225701e+01 -1.348001218114464734e+02
7.969815045474396342e+00 -2.140720051498067278e+01 -1.346230113529996402e+02
-8.050431984694119691e+00 -2.141469635073318400e+01 -1.349859963727851664e+02
1.262912404659770893e-01 1.960674235847374436e-01 -2.713309255114878056e+02
8.262192735113229602e+00 2.149217214710497004e+01 1.350583876889935482e+02
-8.087583253681506434e+00 2.155961441205316831e+01 1.349013631113828353e+02
8.282426297981166030e+00 -2.135909428181003378e+01 1.352211782598877789e+02
-8.179841456252852083e+00 -2.137204963897988463e+01 1.346393486814392872e+02
9.037317262804073215e-02 9.201288140448134201e-02 2.721244952603950651e+02
-2.176248449189359135e+01 -1.358480014510198153e+01 8.408280212251098362e+01
-2.148565627103395670e+01 1.346640586598088163e+01 8.358360930107905062e+01
-1.385552307329852972e+01 8.513641923557065283e+00 2.180688714222400506e+02
-1.419587175487337305e+01 -8.592648038978975222e+00 2.189538710759819935e+02
-2.162180845455672795e+01 -1.348799633305203827e+01 -8.402185600562205536e+01
-2.161962500934235720e+01 1.353443193674899270e+01 -8.353780958797268852e+01
-1.382414562403084268e+01 8.567094126465649495e+00 -2.184254396850416242e+02
-1.398739257413681436e+01 -8.439636086213093691e+00 -2.188854471447741048e+02
-2.630430714058042696e+01 2.091212376087470820e-02 -1.794776345641050652e-01
2.174762115807925511e+01 -1.347474921330188558e+01 8.356147401516521711e+01
2.156185545376190760e+01 1.354799981079383819e+01 8.359243679760368195e+01
1.391108044131379273e+01 8.771860128268857082e+00 2.185454681338561329e+02
1.384389418274194661e+01 -8.685044706184440244e+00 2.183119296870331993e+02
2.152945978894668499e+01 -1.363996180820399928e+01 -8.367319844910346660e+01
2.159005644683412584e+01 1.373357667338468779e+01 -8.387195325396997703e+01
1.400858404463562046e+01 8.746272589027171307e+00 -2.183406768601029739e+02
1.410306139942325743e+01 -8.559756501447679966e+00 -2.190788032731490489e+02
2.637407332676722049e+01 4.300161774309026880e-03 -4.100723129011162038e-02
7.254382154274499506e+00 -2.555216113999957983e+01 -4.719288785366032579e-02
-7.150224079178963521e+00 -2.580162725915705479e+01 2.775728565564201597e-02
6.999253225311958815e+00 2.568808162067130141e+01 2.577823455543271428e-02
-7.293345529405780958e+00 2.570107771267297636e+01 -3.261426823405697006e-02
1.172585531588109653e+01 2.308101525887553152e+01 -7.092400061393735200e+01
4.380576654172694262e+00 1.866491009585906724e+01 -1.896089301829127010e+02
3.964057133963968749e+00 2.559860034236070447e+01 -7.170944935723321123e+01
-1.162439949048709842e+01 2.299430582113691557e+01 -7.071981710056908810e+01
-4.346982470680669230e+00 1.876602700458796846e+01 -1.890915035721126856e+02
-3.699958604494104186e+00 2.570750940440168364e+01 -7.184364586008376818e+01
2.573392455749905564e-02 2.258009129330186937e+01 -1.422850497312062714e+02
1.178342017748931880e+01 -2.295791487867195713e+01 -7.069907831126631947e+01
4.300146069475763611e+00 -1.891487344049607344e+01 -1.890792424908765668e+02
3.834929120083295562e+00 -2.552989212442900424e+01 -7.161077019045463032e+01
-1.162651510952334988e+01 -2.303786941111356512e+01 -7.078461630954006978e+01
-4.205812769960460606e+00 -1.896239456810310386e+01 -1.895111164070030156e+02
-3.720865522193312458e+00 -2.547789461630926056e+01 -7.129252025228140610e+01
9.860032506248593565e-02 -2.279599063209498411e+01 -1.424475295153303591e+02
-7.454870023645664145e-03 7.869470209246782311e+00 -2.600066548117865182e+02
-1.723541681164702318e-04 -7.589251790198876080e+00 -2.619048159368799134e+02
1.169330625269706481e+01 2.301569355501978720e+01 7.080383852462877314e+01
4.360191504270034990e+00 1.880958338518394868e+01 1.893847700087780481e+02
3.993756645556096441e+00 2.566134975640445859e+01 7.181548571312657714e+01
-1.158209968542041146e+01 2.292315867344119695e+01 7.061857775852844554e+01
-4.347496354753459968e+00 1.886874809246056373e+01 1.891881761811337981e+02
-3.918779272856153462e+00 2.555268251708875837e+01 7.193703583591505435e+01
2.107178436457173357e-02 2.270122723614625571e+01 1.431488792234295886e+02
1.174110047744631480e+01 -2.302570337680105084e+01 7.096621965750202321e+01
4.343005257274000108e+00 -1.868315132490604924e+01 1.889551928116141539e+02
4.075013637272984823e+00 -2.559679956128066891e+01 7.200375797612119300e+01
-1.174834856675548522e+01 -2.308599444980255200e+01 7.054439581857405983e+01
-4.314421369137900086e+00 -1.879408649753141702e+01 1.890915175515441717e+02
-3.887025350104353461e+00 -2.575087742194887142e+01 7.190541730937343345e+01
3.359708608213810357e-03 -2.249135684763141896e+01 1.428892838645698191e+02
7.180181501813813483e-02 7.915621218623980937e+00 2.616484988493789956e+02
-6.926920579592152349e-02 -8.041422452974526180e+00 2.610035677790822888e+02
-1.858868266130398084e+01 -1.874130597693351419e+01 4.520727341223593498e+01
-2.335057352940303588e+01 -7.186773421262187433e+00 1.184248017774942809e+02
-1.591795655582624391e+01 -1.843319520259391453e+01 1.146331962335584223e+02
-1.839178586691638628e+01 1.842324327113889026e+01 4.493823651080359127e+01
-2.334652992265642979e+01 7.231173026170337081e+00 1.172950618702411703e+02
-1.594207045114518095e+01 1.830557737399202622e+01 1.145333744275053078e+02
-7.440414310521935803e+00 1.228092380861905930e+01 2.330076210824059615e+02
-1.909016443552287612e+01 4.659550839706317227e+00 1.866683160572525537e+02
-1.166530234393401244e+01 1.614287896307657277e+01 1.858987605702815813e+02
-7.571317691534947159e+00 4.642573319210701932e+00 2.581953240342398885e+02
-1.812229811251773981e+01 1.204623383257021274e+01 1.583992007980713765e+02
-7.236505676710235591e+00 -1.231019265061681089e+01 2.334476698476310617e+02
-1.922203950454908039e+01 -4.744125017496814145e+00 1.874456205475471506e+02
-1.179080026117980751e+01 -1.587459973775520972e+01 1.856665991973009682e+02
-7.557140700144835854e+00 -4.567148655079377839e+00 2.581730092093714006e+02
-1.849747925687533368e+01 -1.212635144927392616e+01 1.590402936617163618e+02
-1.488402829309528563e+01 -6.810788722048839727e-02 2.300084897774873411e+02
-1.858414922697668459e+01 -1.856582011826272094e+01 -4.540593365892556221e+01
-2.332221914246366978e+01 -7.374472167435784264e+00 -1.177553803696784769e+02
-1.592995412630413554e+01 -1.854503374354332479e+01 -1.149792338068178594e+02
-2.257149057349532839e+01 -1.351989035087897406e+01 1.918932246981505940e-01
-1.838450354782955642e+01 1.855709202783155121e+01 -4.495674834425724242e+01
-2.341654411347514753e+01 7.143232098514676665e+00 -1.173389239683482828e+02
-1.584325161157982542e+01 1.857494297126474692e+01 -1.149204402044787514e+02
-2.249947596557471741e+01 1.329814060108705398e+01 -5.625493991261990706e-02
-7.224990818589145825e+00 1.242561416778767658e+01 -2.327993198489429574e+02
-1.904328110038556687e+01 4.628219270298290056e+00 -1.869291580011406211e+02
-1.171527080144357846e+01 1.592989939964639134e+01 -1.855719323389459134e+02
-7.497420511791514919e+00 4.553165521718177011e+00 -2.574301129256933791e+02
-1.823107615490380340e+01 1.206945924767035727e+01 -1.582298653076515222e+02
-7.344573928375477401e+00 -1.250583118890421730e+01 -2.336687857132415616e+02
-1.929958390536890533e+01 -4.580551053468873590e+00 -1.878720806420303973e+02
-1.170633073357341836e+01 -1.595881109228438710e+01 -1.861812620234102837e+02
-7.460970643504651001e+00 -4.625993508122134834e+00 -2.576144915294682960e+02
-1.825298362622062953e+01 -1.214542814277164062e+01 -1.587186886004872690e+02
-1.464270001698910484e+01 -1.060848729832628845e-01 -2.298626202402324736e+02
-2.548047178816638692e+01 -2.799121324689369389e-02 7.428362242090989298e+01
-2.553160315943414105e+01 -1.525249991813414641e-01 -7.441984692644030019e+01
-2.524026839367515862e+01 -6.777636424676034110e+00 4.608640411312305218e+01
-2.507205762083635747e+01 7.127514280005378566e+00 4.603631940476782347e+01
-2.517214021703144411e+01 -7.114110761386654325e+00 -4.605639652352663660e+01
-2.529471825848621336e+01 6.821242363123952934e+00 -4.595751322299643249e+01
1.840224153146312247e+01 -1.853507008637968667e+01 4.490532542124094562e+01
2.329780793343483580e+01 -7.181552469184524945e+00 1.173957521501104821e+02
1.582571145206439134e+01 -1.837564411653076490e+01 1.145246440679053563e+02
1.848409210079555365e+01 1.841304567500554867e+01 4.511155678582954209e+01
2.312822305047459892e+01 7.064551167747658234e+00 1.170769985494788585e+02
1.565831247482825361e+01 1.846726283388559153e+01 1.147464176016923290e+02
7.271357096265814945e+00 1.229098071411087645e+01 2.330997173492640115e+02
1.915830771879780414e+01 4.820563844150837163e+00 1.866989549750677782e+02
1.170713119847117767e+01 1.597830065785043452e+01 1.862341637342327942e+02
7.585645340364391309e+00 4.705143638214527080e+00 2.588524651414659843e+02
1.848685475376716525e+01 1.207854439941764291e+01 1.586495428872648858e+02
7.273739668463388597e+00 -1.254718890848781854e+01 2.329094646349377058e+02
1.913946746328237936e+01 -4.786248019570392920e+00 1.866308699319658047e+02
1.170553016237856703e+01 -1.594776234095517964e+01 1.861106468668528464e+02
7.428837160608092738e+00 -4.510927533737154604e+00 2.581887736784869958e+02
1.843682959060928539e+01 -1.193237413870676811e+01 1.582319274411202628e+02
1.500359527006607863e+01 -5.424956007804422609e-02 2.304131308304028494e+02
1.838327294332318118e+01 -1.870647968759245217e+01 -4.515089813394757812e+01
2.317078389707161179e+01 -7.113801770787690160e+00 -1.173645592355816518e+02
1.595258886480760019e+01 -1.831256056386195752e+01 -1.148310308195691221e+02
2.245488698667513461e+01 -1.345917771309500743e+01 1.215193402907177728e-01
1.852767680389136729e+01 1.883931537025580738e+01 -4.520015348912129127e+01
2.334642062376230953e+01 7.055512105104345011e+00 -1.173395868423495330e+02
1.589637158064876310e+01 1.837793910399890862e+01 -1.155273780153115979e+02
2.249256562092913470e+01 1.352865196132881387e+01 1.800026334934521077e-01
7.093083026071425046e+00 1.229905187359487861e+01 -2.327066697887073019e+02
1.916111833339977721e+01 4.732361761256725252e+00 -1.866044819273408848e+02
1.199583762421057642e+01 1.609826598039575529e+01 -1.862677189564550133e+02
7.279479253105305858e+00 4.639958476715345448e+00 -2.576397250084307302e+02
1.838628724656173574e+01 1.206542328120900898e+01 -1.585706973241680089e+02
7.324070091941888627e+00 -1.232401217493216983e+01 -2.336731572506151622e+02
1.912043430026191970e+01 -4.727875221725597932e+00 -1.875771787611677439e+02
1.177801703693827484e+01 -1.587294296286782824e+01 -1.857547928458179456e+02
7.708809430387885797e+00 -4.585500771945995702e+00 -2.588963633252993191e+02
1.820770259263128921e+01 -1.196875009364021913e+01 -1.581538100830294127e+02
1.479591271804636321e+01 -5.762750527022024449e-02 -2.299257686610494318e+02
2.560311393353732257e+01 9.616829276466815069e-02 7.427662891625385555e+01
2.562390744428612521e+01 -6.818175379322555241e-02 -7.414459588714895233e+01
2.523242653290253656e+01 -6.924595314650558109e+00 4.620239138272249590e+01
2.513434351670382938e+01 6.971210965579927255e+00 4.599487811876780086e+01
2.518171695913466479e+01 -6.944391181127179458e+00 -4.594345522748108834e+01
2.524464990901279648e+01 6.870168500554346913e+00 -4.603871322366965302e+01
