6.821669719970493873e+01 -1.126470671608658023e+02 -1.802466555611797680e-02
-6.898835454030592018e+01 -1.119857343987697078e+02 -8.375812575712793251e-03
6.851654974974361778e+01 1.122605753461384239e+02 9.287011092716844496e-02
-6.844043656387458441e+01 1.129634892848088867e+02 7.647993778193479253e-02
-3.452124870334147277e-02 7.095893913732096792e+01 -1.143598917387367209e+01
8.968528334566942817e-02 -7.085792173041397746e+01 -1.143004629482474321e+01
-1.149903124945324401e-01 7.081540717509996341e+01 1.142059902400880489e+01
-4.360962837290106864e-02 -7.095844319951967805e+01 1.145070602439236751e+01
-1.122112776140669723e+02 9.363495024973289560e-02 6.667405204807597130e+00
-1.121489808535534678e+02 -1.504810186443908404e-01 -6.614862166366068053e+00
1.123470248106147977e+02 -1.368267630606030960e-01 6.655672134624558645e+00
1.124009295184301322e+02 -2.393672065937250681e-01 -6.677402383731289248e+00
-6.369709529046622964e-02 -1.312045583541738267e+02 8.526409533140155705e-03
-4.058662787534599858e-01 1.310784753619701064e+02 -6.001226195454668205e-03
4.165391611280880113e+01 1.062711432936766016e+02 -6.221344115836060951e+00
-4.217462096494863744e+01 1.063674450268626259e+02 -6.232039543401688420e+00
4.188962680233424152e+01 -1.067184707895310538e+02 -6.375947260940168171e+00
-4.209029150394096064e+01 -1.065029730197612992e+02 -6.394820777968320158e+00
5.038719025151128239e-02 3.383438986378525803e-01 -1.345903529386289676e+01
4.181225963342031093e+01 1.063325095906945990e+02 6.277728985032271503e+00
-4.210882498526407147e+01 1.064579526542673733e+02 6.298523125796632982e+00
4.158842182884838934e+01 -1.065455211226533407e+02 6.260266407030901092e+00
-4.228558499391108683e+01 -1.065075210137025010e+02 6.426737676577353398e+00
1.155909544537633837e-01 -8.712838412484993911e-02 1.343631714126134824e+01
-1.078074419180851322e+02 -6.455240857654550268e+01 4.250498386834347109e+00
-1.077918752181408593e+02 6.515817010183214109e+01 4.367590272872216239e+00
-6.658842590428501751e+01 4.106559626675073105e+01 1.060993947339971299e+01
-6.640789798820748047e+01 -4.109178926868510473e+01 1.058835349904544998e+01
-1.078142635846958655e+02 -6.472374222461570525e+01 -4.229022697570160361e+00
-1.078145371238774146e+02 6.493031047265252198e+01 -4.350705195998551211e+00
-6.665199354536751741e+01 4.097002645767991424e+01 -1.061623722829761896e+01
-6.627758924696584586e+01 -4.122690324287867014e+01 -1.054653831155684429e+01
-1.319420692184761492e+02 -2.008095971808073615e-02 1.274354449424466504e-02
1.077202544988883801e+02 -6.502201498794518386e+01 4.324422850324711298e+00
1.079283652014415225e+02 6.469951808159107998e+01 4.278801928957777001e+00
6.658834015986205657e+01 4.111335887283387081e+01 1.060690054622482492e+01
6.667019250506722017e+01 -4.109439787361000640e+01 1.063981937413012346e+01
1.078275152345255918e+02 -6.478764966712405737e+01 -4.279801600186444510e+00
1.076453860536351783e+02 6.494175682868295496e+01 -4.279162684224047553e+00
6.685341697723359289e+01 4.076443057793118641e+01 -1.064772830061854236e+01
6.642712475947308803e+01 -4.129354570046767492e+01 -1.058243155937840996e+01
1.321657281149364280e+02 8.591270857101171443e-02 1.646610802936525168e-03
3.596527499953600682e+01 -1.255979868787213292e+02 4.182218717759601800e-02
-3.534067100594732835e+01 -1.258029795198786474e+02 -2.297368348411614122e-02
3.591166682199834526e+01 1.254831109189109526e+02 -5.062625988202202471e-02
-3.686643108816391390e+01 1.254023143648601035e+02 -2.597123609276721229e-02
5.749042155607948956e+01 1.127952356957707707e+02 -2.909881874004577096e+00
2.181608657185941880e+01 9.238892835261729886e+01 -9.177885554945385493e+00
2.186099116209244286e+01 1.245667943678851373e+02 -3.475798258676960018e+00
-5.765943825183552462e+01 1.130553879758086993e+02 -2.830869528762348875e+00
-2.183674608412049167e+01 9.255280156412338499e+01 -9.181733528094273566e+00
-2.213966644139300399e+01 1.246401162421988857e+02 -3.520282939788652143e+00
-2.465255176305451990e-01 1.127893106202974423e+02 -7.083777000174661609e+00
5.788428293394386515e+01 -1.128875751194385941e+02 -2.951929223711902583e+00
2.193926181223122285e+01 -9.256240073045384520e+01 -9.190238866884623548e+00
2.182845911163944308e+01 -1.248261098928934985e+02 -3.494430099013228652e+00
-5.830822954234365341e+01 -1.126036310303967127e+02 -3.042902179428153886e+00
-2.167848192358063386e+01 -9.248464198552674986e+01 -9.197876726351189802e+00
-2.202181933250878032e+01 -1.247645595020971001e+02 -3.490097107387314601e+00
-1.199005263619375983e-01 -1.127982067909448318e+02 -7.001259147943377670e+00
-2.452805069602254431e-02 3.786470998919819664e+01 -1.310445440533069039e+01
2.813223012248326164e-03 -3.740045644030434602e+01 -1.299534118130075555e+01
5.769938323071274056e+01 1.126811409074960864e+02 2.935249869759310570e+00
2.170638474169753707e+01 9.241501535494930408e+01 9.172864171054095905e+00
2.199353434867078505e+01 1.245301619936815172e+02 3.469653244022053773e+00
-5.800927658136973264e+01 1.128397033341157538e+02 2.797343696292491799e+00
-2.187431207195296068e+01 9.243565255821464177e+01 9.168904462262098320e+00
-2.210022304883985811e+01 1.247701444883503683e+02 3.530681687007807934e+00
-2.825641071168720209e-01 1.127671577239367195e+02 7.054258449310580659e+00
5.750292303510730818e+01 -1.128807719255674726e+02 2.836168991999453937e+00
2.202992087856529224e+01 -9.241583147774252893e+01 9.175060966559087205e+00
2.184313471739878310e+01 -1.248255695468500193e+02 3.514871225882196359e+00
-5.816629982136989696e+01 -1.126671572198908819e+02 3.069170045912973155e+00
-2.158346205133161533e+01 -9.270054498204898152e+01 9.232271775725523710e+00
-2.202017313713408342e+01 -1.246552802956544355e+02 3.480473507052441740e+00
-1.319417875783449323e-01 -1.128296777276330687e+02 7.029431894185712792e+00
-1.714537817479914461e-01 3.759212606510190113e+01 1.301480902012280794e+01
1.563379986775282338e-01 -3.764332597573314843e+01 1.305560514554027307e+01
-9.194620023270340425e+01 -9.279771130920880751e+01 1.981912859452281905e+00
-1.132692623985976752e+02 -3.389035060590987314e+01 5.478578232914912860e+00
-8.030893300212511576e+01 -8.947005713589105369e+01 5.635509744480796890e+00
-9.060662596486125153e+01 9.455332208886912326e+01 2.027099901965007334e+00
-1.135528272025858882e+02 3.407225202034383216e+01 5.614408439812733853e+00
-8.059643365251017144e+01 8.958975985496923045e+01 5.683115958465082329e+00
-3.613468256116316724e+01 5.942084675595469179e+01 1.179669306452227850e+01
-9.238751245845266169e+01 2.082678294049933143e+01 8.805276541316363392e+00
-5.808526776498237609e+01 7.854832404767294918e+01 9.296967997989341370e+00
-3.405138241225700568e+01 2.251387298675487614e+01 1.271612479256008221e+01
-9.148890731449117197e+01 5.510557432239249209e+01 7.460638589590928405e+00
-3.581906920453090493e+01 -5.933632203116707160e+01 1.175795699935416749e+01
-9.229845912998700896e+01 -2.072317144649941767e+01 8.800241408579339009e+00
-5.754631955805501775e+01 -7.861787654488711041e+01 9.251195446993847327e+00
-3.393892413038790323e+01 -2.256758719670096625e+01 1.274026755109077236e+01
-9.114206640108143631e+01 -5.519508802467443331e+01 7.407905252985758082e+00
-6.864623275147881998e+01 -1.071277891810451001e-02 1.095531404933220010e+01
-9.167502850482736676e+01 -9.303019894848137028e+01 -2.010087650899046174e+00
-1.133931834880743992e+02 -3.396765272847463280e+01 -5.551977152345425992e+00
-8.025188142249187706e+01 -8.945007118178426708e+01 -5.648481966170229462e+00
-1.105435107804456578e+02 -7.255253731521595739e+01 5.790117299671314333e-02
-9.097991886707782783e+01 9.421248576417879406e+01 -1.957734203200981238e+00
-1.135293557544538743e+02 3.388260508480689737e+01 -5.567695599725023925e+00
-8.046716282729622094e+01 8.984081658104652490e+01 -5.677169954055025336e+00
-1.096926438251680196e+02 7.397662356235805703e+01 -5.479997185439264978e-02
-3.613980712471055057e+01 5.957935444057574159e+01 -1.183378108927201566e+01
-9.239497194357480225e+01 2.076046633436097721e+01 -8.805304934679881512e+00
-5.824014303046926955e+01 7.846976606683463729e+01 -9.245632568535285145e+00
-3.409600022241821904e+01 2.288300721283100714e+01 -1.272017170873990111e+01
-9.157772110445044689e+01 5.512734172686232625e+01 -7.503442276724616278e+00
-3.565969768018522501e+01 -5.922258712725979279e+01 -1.171654989664624225e+01
-9.219459047064594870e+01 -2.085144096674081382e+01 -8.740634422398613879e+00
-5.757726978242315141e+01 -7.855166808023443537e+01 -9.262945130756671475e+00
-3.393005877169805728e+01 -2.227341959775800717e+01 -1.273855631999329141e+01
-9.123420843280659653e+01 -5.511965572118455015e+01 -7.384220556764234722e+00
-6.861695681002851188e+01 -1.194205947813311575e-01 -1.092099252383626684e+01
-1.266806839950025392e+02 7.386828755492691467e-02 3.218848432081936384e+00
-1.267150922788012934e+02 2.529735775356978245e-01 -3.202875671177406680e+00
-1.253938854928378390e+02 -3.343529673527576307e+01 2.286261488194314406e+00
-1.255721374235846497e+02 3.351712999615681809e+01 2.381461319295413936e+00
-1.254734158581294281e+02 -3.322748377000299769e+01 -2.283590236614140956e+00
-1.255270371762957069e+02 3.373091425423037748e+01 -2.390259677131634231e+00
9.068289583926474506e+01 -9.381067324928989137e+01 1.928811536830748352e+00
1.138951217519231705e+02 -3.366241628061276003e+01 5.659171903228435774e+00
8.006225096688127962e+01 -8.957062156056142044e+01 5.603466141844300807e+00
9.093840354372407830e+01 9.367951163346404542e+01 1.940892373844039565e+00
1.138334626471466464e+02 3.361236151463496213e+01 5.647921994802197254e+00
8.013950064229290149e+01 8.955250607668446605e+01 5.622803057332978582e+00
3.582286797866170502e+01 5.932071678729503361e+01 1.176333109954037859e+01
9.248367603504586043e+01 2.085512329004056653e+01 8.812950133579949608e+00
5.791262255113625912e+01 7.830379733561079547e+01 9.236830253165804194e+00
3.393160040079906992e+01 2.263567075629987357e+01 1.271634286573613082e+01
9.169124916604040720e+01 5.495272931958861307e+01 7.513489414111284681e+00
3.593011409960706715e+01 -5.938756109094968849e+01 1.180102268762168194e+01
9.237217281774056232e+01 -2.063031974638225208e+01 8.784645706033535006e+00
5.817667468745300852e+01 -7.830426104700198664e+01 9.270370047691386617e+00
3.422828123697890845e+01 -2.259994302433621627e+01 1.274823623625178115e+01
9.190463830046329008e+01 -5.466514272709667210e+01 7.510050476960774546e+00
6.866588337414835053e+01 1.399628830347658115e-01 1.091965463596801555e+01
9.100554092577675647e+01 -9.348986716045492074e+01 -1.891979781445892295e+00
1.137790050910509052e+02 -3.374339455265095467e+01 -5.619226934497415726e+00
8.021768581437017076e+01 -8.943418731966691837e+01 -5.556084420116542688e+00
1.095599953160203626e+02 -7.403137065104448311e+01 -1.251895631487481321e-02
9.137808522948606083e+01 9.319858142270723533e+01 -1.915361890060459649e+00
1.138266991443932881e+02 3.366374877557342415e+01 -5.609507242479124578e+00
7.977439088841147452e+01 8.979833770696798467e+01 -5.568459583037133065e+00
1.100008224874124210e+02 7.329206576077065449e+01 -8.248443823801701602e-02
3.604872742476499070e+01 5.931787131651117306e+01 -1.176943135242543370e+01
9.262539041818057228e+01 2.064638150208715928e+01 -8.837962046944449312e+00
5.810886267669935989e+01 7.808267035454932170e+01 -9.195430155311008491e+00
3.413840184253929522e+01 2.273987592036617755e+01 -1.275729224394459749e+01
9.180104064646047846e+01 5.489256666388688899e+01 -7.547677114416520894e+00
3.579023467611659015e+01 -5.930147797777303964e+01 -1.173565535034818375e+01
9.228663365641915561e+01 -2.080974449001539739e+01 -8.757111872830492416e+00
5.783511871754743794e+01 -7.856953812228162803e+01 -9.283528113812694826e+00
3.400118733710166197e+01 -2.240663300386886903e+01 -1.270683481204942744e+01
9.158124084307758039e+01 -5.485908455152748786e+01 -7.429559994247817656e+00
6.868935269102561847e+01 -2.006596342025627755e-01 -1.093097954947160844e+01
1.269893967041885219e+02 1.216302641124561296e-01 3.288501070640434953e+00
1.269863776352443523e+02 9.456052067159376184e-02 -3.309930449191639923e+00
1.257193410381066769e+02 -3.383746846908164940e+01 2.374454974824838249e+00
1.257317726496535784e+02 3.375701255869958572e+01 2.412567684707509486e+00
1.257480420821238312e+02 -3.385414873131374236e+01 -2.414092871428267451e+00
1.256490279870137954e+02 3.399012101568964539e+01 -2.321588439419695948e+00
