1.139677016966192014e+01 -1.816848178593491880e+01 1.290651320551276238e-01
-1.153494549884827691e+01 -1.825902101498920871e+01 -1.900473295734705081e-01
1.112957013194604095e+01 1.762693487027489780e+01 -1.872954989484126032e-01
-1.086846379258586026e+01 1.723205753089562720e+01 -1.712555388170764609e-02
6.567127732447870792e-02 1.237344706238351044e+01 -1.907765829745359270e+02
-6.582448095068380023e-02 -1.246210644450766303e+01 -1.904638271413003281e+02
-4.137520969991147907e-02 1.307988072681711600e+01 1.972772310506306894e+02
1.286462810927227751e-01 -1.244214593506086963e+01 1.900216462249448170e+02
-1.937565240980895709e+01 -8.101456735121863317e-02 1.213580921705705862e+02
-1.978006099379513216e+01 5.756053911325659245e-02 -1.252943204266328081e+02
1.848206009129140170e+01 6.445764299409590531e-03 1.177542112229216542e+02
1.879003316655553135e+01 1.254707595146351828e-01 -1.186392673154890645e+02
4.187933420968044385e-02 -2.162751517455269124e+01 3.729228205749843261e-02
-4.419825924673478207e-02 2.082066929701057845e+01 2.727447078582981993e-02
6.862608849475908990e+00 1.737428683976569843e+01 -1.152091827743672070e+02
-6.463109808085055974e+00 1.653622896199200198e+01 -1.099135718193643214e+02
6.417399134299900609e+00 -1.638572810351294606e+01 -1.088233218845934971e+02
-6.667467638182227319e+00 -1.678885159786461401e+01 -1.115614790349561503e+02
4.223577918650626289e-02 2.243843409557298371e-02 -2.220213753236143646e+02
6.295013669191742878e+00 1.702795462273897797e+01 1.115004297023266275e+02
-6.482829717115028423e+00 1.688989288753863960e+01 1.109478975165118442e+02
6.621684993297961341e+00 -1.721581603108463199e+01 1.144353629688988576e+02
-6.105129256779089353e+00 -1.629504222451678430e+01 1.077397916950050103e+02
2.464073865642187056e-02 -1.999612479806193305e-02 2.299462894500599930e+02
-1.838805870509424878e+01 -1.148836435800842182e+01 7.432086615399552443e+01
-1.635104997063194077e+01 1.015532919677108481e+01 6.784432664620358366e+01
-1.069013788748504545e+01 6.914911609486162014e+00 1.702138089838656185e+02
-1.170125261316966103e+01 -7.189548921179301999e+00 1.808494187706730543e+02
-1.766858582899430630e+01 -1.128293680913248664e+01 -7.240748596242090684e+01
-1.656277217506312027e+01 1.036996961909727233e+01 -6.798921593215956705e+01
-1.101125135688198853e+01 6.824530993793723077e+00 -1.732465602589586240e+02
-1.167454442076858001e+01 -7.011052381946256240e+00 -1.809201835118163331e+02
-1.813397349665538627e+01 -8.891292140311710460e-03 -2.949793321347183098e-02
1.657608809143033213e+01 -1.035224696070102723e+01 6.879671444665957836e+01
1.639170614212993726e+01 1.000976851916919408e+01 6.727945133981323522e+01
1.113209043407840149e+01 7.134958102504369570e+00 1.753785195557152292e+02
1.079395781532887000e+01 -7.018505700878598930e+00 1.720456667111789386e+02
1.656920178992503878e+01 -1.036799808521275246e+01 -6.800009417048941884e+01
1.759529768460153676e+01 1.110634578561246144e+01 -7.069961150417655915e+01
1.077969706969895647e+01 7.006128771435227165e+00 -1.720869511157117415e+02
1.156039116209251461e+01 -7.097724617311180317e+00 -1.797335364505274811e+02
1.859347741281569455e+01 5.369805085953738288e-02 -1.454895579754307902e-02
5.900296687501302983e+00 -2.132268700212035739e+01 8.912688629027991360e-02
-5.576987846644399838e+00 -2.018557726006276809e+01 3.010543862532717024e-02
5.460836228275892879e+00 1.970579278245314470e+01 -8.692594402636888776e-03
-5.504513726159705023e+00 1.994127392488238826e+01 2.020430548408633925e-02
9.086710487580536011e+00 1.927614457922146940e+01 -6.187792201056169716e+01
3.800755605731223952e+00 1.551847843085506184e+01 -1.565772912678278317e+02
1.200115809270878575e+00 2.136527127427340389e+01 -6.478002640508870513e+01
-8.670011200631815740e+00 1.845219576818025331e+01 -5.971974364522159817e+01
-3.395139257497519214e+00 1.471966185453383247e+01 -1.485227778958111458e+02
-1.148539756196671480e+00 2.137303843801479530e+01 -6.444010537571521979e+01
3.096789341084397670e-02 1.814988491318782593e+01 -1.174437868328836743e+02
8.653531916287334980e+00 -1.837957242524389656e+01 -5.971008661825454311e+01
3.417223330565039685e+00 -1.475096688199521644e+01 -1.485577429843450261e+02
1.049573493035696137e+00 -2.000839933993297137e+01 -6.178469591958778295e+01
-8.943092197341742988e+00 -1.858111376302598927e+01 -6.075251371943920731e+01
-3.744034226312968450e+00 -1.557664911478474856e+01 -1.564167480356758801e+02
-8.058230888420945259e-01 -1.931115863456091120e+01 -5.944337047248642136e+01
2.256233054508868623e-03 -1.799682884998357224e+01 -1.164183475197748265e+02
2.310636113382546694e-02 6.069044198224980313e+00 -2.041258268844698875e+02
6.853616939163007654e-03 -7.060960811950173444e+00 -2.307328250554108706e+02
8.318563501125980864e+00 1.771358243593842374e+01 5.854999905557613005e+01
3.446234205989369137e+00 1.497760157365935108e+01 1.502020435923066657e+02
1.131890795382742843e+00 2.114679397611030254e+01 6.404374927699471698e+01
-8.394109873516683251e+00 1.790302673989304338e+01 5.888638125409096347e+01
-3.375513831624752381e+00 1.503754720020377178e+01 1.507449695734401587e+02
-1.198073443086252965e+00 2.146247175527355466e+01 6.544157419597327419e+01
7.009168067903707479e-03 1.939023296648927897e+01 1.253536066347049456e+02
9.175369425319869876e+00 -1.947916854428843791e+01 6.404641685095828052e+01
3.354775574810934025e+00 -1.483118642239491969e+01 1.488802766471207519e+02
1.443573645790902527e+00 -2.215174852126577676e+01 6.647278454450697893e+01
-8.510859343843666380e+00 -1.797697252830174364e+01 5.754239835699351602e+01
-3.322511556922487674e+00 -1.462867046458968900e+01 1.474349037940477558e+02
-1.058891849168195343e+00 -2.122939933710184235e+01 6.477532595452453279e+01
-2.322026120162645757e-02 -1.898751258835651967e+01 1.233413868182680915e+02
8.483432410918030631e-02 6.846467440634249613e+00 2.252235163567962104e+02
-1.324725954818154784e-03 -6.446011891101173674e+00 2.136795041268585464e+02
-1.582344346856368134e+01 -1.495939768652866420e+01 4.029351078482707038e+01
-2.028654027681703198e+01 -6.664902002524743629e+00 1.068706949930946450e+02
-1.307633703199782893e+01 -1.343167552392363717e+01 9.515192226781975648e+01
-1.414295773581134874e+01 1.327231179850865139e+01 3.619330173484853930e+01
-1.811199345172663300e+01 5.826343036829928046e+00 9.523918103273278746e+01
-1.270280813293043565e+01 1.319292836475361952e+01 9.284332038207205073e+01
-5.860701769264422545e+00 9.605336893321801739e+00 1.815223235380497044e+02
-1.482147216256576527e+01 3.621653599534027546e+00 1.465525124305181066e+02
-1.033936601837475600e+01 1.153737578320745349e+01 1.486216556505838753e+02
-6.503565954170821506e+00 3.497152978054694383e+00 2.149523367805631437e+02
-1.288900441472760861e+01 1.087940020200539060e+01 1.278990617024015677e+02
-6.149703465637896826e+00 -1.012246625153489710e+01 1.923669464221742089e+02
-1.585094543031713776e+01 -3.919847211719897917e+00 1.553144356718958647e+02
-1.030984844732686767e+01 -1.140445816836359150e+01 1.472464952639106741e+02
-6.471450789376895329e+00 -3.627999592408439167e+00 2.149774988188562759e+02
-1.403918839980500799e+01 -1.162082877003739334e+01 1.371093216180845502e+02
-1.163243886828445639e+01 -9.748627721558779380e-02 1.846879791659488603e+02
-1.607285464904091654e+01 -1.541709018743408954e+01 -4.044546582320473505e+01
-1.885492448364667695e+01 -6.150016095482627954e+00 -9.860020441042713912e+01
-1.350454040154068913e+01 -1.410864410044563755e+01 -9.846150390621819781e+01
-1.834302586508984945e+01 -7.330506888724969805e+00 1.360280261739358343e-01
-1.455995578260189482e+01 1.370151962477127938e+01 -3.709543508119111976e+01
-1.803076351304055436e+01 5.944055526316216920e+00 -9.563786831315107406e+01
-1.300523838478736316e+01 1.370033645563224667e+01 -9.565739810157162992e+01
-1.778075127249411125e+01 6.810001745639016058e+00 -6.246309549968356162e-02
-5.730414098040781390e+00 9.662073358701167791e+00 -1.822358631510967939e+02
-1.533712716844154400e+01 3.868311325406831092e+00 -1.510412409466811710e+02
-1.020185140585832961e+01 1.138133821847970140e+01 -1.468890563898146127e+02
-6.103630803276766770e+00 3.311740154327514674e+00 -2.043144993806223226e+02
-1.260634979105158493e+01 1.084030292654498595e+01 -1.250546998384914019e+02
-6.130545671388434315e+00 -1.018710374201992330e+01 -1.924456798509446287e+02
-1.642078758613676115e+01 -3.971382326335288315e+00 -1.613632419606839790e+02
-1.080845060604888452e+01 -1.184752830131634305e+01 -1.520859423410843192e+02
-6.315257626819854586e+00 -3.437263201418653047e+00 -2.085454953479285791e+02
-1.332338481072618208e+01 -1.131307896235009558e+01 -1.315923123399720680e+02
-1.162600266566933271e+01 -8.277793436687506945e-02 -1.854047173347892965e+02
-2.061792982458472068e+01 -2.744148370246820429e-02 6.243159553555780406e+01
-1.995482728128117245e+01 3.602502652151758772e-02 -6.280816797939784379e+01
-1.884894320242451826e+01 -6.804443481040902242e+00 3.784881301029959388e+01
-1.799570892197862904e+01 6.526749379406314056e+00 3.640598953851158370e+01
-1.804895244108158536e+01 -6.561928759341822293e+00 -3.623744138604953235e+01
-1.795356386476072075e+01 6.493003394394872174e+00 -3.646671245733907085e+01
1.469570951280316429e+01 -1.398082001976593780e+01 3.721876097005306150e+01
1.807304405357687216e+01 -5.852541479721155682e+00 9.524180130210527295e+01
1.281907939653922845e+01 -1.340163813984777441e+01 9.370019669907510718e+01
1.398137990716666224e+01 1.304017427020741060e+01 3.559634878990593876e+01
1.740636985258841918e+01 5.717988804570938832e+00 9.250330767737820281e+01
1.301721959456996736e+01 1.358290364185482701e+01 9.512443332251334027e+01
5.968619430852363905e+00 1.001272657949492739e+01 1.878371623458710076e+02
1.496847368103086318e+01 3.702151637638845472e+00 1.476349092925951538e+02
1.058602000523314857e+01 1.190334149783153528e+01 1.527636747227100784e+02
6.790140188978454283e+00 3.671565469036309093e+00 2.266750663471500218e+02
1.293241833855290679e+01 1.126497278449921602e+01 1.291675034560576023e+02
5.792427112532954503e+00 -9.705766647421098625e+00 1.821451773533979690e+02
1.482108355605089045e+01 -3.682302355013236106e+00 1.465647064306768357e+02
1.047822909742936659e+01 -1.178593084769342170e+01 1.509854997952586757e+02
6.110966346936034022e+00 -3.295865090203443870e+00 2.101960388204724666e+02
1.289191007137402067e+01 -1.090808412950953610e+01 1.279253930254496083e+02
1.230919530742858825e+01 -8.937689577155241705e-02 1.933724012196361173e+02
1.456197974066578382e+01 -1.369151601555794429e+01 -3.707895604018500535e+01
1.797570665540771273e+01 -5.934215157840957211e+00 -9.566909550257344108e+01
1.302507778430824104e+01 -1.369870199130567734e+01 -9.567324914825310600e+01
1.779612499197982345e+01 -6.826751179293998995e+00 -5.082935357382357966e-02
1.547100105606078024e+01 1.476505742686822309e+01 -3.924066171243577372e+01
1.815653801322228134e+01 6.033230856599842262e+00 -9.602017910609973228e+01
1.401160855412670259e+01 1.469984998728309478e+01 -1.018335892958125868e+02
1.833042586371045246e+01 7.164866198374987505e+00 -3.424058805585234594e-03
5.779280575240958839e+00 9.622678427648647670e+00 -1.828887721718668047e+02
1.474239177311836535e+01 3.700448283869881116e+00 -1.459507315302615780e+02
1.070671533663599106e+01 1.209797767439187233e+01 -1.537062839044834561e+02
5.971580834857624254e+00 3.256763014425510416e+00 -2.044319285285450007e+02
1.314150208515902563e+01 1.118883264985326775e+01 -1.303681435353450979e+02
6.085212716760231011e+00 -1.026797736952801721e+01 -1.917707674130312796e+02
1.594007573900273123e+01 -3.888446248378470305e+00 -1.567223724045802555e+02
1.022441210334946327e+01 -1.142546586299823552e+01 -1.469640155217194604e+02
6.617941581991964917e+00 -3.643873022390460292e+00 -2.207870265217601116e+02
1.263480333712659132e+01 -1.086524071697392912e+01 -1.251164599624270011e+02
1.166769351633683804e+01 -1.144958595120475348e-01 -1.856210939017447572e+02
1.955974202305125331e+01 -4.628381727978127941e-02 6.072029265272927034e+01
1.943601060460599328e+01 2.504385192364523907e-02 -6.091556111668396767e+01
1.796949889904493602e+01 -6.531147722306784864e+00 3.640981863867822454e+01
1.837273312412795789e+01 6.616471322242155395e+00 3.696526820824239223e+01
1.793672848588108693e+01 -6.475592735930940869e+00 -3.646948308206812328e+01
1.880253625055750533e+01 6.709489243141677939e+00 -3.777776211372432158e+01
8.794104339365155454e+00 -2.014201786416096951e+01 8.002600187236087736e-02
2.923766102059557337e+00 -2.180948317517762547e+01 6.284079279483052727e-02
-8.475260844970458507e+00 -1.928885499801495840e+01 -5.341274199975021980e-02
-2.808454980839471204e+00 -2.115083404829803726e+01 9.821943248344602861e-02
8.357085159889541259e+00 1.892164901283305056e+01 -4.479821416858287969e-02
2.666781981505960353e+00 2.029437323647291436e+01 3.400233321887237425e-02
-8.205775170237773253e+00 1.872677337089897165e+01 -2.810829858589334457e-02
-2.798982020313660168e+00 2.072329169120623149e+01 1.835314016023043698e-02
1.006934632181411438e+01 1.867694546417023460e+01 -3.119220691493798014e+01
7.199321052624550354e+00 1.871324550768500572e+01 -8.635787126430098226e+01
6.837009885103691786e+00 2.041348141841194774e+01 -3.253654763465203104e+01
2.081211939131518029e+00 1.403491690201775377e+01 -1.742250959600320641e+02
5.868668372367523034e+00 1.649914059872125094e+01 -1.371499262719620162e+02
2.713740912054370957e-01 2.159964513941126185e+01 -3.310533334614028433e+01
2.294354747774854708e+00 2.013581350409518578e+01 -9.068788825220161698e+01
4.381714382439721334e+00 2.113421158752581519e+01 -3.273963517418489033e+01
5.477647948144594103e+00 2.014326153926810647e+01 -6.164858820445616061e+01
-9.552091086002961973e+00 1.763473398423025529e+01 -2.988143396857211087e+01
-7.068469545101698337e+00 1.856999966409137315e+01 -8.803871277299256803e+01
-6.465535529952549432e+00 1.941382902989952086e+01 -3.078929157684808970e+01
-1.819474130793860667e+00 1.296842759034672810e+01 -1.614802252174107764e+02
-5.470366622696578141e+00 1.553810512686617962e+01 -1.292804038908369364e+02
-1.161069863260225238e-01 1.510054183460512967e+01 -1.512169565060490868e+02
-1.974672175439359523e-01 2.159034350780278544e+01 -3.380100474668238775e+01
-2.388430851247974829e+00 2.019379133579566243e+01 -9.159619449609844821e+01
-4.169414752730903118e+00 2.061689954014634552e+01 -3.199061456252724867e+01
-2.858375036322670718e-02 2.157393130483680821e+01 -6.781165032765653677e+01
-5.344943256036961188e+00 2.000656294449631289e+01 -6.238373094506301442e+01
3.088829170200140251e+00 1.806184957804986624e+01 -1.169822874650888167e+02
-3.189628599339819459e+00 1.777783028631355577e+01 -1.164487258269684560e+02
1.488073990146921766e+00 1.656099739041711061e+01 -1.323832753323973179e+02
5.516054946541293358e-01 2.042409610484117977e+01 -9.816889572356518556e+01
-1.501831657241278872e+00 1.660591307448559562e+01 -1.335435815685471823e+02
-5.741379606218913745e-01 2.041027605178362947e+01 -9.701284856338321561e+01
9.546470003631133849e+00 -1.764624502918730542e+01 -2.983231275567446517e+01
7.089131136376666475e+00 -1.847714216234840023e+01 -8.801588012032974007e+01
6.443451489384434794e+00 -1.934544457824475572e+01 -3.075565061242700793e+01
1.779048582090177355e+00 -1.304385509542014887e+01 -1.615954642499154374e+02
5.494612888436986253e+00 -1.554814983647866988e+01 -1.292914117842085773e+02
-2.132437952507016191e-02 -2.041810996040123882e+01 -3.198180193109954672e+01
2.482533906234745125e+00 -1.970069311510686205e+01 -9.151458963394364332e+01
4.069378413222044522e+00 -2.019994321084760358e+01 -3.189781889763843736e+01
5.270146032469569697e+00 -1.954226114054752017e+01 -6.232378919692780528e+01
-1.008159522610960579e+01 -1.837093943064022028e+01 -3.148328540682531695e+01
-7.101528704944986004e+00 -1.814458051797899074e+01 -8.689304229266959112e+01
-6.319532722681644898e+00 -1.882758837934094487e+01 -2.925403799691473949e+01
-2.008858045810807180e+00 -1.405994707701816537e+01 -1.739462574490896714e+02
-5.774054400192240699e+00 -1.655991828983126624e+01 -1.373658477008559657e+02
1.331473549418852875e-01 -1.512407958106948946e+01 -1.512163312215079429e+02
1.909438675491047233e-01 -2.001416930493566326e+01 -3.115186835290044343e+01
-2.210052453907938030e+00 -1.884003931718630298e+01 -8.519564165806497158e+01
-3.942191892946246945e+00 -1.927081933434040195e+01 -3.017975216765267277e+01
1.090701103347306439e-01 -1.937890521835297619e+01 -5.976120948815820100e+01
-5.015674624448308805e+00 -1.871103501236708766e+01 -5.792056690463754620e+01
3.255295849558661025e+00 -1.761612417450879420e+01 -1.156242568373699271e+02
-3.107810364624649324e+00 -1.784816460277381367e+01 -1.167165554647735632e+02
1.524939218543080122e+00 -1.662820955472263051e+01 -1.335570644767889235e+02
6.832550035285755996e-01 -1.928920570441729510e+01 -9.148674658911727420e+01
-1.473807002927811860e+00 -1.658008873391954907e+01 -1.323829049815288670e+02
-4.903996523354582915e-01 -1.901430299146936420e+01 -9.062878579589862227e+01
1.953142279725789132e-01 8.669221204846822459e+00 -1.887244056668209851e+02
-1.816795321865031371e-02 3.150369796857871219e+00 -2.157519970820928563e+02
-1.950579184626853035e-01 -1.013776658207222248e+01 -2.148030837476046315e+02
9.785977171589722856e-02 -3.644298653709073577e+00 -2.450380486731687881e+02
9.479376493342439147e+00 1.745799694440767524e+01 3.020532461070768449e+01
6.763729893987334485e+00 1.806801760725754846e+01 8.513874324202417654e+01
6.334727608910972307e+00 1.899206459150827797e+01 3.045405665497848346e+01
1.953636301328452785e+00 1.358026358967126868e+01 1.672014757868238917e+02
5.591229529521449138e+00 1.597142712841425372e+01 1.307875834138436346e+02
1.116990872359701764e-01 2.123495533031894666e+01 3.296043647820117428e+01
2.574668104463836205e+00 2.064655675291697534e+01 9.486653190695940907e+01
4.056424305616898707e+00 1.997440322897496756e+01 3.050048750670526587e+01
5.247337878742473372e+00 1.945115262961918745e+01 6.091349770743524772e+01
-9.490237337025446251e+00 1.749953550920874434e+01 3.004303485079541147e+01
-6.805127424170572148e+00 1.818399308965122430e+01 8.693666266058617964e+01
-6.468796244401907813e+00 1.941060170954436970e+01 3.073002848316906466e+01
-1.936401371599379528e+00 1.339370255423694545e+01 1.650532677660660852e+02
-5.413640828026196061e+00 1.566346055835036033e+01 1.287929917413847818e+02
-7.551818810983596322e-03 1.615065415248249536e+01 1.616196086621454810e+02
-2.799351703635166722e-01 2.158748316454528293e+01 3.456457093991537022e+01
-2.509078359552581627e+00 2.035162378225085078e+01 9.269828854611355951e+01
-4.216750044925291263e+00 2.070392993283387995e+01 3.200131842921477698e+01
-1.026248022142478011e-01 2.161547304375452683e+01 6.805944618123992029e+01
-5.306727380104990566e+00 1.989638756076742965e+01 6.229801070154069720e+01
3.356901245005570189e+00 1.867182056421632907e+01 1.216016094532705694e+02
-3.471222460233188922e+00 1.879663478626824968e+01 1.232515336245732840e+02
1.622795035017564835e+00 1.750959140430719430e+01 1.401853191980534064e+02
7.518799083987434129e-01 2.122268861905437376e+01 1.020767033810507769e+02
-1.602056599708684637e+00 1.759244523821752537e+01 1.413356648617018436e+02
-6.546523093446522390e-01 2.096941181215442995e+01 9.888913897623665150e+01
1.064286745544310264e+01 -1.971151813439316314e+01 3.379273901158327220e+01
7.210186694669165952e+00 -1.904671526027067685e+01 9.179461977845545562e+01
7.411457445982726711e+00 -2.162695324675446784e+01 3.416546958855906269e+01
1.878608774769244816e+00 -1.316944653111620944e+01 1.632430784373642325e+02
5.483438376469134568e+00 -1.574204080973296627e+01 1.294660809811386741e+02
3.742811854061378063e-01 -2.271258750528340897e+01 3.469107985431364938e+01
2.611144034927122881e+00 -2.088564001155309313e+01 9.469229674901296789e+01
4.596952821022838975e+00 -2.236559008578539931e+01 3.379591417105706341e+01
5.773866867608617781e+00 -2.125290715313380119e+01 6.669342272082568002e+01
-9.777580984689949517e+00 -1.795316845839845854e+01 2.944810855377604852e+01
-6.660485151112641056e+00 -1.756413117370387766e+01 8.122314391234910147e+01
-6.476251068822155510e+00 -1.956361813649444414e+01 3.072185572756902161e+01
-1.722672321732966694e+00 -1.325708395618319280e+01 1.641467994479202730e+02
-5.293624445383792398e+00 -1.522982276602972540e+01 1.257446610973297538e+02
2.839179324820394548e-02 -1.563281180030790907e+01 1.569427973916915846e+02
-2.351907842431879281e-01 -2.248044276537262931e+01 3.515572891271361300e+01
-2.325566192849330971e+00 -2.011267301558065768e+01 9.173260828686828461e+01
-4.292885447247660302e+00 -2.103574403107347379e+01 3.219350738462856754e+01
1.943880528265863605e-01 -2.185362574801887448e+01 6.802996623269487486e+01
-5.203058555454489920e+00 -1.920691335810869660e+01 5.894867422889658570e+01
3.357562268333653233e+00 -1.846691274487702472e+01 1.200068527621991166e+02
-3.231882778997977823e+00 -1.819385157592870428e+01 1.191753663985089702e+02
1.576185108630499654e+00 -1.727875594819435179e+01 1.392272047817226053e+02
7.490979819759973068e-01 -2.104154043436605903e+01 9.877358804817313853e+01
-1.486664266097301734e+00 -1.694789693806266229e+01 1.361299268338323714e+02
-6.813293661971834281e-01 -2.101139294157731996e+01 1.018692373136801024e+02
-6.528402020743894439e-03 9.993124392721565386e+00 2.124906767561156755e+02
1.560724760236924420e-02 3.279961152558404702e+00 2.269469261979451744e+02
-1.175018443722355976e-01 -9.472509227804918552e+00 2.026290461956322986e+02
-1.047421978892338137e-02 -3.273087655821423247e+00 2.243678753239124433e+02
-1.365802382065852605e+01 -1.636313736399561591e+01 2.022180666425013484e+01
-1.757835428845097425e+01 -1.354860473091878958e+01 5.946353049689845705e+01
-1.270422586390422026e+01 -1.710592112249507579e+01 5.186582273257831588e+01
-2.031708970979357787e+01 -3.406206536735476575e+00 1.160288833415678198e+02
-1.963097961145042092e+01 -9.317797957410205001e+00 9.256388170964120832e+01
-9.788666310677205828e+00 -1.433785216552809771e+01 9.904505984498219107e+01
-1.604893156780068963e+01 -1.280007914792329871e+01 8.615650840528296328e+01
-1.131560816172161132e+01 -1.678138112629892476e+01 8.070581673104787512e+01
-1.476420414905060596e+01 -1.629953339982200688e+01 7.519971735449639993e+01
-1.270730697671692333e+01 1.526743639599925828e+01 1.842389429033064374e+01
-1.524023507687174472e+01 1.170366107606434625e+01 5.258554779038428961e+01
-1.148042969553482529e+01 1.563824579642711932e+01 4.751985540565837596e+01
-1.828691771137297906e+01 3.064688954124174636e+00 1.026795052085631568e+02
-1.750372018328040724e+01 8.316161683942336680e+00 8.434414429340316133e+01
-9.998827683855241233e+00 1.511274195090705952e+01 1.047007934544508743e+02
-1.476255416095931494e+01 1.161056339558450823e+01 8.079602099294349671e+01
-1.048388105479869203e+01 1.591868663809125373e+01 7.619984861314910063e+01
-1.277299359160225301e+01 1.426971670862019081e+01 6.541177574184220589e+01
-3.024686069648905296e+00 1.068969471850478392e+01 1.823657118936422989e+02
-8.137708270541217814e+00 8.090882469387269182e+00 1.737173082626200653e+02
-4.971250102700781603e+00 1.242847991754537951e+01 1.694658793555723264e+02
-3.256068675736863316e+00 8.637595359465114697e+00 2.087646712821547226e+02
-1.668705800672865891e+01 1.862377111263966212e+00 1.305053642957123259e+02
-1.288592120890262471e+01 5.513568633849586398e+00 1.602037699671027440e+02
-1.634006888236904942e+01 5.521720117968838437e+00 1.217097122694465128e+02
-9.358345889843869614e+00 1.342541780995320977e+01 1.281383433185220042e+02
-1.107039479131318238e+01 9.222793314853765523e+00 1.650516503459598709e+02
-6.629865319041254423e+00 1.355787403131953184e+01 1.495787944342755793e+02
-1.086485812167251197e+01 1.286902297010580476e+01 1.222948954667099883e+02
-7.685233227756303798e+00 1.171284040734324527e+01 1.726543923403433780e+02
-3.319459045249149476e+00 1.986836006859139081e+00 2.363409837328720755e+02
-8.921083910701465669e+00 4.487578267012963806e+00 1.898038377393496603e+02
-3.355653126909744710e+00 5.693150717084631829e+00 2.309324262592685670e+02
-5.977073253363840877e+00 6.759090331256029316e+00 1.961745036193937892e+02
-1.437811557324929090e+01 1.183909810780443195e+01 1.015828052699939832e+02
-1.221954810483162746e+01 9.469499702249303041e+00 1.556646248906038181e+02
-1.621688979226942706e+01 8.512229252135806945e+00 1.167512872774518087e+02
-1.220853664642619130e+01 1.203547209255593486e+01 1.070284509807948865e+02
-1.455652275671507390e+01 6.986119664046114508e+00 1.401146764601279244e+02
-1.105694776143941027e+01 1.103850845769950162e+01 1.360559346520462327e+02
-3.048207782789175369e+00 -1.156290440277790132e+01 1.937951675956134352e+02
-9.224963283693924154e+00 -9.047750160245453088e+00 1.926843886015253418e+02
-4.903691657919252656e+00 -1.222442330915373887e+01 1.665961391693040810e+02
-3.227909837677031657e+00 -8.538144168275035639e+00 2.072949313412030108e+02
-1.754787024679752960e+01 -2.126901650874316374e+00 1.379394608595689817e+02
-1.407329118629450626e+01 -5.858681641664641226e+00 1.737189561957473245e+02
-1.822195788613558065e+01 -5.883861000357137883e+00 1.355440511097718002e+02
-1.527053292426409925e+01 -1.235725074809969071e-01 1.495325145276439969e+02
-9.358158248904453913e+00 -1.349794412161656609e+01 1.292365679742750899e+02
-1.090520143079964122e+01 -9.258587975189463748e+00 1.629311369400037961e+02
-6.656572325397795531e+00 -1.337631426248625566e+01 1.486941744231016003e+02
-1.102039123850371816e+01 -1.279117304816605660e+01 1.214004924726472865e+02
-7.365242296144573153e+00 -1.120278192153467600e+01 1.654395661209941579e+02
-3.187775370278602249e+00 -1.995948741175993746e+00 2.281954361831192557e+02
-1.004609557146568122e+01 -5.135049649614801481e+00 2.071906592509993175e+02
-3.225371272317382410e+00 -5.399828370920309872e+00 2.201063879968409083e+02
-6.062309505126044940e+00 1.670775721320453752e-02 2.125032585113026471e+02
-6.351669046249893036e+00 -7.177524043474042159e+00 2.074640147925958047e+02
-1.575796447196100480e+01 -1.266358868069697508e+01 1.101997368461726836e+02
-1.305349433818961558e+01 -1.000933798322996715e+01 1.637073407605793136e+02
-1.750924705070703880e+01 -9.078757746467468692e+00 1.228993887863804702e+02
-1.288679195753495854e+01 -1.263010800188141758e+01 1.115597401639444115e+02
-1.637414729534588531e+01 -7.706230704146507904e+00 1.568427664142842275e+02
-1.157820024669045367e+01 -1.146293672431326804e+01 1.405671798882782184e+02
-1.180795638004850900e+01 3.921181381754509587e+00 1.868784818749144847e+02
-1.128229497667117442e+01 -3.661467576367929411e+00 1.795170941712993340e+02
-1.343870734870021622e+01 1.466785898103468933e+00 1.646696935561895145e+02
-9.291244026867010675e+00 1.593049123866342454e+00 2.024140295535368921e+02
-1.358821213361422053e+01 -1.696256504920949704e+00 1.661737796679086330e+02
-8.573701027106832129e+00 -1.538543865100209462e+00 1.943559468681110900e+02
-1.396195921620216041e+01 -1.677938661604155612e+01 -2.061389758672921957e+01
-1.751133692416011911e+01 -1.368807836991156357e+01 -6.043223415946907551e+01
-1.321389824899425136e+01 -1.784659960527235611e+01 -5.472849737929431768e+01
-1.575115439337707990e+01 -1.369576761039003010e+01 -3.717216382951598480e-02
-1.949083768804349504e+01 -3.277703301686494708e+00 -1.109069303525659507e+02
-1.798571875366494410e+01 -8.745615354382374917e+00 -8.550502516023099986e+01
-1.051011756894669702e+01 -1.526566532433487922e+01 -1.067428113460778860e+02
-1.604253224905010455e+01 -1.277421906522894801e+01 -8.755330659418038408e+01
-1.184785065526098968e+01 -1.756370406850541599e+01 -8.544533980256795758e+01
-1.487697448850614990e+01 -1.658687444224587537e+01 -7.463067363379455799e+01
-1.896978621917712360e+01 -8.986492976850696479e+00 3.792452341130326232e+01
-1.859794857838791415e+01 -8.755979056212883194e+00 -3.688910652488220165e+01
-1.704029248737315783e+01 -1.167832137789780056e+01 1.966472809362979035e+01
-1.710759972371474902e+01 -1.182772034171465414e+01 -2.015219273423995006e+01
-1.277361362731207350e+01 1.528528834186757202e+01 -1.888526850253807154e+01
-1.571478368310067886e+01 1.210379019734460471e+01 -5.376175416138212881e+01
-1.210561048848257215e+01 1.648812922661866764e+01 -5.062120189866408992e+01
-1.506770718197192060e+01 1.286201212632986390e+01 -3.172837473642851902e-02
-1.858080684434884944e+01 3.111482943423914183e+00 -1.039075691885595631e+02
-1.732040894028713396e+01 8.377489986845214176e+00 -8.371848566140255343e+01
-1.020513481798466238e+01 1.514444963090968699e+01 -1.059838146844064113e+02
-1.515391391676004496e+01 1.205656154445047257e+01 -8.316797495825522901e+01
-1.132076114083949214e+01 1.702350766178806651e+01 -8.263085858568069852e+01
-1.365251418067754940e+01 1.528376333011849830e+01 -6.959164963229997625e+01
-1.744618842563366456e+01 7.798730345034781131e+00 3.473833748932973009e+01
-1.764613610828868673e+01 8.008663355154041597e+00 -3.482786679110708405e+01
-1.594786743965806508e+01 1.093010502958036767e+01 1.883674774205898217e+01
-1.624795946623440202e+01 1.116136620121655909e+01 -1.926361487274323991e+01
-2.834690834728760489e+00 1.046758302225532766e+01 -1.790753458437214363e+02
-8.536717377724311717e+00 8.272447702072772913e+00 -1.789239352057625467e+02
-4.753285912342882114e+00 1.200030369989768175e+01 -1.641402329470493555e+02
-3.100811496563991021e+00 8.258934981475226422e+00 -2.011177816483740344e+02
-1.723767463149877699e+01 2.020926568566809411e+00 -1.337224982773287536e+02
-1.291304292990703395e+01 5.358364584021683363e+00 -1.608177429290744840e+02
-1.695873249239487990e+01 5.729676985843966897e+00 -1.271640244679694263e+02
-9.488912267087066255e+00 1.344036570674641773e+01 -1.295502644579364357e+02
-1.080211886201089122e+01 9.252672598804736026e+00 -1.630491420238562910e+02
-6.625764384858090494e+00 1.348685536831020926e+01 -1.496000474782538845e+02
-1.076190445022746012e+01 1.278852176966847409e+01 -1.210653716326392413e+02
-7.166694932142901209e+00 1.095099675660386218e+01 -1.624549881980944974e+02
-2.799242133651253628e+00 1.942573649916671474e+00 -2.126185920252670201e+02
-9.416046511541171782e+00 4.499094412558609868e+00 -1.962796256575252869e+02
-3.266361593560132004e+00 5.367432895889116651e+00 -2.165655237947404430e+02
-6.415431786904131073e+00 7.173012413732578807e+00 -2.054784936797873911e+02
-1.413257719663040568e+01 1.178463220645601339e+01 -9.864879641455519277e+01
-1.174840651192256225e+01 9.266915817767854335e+00 -1.506285747748906942e+02
-1.610881780619928350e+01 8.538477847258247877e+00 -1.156175621534382287e+02
-1.220702738190032655e+01 1.223270922751691714e+01 -1.090375046150095528e+02
-1.478895388207091521e+01 7.123568528764295138e+00 -1.423597040891085896e+02
-1.118359010066309089e+01 1.107663862665671850e+01 -1.375632457849968944e+02
-3.197569023089203988e+00 -1.142842405177126075e+01 -1.930009770452035980e+02
-9.078141204167483380e+00 -8.870154755937559088e+00 -1.908935644785068746e+02
-5.489203536045428322e+00 -1.348687049801770499e+01 -1.822851396549386322e+02
-3.352364469065353347e+00 -8.391959513052576369e+00 -2.080818233065030540e+02
-1.818835762787299970e+01 -2.141733189009873861e+00 -1.435836564882777679e+02
-1.413363359487360782e+01 -5.798494665463343800e+00 -1.739129394137823112e+02
-1.751920167808858508e+01 -5.875303094614663380e+00 -1.296810446601546118e+02
-1.651840759088759825e+01 -2.400710376756742467e-02 -1.611408173299181783e+02
-1.013549437127404040e+01 -1.457920740597226406e+01 -1.391523163455207168e+02
-1.086352043540621359e+01 -9.214378416859668519e+00 -1.625065589947552382e+02
-7.407670993656396696e+00 -1.527026493888961589e+01 -1.671182871361550042e+02
-1.119547884708241803e+01 -1.293447932443031334e+01 -1.218647575025590015e+02
-7.720955656777223730e+00 -1.218964238979045511e+01 -1.769102192306142172e+02
-3.112192139414257763e+00 -1.882162922611770428e+00 -2.238795787059873703e+02
-9.623105545763619872e+00 -4.627773997167078157e+00 -2.003264076649510912e+02
-3.248174012621626527e+00 -5.204628593313032070e+00 -2.181711046672189696e+02
-5.187668869896043589e+00 1.034001747242933172e-01 -1.939059860924103873e+02
-6.384251398861991333e+00 -7.110903568549289844e+00 -2.065006721003853727e+02
-1.477827358727537543e+01 -1.223358537337852958e+01 -1.021673282347307321e+02
-1.247204183262029709e+01 -9.707454330489262873e+00 -1.577234273686088386e+02
-1.683541248515695798e+01 -8.807115082969227515e+00 -1.196952611162753328e+02
-1.265588497434777260e+01 -1.275439712813998661e+01 -1.128943321907780017e+02
-1.505268631678407942e+01 -7.331530654400131297e+00 -1.432932875101265608e+02
-1.146102217851200855e+01 -1.118757360722960748e+01 -1.384636935124707691e+02
-1.101663256073329400e+01 3.378358606531985053e+00 -1.767412544595587747e+02
-1.211345771490607603e+01 -3.731409174680119900e+00 -1.921686657239669387e+02
-1.422825263727674283e+01 1.625528388798110013e+00 -1.741306919745806852e+02
-8.263942228484186359e+00 1.295529950483094384e+00 -1.875944914612171885e+02
-1.532369877330775410e+01 -1.731648227439172461e+00 -1.869013768818271330e+02
-8.122973255622751410e+00 -1.376156666275610396e+00 -1.856176846254465715e+02
-1.991953554296763684e+01 -5.376551722363829416e-02 8.956770083946173600e+01
-1.934406918217574756e+01 -3.257364645523041363e-02 3.139071394166154150e+01
-2.107516633142949658e+01 -3.402568456095025340e+00 8.691650628833328085e+01
-1.980527882364075154e+01 3.073204997523808935e+00 8.225470798977454479e+01
-1.976569895170048241e+01 -5.159451677426041966e-02 -9.180081559748613529e+01
-1.938150275029849112e+01 4.075876270442978233e-02 -3.201025511642362886e+01
-1.990253795351726041e+01 -3.117649349209725695e+00 -8.278900556684078538e+01
-1.912869918541778702e+01 3.038043264452465309e+00 -7.790143374275460530e+01
-1.889391021889893807e+01 -9.404893678908834431e+00 5.604744998959876767e+01
-1.822197336541331936e+01 -3.754685249829700755e+00 1.876702450241091213e+01
-2.126633515518946282e+01 -5.991104683533022168e+00 7.682283276336994504e+01
-1.773362218771545429e+01 -6.759563235618534449e+00 1.830664132010431899e+01
-2.068120914422665635e+01 -3.284766888264775364e+00 5.361507781601351752e+01
-1.725241184611531153e+01 8.619273964542877309e+00 5.231888102552735376e+01
-1.801505266175798781e+01 3.716020014732700272e+00 1.875940142827773016e+01
-1.929504457744869939e+01 5.313413597683623202e+00 6.905406637151622817e+01
-1.726432156161166631e+01 6.509440900481228809e+00 1.826664511406107394e+01
-1.995998446316302832e+01 3.152414313871617413e+00 5.212132775531039641e+01
-1.782439337577882199e+01 -8.958766941681011176e+00 -5.288642525169263564e+01
-1.812986003490081899e+01 -3.739136268331849422e+00 -1.871639984706804327e+01
-1.932629922362606223e+01 -5.423537987727927501e+00 -6.889024757691741740e+01
-1.747322805256575862e+01 -6.672715636973634901e+00 -1.782607953998624239e+01
-1.953136214794004033e+01 -3.116958120159575074e+00 -5.077004606155035304e+01
-1.749684079575864004e+01 -5.277705515634782962e+00 1.340342395827020527e-01
-1.742319879516232106e+01 8.748204908437116956e+00 -5.334155774129635574e+01
-1.828078034647717942e+01 3.754026284918081213e+00 -1.893145325142263502e+01
-1.890492068865719588e+01 5.290068357011811884e+00 -6.867092600452427575e+01
-1.722201591226112782e+01 6.491587168647837025e+00 -1.809026513759017263e+01
-1.928866080076621969e+01 3.134021623121210798e+00 -4.935936584466481492e+01
-1.731042024821102387e+01 5.152848478810491351e+00 2.996532094920587724e-02
1.342798779849969648e+01 -1.631148085903784306e+01 1.925392807550094432e+01
1.560054678176119047e+01 -1.205954935064139910e+01 5.337855094740740469e+01
1.232991431045424946e+01 -1.702303304839020726e+01 5.008689717521999540e+01
1.803512219613171652e+01 -3.102577467902004837e+00 1.025215322538620342e+02
1.754511672298256642e+01 -8.380151951615571804e+00 8.436878260981873723e+01
1.008032174264621972e+01 -1.535224989563275066e+01 1.051766526180104222e+02
1.496904463688572484e+01 -1.184037521745315225e+01 8.167149412950712417e+01
1.096470746094035142e+01 -1.671086538928888388e+01 7.853726324060588126e+01
1.329793497408395275e+01 -1.495165834213186606e+01 6.759840066800803982e+01
1.252042769958245039e+01 1.507804172835837875e+01 1.821463740818273891e+01
1.526851112102018959e+01 1.155883236429912131e+01 5.174585558829565457e+01
1.139914579259969685e+01 1.556576399711198633e+01 4.719721713032060961e+01
1.794692320006170405e+01 2.994149026487535892e+00 1.025230840835283175e+02
1.681141883845257468e+01 8.007394099577480162e+00 8.012872345177378008e+01
1.004210306580469059e+01 1.518877036330436958e+01 1.034718381332112784e+02
1.524279403186483428e+01 1.208013991527000641e+01 8.536459288806969425e+01
1.039409147297850389e+01 1.584546383024437688e+01 7.505164807811546268e+01
1.278354726737610036e+01 1.439169172356292847e+01 6.586190699103219970e+01
2.930118773154729794e+00 1.098667224734660763e+01 1.856245064507952804e+02
8.795265432298075226e+00 8.728401807505616006e+00 1.850715620438933229e+02
4.944240109190539023e+00 1.234914426063122228e+01 1.680556094741740196e+02
3.442525096729024181e+00 8.948599800500565138e+00 2.174548386577942551e+02
1.634821450694700573e+01 1.876973500850817267e+00 1.287204649233765394e+02
1.341527420398912085e+01 5.739791806870738533e+00 1.662970518550221470e+02
1.621047719859594238e+01 5.402376130298942591e+00 1.212711517246003723e+02
9.926497407598036560e+00 1.458966070870098086e+01 1.387773162321919926e+02
1.100669592013089648e+01 9.430128457921659546e+00 1.651304223878600226e+02
6.862118473977207422e+00 1.377996355109345039e+01 1.525219156996469962e+02
1.154476704082187233e+01 1.334420670739812920e+01 1.269627136859223526e+02
7.479341608758342197e+00 1.143150551970983209e+01 1.682425557252444719e+02
3.398170076649524862e+00 1.839620685534903766e+00 2.332790226213226674e+02
9.697994221612335153e+00 5.103092325543006957e+00 2.065207102668917969e+02
3.219807045933809952e+00 5.333512784762336700e+00 2.210938565052822184e+02
6.737285416825533169e+00 7.597509127870290868e+00 2.181735162781849624e+02
1.455091439365123129e+01 1.196483362843834364e+01 1.023745111415593669e+02
1.225427811276020940e+01 9.632342330639291461e+00 1.559474831841205855e+02
1.570605039057745422e+01 8.376205217169726325e+00 1.114824964063070780e+02
1.297252232567423569e+01 1.271257435898750821e+01 1.152104936075019310e+02
1.478849476369937754e+01 7.203870204485682827e+00 1.427120075175540137e+02
1.134400000798973984e+01 1.133042426967421079e+01 1.389130774182271182e+02
2.939661651266877840e+00 -1.046622779940880932e+01 1.787648711073214542e+02
8.095566690960069423e+00 -8.098301243671254923e+00 1.737880322751595656e+02
5.056967506519931099e+00 -1.262023043647966780e+01 1.717324097979403916e+02
3.214756123957592138e+00 -8.355395314594430189e+00 2.036389126243379906e+02
1.651351634974403382e+01 -1.975789392486654528e+00 1.303608945154190053e+02
1.288373602599274470e+01 -5.549122342570767863e+00 1.602486313978932913e+02
1.630359263800824721e+01 -5.551683406528744591e+00 1.217160662505426529e+02
1.521523381807091546e+01 -6.047337789687425719e-02 1.492897593446923565e+02
9.576379490915115866e+00 -1.397054623603736268e+01 1.329245347569287787e+02
1.102101783856911155e+01 -9.292226249729601761e+00 1.651185586441186501e+02
6.861753625399272138e+00 -1.392815046149972780e+01 1.536172261113206332e+02
1.094999719577278086e+01 -1.295142547496673835e+01 1.224686672422404285e+02
7.638354373086038152e+00 -1.174798760420584998e+01 1.727858988260146305e+02
3.072527574447592169e+00 -1.784281487728192728e+00 2.212802018024183610e+02
8.819877780462650918e+00 -4.567350726750208700e+00 1.913167304067864052e+02
3.158796366055106830e+00 -5.273619582989409693e+00 2.171710702262893449e+02
6.849085264444882526e+00 3.916569104000254542e-02 2.308284613606749360e+02
5.942959104310623353e+00 -6.824347851479744875e+00 1.973353074188602818e+02
1.437857494433245620e+01 -1.190191757022429542e+01 1.016181965549456834e+02
1.223244459068046552e+01 -9.487990118422935382e+00 1.557017066083169823e+02
1.620694515234164967e+01 -8.533639389041356438e+00 1.167601936065453572e+02
1.220576365726938661e+01 -1.209666722849380527e+01 1.070915735674188909e+02
1.455636582980923244e+01 -7.014662302302241415e+00 1.401368242405152671e+02
1.109689834325318891e+01 -1.105705008271971579e+01 1.361216050318754185e+02
1.214350157294698107e+01 3.985273991111808467e+00 1.904774649105854110e+02
1.178622157939324389e+01 -4.037484546441085342e+00 1.870663946008106109e+02
1.362803593679827330e+01 1.583448662955207586e+00 1.661547046433632886e+02
1.033109298927028696e+01 1.890230476352386280e+00 2.223948161080267596e+02
1.346984600867502557e+01 -1.652553925800283041e+00 1.647761797577702794e+02
9.870241860433493386e+00 -1.808264855164230189e+00 2.152253118428076561e+02
1.283668194888847047e+01 -1.539645790500821576e+01 -1.879906759388746806e+01
1.571811692565787233e+01 -1.209954154499416390e+01 -5.376334183878553574e+01
1.210727111230267106e+01 -1.648604895152519134e+01 -5.056203228161152907e+01
1.520596719412204223e+01 -1.308195493540409338e+01 1.956513327921489270e-02
1.830244335284313451e+01 -3.059284397546758516e+00 -1.036008964935789436e+02
1.732194103063064006e+01 -8.377390815641525990e+00 -8.374657617160823975e+01
1.021550650755764522e+01 -1.510882799191246306e+01 -1.059877333451234875e+02
1.516561037515442223e+01 -1.205956003567855284e+01 -8.318344994164964135e+01
1.133835603641954570e+01 -1.702199350330085537e+01 -8.261192968198335507e+01
1.366269161318766656e+01 -1.528412544639891735e+01 -6.958843628662133085e+01
1.751966332201854115e+01 -7.884904290952809980e+00 3.476267822455835699e+01
1.764841238489868402e+01 -8.004731677545587232e+00 -3.482438163662062891e+01
1.608868602887325139e+01 -1.106745219447805262e+01 1.886967833728561317e+01
1.626106642350803355e+01 -1.118322877125489612e+01 -1.924641282947720455e+01
1.317729373594730724e+01 1.586810598923610094e+01 -1.923340562046453783e+01
1.730879615550175998e+01 1.337795291969041145e+01 -5.928734866672917292e+01
1.307616481571345446e+01 1.780146678907252422e+01 -5.417395330466423786e+01
1.484652643187781074e+01 1.263681157038262626e+01 -1.708922260408221871e-01
1.847866834101873224e+01 3.134551526325710658e+00 -1.054772373332888264e+02
1.782797656672114783e+01 8.598869984728953142e+00 -8.512270985924813260e+01
1.100890003270089856e+01 1.604128760736499970e+01 -1.121765242310935946e+02
1.636527310973053417e+01 1.327738388978704442e+01 -9.025479875171579636e+01
1.217040641816364221e+01 1.809862672606548628e+01 -8.818129482695405841e+01
1.513321876557779255e+01 1.687741725967680750e+01 -7.656692660164078745e+01
1.809745452784477493e+01 8.134399057340656825e+00 3.598844817686794073e+01
1.853738098251806932e+01 8.553014098148953082e+00 -3.618615338601723153e+01
1.598881586589669190e+01 1.089598983085834760e+01 1.840449615319507970e+01
1.651912498149971142e+01 1.125086305639928241e+01 -1.930759998238096742e+01
3.025368074868570734e+00 1.092925320786586596e+01 -1.856599216766581719e+02
8.296157499647080158e+00 8.305129547357806175e+00 -1.778651543245530036e+02
5.269416201680266809e+00 1.286972002711105034e+01 -1.755708263780320806e+02
2.982527070056566476e+00 7.802336046468877129e+00 -1.910659154098947852e+02
1.671268460486509611e+01 2.040705511019381024e+00 -1.314066604153036337e+02
1.272153374029074158e+01 5.517981627413079515e+00 -1.590560900850364590e+02
1.650694067209195737e+01 5.577372714184201108e+00 -1.237525610462973447e+02
1.014455192287300100e+01 1.464784729092190751e+01 -1.397136212979080199e+02
1.149147384852399156e+01 9.712829656945624279e+00 -1.718435273657440803e+02
7.206429311350587952e+00 1.468129334253064222e+01 -1.614299696482082140e+02
1.130488355138810164e+01 1.343304110375746241e+01 -1.250740645700301741e+02
7.590294665486144510e+00 1.165923736911251218e+01 -1.719335275274861203e+02
2.906164998548757872e+00 1.817348810324117991e+00 -2.138120559920926382e+02
8.903257145950187024e+00 4.628196488175359669e+00 -1.924156210006546246e+02
2.853747402612023532e+00 4.898135204032262990e+00 -2.040316142011122054e+02
5.477064257287950433e+00 6.497996927685404600e+00 -1.886286133331836083e+02
1.495490498828065640e+01 1.238934117858485529e+01 -1.042704779139104261e+02
1.221542577972338961e+01 9.683521281683914239e+00 -1.565216114857894922e+02
1.603930360380902087e+01 8.505803317803524166e+00 -1.132644708917267309e+02
1.291876197474724997e+01 1.291238454779562339e+01 -1.145313646444367492e+02
1.443572551472610321e+01 7.019952540821499554e+00 -1.388539466390361383e+02
1.189098780611653794e+01 1.167385868429930618e+01 -1.448244345200164389e+02
2.882810468637108769e+00 -1.109240955966262909e+01 -1.869446146242918871e+02
9.005726816760926567e+00 -8.604493024361257625e+00 -1.857856940075641887e+02
4.761863301368860490e+00 -1.211942900549053270e+01 -1.644199182959044379e+02
3.475341953761579283e+00 -9.202752114300873032e+00 -2.225810971675377061e+02
1.741964178304341004e+01 -2.013932935900774268e+00 -1.372972507518341558e+02
1.400563352913732373e+01 -5.736922579692840252e+00 -1.716676639111011866e+02
1.699487055020889059e+01 -5.746293133736218195e+00 -1.272732477050493856e+02
1.571175535084553943e+01 9.823252518736176608e-02 -1.537479343543554648e+02
9.521594565536904753e+00 -1.344922822393904838e+01 -1.295772572104335723e+02
1.077459994645150232e+01 -9.434508166425302989e+00 -1.633176344141261325e+02
6.651949589262530438e+00 -1.352529653563536094e+01 -1.496638497658638300e+02
1.078774828772849048e+01 -1.279152272760623887e+01 -1.210912386087350683e+02
7.247159936216354126e+00 -1.104006780850068914e+01 -1.627428316423006720e+02
3.352196132166161302e+00 -1.881353836076531172e+00 -2.317919682407120661e+02
1.004382134059991927e+01 -4.838775375514439148e+00 -2.082009853626900338e+02
3.617618125756892233e+00 -5.933924998030344788e+00 -2.398202182009048897e+02
5.995994414342502132e+00 1.307113310165992359e-01 -2.102261094060249036e+02
7.136963451417109638e+00 -7.898419069019383620e+00 -2.254251937615887300e+02
1.414844882058553566e+01 -1.179013425139178040e+01 -9.867958216551376438e+01
1.186630213811044499e+01 -9.354787600664284497e+00 -1.509326892325822485e+02
1.614164269368966842e+01 -8.541356425800731955e+00 -1.156933688039222119e+02
1.222953667530412858e+01 -1.223746168924833100e+01 -1.090654847993314860e+02
1.488773637955735474e+01 -7.231650812480619805e+00 -1.425875259693696933e+02
1.123003755006716453e+01 -1.109465871466045606e+01 -1.376302170869203394e+02
1.139095960629895288e+01 3.883400233456633543e+00 -1.831559043512598066e+02
1.236707971439595966e+01 -3.784365967258913166e+00 -1.931071606547230886e+02
1.347493755217571376e+01 1.576946597351641444e+00 -1.657079485116798594e+02
9.130604651126549953e+00 1.674759180537670478e+00 -2.022370305257883274e+02
1.477358574684993897e+01 -1.638992736327107291e+00 -1.793555617943737559e+02
8.895730483773123254e+00 -1.600972311427247607e+00 -1.990955533218879623e+02
1.872067533057808220e+01 -1.129768248943986558e-01 8.630507320581605768e+01
1.894340090435756352e+01 5.806091897821803044e-02 3.079363257232675366e+01
1.949358554828115331e+01 -3.091249550758919717e+00 8.217408115104620947e+01
1.864960703591726698e+01 2.918374217515666835e+00 7.740919255740533345e+01
1.886821768692820456e+01 8.038553370554974223e-03 -8.738065049847929799e+01
1.952817300171170345e+01 6.148882527144126225e-02 -3.153151183255976875e+01
1.888246532231943320e+01 -2.985315440963235201e+00 -7.780474529929060168e+01
1.895111474991741218e+01 3.007976622861069593e+00 -7.884238543783521891e+01
1.732112970674981867e+01 -8.642676384226449571e+00 5.233569075330969156e+01
1.802658970570628583e+01 -3.711334788018637365e+00 1.877017529465644685e+01
1.924580504252562108e+01 -5.329149903797135934e+00 6.905607295788753675e+01
1.726352272721688763e+01 -6.523764285490185166e+00 1.826313403815316860e+01
1.968515912546313018e+01 -3.168435297001996442e+00 5.208928296550712389e+01
1.763429160552944808e+01 8.880845572659611165e+00 5.505726383124569168e+01
1.860549566543670608e+01 3.819411592784730747e+00 1.875703009968548685e+01
1.844735414838060805e+01 5.233320100865087809e+00 6.672196689543676484e+01
1.830051302173009375e+01 6.844687660624199310e+00 1.936007719038139641e+01
1.892200280833782244e+01 3.120553876226878298e+00 4.818260805722664486e+01
1.742008050711236322e+01 -8.739533281658820485e+00 -5.335123911927466622e+01
1.839062798494169471e+01 -3.716056779031474022e+00 -1.891908652725254925e+01
1.885138697382427608e+01 -5.277828585810866002e+00 -6.868144631496018349e+01
1.722061649407532968e+01 -6.486950129514689856e+00 -1.808877951726871558e+01
1.917479066605800853e+01 -3.088768054916462003e+00 -4.932395565882951161e+01
1.731592314268803534e+01 -5.151106942011547396e+00 3.495443501920666302e-02
1.803654962593277489e+01 9.014857585414054242e+00 -5.431338053723523984e+01
1.929772492253504268e+01 3.919049622129314514e+00 -2.000978282874720549e+01
1.887557757125001956e+01 5.314832437120852404e+00 -6.755318442048375971e+01
1.829530515600638907e+01 6.915373530994015638e+00 -1.880010474436554091e+01
1.940527518548081787e+01 3.204895433678855099e+00 -5.018720164106250792e+01
1.861924288012757600e+01 5.499576907557063521e+00 -2.201715373749577043e-02
