1.463335156992576103e+01 -2.403930374097218703e+01 -2.502153159810494715e-02
-1.444137292484896484e+01 -2.420676313292199922e+01 8.282912269204542252e-03
1.459101899307169070e+01 2.395000086414145102e+01 -1.351866485539002793e-01
-1.457333659384151225e+01 2.397516438609610745e+01 -4.359599103630303757e-02
-2.902929196182712709e-02 1.521801201064747566e+01 -2.297990706180120242e+02
1.471318448742033880e-01 -1.520511653897790794e+01 -2.295130583632208356e+02
2.234721112719335601e-01 1.534418908445957364e+01 2.295637201355216632e+02
2.430956351161671011e-02 -1.540415351970615454e+01 2.296575409876566596e+02
-2.423327612255611285e+01 -1.760369782190022991e-01 1.418154586633748977e+02
-2.396066788135173908e+01 5.770079631584479340e-02 -1.419935819964309758e+02
2.390088273758947679e+01 -1.735217643004263732e-02 1.418659384990084789e+02
2.390334008673692168e+01 -1.404884232549756529e-01 -1.418052821876236749e+02
-8.502934610664186765e-02 -2.795958399285541418e+01 1.917787673928889741e-02
-1.451455623142635654e-01 2.816379815254614982e+01 -7.571253499398229725e-02
8.842804087559123616e+00 2.258546835444017731e+01 -1.349237113811655036e+02
-8.819949406157219229e+00 2.277770051942190221e+01 -1.350827830233057512e+02
8.662930562387963107e+00 -2.280881298452744232e+01 -1.348756203817032429e+02
-8.823158023619644297e+00 -2.279297387496102800e+01 -1.349473304156923916e+02
-1.233637878817848837e-01 -1.365440381143620020e-03 -2.699604429853457646e+02
8.638225465886508303e+00 2.278614971633349739e+01 1.349680051213701972e+02
-8.826172069749596005e+00 2.267434393169757811e+01 1.348960352877065532e+02
8.861770629885180384e+00 -2.257072312414198123e+01 1.348718921571799569e+02
-8.751644950478048912e+00 -2.256347174232667996e+01 1.350796780807025925e+02
6.520429961124094009e-02 -9.752948062073675539e-02 2.699092134218912520e+02
-2.288898772453247688e+01 -1.402233742582387954e+01 8.325014475677218684e+01
-2.284481505573605986e+01 1.404089109573768113e+01 8.347005112663372017e+01
-1.434886834333282835e+01 9.004298738023468474e+00 2.183274006137629613e+02
-1.426922817177979574e+01 -9.003538374431583335e+00 2.184246189396520776e+02
-2.280974759837925703e+01 -1.414364557617909846e+01 -8.345076562423888333e+01
-2.288114372287282805e+01 1.402758797062964291e+01 -8.338842025179981476e+01
-1.413995594926869970e+01 9.148451621046000071e+00 -2.182954040109858056e+02
-1.435341100756193633e+01 -8.849936094075678383e+00 -2.182304295851579070e+02
-2.809001098982471945e+01 -1.239423568988125418e-01 -6.063876517096486451e-02
2.267767726965863417e+01 -1.394224525320447228e+01 8.341799201435638622e+01
2.299130536629102295e+01 1.417886708412125252e+01 8.332096193326434275e+01
1.416247437436600265e+01 8.913881865438666452e+00 2.183975250552032890e+02
1.416747493432590232e+01 -8.874301277952200806e+00 2.183501738900221767e+02
2.282492780716544090e+01 -1.407910184798471853e+01 -8.336023245096080814e+01
2.297907524696560344e+01 1.408622811475251346e+01 -8.341089953689690617e+01
1.426335813080316406e+01 9.003069213978038832e+00 -2.182453259763240396e+02
1.415784742637463545e+01 -8.923119748466737278e+00 -2.184528794428188974e+02
2.806028953362516276e+01 2.674849282232029390e-03 -9.371770149914647506e-04
