1.470482883800259515e+02 -2.377360223863842634e+02 1.672818365887910642e-03
-1.470169456100011871e+02 -2.377128167379615604e+02 5.688142761408815969e-04
1.470615371620002065e+02 2.377392656067426628e+02 -2.174197528469926782e-03
-1.470767093603888327e+02 2.377996873102162851e+02 8.986293026780753845e-04
3.107217240005102389e-03 1.474037666260337858e+02 -2.589583660127641451e+01
1.472365009108128533e-03 -1.474037063634424385e+02 -2.588315271292212927e+01
4.073502408508147235e-04 1.473718886915716553e+02 2.588376061290212959e+01
4.171107760713411820e-03 -1.474047192532299846e+02 2.588920122590343098e+01
-2.375635077873944567e+02 6.473839287226539063e-02 1.595466964808908017e+01
-2.375362568472228020e+02 -1.244146149676991255e-02 -1.595359967837148574e+01
2.376586161730898823e+02 -1.777777295728522750e-02 1.597117104953430378e+01
2.376270041798638033e+02 7.424454900298862840e-03 -1.596551931225975984e+01
1.249004468851717953e-02 -2.791100566656341471e+02 -1.023243511552528027e-04
-1.107832649474354142e-01 2.792713143138070109e+02 -1.517001443672601072e-03
8.619873124618942484e+01 2.258446860466378894e+02 -1.514268579657525393e+01
-8.629337610155197069e+01 2.259293169626273539e+02 -1.515874747064533068e+01
8.629832046364502673e+01 -2.259473144762128527e+02 -1.516186922020672867e+01
-8.621840657596433743e+01 -2.259004914377091211e+02 -1.515055743453640247e+01
-1.922964471200364414e-03 1.893117103641290795e-03 -3.002577030991029261e+01
8.628030369057113091e+01 2.258819860185135155e+02 1.515227955632128953e+01
-8.624079649536250258e+01 2.258879308978432050e+02 1.514955142409270117e+01
8.622421831708611251e+01 -2.258455891427374809e+02 1.514653432708135483e+01
-8.628807095240762237e+01 -2.259620425620062463e+02 1.515931726898165799e+01
-3.507421934219692207e-03 -3.904342608550779529e-03 3.000588824522603204e+01
-2.254790510458773554e+02 -1.394740282868868917e+02 9.364878303079768429e+00
-2.256908141648729895e+02 1.396026108355807196e+02 9.383689576134193189e+00
-1.399634050383055524e+02 8.634243740227277897e+01 2.464511642386775492e+01
-1.399015887179946560e+02 -8.630146957956218046e+01 2.463447047180402549e+01
-2.255993877253134201e+02 -1.395073078445425949e+02 -9.375981029003801481e+00
-2.256538090690589229e+02 1.395769223194456288e+02 -9.378830621449276705e+00
-1.399275548310734223e+02 8.632101644419601882e+01 -2.464287926275824958e+01
-1.399082500626005299e+02 -8.631466586935313501e+01 -2.462169205702263497e+01
-2.797237947653299557e+02 4.034179319547512993e-02 8.620359226362440258e-04
2.256757376846085208e+02 -1.395434890562872567e+02 9.382009947252225146e+00
2.256903405855237565e+02 1.396053877974393629e+02 9.382773307104613991e+00
1.399239029287411995e+02 8.631455793252523279e+01 2.463839017415643795e+01
1.399597556030520309e+02 -8.634129328638837819e+01 2.464248294960224328e+01
2.256463360252170958e+02 -1.395842760427942153e+02 -9.379155118229101973e+00
2.256060252984962631e+02 1.394963497555976915e+02 -9.376602834562971722e+00
1.399536306460813933e+02 8.633486339058991632e+01 -2.463982037108836565e+01
1.399048611924531826e+02 -8.630003348777634642e+01 -2.463214728984626234e+01
2.797038279934681668e+02 -1.896444534982445751e-02 8.310974421717760971e-05
7.639826507228551122e+01 -2.686339404622605684e+02 -5.592410779654100744e-03
-7.638605031261489842e+01 -2.686780523967880185e+02 6.584867384719704335e-03
7.638825153623615449e+01 2.687815515105713757e+02 5.590619204520063876e-03
-7.646778636644465621e+01 2.687263242986187493e+02 -6.089674017903543013e-03
1.211439348665650897e+02 2.408680049070450195e+02 -7.875899247901996247e+00
4.497065826315076720e+01 1.939303380663363896e+02 -2.133246341084959852e+01
4.514478650100591040e+01 2.650230319418329259e+02 -7.978463662651328114e+00
-1.211790452153610715e+02 2.408639540034021707e+02 -7.906896224110434801e+00
-4.501947435976610734e+01 1.940417678415803096e+02 -2.133215631845193627e+01
-4.518920649941689760e+01 2.649445349683736026e+02 -7.998571126328331893e+00
4.738069845889004983e-02 2.384763656698149248e+02 -1.590693691550188760e+01
1.211789095605369084e+02 -2.409046637162258833e+02 -7.908354741664981979e+00
4.502053724457100969e+01 -1.940418797114006679e+02 -2.133092547244170234e+01
4.519457578359619276e+01 -2.650409661510307160e+02 -8.008088617845242396e+00
-1.211607409324897446e+02 -2.409430316599043636e+02 -7.880538243731465720e+00
-4.496297757840722653e+01 -1.939185293473878176e+02 -2.133065075124992660e+01
-4.516663031503557590e+01 -2.651662936169977343e+02 -7.991645418947117996e+00
-5.245249375577290540e-02 -2.385013730133530032e+02 -1.590975418377610673e+01
-5.677613445325423863e-03 7.562170148924545288e+01 -2.893875315470975096e+01
-6.297902290952157520e-03 -7.560466092218109679e+01 -2.888998248327768792e+01
1.211928523867327812e+02 2.408840704487400615e+02 7.912861479553706445e+00
4.501691559581765034e+01 1.940293730670167065e+02 2.132629699215258512e+01
4.518464572830039572e+01 2.649751246817080528e+02 8.001302499504056698e+00
-1.212203685378978264e+02 2.409894748150424562e+02 7.886133862211816670e+00
-4.498266705494321371e+01 1.939437438338621007e+02 2.133777428874525128e+01
-4.517588204160428234e+01 2.650279914093509319e+02 7.978943150301081033e+00
-6.975802683531046045e-02 2.384120004162543864e+02 1.589870076015521327e+01
1.211732994115945132e+02 -2.408387166873427248e+02 7.872210651905112933e+00
4.498343643883784893e+01 -1.939574250955338641e+02 2.134106912345635010e+01
4.517761275618076411e+01 -2.649778952349129781e+02 7.975491283711062529e+00
-1.211683378465909442e+02 -2.408818155378297377e+02 7.908741392274985849e+00
-4.502396122195446537e+01 -1.940669968211740866e+02 2.133495540285053949e+01
-4.516536046617701317e+01 -2.649341062144153511e+02 8.002813341814723813e+00
6.583554006685260473e-02 -2.384506671693188196e+02 1.590241076255397168e+01
2.459736211446306338e-03 7.559732388023299166e+01 2.888959572937991283e+01
-7.974272335941860398e-03 -7.560518450728245909e+01 2.891222360322507257e+01
-1.937914558084102907e+02 -1.960315271251728007e+02 4.863438383806446552e+00
-2.404649292761614561e+02 -7.247114355068762848e+01 1.316432501856897552e+01
-1.632140724343818476e+02 -1.911133571439652883e+02 1.290991553131677705e+01
-1.939707305304718545e+02 1.961419866858780381e+02 4.898667804912514967e+00
-2.406812609258402631e+02 7.267112537038647702e+01 1.315293415790933729e+01
-1.631952997065985187e+02 1.910852988394075282e+02 1.293937715020710399e+01
-7.265085561620992394e+01 1.213612337656723952e+02 2.624387715456990122e+01
-1.962609077195679674e+02 4.495513102649105264e+01 2.107871813241591141e+01
-1.204316501976591951e+02 1.646109567652169403e+02 2.089978539589318984e+01
-7.460640790470603179e+01 4.189003411307328406e+01 2.860796673680093960e+01
-1.912815856866131696e+02 1.195613315108286940e+02 1.783607456127124280e+01
-7.263976295384671289e+01 -1.213331020032920406e+02 2.623421214302237914e+01
-1.960828168704134953e+02 -4.492231764017188311e+01 2.109100742746253587e+01
-1.204749683440556254e+02 -1.646653565377934854e+02 2.088258583439415617e+01
-7.458724743303625360e+01 -4.188411450035705030e+01 2.860619791572365145e+01
-1.911114815761330306e+02 -1.194913984432744627e+02 1.782908660317630023e+01
-1.434671121295334331e+02 -4.171917583666049333e-03 2.591185688310847013e+01
-1.938531528839399698e+02 -1.959706365355191338e+02 -4.891366509888392500e+00
-2.406573854238368995e+02 -7.262463850908333995e+01 -1.315010078409783212e+01
-1.631213096748939222e+02 -1.910184083093765253e+02 -1.292844602848368574e+01
-2.378262304262255498e+02 -1.468517883996920546e+02 -9.157055038197591890e-04
-1.939081998672253633e+02 1.961569551293673328e+02 -4.870296023600155344e+00
-2.406028670159179512e+02 7.254903467371595127e+01 -1.317964815053547412e+01
-1.632686422661026313e+02 1.910947253341280998e+02 -1.291247136885384705e+01
-2.378943297040056279e+02 1.469186905170432169e+02 4.024212260281873413e-03
-7.263856002042551552e+01 1.213476125000563002e+02 -2.624819048554261158e+01
-1.960937194177455183e+02 4.493816198948093898e+01 -2.109079467105222250e+01
-1.204860382179288365e+02 1.646735643144412222e+02 -2.088977116376639032e+01
-7.460934592103360785e+01 4.189517803736190871e+01 -2.863063625328094730e+01
-1.912475755535190842e+02 1.195474318780148479e+02 -1.784970674017613490e+01
-7.262810991306885455e+01 -1.213273760772764120e+02 -2.622441227201589342e+01
-1.961527469118970828e+02 -4.492665892219356749e+01 -2.105372729440036395e+01
-1.203988685129097007e+02 -1.645906484837275343e+02 -2.088928266718847837e+01
-7.460642368126472945e+01 -4.189100918903245940e+01 -2.862869642972227879e+01
-1.912180260555916789e+02 -1.195256564986036523e+02 -1.782534450597869125e+01
-1.434627663474260828e+02 4.921888203694928243e-03 -2.591069184425064265e+01
-2.686046495444556967e+02 5.416076250772769440e-02 8.277746054019596400e+00
-2.686223909780468944e+02 5.294866101886755612e-03 -8.277605974773974751e+00
-2.657973276444640760e+02 -7.341061412778248041e+01 4.923756763438349005e+00
-2.658672141939890707e+02 7.347599584342006551e+01 4.912552644283109338e+00
-2.658902783484429619e+02 -7.342724106083916524e+01 -4.910098601404965457e+00
-2.658941116620314347e+02 7.349090513285689497e+01 -4.927479032379641133e+00
1.939444741133188757e+02 -1.960391626732737507e+02 4.894051724686460325e+00
2.407013598454448129e+02 -7.262546346627830474e+01 1.315981164016110938e+01
1.631831620348413310e+02 -1.910411318750985288e+02 1.293676664327594317e+01
1.939539153449225637e+02 1.961862637108886531e+02 4.877107811989392694e+00
2.406869292518845782e+02 7.256486961003980696e+01 1.318909988458391247e+01
1.632743264385628095e+02 1.910942303566309874e+02 1.291277942082641950e+01
7.263562818050046133e+01 1.213386076204587738e+02 2.623403858312592618e+01
1.961547263812508959e+02 4.493719679453263893e+01 2.110477045165815468e+01
1.204561738324789815e+02 1.646175760659742480e+02 2.087922259061028996e+01
7.456028623697621072e+01 4.188367679973881508e+01 2.858261512856395115e+01
1.912252775630184374e+02 1.195030382818901415e+02 1.784309189341499291e+01
7.265001089229924958e+01 -1.213594502751556661e+02 2.624219624014306262e+01
1.962682645109579482e+02 -4.495446633221396837e+01 2.108238399788077189e+01
1.204190125504339051e+02 -1.645929981118433432e+02 2.089707424093558430e+01
7.458634904998604043e+01 -4.190417193990744948e+01 2.860823374399877750e+01
1.912918450400117649e+02 -1.195535523700772416e+02 1.783704801036256882e+01
1.434522868333763199e+02 1.376716650071716343e-03 2.590112731736813600e+01
1.939072902306562582e+02 -1.961609806136274017e+02 -4.869514978638319391e+00
2.406121663193943903e+02 -7.255201393291710588e+01 -1.318229560311793414e+01
1.632652041020575950e+02 -1.911060227088193244e+02 -1.291451876039306335e+01
2.378871826902971236e+02 -1.468919875953172607e+02 4.598284118162013386e-03
1.938784030892149701e+02 1.959882512584421761e+02 -4.895472334344985299e+00
2.407039626737675917e+02 7.263089378783017480e+01 -1.315749866856338457e+01
1.630848702172719413e+02 1.909570826483020483e+02 -1.292028842741722983e+01
2.378518329315740232e+02 1.468279699665899898e+02 -2.260343998855121606e-03
7.264816897359743564e+01 1.213501047784057079e+02 -2.624650933553414234e+01
1.962554044485813449e+02 4.495322638896554679e+01 -2.107800396198469528e+01
1.204029164360450181e+02 1.645718151837662333e+02 -2.088547162907493515e+01
7.461321001139810960e+01 4.190166225313539883e+01 -2.863611239148294629e+01
1.912525547340248977e+02 1.195301636249278374e+02 -1.782810176586266238e+01
7.262821804745657062e+01 -1.213150690947504273e+02 -2.622562947766351016e+01
1.960857400415260372e+02 -4.492940629590873414e+01 -2.109263494646807047e+01
1.204881097963916261e+02 -1.646705295319412699e+02 -2.088943011173355657e+01
7.460619408400116015e+01 -4.186551143222511229e+01 -2.858744192802226181e+01
1.912528310502770807e+02 -1.195462444468064973e+02 -1.785073794115272605e+01
1.434575867547253551e+02 -1.032117919522972885e-03 -2.590821917826351140e+01
2.686935732963245869e+02 2.807639880188834373e-03 8.282077035060938286e+00
2.686800240536736624e+02 -1.078555693408901617e-02 -8.279640631815935237e+00
2.658765413404971127e+02 -7.344645232116366174e+01 4.909084672131542426e+00
2.658553448629342029e+02 7.345270937244752929e+01 4.924905126130712851e+00
2.658840762211341939e+02 -7.349187330286970621e+01 -4.924895804480375006e+00
2.658091286992782898e+02 7.340304637257122522e+01 -4.907080958335166443e+00
1.127803853363424196e+02 -2.556147375595815845e+02 -4.683890324257555283e-03
3.857144998522859680e+01 -2.765772560040718986e+02 -3.362749215947529770e-03
-1.127564706453485286e+02 -2.556316405295628726e+02 6.188065937609511270e-03
-3.855650810568160836e+01 -2.765881463349942919e+02 3.258797603358403079e-03
1.127976062242634612e+02 2.556741571107502295e+02 4.773964464002147801e-03
3.846648184408365267e+01 2.768264948638384340e+02 2.278187164543732466e-03
-1.128347312643561509e+02 2.557112857923133333e+02 -5.493386437670923217e-03
-3.867613015939019050e+01 2.767107503705240106e+02 -4.488978634352215960e-03
1.354219354402650879e+02 2.415683410179229327e+02 -3.970543517148884760e+00
1.046308070058865241e+02 2.356675196158521430e+02 -1.161936758221822252e+01
1.000831007766697951e+02 2.580609215276780901e+02 -3.989124294167031959e+00
2.277380167629358354e+01 1.724159849535418232e+02 -2.386290746599126322e+01
6.623654302624743195e+01 2.118787656971900617e+02 -1.841623107237132473e+01
2.289190726169947609e+01 2.755812801720451830e+02 -4.046771359535052071e+00
6.615879461857866772e+01 2.481836012762287282e+02 -1.169654264549168232e+01
6.148836021638093996e+01 2.698538141151329910e+02 -4.028243401251284439e+00
8.410824464997379835e+01 2.558577007387651179e+02 -8.005730417273106525e+00
-1.354492037424954276e+02 2.416464494647285903e+02 -4.001364233145122462e+00
-1.046497976678884356e+02 2.355858911959185491e+02 -1.164592131456059576e+01
-1.001371334318739486e+02 2.580968876997632151e+02 -4.012885063884358949e+00
-2.278299262763911415e+01 1.724613653984501696e+02 -2.386839632944987599e+01
-6.630670967968046625e+01 2.120608749119605818e+02 -1.840768118157591360e+01
-1.296162211115697675e-02 1.970114785252520164e+02 -2.161639135992081151e+01
-2.300571271751086755e+01 2.755064584610092311e+02 -4.052749352487393431e+00
-6.616675521413073113e+01 2.480360481246291897e+02 -1.172971757920424629e+01
-6.157702213098774280e+01 2.698174380951129478e+02 -4.040621905001227532e+00
-2.675526519449986443e-02 2.682374597320515477e+02 -8.094599615098330148e+00
-8.413521508917457936e+01 2.558014914903886847e+02 -8.025867518090045394e+00
4.375622196331198666e+01 2.355248120686438540e+02 -1.571082958686639941e+01
-4.369539149292814528e+01 2.355256512200486441e+02 -1.571812939159867106e+01
2.250922483837036481e+01 2.178506383652182876e+02 -1.883096558454810321e+01
2.282286854591527003e+01 2.543249764423873103e+02 -1.209777190832934934e+01
-2.250298558357723167e+01 2.178338609896725018e+02 -1.882343063307586561e+01
-2.280366663309376207e+01 2.543015150901496213e+02 -1.211120657114787491e+01
1.354550466653725209e+02 -2.416676992957054892e+02 -4.000414112950564594e+00
1.046475839857083088e+02 -2.356140197007566428e+02 -1.164884776337627592e+01
1.001319786798802625e+02 -2.581371135475981191e+02 -4.012940807781552266e+00
2.278741568609413548e+01 -1.724550859846681590e+02 -2.386454817458074018e+01
6.631113593009852991e+01 -2.120604826152776354e+02 -1.840821744106027680e+01
2.297281209126145285e+01 -2.755731320834622124e+02 -4.060314288213888290e+00
6.616659540926110594e+01 -2.480714788201546810e+02 -1.173491040316462097e+01
6.154349959803241177e+01 -2.698510214301426799e+02 -4.043621037044612621e+00
8.412975912144462143e+01 -2.558548601099571727e+02 -8.030280715017028115e+00
-1.354006430867593167e+02 -2.416394092811435996e+02 -3.968003734036826380e+00
-1.046450591213049535e+02 -2.357140456234799046e+02 -1.162676990490595941e+01
-1.001086074742175072e+02 -2.582379291203551475e+02 -3.993632306479807603e+00
-2.277024355172770242e+01 -1.724152252286161513e+02 -2.385933486683671845e+01
-6.623658184488525080e+01 -2.118816683153906695e+02 -1.841725133959824490e+01
1.252550961478297170e-02 -1.970089810788669524e+02 -2.161465970725707209e+01
-2.294082198338399792e+01 -2.756378081559318503e+02 -4.056214689864734879e+00
-6.617661582942056953e+01 -2.482850067233850098e+02 -1.170871629009222481e+01
-6.150588088528372310e+01 -2.699722597799140544e+02 -4.036259087991775019e+00
1.900025370969867997e-02 -2.684177451253868867e+02 -8.109670181591880578e+00
-8.414383368140144626e+01 -2.559811534357551750e+02 -8.014868688576518352e+00
4.369878927050357476e+01 -2.355444610580189249e+02 -1.572089950825599836e+01
-4.376794253865278961e+01 -2.355517306731819644e+02 -1.571463269997486556e+01
2.250575116212727522e+01 -2.178339497938457896e+02 -1.882392442611417493e+01
2.281107887458411554e+01 -2.543900935538268868e+02 -1.212042396134642530e+01
-2.250824540513571037e+01 -2.178493165046368460e+02 -1.883130925857727078e+01
-2.282604637771060752e+01 -2.544413582159563987e+02 -1.211010911823639269e+01
-6.286700336607982907e-03 1.122293171321810092e+02 -2.773372682317366866e+01
5.824933868135440942e-04 3.814059229168634602e+01 -2.978237376654284319e+01
8.602275824408929517e-03 -1.121623313196396765e+02 -2.768408692639762236e+01
-2.050584752538682845e-02 -3.808553906882330153e+01 -2.972213260226205023e+01
1.354380370816536470e+02 2.416046553026700394e+02 4.005796378277021397e+00
1.046583982465014344e+02 2.355968665485206941e+02 1.164805722583364478e+01
1.001387291450707409e+02 2.581430430114843944e+02 4.015529063999794701e+00
2.278313067307355055e+01 1.724496261985133287e+02 2.386526833158663408e+01
6.629293450786738617e+01 2.120109875644666886e+02 1.839579636915077998e+01
2.292339702091631182e+01 2.755495068497500597e+02 4.051128750502201115e+00
6.615523233984499996e+01 2.480166912056031663e+02 1.173035894698918824e+01
6.153197561712605079e+01 2.698901309346642279e+02 4.039577341708563196e+00
8.415113050519887850e+01 2.558676191961699260e+02 8.030832130728521534e+00
-1.354634632625232769e+02 2.416959527345782988e+02 3.976154605942719300e+00
-1.046708785959986159e+02 2.357223684745067658e+02 1.162374611927229040e+01
-1.001329256316464722e+02 2.581520320484054309e+02 3.995073418115713260e+00
-2.277871322687872890e+01 1.724287992811585184e+02 2.386638598255881050e+01
-6.627449334068039377e+01 2.119468704177575944e+02 1.842657636751088290e+01
6.340184035699439509e-03 1.969311196334315355e+02 2.160572513103651815e+01
-2.297911844684429283e+01 2.755350170376323717e+02 4.046321667392410504e+00
-6.617079037528934293e+01 2.481630818795020161e+02 1.169411719884850420e+01
-6.153855194005310381e+01 2.698582284768419868e+02 4.031159047508144688e+00
7.135435163380882476e-03 2.682731008726347568e+02 8.096598497221609847e+00
-8.415293352003300242e+01 2.558899925761666907e+02 8.008567891984782250e+00
4.368633331836856115e+01 2.354948630606544100e+02 1.571073267665076578e+01
-4.377520565416745058e+01 2.354585306898795523e+02 1.570577944074576138e+01
2.249225028298484830e+01 2.177635759776395901e+02 1.881111015353117466e+01
2.279023692879976437e+01 2.542689954898531255e+02 1.211011071524712968e+01
-2.251059663236166131e+01 2.177615990732765567e+02 1.882083392193946381e+01
-2.284112105204435039e+01 2.543282659682599274e+02 1.209674229480596352e+01
1.354223323171616471e+02 -2.415037406714858150e+02 3.965857661566345893e+00
1.046502897211102976e+02 -2.356447888107496453e+02 1.161512868564381584e+01
1.001065894121954756e+02 -2.580002291759292916e+02 3.985719386663388875e+00
2.277963153212619929e+01 -1.724362559816965756e+02 2.386835470079777366e+01
6.626798286132681426e+01 -2.119383265819718076e+02 1.842522482692332630e+01
2.295815991303639692e+01 -2.754623810437143447e+02 4.048392216279463440e+00
6.617140796484001442e+01 -2.481280496197792331e+02 1.168858509110430610e+01
6.151258258336417839e+01 -2.697479816473003211e+02 4.027350133590808845e+00
8.413657321642097031e+01 -2.557865544139682470e+02 7.998471219243582730e+00
-1.354162931008071382e+02 -2.416079009207595902e+02 4.000087581732322484e+00
-1.046583072782139254e+02 -2.356700688277442453e+02 1.165040382846612488e+01
-1.001083546446404711e+02 -2.580753967005091454e+02 4.011258354631523027e+00
-2.278485843176022030e+01 -1.724722296507777628e+02 2.386997995960638619e+01
-6.631681557549353556e+01 -2.120838067835649952e+02 1.840951606687509212e+01
-8.112512392417612836e-03 -1.969750109971957670e+02 2.161449647816626296e+01
-2.294961066382643367e+01 -2.753961808070006896e+02 4.055000148261183490e+00
-6.615100599560770434e+01 -2.480570948175030992e+02 1.173136464505397747e+01
-6.151940728675509007e+01 -2.697582782054382164e+02 4.041425216604214832e+00
5.733248083548344275e-03 -2.682393811724928696e+02 8.097210198730920183e+00
-8.413883030382632455e+01 -2.558776697491157393e+02 8.031013585964656087e+00
4.377572976794164106e+01 -2.355060534132452688e+02 1.570901774445412968e+01
-4.368853204914896793e+01 -2.355467829236775117e+02 1.571628931469551738e+01
2.251298090347534853e+01 -2.178027155849402732e+02 1.882612357186184227e+01
2.284661121472979417e+01 -2.543207456113332512e+02 1.209399996939508881e+01
-2.249988830651872007e+01 -2.178315375403037137e+02 1.882193709196947395e+01
-2.277910764990844328e+01 -2.542641695627224010e+02 1.210849612942287479e+01
-1.353342532623159900e-02 1.121647004476191682e+02 2.768709608961096080e+01
-7.474373373000926454e-03 3.812375204764338577e+01 2.973746666492244728e+01
-1.649869483011707008e-02 -1.121987966872526670e+02 2.770489644263591344e+01
-1.416953213707178782e-03 -3.812297600419962151e+01 2.974991002944855722e+01
-1.720242984044408274e+02 -2.189310767000466740e+02 2.450580951033837884e+00
-2.117380671993757915e+02 -1.693848013409080977e+02 7.172708866888878987e+00
-1.594784125462049929e+02 -2.211909344763406011e+02 6.470864380194828236e+00
-2.412086605759632221e+02 -3.656424189782019596e+01 1.469625438916217597e+01
-2.352800776654826791e+02 -1.069985367521626358e+02 1.137461852120415884e+01
-1.261319829651553448e+02 -2.105351178873811762e+02 1.421689577021759021e+01
-1.965571106320775812e+02 -1.672525794169988558e+02 1.128046404456897633e+01
-1.440093674554897802e+02 -2.187378539633692753e+02 1.049800260544063946e+01
-1.805921674597926767e+02 -1.960333978043252046e+02 8.971149673313155049e+00
-1.722201049145767513e+02 2.190537967921052882e+02 2.478120281975581207e+00
-2.120005848217392384e+02 1.695221008955308832e+02 7.217110032099570027e+00
-1.595943404772354484e+02 2.213930526853680760e+02 6.479780644869138406e+00
-2.414180580529863676e+02 3.674397257178856080e+01 1.468914885488081445e+01
-2.354870792261997394e+02 1.071876853752290657e+02 1.136799674401943427e+01
-1.260150927273150927e+02 2.104501421638132115e+02 1.422827746821932671e+01
-1.966557233053032689e+02 1.673054116222702135e+02 1.130785077130432015e+01
-1.441293149617641802e+02 2.188409619878555645e+02 1.051381643366941354e+01
-1.807929145123040371e+02 1.961980767206439396e+02 8.998381191529801981e+00
-3.665277645442184706e+01 1.356224964653690392e+02 2.631310670988051825e+01
-1.073620680329324273e+02 1.049622230335428839e+02 2.569241298229645665e+01
-6.023092810758272009e+01 1.601097648936213318e+02 2.413672914840418215e+01
-3.691686796065514642e+01 9.888130168379683482e+01 2.795330183830585824e+01
-2.190217574516541674e+02 2.264483361622313495e+01 1.868795966284429610e+01
-1.698895676817373328e+02 6.638650827082994965e+01 2.308639744654313475e+01
-2.211694953448508443e+02 5.970790146034477885e+01 1.733957790257356990e+01
-1.047966869410957571e+02 1.977736114605245064e+02 1.825747185762897473e+01
-1.331825566292446865e+02 1.273847907291668520e+02 2.306389260881104519e+01
-8.269967984489291268e+01 1.805406089190433931e+02 2.134976787780364305e+01
-1.429439485790345259e+02 1.796579926480464167e+02 1.713288569841208897e+01
-9.684999780616371368e+01 1.447174726183239102e+02 2.385820762926924488e+01
-3.870253592875488380e+01 1.965163219275935802e+01 2.964962797828483332e+01
-1.087565984883579659e+02 6.396988207445140517e+01 2.704475043178197780e+01
-3.710594153618993118e+01 6.127718303261038102e+01 2.901349365096820776e+01
-7.292426463293467975e+01 8.361004122670372851e+01 2.774696404204197364e+01
-2.109377289773698010e+02 1.310647564958787257e+02 1.378146647100161815e+01
-1.671020514051593295e+02 1.050825197728237299e+02 2.149517229915726801e+01
-2.184395342188547886e+02 9.654305483869171667e+01 1.566823660076248181e+01
-1.793951620963626681e+02 1.569376415285347264e+02 1.559958596440143630e+01
-1.963665844577930670e+02 8.276552581163025479e+01 1.965407716079062794e+01
-1.573071469516433751e+02 1.434563699068434346e+02 1.962067534559917803e+01
-3.664480156097349806e+01 -1.355791582886922981e+02 2.630149065229657168e+01
-1.073225367157992025e+02 -1.049303373216352497e+02 2.567921564785509148e+01
-6.024150057120227331e+01 -1.601486179441478441e+02 2.414181253041140707e+01
-3.694176661201364453e+01 -9.886390710040161878e+01 2.794342907426071321e+01
-2.188469562147632246e+02 -2.268258788319239727e+01 1.869637263823384288e+01
-1.698046438333623200e+02 -6.635510307867929214e+01 2.308612338452543256e+01
-2.209458667894026860e+02 -5.968730232504560007e+01 1.733122350422401325e+01
-1.982768715597358096e+02 1.016966040115866755e-02 2.137270482714400544e+01
-1.048493442941466327e+02 -1.979085552194916033e+02 1.823358446952039813e+01
-1.331756280087085429e+02 -1.273964933142148368e+02 2.305746788139854431e+01
-8.273691463451866923e+01 -1.806180336983856591e+02 2.134233638791146959e+01
-1.429558352552966483e+02 -1.797176674944773822e+02 1.711476771469217084e+01
-9.687266516506713288e+01 -1.447789753516882456e+02 2.386009481403324628e+01
-3.869388568175018150e+01 -1.967500932089193100e+01 2.965816207123116754e+01
-1.087418549645185522e+02 -6.394829295989886475e+01 2.702854836993388332e+01
-3.711141040955886439e+01 -6.127327281965768435e+01 2.902507745191595490e+01
-7.474427587424789010e+01 4.049073727015435956e-03 2.894010607523453160e+01
-7.292503640759699124e+01 -8.360341456262166560e+01 2.773770707241061118e+01
-2.108033218388412422e+02 -1.309984746651256273e+02 1.377439093652458091e+01
-1.669988633269811373e+02 -1.050366492099474840e+02 2.149326768778222885e+01
-2.182832123683130305e+02 -9.649974435921828331e+01 1.565583879286975133e+01
-1.793091791489070204e+02 -1.569275188878182234e+02 1.558169506147802785e+01
-1.961900210843836021e+02 -8.271806597210155587e+01 1.965528854890956012e+01
-1.572477422163737515e+02 -1.434100245949128407e+02 1.960913145013337200e+01
-1.421603380796167357e+02 4.343213683069384956e+01 2.559517025375433263e+01
-1.421805698418793611e+02 -4.344355467852507502e+01 2.559650348901745787e+01
-1.737451388984461857e+02 2.242706619214930797e+01 2.375396772377585464e+01
-1.097662213923430699e+02 2.160535716822189656e+01 2.763165754110871219e+01
-1.737428552043824652e+02 -2.243178412821187351e+01 2.375367052677638924e+01
-1.097796814405444223e+02 -2.159747218378707245e+01 2.763120602136399739e+01
-1.720747283227442210e+02 -2.188561724895322413e+02 -2.476464481793869243e+00
-2.118272222942466954e+02 -1.693406222548518940e+02 -7.211673119866626180e+00
-1.594503575716232433e+02 -2.212058536015346419e+02 -6.469138806241159223e+00
-1.965437464053906069e+02 -1.986885638480788998e+02 -1.935203841830661093e-03
-2.413643513833910959e+02 -3.668081127230868077e+01 -1.468573873240523575e+01
-2.354836244436397408e+02 -1.071490861307803186e+02 -1.136612901583978363e+01
-1.259827584608728870e+02 -2.104456613130799951e+02 -1.422574978287641834e+01
-1.965298162349064341e+02 -1.671891710936815798e+02 -1.129597913843735668e+01
-1.440174591594650906e+02 -2.187056091503676214e+02 -1.050132865437227281e+01
-1.806452101947921278e+02 -1.960268025143341220e+02 -8.982514062010615419e+00
-2.346668871181348379e+02 -1.449182971446099373e+02 4.739581185223782356e+00
-2.346949159328443386e+02 -1.449098525591336966e+02 -4.755952222393333706e+00
-2.181026893364670229e+02 -1.732381333290112480e+02 2.457515805049446556e+00
-2.181073117154852525e+02 -1.732355794180969610e+02 -2.471215081689856152e+00
-1.721531743090277473e+02 2.191000570423038880e+02 -2.457015363948974684e+00
-2.119310143967541080e+02 1.695224597327219556e+02 -7.188644704388748252e+00
-1.595367993324724125e+02 2.212543041865420435e+02 -6.474785658482992368e+00
-1.965795389546209435e+02 1.987752066756187332e+02 6.254924930949978812e-03
-2.413291131582677167e+02 3.664322112094439632e+01 -1.470885834378843171e+01
-2.354379037054878836e+02 1.070817536434600896e+02 -1.139088019047759026e+01
-1.261270143970402273e+02 2.104546478518049639e+02 -1.421308457062656849e+01
-1.966690282757231216e+02 1.673041821925909858e+02 -1.129031092780554602e+01
-1.440465877372398324e+02 2.187136486336665655e+02 -1.049913109719345528e+01
-1.807013797755099631e+02 1.960961942736581705e+02 -8.978446335900764907e+00
-2.347978021113620173e+02 1.450245931770060395e+02 4.761518637514595476e+00
-2.347746415816960450e+02 1.449986382249688006e+02 -4.744842680911292909e+00
-2.181919689182950606e+02 1.733452756632898399e+02 2.471205271543137183e+00
-2.181686282101146617e+02 1.733115581285393318e+02 -2.460476998196834408e+00
-3.664924855439773665e+01 1.356222297074646690e+02 -2.632164173979000665e+01
-1.073310782219006825e+02 1.049410736049864852e+02 -2.569139960042740256e+01
-6.023778720720909519e+01 1.601357655054999043e+02 -2.414294007038543910e+01
-3.694017107786445564e+01 9.886953014299673725e+01 -2.796509277465936094e+01
-2.188727872544447166e+02 2.270222639314879842e+01 -1.870113083350870653e+01
-1.698270875644118405e+02 6.637912696663926226e+01 -2.308880077396676711e+01
-2.210487297609228108e+02 5.973665297363994853e+01 -1.734666394487152985e+01
-1.048483448359839088e+02 1.978992939185114608e+02 -1.823720094255066471e+01
-1.331781537374639015e+02 1.273983764102574270e+02 -2.306266387144898999e+01
-8.273784957766233106e+01 1.806142359483139046e+02 -2.134424990267809008e+01
-1.429823078754410233e+02 1.797001603403558931e+02 -1.712183381652068448e+01
-9.686655199431925212e+01 1.447688711541934197e+02 -2.386314451251635660e+01
-3.870812875242114615e+01 1.967127772822063037e+01 -2.969494922422803285e+01
-1.087535807478309806e+02 6.397281278554822137e+01 -2.704743453867044423e+01
-3.710991795485205813e+01 6.127909611060611184e+01 -2.904771773260219092e+01
-7.291795638847571581e+01 8.359954898095124065e+01 -2.775117525876785862e+01
-2.109282375329071897e+02 1.310740582728120955e+02 -1.379207387200543700e+01
-1.670609338346336870e+02 1.050957269094109563e+02 -2.151219449006640616e+01
-2.183678804336838937e+02 9.654617326647434083e+01 -1.567287370678114833e+01
-1.793895772163853621e+02 1.569403961540389787e+02 -1.559456241221385220e+01
-1.962752361580932643e+02 8.276585717802015552e+01 -1.967179397935462148e+01
-1.573006976681319884e+02 1.434398022846655181e+02 -1.962288122863699158e+01
-3.663797667772208655e+01 -1.355822319517168069e+02 -2.629653519477531631e+01
-1.073174788929116659e+02 -1.049190608111351537e+02 -2.566736093664382778e+01
-6.020327043967492386e+01 -1.600558252358532343e+02 -2.411932980849361385e+01
-3.691607131088441918e+01 -9.886791578100691424e+01 -2.795396898554403364e+01
-2.189074223425448054e+02 -2.262628315824565561e+01 -1.867217910643416090e+01
-1.698170657095726597e+02 -6.635558911515146008e+01 -2.305911733431022981e+01
-2.210782068933467031e+02 -5.967028039350429225e+01 -1.732711073011467562e+01
-1.981832851411096499e+02 5.880536510194135646e-04 -2.135346655894445433e+01
-1.047314686845805625e+02 -1.976955854384736142e+02 -1.824512085682635032e+01
-1.331870490798051492e+02 -1.273887064363469648e+02 -2.305364184124053040e+01
-8.263660110918259250e+01 -1.804406805910340665e+02 -2.132957993664339114e+01
-1.429177793884006178e+02 -1.796557666894234160e+02 -1.712893450899863268e+01
-9.683421037353846828e+01 -1.446977188722228789e+02 -2.384381968819827691e+01
-3.871310416969566148e+01 -1.965436630616946800e+01 -2.967304732875105699e+01
-1.087596519073672994e+02 -6.396389344065271132e+01 -2.703997865381618126e+01
-3.710368058962695414e+01 -6.127089423314178163e+01 -2.903070206372142792e+01
-7.477603449747947195e+01 -4.163733333211469025e-03 -2.898031614895256070e+01
-7.290604480882305438e+01 -8.358568660632187175e+01 -2.774032714986592296e+01
-2.109004271962891153e+02 -1.310351755453672524e+02 -1.377602270501381376e+01
-1.670714045332273088e+02 -1.050571176661526778e+02 -2.147820739522153488e+01
-2.183878921617284163e+02 -9.650878941995090088e+01 -1.566025987602188252e+01
-1.793115539990598108e+02 -1.568746585805554616e+02 -1.558855771100233412e+01
-1.963197736193317553e+02 -8.273709193376238602e+01 -1.964137637040830597e+01
-1.572598377886091896e+02 -1.434285678263247803e+02 -1.961140858406778875e+01
-1.421761207642825298e+02 4.344461603470384148e+01 -2.559996889618352967e+01
-1.421465807172081099e+02 -4.342944656661406810e+01 -2.558403853778412085e+01
-1.736576941762937736e+02 2.242847369818003145e+01 -2.373484421210507023e+01
-1.098098699623824217e+02 2.159838740103172938e+01 -2.765166726795690622e+01
-1.736390957435726818e+02 -2.241501923286421416e+01 -2.372463360458245063e+01
-1.098171739799665403e+02 -2.159633018001609983e+01 -2.765262047875492257e+01
-2.553434087301271234e+02 5.435068966364032389e-02 1.222782533595448307e+01
-2.768651067003341382e+02 4.378413427286041021e-02 4.176470956041857363e+00
-2.579086050962256991e+02 -3.674789121175468409e+01 1.085277431141683024e+01
-2.580240572902145004e+02 3.684923605964896609e+01 1.085360431222627220e+01
-2.553262265767902193e+02 2.987789106027001138e-02 -1.222949617344026763e+01
-2.768576522584875761e+02 2.380942499928146577e-02 -4.175734395914771468e+00
-2.580178706283982137e+02 -3.676549848651292507e+01 -1.085354834647519162e+01
-2.580862717646101032e+02 3.683308878627430261e+01 -1.086585407807224612e+01
-2.489177533899567152e+02 -1.079041135840532348e+02 7.226475197069986756e+00
-2.761699511306885597e+02 -3.716176719269473949e+01 2.494751413359221015e+00
-2.556022303895117602e+02 -7.363575387863158994e+01 9.124800031840130998e+00
-2.551174246055818458e+02 -1.115609183060707181e+02 2.497936323872567588e+00
-2.697742824210017716e+02 -3.701559621769151676e+01 6.668240421603513823e+00
-2.490313447039862922e+02 1.079908731221437250e+02 7.232809727964976787e+00
-2.762237038536078444e+02 3.719774432551823651e+01 2.477859634167050906e+00
-2.557239311665271373e+02 7.375320225137588181e+01 9.126981333740227242e+00
-2.551327059775246653e+02 1.116035699244121986e+02 2.499037244185424278e+00
-2.698473461633204806e+02 3.713285986124444804e+01 6.666706191490081146e+00
-2.490275687527227433e+02 -1.079261010464283999e+02 -7.229880442676323682e+00
-2.762353926524438066e+02 -3.714042592881258287e+01 -2.476699155774303218e+00
-2.557543294666499207e+02 -7.370185734675231970e+01 -9.126294867163238678e+00
-2.551227992649248222e+02 -1.115705331088248187e+02 -2.498033412295987077e+00
-2.699010947207427762e+02 -3.707552338892163135e+01 -6.665253426571337236e+00
-2.694052788178931337e+02 -7.436059525241638823e+01 6.014965947399895235e-03
-2.490249979478506077e+02 1.079705187746286441e+02 -7.236505522104688559e+00
-2.761821128496214328e+02 3.721959411405250506e+01 -2.495608776618811753e+00
-2.557851385794873238e+02 7.372486875902569636e+01 -9.137903967062023014e+00
-2.551460532116004174e+02 1.115949578106901470e+02 -2.499396154433462414e+00
-2.699226826899843559e+02 3.707757523194013771e+01 -6.674441199855685625e+00
-2.694337057067680803e+02 7.443163677229165387e+01 -6.098824163953584301e-03
1.721919149118966175e+02 -2.189479959325640834e+02 2.475689064277041496e+00
2.119782939586651480e+02 -1.694371032726585327e+02 7.213174161831969577e+00
1.595413501353206982e+02 -2.212254270326536698e+02 6.468401598035691258e+00
2.414522545949452592e+02 -3.668973064967818232e+01 1.470059848243619527e+01
2.355003280120550642e+02 -1.071533656549548397e+02 1.137000903969633825e+01
1.260101739285215530e+02 -2.104238368854705641e+02 1.422634866521409869e+01
1.966408271738674500e+02 -1.672491244821687530e+02 1.130558555410780919e+01
1.440988823538515646e+02 -2.187503226679065165e+02 1.050484780311121824e+01
1.807389599614245128e+02 -1.960757478656184105e+02 8.990493869192023979e+00
1.721510574400848270e+02 2.191009640899514750e+02 2.460199516595325431e+00
2.119681423626278445e+02 1.695546221915241745e+02 7.192859594134482393e+00
1.596228449175407889e+02 2.213474238313179967e+02 6.485593046436044062e+00
2.414218176769421405e+02 3.664167467194855021e+01 1.472056051020235401e+01
2.355159965184991222e+02 1.071128870553823731e+02 1.139751339234610050e+01
1.261315341147430331e+02 2.104464649911960237e+02 1.421209956832923282e+01
1.966510479353094354e+02 1.672857999900371908e+02 1.129180089941442588e+01
1.441177370047549005e+02 2.188228387903019154e+02 1.050618485185597173e+01
1.807937752094495636e+02 1.961912124985420860e+02 8.986211841415498114e+00
3.664447497944314591e+01 1.355979319032411183e+02 2.630476203099600596e+01
1.073360196384912086e+02 1.049378130535430813e+02 2.568132488460873475e+01
6.023824494945717589e+01 1.601328544170913517e+02 2.413859727364563312e+01
3.694889330847542652e+01 9.882022163594190545e+01 2.791924972581456643e+01
2.189549851106704637e+02 2.269398268580761879e+01 1.871832640983066298e+01
1.698391014566927595e+02 6.636800261176982474e+01 2.309418289127599877e+01
2.211128088052718965e+02 5.973600998630123371e+01 1.735821006531306665e+01
1.048027549582968163e+02 1.978071410712391298e+02 1.821947520354131811e+01
1.331711967639376155e+02 1.273855659936920262e+02 2.305623922973814643e+01
8.272381267817458195e+01 1.805775830530118071e+02 2.133559715613040453e+01
1.429470573270135674e+02 1.796367834088588609e+02 1.710833849892563663e+01
9.686473692282244485e+01 1.447601160808642931e+02 2.385631743896046331e+01
3.868441661779439755e+01 1.967241352311421920e+01 2.964929801220366912e+01
1.087520190158198119e+02 6.395238305749348484e+01 2.701887862083900771e+01
3.711045254212051958e+01 6.125447533931983912e+01 2.900743439936188039e+01
7.290038923280471295e+01 8.357800522647927721e+01 2.771488594735637179e+01
2.109088989116192465e+02 1.310465998560558205e+02 1.379016250564875534e+01
1.670299388062349237e+02 1.050513204748311011e+02 2.150453466707047667e+01
2.184396400796553053e+02 9.655673912093367051e+01 1.568049408142247003e+01
1.793359967139302285e+02 1.568663298075757666e+02 1.558265498594001564e+01
1.962877232099768889e+02 8.274793217921457256e+01 1.967449203483868203e+01
1.572902907299185813e+02 1.433947553076830843e+02 1.961491216471574006e+01
3.665322768012082832e+01 -1.356291832041032990e+02 2.631566316721349708e+01
1.073676593096069496e+02 -1.049619100393376954e+02 2.569001069175581620e+01
6.022478250135276312e+01 -1.600956411775420634e+02 2.413474761734133267e+01
3.693379151668421656e+01 -9.888077113584365918e+01 2.796476377797268498e+01
2.190406527500577738e+02 -2.265103740834323531e+01 1.869782257588769525e+01
1.698910253136497488e+02 -6.638737661448301708e+01 2.308703283223717051e+01
2.211865849466308589e+02 -5.970052881391725919e+01 1.734625448232415224e+01
1.982959033267555640e+02 -6.071096193289512652e-03 2.137860940438526924e+01
1.047673245746340172e+02 -1.977169346770357095e+02 1.825154279865666140e+01
1.331825747048198991e+02 -1.273854878228478356e+02 2.306312376233824324e+01
8.268314236565662156e+01 -1.805098414122297754e+02 2.134616158091746385e+01
1.429438688339275814e+02 -1.796450898497572553e+02 1.713221478576224754e+01
9.684878505545630389e+01 -1.447181911180359180e+02 2.385758533873550746e+01
3.868630451227633671e+01 -1.966803016475184052e+01 2.967239362190677809e+01
1.087583447883079515e+02 -6.397314396114565227e+01 2.703956466479480625e+01
3.709948120044427355e+01 -6.127461979126679381e+01 2.903506036910872012e+01
7.474182848097370879e+01 -3.015662641654972762e-04 2.891826955274725108e+01
7.291080423823106571e+01 -8.360819823599575784e+01 2.774646585499330342e+01
2.109473483442610870e+02 -1.310484438533698039e+02 1.378266257110823645e+01
1.671032520416054865e+02 -1.050804896179119368e+02 2.149588928435688473e+01
2.184553601931382047e+02 -9.653039918230862781e+01 1.567168325601683776e+01
1.793990515883969579e+02 -1.569229086301173197e+02 1.559980146624042874e+01
1.963745305022419245e+02 -8.276083458864543729e+01 1.965670689885069677e+01
1.573110901157494084e+02 -1.434511008861497317e+02 1.962056512619245652e+01
1.421567946943130210e+02 4.343237728713247492e+01 2.558741763228152877e+01
1.421670738114551114e+02 -4.343600741775273377e+01 2.559186106716012077e+01
1.737404649332082442e+02 2.243055855574862534e+01 2.375592699045364142e+01
1.097664761860849012e+02 2.158733422379358657e+01 2.759710822609948977e+01
1.737460357974038061e+02 -2.242913742610691230e+01 2.375467501701706752e+01
1.097645558415721894e+02 -2.160822076050935436e+01 2.761064656940480688e+01
1.721575952058193195e+02 -2.190896280971364547e+02 -2.455082128295726918e+00
2.119261000784753151e+02 -1.695301564936734451e+02 -7.188202957681559369e+00
1.595399675553340728e+02 -2.212772620514218431e+02 -6.474632609902494451e+00
1.965852257440342328e+02 -1.987359631972980480e+02 6.948008015868020748e-03
2.413442361538835428e+02 -3.664263848770235654e+01 -1.471344110006837091e+01
2.354384631899003182e+02 -1.070834839346401139e+02 -1.139246747232090762e+01
1.261240800270818454e+02 -2.104628479707347992e+02 -1.421557512347282604e+01
1.966651428286693317e+02 -1.673144287573827569e+02 -1.129149478848830768e+01
1.440438256425845793e+02 -2.187415900877754211e+02 -1.050028345959557008e+01
1.806995759404558726e+02 -1.961164474584998629e+02 -8.978532668316068666e+00
2.347936839965061893e+02 -1.449715505416084227e+02 4.759326646402970873e+00
2.347676864198652424e+02 -1.449932086571952539e+02 -4.743408616657903032e+00
2.181949708987875169e+02 -1.732886516318728525e+02 2.470052008558215384e+00
2.181660895506649638e+02 -1.732913208257155873e+02 -2.459367147571160039e+00
1.721547975303716669e+02 2.189565410825148035e+02 -2.479300520267166075e+00
2.118512387882738324e+02 1.693352050849300383e+02 -7.209279467774493355e+00
1.594621402178302390e+02 2.211636464888691478e+02 -6.466795109860546731e+00
1.965990730192100955e+02 1.987642714490118294e+02 -7.346128668654486327e-03
2.414502923857228609e+02 3.668743669906519500e+01 -1.469724752606291140e+01
2.354967114667382191e+02 1.071408656468446878e+02 -1.136721814004016196e+01
1.259467209168790021e+02 2.103579339207228713e+02 -1.421446476130201653e+01
1.965043370538861609e+02 1.671428411555294247e+02 -1.129107891871798941e+01
1.439939825144290637e+02 2.186549618464873390e+02 -1.049420760362536065e+01
1.806276565451694012e+02 1.959726264490682013e+02 -8.979614259003781740e+00
2.347468704063822145e+02 1.449445221981922316e+02 4.742061016222453240e+00
2.346859490420242480e+02 1.448830932528593394e+02 -4.756365601017842337e+00
2.182039526895094070e+02 1.733044842275263875e+02 2.461985611836186028e+00
2.181587600519714840e+02 1.732703553196724613e+02 -2.469536572188534063e+00
3.664875962774850393e+01 1.355987198732186130e+02 -2.631708356242010183e+01
1.073545950401239963e+02 1.049500657625014384e+02 -2.568924532494350643e+01
6.022015580921742384e+01 1.600884641157146859e+02 -2.412983874838613119e+01
3.693098812583985335e+01 9.890817425447009725e+01 -2.799035717818897595e+01
2.190095938631505703e+02 2.264343084844565013e+01 -1.869093737607441241e+01
1.698914503131551044e+02 6.638654429165589477e+01 -2.308256225571598819e+01
2.211430336551744915e+02 5.968929655996043948e+01 -1.734033814181642441e+01
1.047277985549954309e+02 1.976731530805025727e+02 -1.824103470740280741e+01
1.331467700292677705e+02 1.273592099994170610e+02 -2.305155883417169704e+01
8.266703337145764863e+01 1.804839105216547352e+02 -2.133468782655121387e+01
1.429008965786494230e+02 1.796043422178277353e+02 -1.712066897676397303e+01
9.685160916869440939e+01 1.447273285594069137e+02 -2.385382887959249487e+01
3.869337315649995190e+01 1.966906663901437824e+01 -2.969388825749313909e+01
1.087583859744132297e+02 6.397286652294319964e+01 -2.704771651244025676e+01
3.710936809173183804e+01 6.129740005375806078e+01 -2.906643992851391545e+01
7.293150368543598461e+01 8.362488117799225051e+01 -2.776619396033510867e+01
2.108871963950236648e+02 1.310120272546051012e+02 -1.377444252585806339e+01
1.670866270478942965e+02 1.050679245150526810e+02 -2.148769931834085511e+01
2.184568561727188580e+02 9.653273976692315728e+01 -1.567026880164696045e+01
1.793137465846963892e+02 1.568509417066681806e+02 -1.558366569858685580e+01
1.963715540648720150e+02 8.276166716269948154e+01 -1.965273267219027886e+01
1.572497791923362911e+02 1.433851388611958839e+02 -1.960585701044605145e+01
3.664455177363382177e+01 -1.355874593303338429e+02 -2.629853806186961052e+01
1.073116817940993855e+02 -1.049209276124697254e+02 -2.567604837937610540e+01
6.024169284595484442e+01 -1.601304874943699588e+02 -2.413835644523744506e+01
3.694355328727485954e+01 -9.882323038071500321e+01 -2.791582751498638615e+01
2.188774706370011245e+02 -2.269931638885487502e+01 -1.870568951003452440e+01
1.697893960294586577e+02 -6.635275735928865970e+01 -2.308233543593043890e+01
2.210547317698607515e+02 -5.973544517539203014e+01 -1.734955793637031007e+01
1.982414189586371549e+02 6.039099191661820992e-03 -2.136868492937981756e+01
1.048503580871860521e+02 -1.978958469628061891e+02 -1.823780565510199025e+01
1.331830948765982612e+02 -1.273964592856836049e+02 -2.305945438874332254e+01
8.274053924933549808e+01 -1.806139924138014123e+02 -2.134362657657436202e+01
1.429821530590598115e+02 -1.796973026235196187e+02 -1.712288721421852244e+01
9.687195050850537825e+01 -1.447674458632429548e+02 -2.385923512653854317e+01
3.868536663458692715e+01 -1.966059950191198169e+01 -2.965117984689169006e+01
1.087418112744223464e+02 -6.395398787868812462e+01 -2.702713762844248180e+01
3.708219168863425352e+01 -6.128242896127062522e+01 -2.899868761351662627e+01
7.474736172883328322e+01 2.315479848212054562e-02 -2.894485629728820797e+01
7.289243977839385025e+01 -8.355963230620896809e+01 -2.770691473735576693e+01
2.109280323521810487e+02 -1.310757297002504629e+02 -1.379370192810035967e+01
1.670686841272546701e+02 -1.050914242078529526e+02 -2.151031210627150969e+01
2.183739801591967193e+02 -9.654832860510070702e+01 -1.567465072744906784e+01
1.793916826932936885e+02 -1.569395888915060482e+02 -1.559625061498329757e+01
1.962786037397454777e+02 -8.275994540758522078e+01 -1.967323857196757331e+01
1.573044166202465988e+02 -1.434363722302236681e+02 -1.962263211351467262e+01
1.421689109295163576e+02 4.343671181509725443e+01 -2.559479473230203439e+01
1.421260343924246854e+02 -4.342650488761118766e+01 -2.558424412963875838e+01
1.737380671054021661e+02 2.242928189478070422e+01 -2.374803448835181996e+01
1.097617913581645155e+02 2.159574222476949856e+01 -2.763314186018144269e+01
1.736657932008409659e+02 -2.242173003463915393e+01 -2.373864491508937036e+01
1.097788714854768841e+02 -2.158399453470049068e+01 -2.762749848542815911e+01
2.554461544752142288e+02 2.980635879901325294e-02 1.224036202105082793e+01
2.769138330654363358e+02 -1.020164459665120517e-02 4.176323953751107432e+00
2.580537251842114301e+02 -3.677040742275475083e+01 1.085773011754155704e+01
2.581322294756618589e+02 3.683359077211505195e+01 1.087178899272711519e+01
2.554154480656764292e+02 -3.099487973957080339e-02 -1.223749734889659813e+01
2.768684171571812840e+02 -2.253586534208660425e-02 -4.174310253359050371e+00
2.581026062868733106e+02 -3.683463429901799913e+01 -1.086839133522665968e+01
2.581155991208704563e+02 3.677104828414603332e+01 -1.086026008048635560e+01
2.490348801704956259e+02 -1.079409698533614943e+02 7.229725728682096175e+00
2.762322695854413155e+02 -3.718647402536819158e+01 2.475435072838205741e+00
2.557402509374690283e+02 -7.369234946698496458e+01 9.125824473225236488e+00
2.551243628503652872e+02 -1.115811909440414240e+02 2.497670647165130209e+00
2.698795395505173929e+02 -3.709636270918096557e+01 6.664901033457694801e+00
2.490118215875294254e+02 1.079451040154666970e+02 7.234299207232214535e+00
2.761647291720440762e+02 3.718522976435691163e+01 2.494319590097164863e+00
2.558365431577512936e+02 7.373082804711809501e+01 9.141512444678513205e+00
2.550421877511703883e+02 1.115122526622818668e+02 2.496786735573233162e+00
2.699505851935078340e+02 3.706352535942430393e+01 6.675903871911119225e+00
2.490200407672155336e+02 -1.079736584343638839e+02 -7.235178291357471814e+00
2.761738445002848152e+02 -3.723075222364555970e+01 -2.494322915318632372e+00
2.557892765469238725e+02 -7.372708848156669603e+01 -9.138340260264763870e+00
2.551321541563645781e+02 -1.115946855386715697e+02 -2.497547437542547044e+00
2.699221819780419196e+02 -3.709112341622455489e+01 -6.672991751093980461e+00
2.694263778323410179e+02 -7.442041099234184287e+01 -6.007665175393517125e-03
2.489762626335141533e+02 1.078828636265060084e+02 -7.227047282267371031e+00
2.761200731626588549e+02 3.711829846245064601e+01 -2.474121247773376275e+00
2.558058544996527246e+02 7.370118312821885809e+01 -9.128421064110666450e+00
2.550394784236356145e+02 1.115012572684383088e+02 -2.494698303411774454e+00
2.699162534016533641e+02 3.707331113589046367e+01 -6.665010115234760946e+00
2.692935763557917994e+02 7.434673437505894356e+01 6.598627391728856088e-03
