-1.512160469093859483e+00 -3.419465991787218329e-01 8.249500437496772864e-01
1.802380130427569949e+00 5.587076648987651106e-01 2.097484903088782937e-01
-4.650078419225234794e-01 7.156949449464508062e-01 5.769016181485087102e-01
-4.959793488943501499e-02 -1.447636794414585149e+00 3.774065469296392084e-01
-8.424688938473482436e-01 1.685904133387456094e-01 -4.978293306670913410e-01
-6.655164972647958921e-01 -3.147954847099190268e-01 1.234723240706301628e-01
5.665985051743752665e-01 -1.126792508199023102e+00 3.738376406363576043e-01
-2.267193137374543532e-01 -1.447940986709963962e+00 1.668390945538423820e+00
-6.330555804352638871e-01 -1.423707639293965710e-01 3.283302042251470820e-01
1.161185157970367476e-01 1.954119004459342168e+00 -1.541034587774706477e+00
1.402348768440226712e+00 5.692977528777168894e-01 1.039759871194899932e-01
-2.486439407265873466e-02 -1.855437219605914900e-01 8.726312809502601020e-01
-8.242826983445751265e-01 -4.748928918789869780e-01 -5.631841294302453171e-01
-3.369527482696583753e-01 -2.978576371254221034e+00 1.142504321589898009e+00
-9.194183009071418278e-01 5.502699755372686408e-01 -3.499883159393571419e-01
7.102446274205156396e-01 -1.445388587092331756e+00 9.788020437086074610e-01
-1.430959136843728885e+00 -4.665839904172721653e-01 2.411304943585216853e-01
7.109938436439116050e-01 -3.787662730491383467e-01 -5.487290561568479719e-01
-9.215439173872436163e-01 7.208838151013488571e-02 -9.824617095163056257e-01
7.172951785365300204e-01 -4.823958938110658456e-01 -7.875064197970985669e-01
1.218543821811897576e+00 7.983012282581244401e-01 1.610317651586475884e+00
-8.439523684171353901e-01 3.904886191577321974e-01 -5.338197747089799827e-02
-2.617179374268622460e+00 2.032895930219645597e-01 -4.344381618926798083e-01
2.020773739928081625e+00 1.134950142672164652e+00 2.316793410680376475e+00
-7.814702964137980601e-01 -3.295965724047413836e-01 -5.166114118369354857e-01
-1.137675687497983645e+00 1.060445460413919960e+00 -9.826430145172355968e-02
2.164664262974803632e-01 8.154813375026858102e-01 -9.545029562263847023e-01
-6.826477559282492225e-01 1.356430111359360868e+00 1.071710179440844346e+00
-6.143121183947798380e-01 -6.021395871611265882e-01 1.182850810904706895e+00
1.337705058735833674e+00 -1.098515918667911428e+00 8.118287133310638781e-01
4.603293052468979685e-01 8.046542075955210871e-01 7.582922928513272098e-02
-7.602904126334685264e-01 -1.213178009796489265e+00 1.059761747665587672e-01
6.235217725344702755e-01 1.636616339498227213e-01 5.526999720281927653e-01
3.654856832667553457e-01 3.485756227241232907e-01 -7.204727664852418334e-01
-5.418713985104901543e-01 -2.280864130526301381e-01 -1.039509603475642585e+00
-4.083780261537346412e-01 1.629494138874723330e-01 4.903628258678430218e-01
1.912746556120892283e-01 -7.137409335780324771e-01 -1.436990824147113210e+00
1.159333210860117536e+00 -2.111966068075916692e-01 -7.367875195008916078e-01
-1.438891007360366014e+00 1.731515442564824481e+00 -4.015204402715003562e-01
9.916270122947619392e-02 -3.913986901277194397e-01 7.244339256796199500e-01
7.832190391495463810e-01 -4.190832887059444678e-01 -6.246512066455506273e-01
-7.383724618749268886e-01 -2.383769978227161079e+00 -2.099573264964575081e+00
-3.497464264514414944e-01 -3.482508523681080992e-01 1.336457054760222585e+00
-1.733796460468374490e-01 -4.811279371850001874e-01 4.896779502135988338e-01
-1.559966453242362106e-01 1.567944660772937926e+00 3.491022352693724795e-02
-8.172252404597072362e-01 1.490995612776800261e+00 -1.435922759837024998e-01
-9.227653979970454889e-01 -1.266417609155122978e-03 1.979949470423093105e+00
3.526581072256418925e-01 -8.309900156504637092e-01 8.256130413356416176e-01
-6.988773484230124122e-01 2.289717272629246680e-01 1.519900229572954675e-01
-2.711726358217906863e-01 8.804333157978515290e-02 3.409146525965085078e-02
-1.057712978724614006e+00 -2.379403413557314551e+00 -1.388948978884259722e+00
8.585180457228369644e-01 1.071297648217947873e-01 -1.259859101010364801e+00
-5.466681112942762821e-01 1.073891060163960853e+00 -3.774751161353693818e-01
3.850595630962753702e-01 1.059573534415159529e-01 -8.334166936540496895e-01
6.727767316516961582e-01 7.554128046753308956e-01 3.515087650076875736e-01
4.515924253146516021e-01 2.868826669159766363e-01 -6.739387537268654027e-01
1.139337213652535236e-01 -1.284902064196530580e-01 3.796632629467515674e-01
3.719623322337082816e-01 1.122044163498021607e-01 1.006425047702522502e+00
7.248923299678803334e-01 1.325469487183345452e+00 -8.033794268915546155e-01
-1.051062212732814638e+00 1.057937322784885170e+00 -5.010031458740489274e-01
7.559688284646075285e-02 1.238826463815464185e-01 -2.980196583147635692e-01
-4.879059530351551044e-01 -5.554298019985908219e-01 -8.921500750438625671e-01
2.045167198635656491e-01 1.180552065268818174e+00 5.852075574646461442e-01
1.690948752150184697e+00 1.714640369314020862e+00 -3.113256036255532821e-01
-8.036797811853541029e-01 7.268326753208832480e-01 3.822596885936269812e-02
-1.973774585249474800e+00 5.715038759767718801e-01 -1.440388346517981644e+00
6.013224813819055825e-01 -4.261690532497510175e-01 1.092404218905347113e+00
-1.585027786280170936e+00 1.480507175433899647e+00 -8.969368342110016767e-01
5.797311365648423198e-01 1.034406752264309226e+00 5.775354459448605038e-01
-4.022109916759535331e-01 2.241990364410562375e-01 4.818780705340277581e-01
2.857610527438165793e-01 2.142367870363031113e-01 1.716724072787370936e+00
1.393621874590599719e+00 4.626400174550729383e-01 1.258697413236345763e+00
-6.647609458872161259e-01 -5.450837254252808295e-01 9.100811465833459624e-02
-6.249507531118115855e-01 -2.734692843492002590e-01 3.168650620149294217e-01
-1.023255869086718700e-01 4.113428625963765906e-01 9.850880099371255305e-01
-7.729151284183303217e-01 -9.022737016819641631e-02 -1.347807776452166095e+00
-9.738315016301454241e-01 -3.770004097023488820e-01 1.292292227744950839e-01
9.402948556452427331e-01 3.105588414796941477e-01 -6.677487230798008488e-02
-6.836950355201378837e-01 -9.969175072565878981e-01 1.541170432816140190e-01
4.963306474428347964e-02 2.004186073301547744e+00 -1.326642169846718788e+00
-4.226973078200905176e-01 3.391124321827672983e+00 1.182088173139936860e+00
-3.810045213123440799e-01 -4.849773578412308606e-01 -6.702124762945785852e-01
-1.268685157431659105e+00 -1.268080869513891207e+00 4.519229704400670039e-02
-5.888907856258457363e-01 -1.613842971812362137e+00 -4.754579257451153618e-01
1.500527453859061000e-01 3.884982806375267828e-01 1.524775530351814901e+00
-1.867113246128267345e+00 2.069629637354586937e-01 -7.245404612431381730e-02
-2.269163794980326998e-01 1.722381996489541045e+00 -3.966602046498862166e-01
4.230052090475663329e-01 5.357438940027561269e-01 -1.496048887302665165e+00
-1.201790483013604138e+00 -1.312857465175907845e-01 7.841125575575638162e-01
5.271869255728258707e-01 -1.442299221476009419e-01 -1.395017116047479466e-01
-1.929583265746604992e-01 2.198569466633827130e+00 -5.257036796733765005e-01
3.018492410096585421e-01 -6.120311244393883410e-01 8.436581223896685855e-02
1.905373486463660226e+00 3.176344541848243885e-01 -2.247364129540088129e-01
-1.157817585808802896e+00 -6.886638369822191408e-02 4.281402625380178462e-01
-2.081159001236626283e-01 -3.727333026911686664e-01 -1.178741991916966603e+00
8.863059602441817342e-01 -1.007364433762834910e+00 -1.366584706438013219e+00
-1.338236608840537301e-01 1.488429781383517891e+00 4.909656739140079162e-01
1.859125799304873761e-01 -1.422562859061296425e+00 1.058411526142332804e+00
1.285986324517816914e+00 -5.156504404980343237e-01 6.307216950574635606e-01
-3.029846675559721980e-01 5.233866695329086188e-02 3.114024714639976321e-01
4.787249081333243284e-02 2.244075023486522547e+00 -6.769436653068534593e-01
5.115734613154284682e-01 -1.691998854827607701e+00 1.630236894918458412e-01
-1.571459699053196490e-01 -1.710080727583993987e+00 7.147762482663219119e-01
-1.558560881976199575e+00 -4.197390217581422611e-01 5.002341915157340613e-02
1.331457900418248963e+00 -1.397944486220949356e+00 1.650905369315782134e-01
-3.278982517698176835e-01 1.591370214584587828e+00 6.744137218683353419e-02
7.181933318341863215e-01 3.875385642693009447e-01 -3.511971742302592570e-01
-1.497029087037199835e+00 9.203885526947306328e-01 3.325755750465643201e-01
3.998539042648481812e-01 2.905812699116019221e-02 -4.537429886834755677e-01
-3.697244101455655629e-01 -8.264588258895957384e-01 -3.019716861473570324e-01
-9.232837421417072754e-01 7.489601668535472712e-02 -4.505013798545065562e-01
-4.666336478632999718e-01 3.884392926197159368e-01 -5.726272971472412543e-01
1.537691414443952409e+00 -4.602607037177988691e-01 -6.041702468315889307e-01
1.377126613782078790e+00 2.801855977402962772e-01 -9.897622759689147509e-01
2.543611264506549507e-01 1.506389731235269869e+00 -4.993746206151261635e-01
-1.026032005031036975e+00 9.988264692392032074e-02 -3.877224047822283026e-01
1.167884146769495146e+00 5.611032735233552060e-01 -5.215462269236637027e-01
8.060561076972477812e-01 5.831783660302048561e-02 2.213603891102892268e-02
-5.971134081671872762e-01 -6.240929156112461351e-01 -1.149177198985835036e+00
3.626201977680346134e-01 -1.845453852107282744e-01 7.570305740210058199e-01
7.350844285194272354e-01 1.673947508683187035e-01 1.987820477106120864e-01
-2.857897944389593547e-01 6.879099249187896614e-01 -1.514185017004688660e+00
1.359760318129889844e+00 3.183229287525137230e-01 7.110201167160505875e-01
2.491392540574438041e-01 6.890340126676379739e-01 -4.269587729753085426e-01
-1.213308005523723754e+00 -8.397327407046920600e-01 -1.681919786741337131e+00
-5.039012482235578211e-02 1.526268671210097683e+00 4.304378245636705791e-01
-2.045267332641557800e+00 2.360987129593750400e-01 -8.745701390298518119e-01
-5.552093970659448541e-01 -1.857426465193699583e+00 1.924658547254461949e+00
-4.887105721313517170e-01 9.101162129234904308e-01 8.468656315504293763e-01
-2.737241574261352617e-01 -8.545159642840981506e-01 -9.460832499898028658e-01
-1.616600831803078177e-03 2.069143478398640379e-01 -9.025949232649361775e-01
-7.497105368103290646e-01 -1.092064038767897927e+00 1.707542658666087565e+00
-7.401260284332794592e-01 -6.447376295791267253e-01 9.182643567355670555e-01
1.160490634231406970e+00 4.687641922761557889e-01 1.452838271220809441e+00
7.672672445854076262e-01 -6.729093443525465679e-01 8.797379461556585900e-01
9.164924943548238279e-01 1.085204378373095135e+00 3.154588021580526647e-01
1.602475607421137482e+00 9.299333311301191118e-01 -1.373655261172340047e+00
-9.489453603138039428e-01 1.476763259089069136e+00 -1.398508603447406462e-01
-2.670724478516170800e-02 -3.421021579640281529e-01 8.005184855740724581e-01
1.400152645325346557e+00 -1.524473233869239053e+00 2.037377392629668438e-01
-9.563653289701461446e-01 -8.102213509756087673e-01 2.152805200643669314e-01
1.079359435870968165e+00 9.243951179275867736e-01 -1.029402490378732216e+00
1.854035702680040532e-01 -1.197699617315685749e+00 -2.630711077866901837e-01
3.514220339268209758e-01 1.988313462226769746e+00 -2.059347423257844589e+00
-7.073591618725264540e-01 1.666523367350417839e+00 -2.671155520659267424e-01
-2.247956211381539227e+00 9.012219539527147605e-01 -2.524507415580217740e-01
5.339865985885513533e-01 -1.343134845208838968e+00 2.774394242164038848e-01
2.690876165805104747e-02 -7.877669554730273305e-01 -1.740937058749516542e+00
-1.272741613417695872e+00 7.842178163245657752e-01 2.153223625100282035e-01
-9.852375408692731762e-01 -8.694999696125327304e-01 2.009013281020901598e+00
-3.590104978085687654e-02 -6.314168993726704260e-01 2.070378286482849273e+00
-4.894151797060470321e-01 6.631332303739546630e-01 -1.568803829446965503e+00
5.821308008127614730e-01 1.209392237188824937e-01 -2.111913930934850858e-01
5.607154927290056712e-01 9.012582646783228180e-01 -2.005705639654198347e+00
5.403594807945787115e-02 1.421480528494892814e-01 -6.066531597270069520e-01
1.897030451235658832e+00 -4.472887755313836866e-01 1.817295131131284380e+00
-1.477913188555018520e+00 5.668394177599880290e-01 4.300217593993055365e-02
-6.920580693195423905e-01 1.211739129229116863e+00 4.980855580209627709e-01
-5.232275724897139484e-03 -1.077913098344948306e+00 -3.194180328353655729e-01
1.056555544641811784e+00 3.791312877887637045e-01 3.178315566738104114e-01
-6.326466384286232314e-01 -8.502239279789520765e-01 6.085757955799738772e-01
-7.204883789245032366e-01 1.156220227456412619e+00 -1.018610519386067947e+00
6.634129967855501020e-01 -3.991454890338620443e-01 7.456575299765426657e-01
-6.909915606876305683e-01 6.687301567721578577e-01 -2.590747286607958388e-01
7.592516792211198018e-01 2.131031023606083874e+00 9.995075610643636699e-01
9.780919141479075263e-01 -5.341153992661556993e-02 -3.442498544185878528e-01
4.852269365938401413e-01 -1.113245693743448728e+00 -7.178254170053438576e-01
2.209238312766260037e+00 7.648526375746202977e-01 2.787194766939570800e-01
5.997028342611517848e-01 -9.019880546641748653e-01 -2.363159102283054758e-01
-2.125348681073100376e+00 -6.575652090231552949e-01 -5.878842620459926449e-01
7.011266692349588103e-01 1.392100883132445732e+00 -1.542949136008775035e+00
4.251090799736617076e-01 -3.849038986854587119e-01 6.104553175980338003e-02
-1.324172584719112561e-02 -1.048155960703076817e+00 3.110166348879382925e-01
1.684925414898184592e-01 4.133523085138062769e-01 -1.116336726475060520e-01
-8.670193104763649350e-01 -1.016956061973246506e+00 -6.980914369820397092e-02
8.620672472744207449e-01 4.798096288130436760e-01 -2.943590487322514035e-02
9.109559305657952688e-01 -9.790643491504625873e-01 5.159597941388143205e-01
-8.549527617884270514e-01 1.570630888485625987e-01 -1.265070010019614111e-01
8.253463855136008442e-01 3.445219839909688386e-01 2.621513466203569953e-01
1.253838758103881235e+00 4.323461549682475202e-01 -2.647029813440977541e+00
7.073620457904187253e-01 -7.306278414118785314e-01 1.135746806001861897e-01
-7.025984827464836213e-01 6.069163660557205242e-01 -8.704782557382310104e-01
5.922162218530211408e-01 -5.916672568649774533e-01 1.717212130958623462e+00
1.938411874582260386e-01 1.331232336242583469e-01 1.690297607629219101e+00
-3.279422167733146432e-01 -7.504432103357845385e-01 -4.893237005551430707e-01
2.395386852241823572e+00 -1.293416711260897689e-01 2.433177241914288302e+00
-1.111558321269961569e+00 -8.194460170440779345e-01 -3.475236196351638718e-01
-7.319643121472099168e-01 -1.794566090844692541e-01 7.245692548611940564e-01
2.207211428238143869e-01 -2.233940990796889070e-01 1.800549012409496663e-01
-1.905105598221673857e-01 2.218426273356970402e-01 -1.550522844755566121e+00
-1.759387785519784253e-01 3.956085505598545826e-02 -1.079607576292894278e+00
8.611843000839877194e-01 1.061396236765705270e+00 -7.603532559659720302e-02
1.343205541242294077e+00 -5.282411925421918175e-01 -1.478211917052847935e-01
-1.445847456653643448e+00 -1.195706101361055040e+00 4.272314161097505725e-01
5.797503810170303584e-01 -1.432697589411417116e+00 8.764357423668336367e-01
2.183161364532718807e+00 -1.232332484639254488e+00 -1.066322758420448213e+00
-7.619579116863886004e-01 -4.400283003731875198e-01 3.647963073441947146e-01
-1.708655368774790184e-01 -1.708215145322065975e+00 4.880846400728499623e-01
3.469076640888800189e-01 1.200624571398932083e+00 1.003607814444427371e+00
-8.116136186719573598e-01 5.419847019940258193e-01 -1.276021144815806529e+00
-3.629860527865567121e-01 1.091815050102786122e+00 1.623232686402956149e-01
-6.143388951923953734e-01 9.941768266412773780e-01 6.063007876798661711e-01
1.339879661683407219e+00 8.864001424385784533e-01 1.056096462640582434e+00
5.526452120460095818e-01 -4.309165682498328209e-01 -2.785031445208379530e+00
4.257918339679115927e-01 -2.391410771130963120e+00 1.151838832355252196e+00
-1.281919265545796272e+00 5.118362391439367463e-03 7.651482720708044916e-01
2.143660345662235511e-01 -1.339826211964378899e+00 -1.501134240409918830e+00
-5.316215291788394248e-01 5.592651713703663541e-01 1.116921985375205928e+00
-6.158824973647221146e-01 -1.759594702019565471e+00 -9.130049977274209416e-01
-6.537501087053536608e-01 -5.923827659424716341e-01 -1.710237845760229414e+00
4.892480038530293562e-01 -7.429111503848847553e-01 4.117327424949216996e-01
-5.900073071833399352e-01 -9.333676860743608250e-01 -1.473074711497227129e+00
-3.179409080946529187e-01 -1.955316979644666775e+00 6.119827660872991792e-01
-5.116189714054114601e-01 -4.486295572533895992e-01 5.317274598209701386e-01
-1.137235317222229147e+00 2.724695399464325263e-01 6.671866537546635723e-01
-8.798263138943777928e-02 -1.213936488747216380e+00 3.206274561394452105e-01
-6.901337195759610355e-01 -1.474363713876051918e+00 -1.776800376844150042e+00
6.679912043247746567e-01 1.840773417539937951e+00 -7.922023677280246590e-01
7.849651885237732829e-01 2.071818270442353158e-02 8.101711083472956654e-01
-2.749623001157905922e-01 3.297963774210479926e+00 3.830601995166445228e-03
-1.464494238377867408e+00 -4.453545668169615612e-01 3.476439065429250130e-02
1.859467248716399235e+00 -1.192918040656191225e+00 2.335968398427022752e+00
-4.689230844543982868e-01 6.444109200002712257e-01 -5.828719822067685019e-02
1.163880251776636676e+00 1.437260399274927325e+00 -2.263905106879600559e+00
1.518192301691987378e-01 1.361735180703708969e-01 -3.833951649693705804e-02
-8.804402157567080556e-01 6.575769735429978224e-01 -8.624645874496700282e-01
-1.190773667127182023e+00 3.900940182767427822e-01 -2.254169983158562374e-01
4.539177367486326165e-01 -1.033084819513822583e-01 -5.995040195749004042e-01
-1.823873210479556584e-01 1.745278328008444291e+00 1.783762184758685532e+00
-5.035944460743686513e-01 1.593892050865082233e+00 6.775211817907222933e-01
-7.458027154791193603e-01 -4.078840408194602807e-01 1.930205169282771527e-01
1.860269557638070781e+00 -2.048114748457668277e+00 -1.216275459942532722e+00
3.513019792019240750e-01 -2.894823727019381066e-01 -3.307450089863351872e-01
-1.232576760554266349e+00 1.782952483032625990e+00 5.050618320537271222e-01
1.576283021839342213e+00 -7.297733966573991538e-01 -5.162779899741974932e-01
1.020631901772262484e+00 6.654505564821043551e-02 1.253811449156690516e+00
-5.147412376143861712e-02 4.305687773230620907e-01 -1.803457675596072951e+00
2.967956275347653161e+00 4.664364249436814269e-01 1.237760478411307430e+00
-4.402836180379331998e-01 1.987210656573920042e-01 -1.217072867880468895e-01
1.535134477291356880e+00 5.762914354848179821e-01 -8.621112082340903759e-01
-7.632777487402189198e-01 7.867126803636893539e-01 -5.641265593748946428e-01
7.085340219290563457e-01 -1.030840143907432616e+00 -6.748370962584137045e-01
2.059001967125027310e-01 1.220769055504735912e+00 -9.420646257824123460e-01
-1.960860239326223553e+00 2.043517217693511689e+00 -2.049840139802389660e-01
1.132162533987927655e-01 -7.111088984663229695e-01 -1.592358225606108901e-01
2.170682066647666442e-01 2.998609691117605780e-01 1.610856321295494720e+00
-1.410971002192624946e+00 3.812742126200540649e-01 -5.668731770927941671e-01
6.666574595827766681e-01 -1.737783262429551723e+00 1.341243224924205668e-01
2.095497001799184918e-03 1.105315919164240102e+00 1.741196508681959465e-01
6.273834212882631323e-02 -1.784906335588289927e+00 -1.351664242544465599e+00
4.665041745167157194e-01 1.330629455198485134e-01 -2.106965785013155679e-01
-2.226367112610723620e+00 -5.938324838699864383e-01 -2.928117432573327239e-01
-4.916019298222749634e-01 2.139434962033434640e-01 1.544917411656247186e+00
6.799470755024214497e-02 1.929456487675027976e+00 9.442352876415140983e-01
1.666076557703087269e-01 2.058443909141719264e+00 -1.792808395196733962e+00
2.132238407476522435e-01 1.978658312243999629e-01 -5.299339219087907393e-01
3.958023012816364012e-05 1.647678669619418779e+00 7.068492340295119414e-01
1.805618942257769186e-02 3.613325285948115195e-01 -2.614942575165621341e-01
-3.833301329771848232e-01 9.711960018030830755e-01 4.216783561420371917e-01
2.335535002416206485e+00 -1.264260960898789143e+00 1.281492768647069236e-01
2.300984823038350890e-01 -1.074468211990151634e+00 9.055710422455135467e-01
4.216169557732680762e-01 -6.932683567727516982e-02 -1.709856655663773317e+00
-1.398525948874948854e+00 2.733743369538469414e-01 -4.983301244102701366e-01
-6.771372162519292415e-01 -2.088189822194028711e+00 1.079884039340003765e+00
-3.803184043019887661e-01 1.699709970812783300e-01 -5.653434703180317822e-01
3.897554170714191690e-02 1.817561500149409426e-01 -1.298511816221516457e-01
-2.489279283687472422e+00 -5.129154338921717571e-01 -4.593510351181126494e-01
1.842542483874244075e-01 5.842495735060991846e-01 1.908139572161328401e-02
2.218275610190069413e-02 2.527196813863068492e-01 -3.146137750620050522e-01
-3.203787638336803578e-01 -1.649979193643545727e+00 -1.571895677837853722e-01
4.160624892398762098e-01 -7.216131895128549134e-01 -4.211120729760927106e-01
-2.528314507845582093e-01 3.919481748338864424e-01 -4.448233222768880890e-01
-1.791127297498491977e+00 1.508705737552921811e+00 1.186334288809426894e-02
1.015531651504600452e+00 1.021814609538805430e+00 5.546961042287025245e-01
-3.070544514286415172e-01 1.346402077246317663e+00 1.582154399247732934e+00
4.248205051100373830e-01 1.612196036832551360e-01 1.294263071321788416e-02
1.323582392391317031e+00 -3.119307801726562412e-01 3.005976835144230641e-01
-9.686581809056997727e-01 9.802320447715902052e-01 4.086705075805833337e-02
-4.508698246111255137e-01 2.906869186386295545e-01 -7.118204806364942794e-01
7.607937781289105805e-01 3.440710843209825454e-01 -2.799516107658847064e-01
5.140612013849792383e-01 6.080877772698993766e-01 -1.910103526463614587e+00
8.319034063949706237e-01 3.336911958352881680e-01 -2.180686150390102607e-01
-2.443952002600199569e-01 -1.352146505668855581e-01 -5.386783431033017600e-01
9.396995263661312991e-01 5.720243943310991952e-01 6.897872657791298545e-01
1.216371700064280192e+00 -4.947872988592117438e-01 -5.587525548714183943e-01
-2.463089425847889480e+00 9.048148978093931150e-03 -2.044104496415815458e-02
-7.643300405424665600e-01 -6.999299510130333468e-01 1.276520492047179323e+00
1.082236605890769532e+00 7.195717031563998445e-01 -2.449186046300400044e+00
1.980333895863358507e+00 -1.268509981797769859e+00 2.168396600695310816e+00
-1.102286767896538899e+00 8.404580725739891900e-01 1.765450861417964534e-01
-8.998312518335442878e-01 6.561810935466366734e-01 4.216262436678810954e-01
2.437489143934684285e-02 1.136724120874781807e+00 -2.504404266572588522e-01
6.151029984390095073e-01 -1.025213085876151897e+00 2.852216233580817106e-01
5.197294791375026701e-01 -5.310736813262546541e-01 5.718476685418186767e-01
7.361054644157194460e-01 -4.102837726153231168e-01 2.416617206379851057e-01
-2.043725211866433134e-01 -2.854488979284818262e-01 7.701573793475152696e-01
-1.978274439987915301e+00 -2.296955378301378525e-01 -1.148044051209472283e+00
-3.360334714645731302e-01 -7.903858744725115182e-01 -3.054587010895097876e-01
-1.174829888092441044e+00 -2.560853335271259246e-01 -1.189188398634458133e-01
-8.588738277062105686e-01 -1.191406367644495257e+00 1.143719814900547194e+00
-3.066601650341673757e+00 -1.114132239720733164e+00 1.224785230797830193e+00
3.079411789304905001e-01 -2.842123862595755668e-01 -7.023947504769135763e-01
-8.143347416978243825e-01 -3.252638327340101054e-01 -2.750188748622036088e-03
5.036259839573972164e-01 -1.985920587946252702e-01 -3.798790023423292417e-01
-1.238080336763573319e+00 3.940368985946944291e-01 1.537103970236211314e-01
6.094698750899012474e-01 5.399958220852315582e-01 1.300079967335004971e+00
-4.269418748708156408e-01 -3.070626340416465205e-01 9.791602946533619622e-01
-1.560384683961090646e+00 1.422485687392489373e+00 9.183848523542159636e-01
-9.919517911833460877e-01 2.826701867544415547e-01 -8.335899993069416647e-01
6.576407495711225071e-01 -2.096960914618879179e-01 -1.360915292130445264e+00
-4.324736107840996824e-01 -1.634666635521702105e+00 -1.060522267432151056e+00
-3.469380276883728409e-01 -4.345181700865060059e-01 1.742658620486352117e+00
-6.769391970421592686e-02 -1.161681248882836748e+00 -3.698175102899131095e-01
2.059629231775242708e+00 -9.324147368143299863e-02 -6.351660431875600921e-01
7.661070652984676432e-02 -1.113655181737769562e+00 5.355407025705132273e-01
1.297228408809153688e+00 -1.725464151366880028e+00 5.932764293673666867e-01
-2.411527741560823390e+00 9.566884756371467347e-02 -2.446292610651617239e-01
3.995917363461785610e-01 8.516241334529764950e-01 5.667593798548040684e-01
5.760129480705799415e-02 -3.361869666991152417e-01 8.380591487946660312e-01
1.088106133793499408e+00 -1.436549588317731052e+00 1.083682833095406917e+00
6.803222292336048582e-01 1.354327512191647376e+00 -4.616698005276681505e-02
9.522722444716126278e-01 9.417075251928858082e-01 1.466662772626565303e+00
-8.952083077658097299e-01 -9.251505764235909979e-01 3.671655972155563608e-01
5.722440656084140098e-01 4.142193732265279649e-01 -1.404099257338455420e+00
-6.478277848817900475e-01 -8.396599640360277172e-01 -8.499176251878879373e-01
4.568333102160481718e-01 1.101732550173678993e+00 3.178490190374755886e-01
1.331854262260258270e+00 9.072332649643857216e-01 9.477034789048081054e-01
2.282610020328108558e-01 2.372088657466266404e-01 -1.019268272404804554e+00
1.530729644566961811e+00 -4.806681665446317919e-01 3.271621814640956472e-01
7.032453096496282807e-01 1.347013715913255583e-01 -1.695655231910563110e+00
-2.468309805797819501e-01 1.084195305857370700e-01 9.511885820380544532e-02
-3.523543230374874824e-01 3.997327686552984427e-01 -2.706639204141036426e-01
-9.659981106581433385e-02 -8.420354004088815847e-01 -9.345813332088163117e-01
-1.065931121397820647e+00 6.590574484576420256e-01 8.718756845872324135e-01
-3.466482030734529401e-02 -1.019182469413401959e+00 -9.861221939191756602e-01
6.498870735618625938e-01 -9.187206887119429011e-01 1.021424128893679395e+00
-7.238295214658467813e-01 -2.195470706161536611e+00 -3.142565369442333334e-01
6.938431913826986763e-01 6.541860104821091149e-01 3.572906575819829733e-01
1.074186192068997819e-01 6.429526673963785466e-02 -3.329989339102791546e-02
-9.636808028886263422e-01 -6.057593518834845092e-01 -7.820665999225054343e-02
-8.349028126008591899e-01 8.626619414552209042e-01 7.483897277888146293e-01
-1.406956894197797459e+00 -6.660602590583854232e-02 5.616691413820937839e-01
2.782633029495928390e-01 8.312951443472118562e-01 -8.238874892889140877e-01
1.181266855879569144e+00 1.203715546196532982e+00 2.111958122978840890e+00
-6.579935997604650089e-01 -4.544309613093566735e-01 -5.428097016813925313e-01
3.714476528420845303e-01 2.232502481364565250e-01 -9.561411019393976085e-01
1.812524106893229625e-01 2.996230596509200650e-01 3.567332481967721014e-01
1.486224700421534983e+00 1.036896113933453600e+00 8.632584466912988086e-01
5.842540073712455539e-01 -1.030411069308394323e+00 -2.751600218510772411e-01
-7.917155039643043457e-01 1.022058754177151974e+00 -8.167798319443120292e-01
-8.892953451516349972e-01 1.176468054816796727e+00 -6.755621730528429403e-01
-2.600197325320123543e-02 1.502524220293438129e+00 -3.300707596888417528e-01
1.305980465652681888e+00 -6.160310797243074843e-01 2.632130994123700954e-02
2.586318236450799168e-01 1.157300662537924074e+00 1.115546233024409917e+00
-1.575185798208772192e-01 -9.141745732092382282e-01 -9.548317811310418068e-02
-8.119419414316082495e-01 -1.371571875729137302e+00 3.919356983221950613e-02
8.811841439172911628e-01 -1.814022596331838211e-01 -6.054859104313886631e-01
9.953302668018942923e-01 -1.048427918506247281e+00 -8.844383855719746279e-01
-3.734254491609301924e-02 -5.617652535686774584e-01 -7.378056032831634137e-02
-1.621744682978888685e-01 4.722156438031683279e-01 -6.377228127191628682e-01
-1.099745126759804847e+00 -1.057307823361868682e+00 -1.242611607447203781e+00
-1.183085115664498366e+00 2.853687210615323822e-01 -1.069695773641486491e+00
-1.748671174816262441e+00 6.745333839111817831e-01 -6.477327443345476388e-01
1.085213184481776186e-02 -6.136568161275293143e-01 -8.610491297775217934e-01
-1.268916420760470620e+00 -4.448321481108387099e-01 -1.320755509385974191e+00
5.481180708722543926e-01 -7.371663678123934194e-01 -8.464421705534569407e-01
-2.623358805935610771e+00 9.694442106514531421e-01 -2.052845961507957992e-02
-3.279301169464826637e-02 -5.930964110708987214e-01 -1.690701595136682611e+00
6.168390100807585874e-01 -1.117538565822171037e+00 1.693725243252786061e+00
9.150861039806522657e-01 2.405412120394325282e+00 2.087826338175452767e-01
-5.862391513381433328e-02 9.039954509616334732e-01 5.110307452474928125e-01
6.461039483849162490e-01 4.152806245216540404e-01 -6.715800405966080300e-01
-8.223657754212428117e-02 1.889688856856573729e+00 -1.719182164349243314e-01
-9.752533360984638744e-01 -5.884992891954545779e-01 1.425838243623744006e+00
2.382456652281537621e-02 -2.261349459020796981e+00 -8.014812172156552394e-01
-4.044393068074805253e-01 3.449790580478832025e-01 -1.203138006987230391e+00
4.060650315351492512e-02 -2.666073796843215771e-01 4.518550049851299821e-01
-2.233614038504609045e+00 3.450831761411528031e-01 -5.697955539175048045e-01
1.763232430104893389e+00 1.629524423998644389e+00 -1.012247856500170018e+00
-1.182877486918734844e+00 3.788925419722161125e-01 1.095067876355821479e+00
7.071024927563401841e-01 4.725967524669981712e-01 6.368454897672942705e-01
-5.428642156791833040e-01 1.287269429809805021e-01 -4.832145558212677106e-01
-9.947822915009226774e-01 8.768290637819388389e-02 -5.782640270237690006e-01
-1.776338159825721352e-01 -1.885149353975087982e-01 6.168502218291973538e-01
1.417635636801551358e-01 3.441255120725330019e-01 2.525478551231532531e-01
1.620844584267269045e-02 2.416534249968805614e+00 -9.959107909774321810e-01
3.778265582534792721e-01 -1.825376531750348974e+00 -1.114406438772333363e+00
-3.337902929652005191e-01 -4.896334376527212151e-01 -1.415016050534751768e+00
1.181808109375008797e-01 1.117232816200790735e+00 5.288556057381335052e-01
1.111269046493352342e+00 5.259924167666499839e-01 1.082991563961773540e+00
8.385462687670834636e-02 7.288769907992012076e-01 -8.178743486520853034e-01
1.378030377333373524e-01 1.208915514937589641e+00 3.211629648691611272e-01
-1.205887651868833066e+00 -4.345056924411280219e-01 -1.252265950832891273e+00
-2.386885305975836147e+00 1.670343240012181374e+00 9.741974286866382782e-01
1.005504395081818353e-01 1.624405988534369794e-01 -1.710986308291103930e-01
-1.669606227085981276e+00 -3.037949636100989448e-01 2.953003030264451101e-01
-8.792459628458952903e-01 -1.047342254069957707e-01 -3.853798171553743379e-01
-9.498415670903788410e-02 4.207711446137309408e-01 -5.602658096705812607e-01
8.520225253349018590e-01 -3.352730942012316362e-01 -8.440215717034199594e-01
1.833936738068169259e+00 -1.580001327203923056e+00 8.782301845689126640e-01
-6.844538139994925663e-01 -2.734843725875462095e-01 -1.686329394219391986e+00
-1.699735489926308407e+00 -1.439372594406412298e-01 -8.596080953054390239e-01
1.578360858365876362e+00 -3.140491968624701258e-01 -1.662135532331101340e+00
-2.753482289523766502e-01 -1.152540800868779414e+00 2.625214499015239844e-01
2.694918708239261718e-01 -1.059213450516085508e+00 3.778993526124823643e-01
-1.509595304961378393e+00 6.088528816660828541e-02 3.026125957979249326e-01
9.070085316767660943e-01 1.319917593667168099e+00 -9.561708010432181659e-01
-7.077871959221422593e-02 -7.202612495103989376e-01 5.653185493448592558e-01
-1.926780876238110285e-01 -4.967333255008535980e-02 -2.427217808312032599e+00
-4.651173893973058471e-01 4.896334917800636011e-01 1.361755264401841137e+00
-6.388421572316201891e-01 2.121721526727699203e+00 -5.747402910727750225e-01
9.462564135061760640e-01 -1.096190211698794270e-01 1.183190660186980853e-01
8.710708023698081615e-01 -3.256494822261122857e-01 -1.520166793693071838e+00
-1.102761052201190584e+00 4.999909707307250151e-01 -3.649610115135131228e-01
-4.506043440067701855e-01 -1.448074314443680011e-01 3.353352213240932689e-01
-1.993153747322260957e-02 8.709814961467883254e-01 -1.474481198944808336e+00
1.853844044495184251e+00 -1.856813313947775157e+00 5.112792224138600350e-01
-3.965263972523336289e-01 2.809580808054804035e-01 -1.884499899868475437e+00
-3.011797923325829768e-02 -6.379044591514074769e-01 -1.468176384225357234e+00
1.982221284465861766e+00 -6.071477899317991866e-01 1.493552177807998094e+00
-1.682216509383072933e-01 -1.164432703288098558e+00 -1.471128035978447102e+00
2.470678911768384278e+00 5.979147777390969587e-02 -5.028167696681925397e-02
5.757251433943774144e-01 -2.065107492978602854e-01 -7.827629378529703530e-01
-1.538464967227144209e+00 8.726558750039271617e-01 -2.575036569757743976e+00
1.499340205990425667e-01 1.286884440369243654e+00 -2.032890025019130908e-01
4.789593404828638712e-01 9.030412179011939600e-01 -1.381382012010561988e+00
1.879814459337970645e+00 -1.378560072565227390e+00 3.643062404951531996e-01
-2.644223152451502301e+00 7.404247391212289697e-01 1.523244206919947663e+00
2.584900505436451001e-01 -3.485986546953750431e-01 1.018513773021751501e+00
1.377182444293557906e-01 1.318210604481871440e-01 1.444390780134480190e+00
-8.627111770147231073e-01 5.134657933039085131e-01 -4.512629207773971585e-01
1.675937766796431694e+00 6.282900461637921374e-01 8.080165800909423768e-02
1.909323230632787638e+00 -5.361149949853719621e-01 2.591262019905125058e-01
-6.676025542591478290e-01 -6.122584746941247547e-01 8.476861551544475626e-01
-4.436525545444915120e-02 -1.364735005256275446e+00 -3.731230949327929980e-01
1.817682869031586268e+00 2.820047545087427943e-01 2.606474611734977409e-01
9.217981837084122942e-02 -2.936645567762697917e-01 -1.236712584343311994e+00
3.060127020598217285e-01 -1.113599941662540616e+00 -6.523078647314754785e-02
1.099520205953652852e+00 -5.320989820294114159e-01 1.271464688979794699e+00
1.951184436518426102e-01 8.349664110402900130e-01 1.336380323728579622e+00
4.811136805791423887e-01 -2.714923899463144719e-01 5.407002469149346791e-01
-9.312797759420188282e-02 -3.831288832574542558e-01 -5.599175784144796442e-01
2.868407749318288569e-01 -4.760981896719296280e-01 -1.142867272084162167e+00
3.540875692634037897e-01 -1.603493589461830293e+00 1.375607667325155159e+00
-1.441172524882552208e+00 -7.260224721688506300e-01 4.351315480413548431e-01
-8.345009815277433518e-02 4.920815232195674405e-01 4.146876991572586713e-01
-2.888463463924169083e-01 -4.126417384555324669e-02 -4.266096159126137044e-01
-2.087614794410729058e+00 2.013303916329692633e+00 9.474580557300347206e-01
-8.438439373026335177e-01 9.914813885895241985e-02 1.353174156312591414e+00
1.018616520697678496e+00 6.233133673131924929e-02 -1.050216829039832822e+00
-7.547230835788404368e-01 1.334450286329107227e+00 6.083480133646284038e-01
1.155458737139133607e+00 -2.421119160797614023e-01 7.260359602558536136e-03
3.894266240471093155e-01 1.791824466490846035e+00 2.030242988602254162e+00
1.379405141298348236e-01 1.335308968581126798e+00 2.500730990515963592e-01
-8.593095219161906995e-01 -1.281204236377238237e+00 7.792254010753755233e-01
2.840142673579187926e-01 -1.402254459201088599e+00 5.119030579462606756e-01
-2.225844298127539034e+00 -1.595975704431864761e+00 8.116356705986228492e-01
1.693993128882575583e+00 1.740369824695225054e+00 -1.687151463032444898e+00
-9.557052637014951113e-01 -5.066694769111668162e-02 3.659658909688769113e-02
-2.246347003726907321e+00 1.294136802420640553e+00 -6.053397453059472522e-01
2.610242631077683284e-01 1.528637081064559533e+00 6.231863950643290462e-01
-3.967597877558325936e-01 -5.980511444831308060e-02 -1.025079201692027153e+00
-8.168978740975586517e-01 -7.799064447544223899e-02 8.741374171827455131e-01
6.251024917023874083e-01 1.010679083032826719e+00 1.293684517593435279e+00
-3.658991028297005066e-01 7.027745228110495734e-01 1.254720908544506353e+00
2.568731750084855825e-02 7.105192461057189268e-01 3.356961127487703145e-01
-1.087206591391197241e+00 -1.121347091137588459e+00 1.168861746638102828e+00
-9.310828504123043470e-02 -1.752399761889599557e-03 6.158676699300270618e-01
-8.830600229279942370e-01 2.602429576609392559e+00 1.221711237774018910e+00
1.504037580707838773e+00 1.133301093602412241e-01 8.025503220427098183e-01
-4.457893374190537161e-02 1.041999850598000155e+00 -7.903540584013453163e-01
-9.599286793863024414e-01 -1.289482068527101066e-01 -6.302670642624693675e-01
-6.985365175473630117e-01 2.684858292477304564e-01 -9.057796077136672785e-01
-4.828198068314978886e-01 1.342820077572804083e+00 -2.056076298213555642e+00
-3.740256749129719158e-03 1.488598636813502241e+00 3.745701731697151371e-01
-4.354320241605555974e-01 -1.801848759455595195e+00 -2.234967317952254895e+00
-7.996836784666708775e-01 3.488661362307794028e-02 -7.812150766051708661e-01
1.231576437263165236e+00 5.913597804114438805e-01 -5.724002916916680617e-01
5.196082413666115452e-01 5.256164560111912382e-03 4.564843906342202356e-02
9.580464684060653324e-01 1.414252754146828883e-01 -7.647242070460225083e-01
-1.033809104041105265e+00 -7.624395345110719646e-02 1.555466850153192360e-01
-4.238571258249780871e-01 2.258042109640146511e-01 -8.312823377198845787e-01
-1.223253367295934035e+00 -1.324521416158385811e+00 -1.898666191318336915e+00
-9.578330427027213767e-02 -5.669371477204731002e-01 2.164350320546494788e-01
1.118259664180041302e+00 -1.217881876177807410e+00 6.467464899116230903e-01
2.655017737489138163e-01 -7.723252913716525114e-01 -1.951163246343449842e+00
5.937819485233500894e-01 3.501150716656944439e-01 -1.443534897145268392e+00
-1.281646583955642127e+00 -1.262374799023626037e+00 -2.536563508466848638e-01
8.690302672536035500e-01 -2.873634933444290107e-01 -1.763537215986761053e+00
-8.206849921305555684e-01 -1.023771032003208681e-01 -2.238349355345209124e-01
-2.591762608634157750e-01 -7.756999615663304759e-01 1.008469215056223778e+00
-8.526650824506269988e-01 -8.823837445980317051e-01 4.701380554001668988e-02
4.762578531340000421e-01 -3.048112568156710611e-01 -8.015269447903309308e-01
8.500819149663124685e-01 4.685877148898989208e-01 5.768326532543375240e-01
-3.147877335651246833e-01 -3.175082632543863026e-01 7.021380078804564384e-01
1.668636326288242211e+00 5.286514658964207580e-01 1.144934257578300585e+00
-1.008298009043030186e-01 8.759521729817668079e-02 1.062475980922075181e+00
-3.551646577230709312e-01 -4.716538817018232632e-01 3.995639274655030104e-01
5.056195360431967739e-02 -1.270361468104677094e-01 -3.756532384230735211e-01
-1.928688359124297147e+00 5.179496425011054228e-01 3.333386348948594868e-01
1.395607525918012515e+00 1.545039350238945675e+00 5.200322446877095883e-01
-2.510747247228380941e-01 1.349969902518832088e+00 5.743089964226439914e-01
9.861962073280668983e-01 6.653265671928747516e-01 3.860581847502418951e-01
4.323078700447433834e-04 -9.771285506125902687e-02 8.320232236732072462e-02
-1.706425098685863118e+00 -1.402196878694531135e+00 2.017104555424617529e-01
-2.448630071548451581e-01 4.142456307813599525e-01 -6.477593555173691842e-01
-6.886643297017396304e-01 -1.089640607476302536e+00 1.432462979793229119e+00
4.588294832954185054e-01 1.282796196069641015e+00 7.295306018454726926e-01
2.663365010007118783e-01 -3.479955294931058596e-01 -1.183354580130641764e+00
-3.429123674409096934e-01 1.014047059416314234e+00 7.954498134601576398e-01
-2.175712809526950675e-01 -1.386328333995961559e+00 2.160557465262567867e+00
-2.211233434484650040e+00 2.236011569791652165e-01 1.688056613545754647e+00
9.234569232428182506e-01 9.732711724821737631e-01 -1.146560188352931942e-01
-7.311980075962983827e-01 1.937235218761705680e+00 1.699633814977817847e-01
-1.345990038733534400e+00 9.933826423408521622e-01 -1.122222257293622905e+00
2.131181839453669125e-01 5.335034455442732026e-01 1.610570630536321657e+00
9.143380476514039179e-01 4.953241164617276371e-01 -2.700255974035906115e-01
1.249786518037131922e+00 2.147976756295666423e-01 3.494437862399453198e-01
2.270193296981330100e+00 5.928336711600926678e-01 -2.218438242385863735e+00
5.350411512760405719e-01 -8.685253929672316631e-02 1.570024888064483592e+00
2.911774466713308307e-01 -4.391171383434028241e-01 7.148382588548340966e-01
-4.548718765005090731e-03 -3.793249392594366665e-01 -1.796589010952217846e-01
1.822966414885248243e+00 6.392390374858583080e-01 -4.410118742806606873e-01
-5.269039912877307996e-01 -1.586594936966180536e-01 -6.371164668495199468e-01
-7.567253135537029829e-01 -1.064170359801873689e+00 6.073394277093759064e-02
3.702471003477385003e-01 1.677210091843060469e-01 -1.793067883731621404e+00
6.869154382545744619e-01 5.917504902985282200e-01 -9.458720236324671404e-01
3.585176840815599286e-01 -1.200621428911482713e+00 -8.501568701819138818e-01
3.685530017537157477e-01 2.000161451444268934e-01 4.185346779311692189e-01
5.182600953049697479e-01 -3.370323973860599454e-01 1.614471208984411321e+00
2.513719546328732624e-01 2.201489945742563792e-01 -8.146247765561875909e-02
4.605665770160201622e-01 1.441832636353580499e+00 4.494609746552354346e-01
1.146096551289042642e+00 -4.145637525860023098e-01 1.945807292949647493e+00
-3.607769149749437410e-01 -1.302072271481940491e-01 9.080963613968655590e-01
6.844637667712321072e-01 -6.517391300327418646e-01 -7.538886496960457428e-01
7.434032561546645157e-01 -7.922064618119860624e-01 1.180977619568304715e-01
-1.689982158211940533e+00 -4.063979137358300076e-01 3.313798418831292447e-01
2.325174002803282458e-01 1.480621091392903266e-01 -6.300713620779750668e-02
1.550972154831080196e+00 4.398979581061311928e-01 -2.650462821316693862e+00
-2.865529267420027781e-01 1.435797219937217317e+00 1.060954885165871046e-02
-9.390895707249633517e-01 1.637857314658865526e+00 3.661290218869366342e-01
2.646795916863814435e-01 -4.060782393828507586e-01 -1.255727736607731959e+00
-5.084795546267332211e-01 1.524218637434334278e+00 8.456002068276307071e-01
-8.268143016357103470e-01 3.872159022109435966e-01 -1.501993071092740273e+00
-1.869110566461051448e+00 -7.500263461257707931e-01 -5.580166315785495268e-01
1.229390336196817479e+00 3.389109199853084647e-02 -3.983139030202784703e-01
1.235167223451695939e+00 3.034286321158642385e-01 7.139795490605241324e-02
-2.792256141064059505e-01 1.559528192101430621e-01 -5.492830208316363816e-01
-6.868190169213368446e-01 -2.195463628611851181e-01 1.616513316019952295e+00
-3.456050775068144620e-01 1.212570972274456205e+00 1.685596925982446037e-01
1.262685634277531443e+00 -3.065397702575581862e-01 -2.181436021255473090e+00
-1.635617236794630447e+00 -2.548108150855082354e-01 9.063718525343272825e-01
-9.773570068633472552e-01 1.018232316054374031e+00 -4.002924255795193287e-01
2.244830377887952755e-01 -1.094684632150607406e+00 -8.276840933033703385e-01
-7.497869635714782266e-02 -5.844856224172603198e-01 -1.281968001102601562e+00
4.736034189589317239e-02 -6.611039207225253289e-01 -8.903578544212246149e-01
-8.467981438186018561e-01 -5.912403933515401055e-01 -1.810028876306450041e+00
6.403394136510380807e-01 1.021725500848128299e+00 1.033185377202725963e+00
-1.413302758690281047e-01 1.959316793195158279e+00 7.484177452301258304e-01
8.570887452502634618e-01 -3.855887143902333447e-01 3.333238464005914836e-01
1.299145281058011969e+00 -9.095749783004685174e-01 4.726835695321297548e-01
2.093698275462956282e+00 1.822502270383352316e-02 6.259582672798598424e-02
6.259980012151847850e-01 -1.314571812343428237e+00 -3.392350437499913607e-01
-2.199559555226874075e+00 5.326326007246610095e-01 8.235469807303825718e-01
1.380504723843614112e+00 1.811840780579632382e+00 3.961039243797123133e-01
8.506575541249037364e-01 1.592362293957784447e-01 2.467460991394895553e-01
8.223872118887594063e-01 2.637711602813290201e-01 1.010946573321238606e+00
8.176191722838864473e-02 2.030525447305455700e+00 -1.186799814850177492e+00
1.871016748495386572e+00 -8.772336379286780339e-01 1.468195784387952285e+00
-1.172485526631339425e+00 -3.383057794755154335e-01 -4.345211049291410887e-01
-3.275291022557629272e-01 -6.269850010919840733e-01 2.006603540386665330e+00
-1.090761085568964672e+00 -1.991787517797054763e+00 -9.456265790761636536e-01
-5.191936123726029750e-01 -1.325923260613688592e+00 1.318027160664458242e+00
-9.326802480849384347e-01 -1.121170942680699945e+00 -1.201089515602486113e+00
9.981376222019371358e-01 6.126750939809721963e-02 1.723923245142312544e-01
6.333885241564558566e-01 -2.179628705132272692e+00 -8.157860358982480520e-01
-8.552278448405870037e-02 -1.366114557485522962e-01 3.501714753503629152e-01
1.792202789386883599e-01 1.538363932504670413e-02 -9.271356448858283361e-01
1.231955728079899615e+00 1.069117041921624933e+00 7.437448633903888107e-01
-9.994561292952724996e-01 3.827134877844638461e-01 1.653459225783810327e+00
-1.104441073552790531e+00 -7.034466301472133143e-01 1.291042748053789824e+00
1.233008098679957421e+00 1.668387816746718766e+00 3.000079321816784828e-01
1.811876772003787606e+00 2.893858989077064958e-01 -8.710894015000043566e-01
-2.824719982468986146e-01 6.132502866453346663e-02 -4.434873383183323692e-01
1.545443175746172182e+00 -1.202278971016346398e+00 3.784540807953588049e-01
-1.108223196477643203e-02 -6.586718662093877796e-01 -1.327691485411325756e+00
-4.157699527366271464e-01 2.112838568424289853e+00 -8.536455843170439595e-01
1.581697644985998463e-01 2.261218269464717878e-01 -1.610550802807287352e-01
7.946987428941915121e-01 1.573017426336205338e+00 5.215849840609044358e-02
-5.070597435849469869e-01 -3.950519831147963207e-02 5.296404296577396087e-01
2.800582302089044684e-01 4.465277009573797029e-01 -1.550643413865204101e+00
1.734615706905675570e+00 6.122357380337130062e-01 -8.933315517660335436e-02
-8.275686588180712622e-02 -1.525500832481713198e+00 1.405460148170505352e-01
-6.132385749731136260e-01 4.369435245243528110e-01 3.005975810453524466e-01
-8.012676087912770639e-02 -9.902801558255318604e-01 -3.809350696147431343e-03
-1.692115201248298062e+00 3.470907502948857304e-01 2.508716779974915628e-02
-7.374940353147527161e-02 -5.065167180146250558e-01 1.212826959501042801e+00
8.199371267697959098e-01 1.913427911433087103e-01 -7.327750380123062568e-01
4.182703689904752054e-01 -5.999097213354864788e-01 -1.407165861371247662e+00
4.085327261983500158e-01 1.110980607951310484e+00 2.102567076724504713e-01
8.881036611132383518e-01 -5.508766872913687385e-01 -6.880539905847412596e-01
1.728908635644703207e+00 -1.015013377089281521e+00 2.313273204382229886e-01
-8.021855776032796315e-02 7.316170233026733638e-02 -1.635512276836214585e-01
6.824494812463854920e-01 -6.109614623727182003e-01 -8.597367946815785977e-01
-4.507109849575500343e-02 -7.159114571590829978e-01 1.775544365262556434e+00
4.966606603683629273e-01 -6.267328220255269366e-02 -1.277556963867518380e+00
-2.974461954968599109e-01 -1.264554032139888262e+00 6.645711344715671265e-01
-2.953247959835994529e-01 2.017963503563786176e+00 5.646706925459654691e-01
-9.892493340445598360e-01 1.471381317253538101e-01 7.977188575277571747e-01
-1.330821601711122737e+00 -1.688315903767921011e-01 -4.542743669255236427e-01
2.451781890327525970e-01 -3.689574177800454269e-01 -6.933725121857940710e-02
-1.154600892008879054e+00 2.161444920311033913e-01 6.026732299325172626e-01
1.211030692729100799e+00 -1.963751805253781315e-03 2.330199702143086748e-01
3.683555115823595183e-01 4.557779529849880218e-01 -1.096133478536265304e+00
-7.419447956286916446e-01 -1.646045449310262310e+00 -1.178030566939853641e+00
-1.246614650670836211e+00 1.655670391523465623e+00 1.104121403814302571e+00
-8.406954774139775433e-01 -6.256933113588137862e-01 9.307675158032575613e-01
-2.428656243720310748e+00 -5.124838180608912719e-01 -2.925217706151891361e-01
8.411768225295733759e-01 1.020520503931704015e+00 -7.625799748250936538e-01
7.302285379608804972e-01 -1.454917433149586881e+00 -3.300305352097298583e-01
-4.512142416183759913e-02 1.620815147066928183e-02 8.351723366550712901e-01
1.019660172084095429e+00 -1.628396646002727266e+00 1.323210897016951160e+00
-2.026723220181777307e+00 -9.034848819483312088e-01 -1.147727138419563087e+00
6.103156826299527271e-01 -2.085214091238028478e-01 -9.204768826370629542e-01
-6.738034471524811941e-01 1.098277502068476963e+00 -6.668540255875754497e-01
-5.143855702546920039e-01 -1.925046451291613891e+00 -5.052820098503718604e-01
3.103374432921976567e+00 9.346944545943715044e-01 9.609465130060278470e-01
-5.450714803659365559e-01 -2.984590810140749784e-01 1.864334050184182745e+00
-7.612183984860514396e-01 -7.546064115573842823e-01 -3.152737628763226940e-01
2.086463407545445792e-01 -3.923574667794124671e-01 -6.900223897172600429e-01
6.754492956380856450e-01 4.336697251391439245e-01 4.049130367166952627e-01
-1.858593133898033684e-02 1.250375841779538255e-01 1.419752671462087390e+00
-3.970807612747574711e-02 -1.763614774478776959e-01 -2.162714313474948025e+00
-2.205599284495332935e+00 5.903093466316996496e-01 5.056800997045225454e-01
-1.945018842968543771e+00 9.531948262928672255e-01 -4.921694292359941603e-01
1.310919350708080300e+00 1.010396044549720873e+00 1.715777956229927181e-01
6.597356297407847014e-01 1.861380129982311171e+00 5.033022615823244672e-02
3.039632994669257959e-01 -7.558577425458032906e-01 1.626410363922130786e+00
-6.941624936252247524e-01 4.067114936537457037e-01 5.923011500411742292e-01
3.229864421209839853e-01 5.559775771152414281e-01 4.273623247573186679e-01
-1.312229066852265813e+00 -6.631887409884434925e-01 1.960942602039564386e+00
-8.338417079568192225e-01 -1.004733262396006355e+00 3.707150561566535107e-01
