-2.869185858107198839e-01 -9.533438946077170684e-01 -7.333331533730625962e-01
5.299938908579381325e-01 1.247358144238322808e+00 1.374062134549206872e-02
2.913257996160044661e-01 -1.281416787008741398e+00 -5.934958123769902283e-01
-6.676136305310088614e-01 -3.684069246032605771e-01 -1.581212486910272608e+00
1.764863968957932405e+00 1.127750807423124613e+00 1.582205393529831083e-01
1.121748274067172479e+00 -8.127033241065736435e-01 -7.247426052606456004e-01
-5.456710156581031645e-01 2.220011549039467014e-01 -6.167201321249523582e-01
1.531058768753531751e+00 -1.290113709103456019e+00 -1.010934312091890996e+00
1.414405772990396937e+00 1.564002509193104462e+00 -6.786704801763403516e-01
-1.512161655526727877e+00 -5.167501885631682335e-01 7.540431915117857820e-01
-1.311791571294735670e+00 -7.551867912575828123e-01 1.950589004667935000e-01
-6.390087741928623943e-01 9.040471284033488319e-02 -3.468001732266126624e-01
-1.039052272424875412e+00 1.356359873139239225e+00 -1.660559285865393031e+00
5.892388126559411354e-01 1.582639451751101989e+00 -2.640301588706909369e-02
-1.167544209577855208e+00 1.072881807382068731e+00 6.101203691775706206e-01
-1.230802422219803960e+00 -4.188129918319932754e-02 1.453240265529241126e+00
-7.777183973287864482e-01 9.551833282501871747e-03 8.632824917702194290e-01
-1.627516311192739096e+00 2.253524131332491076e-01 -2.527580324867100825e-01
9.926758306094523032e-01 -1.174846751653709109e+00 -9.631606627331311399e-02
-1.030322108273845627e+00 5.604385722329229269e-01 7.344416113643896793e-01
-1.520569687757743038e+00 1.472328942123373841e+00 7.905076665516156398e-01
1.971470097871566685e+00 1.255564082185569363e+00 -4.842936456917733556e-01
-1.280732321663113460e+00 2.188480922758147817e-01 1.525288180557883733e+00
2.295246390054949126e-01 8.165332811003942481e-01 -1.183494292808596526e+00
-1.376488442130569423e+00 1.398040842116845095e+00 6.235302341863885323e-01
-1.158371502085157267e+00 -6.729864328097047155e-01 -6.955749658638075983e-02
2.699006437272725295e-02 1.773339998777612170e+00 6.878527598380012043e-01
1.399490233479335100e+00 -3.633086657790778329e-01 -2.454048454111713296e-01
-1.623777313327146865e-01 -3.009380652884348084e-01 -9.059893651916357538e-01
-1.205614601829936738e+00 -2.216885926557137232e+00 2.417273971895726348e+00
-1.521121959219375319e-01 -2.632023078080116263e-01 1.516447708368614089e+00
1.814704070794957769e+00 -3.065614928374305603e-01 -1.068696497109192789e+00
-1.148507620617901098e-01 -2.193244510342378106e+00 1.405903649272366884e+00
1.042465616182868704e+00 -1.449786593630582932e+00 -1.917687187125248549e+00
3.983329416276345514e-01 -1.102829864339738980e-01 1.150509985709972316e+00
3.120701661216967460e-01 1.280478552788228974e-01 -2.576621945241963085e-01
1.686261412659205261e+00 1.015562695717006081e+00 7.751613126465012327e-01
7.694380815899460879e-01 1.062205877335887227e-01 3.587493758610885153e-02
-7.916070106339273202e-03 -1.961210949334534215e+00 -5.599583236271449271e-01
-1.809331697679634532e+00 -1.809159529340541583e+00 5.263289324952930004e-01
-1.425754172469662073e-01 9.835796226743741266e-02 -1.794625050450982640e+00
6.383008821171924918e-01 -4.828539368764112605e-01 -1.149419123355947120e-01
1.074452245004258844e+00 9.315322424720423600e-01 7.981733743808636650e-01
1.000584198880819731e+00 -1.050287375498059950e+00 -9.531986236925618639e-02
-3.542940491210792575e-01 2.650774283703118406e-01 -7.894447070404732036e-01
-7.607089730226354041e-01 4.120765059253206908e-01 7.722862398300013309e-01
7.378625335666030294e-01 -4.260104366756486960e-01 -1.871915179977421684e-01
-1.495667705073455034e+00 -7.706253700314678046e-01 1.753761342077138297e+00
4.502514389630047908e-01 -3.122718132442313665e-01 2.185279752672893705e-01
4.778683225358211772e-01 -3.918057526227852194e-01 -3.496316195367395185e-02
-3.090145104296271872e-01 5.462391352814804923e-01 7.216783080102312509e-01
-5.219802791550472165e-02 -1.120093082605199131e+00 -1.002893045191233901e+00
-4.970212069432525803e-01 -3.156932508003950089e-01 7.746153293777949811e-01
-9.608319414668977654e-01 -1.105952836835578434e+00 2.249897899776061583e-01
-1.656546092523944358e+00 -2.942707705843494725e-01 -1.209826371271329526e+00
-1.723040146683166296e-01 4.685450118082575277e-01 8.116307636253372593e-01
-8.781696754578349751e-01 -4.025084028431237249e-01 -8.373724800009572089e-01
-7.638070629371463971e-01 -2.245208048548610780e+00 5.198635580200684503e-01
2.808662755897241681e+00 -3.447347407661493501e-01 4.172271335037856521e-01
-3.727908652598844741e-01 5.568606546653670497e-01 -6.767476597457987297e-02
2.560760793358032306e-01 -5.281126242569403884e-01 -8.862043853679124616e-01
4.112916696739409295e-01 -1.299871890030118715e+00 -5.541917313303919637e-03
-2.507827493143873987e+00 -2.686570104385531121e-01 -5.424091578354532650e-02
1.602896675399195114e+00 1.502414274191634647e+00 2.191526082764128081e+00
-7.155281368707021583e-01 6.834723398985956822e-01 -1.683412444398866281e-01
5.229699509887321129e-01 -7.019868003363064490e-01 1.106968363134034211e-01
4.504418691910770933e-01 3.510782607628673557e-01 4.862204674995738718e-01
-5.678287755801486592e-01 -3.777975650197293311e-01 9.195023807540504412e-01
1.463643579163736330e+00 -8.255697681217144535e-01 -6.011932391487019300e-01
6.039662349016736709e-01 2.166973113981379484e+00 3.707400394406943356e-01
-9.105155643025444334e-01 -7.167928957320870431e-01 -5.222354553389429999e-01
1.163992007169041720e+00 1.301278071145788862e-01 -8.726868747718486974e-01
-2.970493364012785964e+00 1.397687908773989629e-01 1.207753353061481683e+00
-1.694915782139832627e+00 -8.824065790739489545e-02 4.474300742768990147e-01
1.040429981478872445e+00 1.475277832892596952e-01 3.451277995576350621e-01
-4.102650041654846286e-02 1.084971999193083736e+00 -9.514459425764014711e-01
-2.168943636586430079e-01 -1.498365587202419080e+00 5.455420962757193820e-02
1.630149212839924477e-01 4.785673202892763989e-01 2.950839872350230486e-01
1.062164051892119820e+00 -4.153130993668029403e-01 -1.069574938539754987e-02
-1.051002346654583475e+00 1.370369726536170729e+00 -1.158006160203610913e+00
2.548426715634647399e-01 9.515878635652479101e-02 1.458071662347674990e-01
9.304335323214951714e-02 -8.608805882643967289e-01 2.780644937483781878e-04
-1.579787200100282618e+00 5.733751159507358836e-02 -6.421322068815087381e-01
-1.504767719347633204e+00 -4.858616606141544225e-01 1.261230357266142521e+00
1.356266864375991421e+00 -1.540703457248278063e-01 -2.486165727474414500e-01
-1.649718442047493419e-02 1.840426444489295488e+00 3.384864164595851460e-02
-1.037194924027225351e+00 -5.192562971696115109e-02 2.210440480459188450e-01
-3.940076749226129049e-01 3.095190941011735086e-01 -2.034871333732607424e-01
1.730628892216905523e+00 3.222586241345565261e-01 6.691841307295101071e-01
-1.930983365725673417e+00 5.514458942043347633e-01 -6.742596079225202099e-02
-2.630759177014593136e-02 -1.389398811676574308e+00 -4.293711390779674231e-01
1.933887435647499986e-01 6.705013406181504765e-01 8.359731551731487409e-01
8.365191671556078123e-01 -4.063752516495508504e-01 1.083882216919278108e+00
1.991855338476953563e-01 7.793024770060752449e-01 4.005539791095097391e-01
1.478322027016677580e-02 -1.272500081508831205e+00 -5.964459699084118105e-01
-2.954925337032382471e-01 5.408723439719020920e-01 -6.491500424251549495e-01
2.656489264002901210e-02 -2.155422792048229397e+00 2.298764848102244684e+00
-5.815082995491932527e-01 -4.979952074584939048e-01 -8.696691148207426059e-01
2.489741833735143461e-01 -3.458163241392966936e-01 -9.123800729072044646e-01
-2.413792147931728138e-01 4.742059570974657134e-01 6.938466626139535576e-01
-1.364108348587906860e-01 -3.248635331372025647e-01 4.447073980702158091e-01
1.073333867719320933e+00 1.547913951437512037e-01 -2.033981270156769661e+00
1.247234097658259433e+00 -1.212461445423439033e+00 -2.223957767690299292e+00
3.851609942653175245e-01 -1.371677191684885333e+00 -2.785000151041851502e-01
-1.878394448043582132e-01 2.016659527587263134e-01 7.400662211919126765e-01
5.232836607702429088e-01 2.325031684515490860e-01 -4.617058674337669588e-01
7.646813819269800139e-02 1.129770850914142422e+00 2.824323518944459099e+00
-1.222722224403202329e+00 1.328393209713953083e-01 -1.039850818620195794e+00
-9.378548667739885492e-01 -2.805177074857760910e-01 5.249583169162613805e-01
1.479319123428383398e-01 1.454559572445516480e+00 -1.505069093946373116e+00
7.918042845969104349e-01 -6.683739212185078049e-01 5.067936083026293170e-01
1.667220694698815231e-01 1.074885472915032114e+00 2.469155061389391448e-01
-4.809747621504186776e-01 -1.147699100479061984e+00 -1.248263332617700477e-01
-1.587822835586019554e+00 1.227546447943103775e-01 1.519170462830785384e+00
-6.670875237215951881e-01 1.792860950747316995e-01 -2.894741145594943998e-01
7.239467386485164413e-01 3.426562115083284232e-01 -1.320749562161886104e+00
1.815336103189633565e+00 -3.591340878299093542e-01 2.212574742080979373e+00
2.583013919086562526e-01 1.116110842165236150e+00 -8.835764086220430080e-01
-1.028824582173529789e+00 -1.355907812651840016e+00 -1.034356922359855657e+00
-6.026891555125443167e-01 1.005907686009293478e+00 1.735541999054896367e+00
1.355677455037316848e-01 -8.990539947972124857e-01 7.027109483864691919e-01
1.930092399835930728e+00 -1.641477409088337502e+00 2.624380480711221986e-01
-1.526638107913186326e+00 -1.078865729598207368e+00 -9.518195186617008086e-02
3.735788113662549814e-01 -3.988104126382801540e-01 1.604341967205146657e+00
1.133570985810804510e+00 -1.642462614723937175e+00 -1.323138893499950397e+00
-7.281611606892761657e-01 -1.373125376535530573e-01 -1.251097544027555408e-01
6.412012970750216034e-01 3.913934583534361411e-01 -1.179636804935940420e-01
-1.049988892490218706e-01 1.531584235847242015e+00 -6.031573022090677694e-02
-1.844275793358412852e+00 -1.317360964627232622e+00 -9.479017220141859879e-01
-1.040389904793786346e+00 1.116889128603471525e-02 -1.540345839098902436e+00
6.639320569622918222e-02 -2.439428702594490517e+00 -1.555520399116751662e+00
1.121897316475435114e+00 1.665881592705677816e+00 -1.266703262337437019e+00
1.927031010213745843e-01 -6.912218295853279626e-01 -1.288067189315037497e-01
9.544455560761128110e-01 -4.776962304333078335e-01 -1.308116002235391484e+00
-1.588208240313743635e+00 8.358943310870022847e-01 -1.254345520699765792e+00
7.290872201696257937e-01 1.034768449369672660e-01 -6.014692256345119392e-02
1.367879176177655864e+00 -2.209977326751736693e-01 9.786593387219204576e-01
-5.248410671300455382e-02 -1.008108309510889478e-01 2.754949743317640087e-01
2.806482756910017584e-01 -1.668963968138267751e+00 2.907148185022773168e-01
-2.738460835472137145e+00 1.497724957880019137e+00 6.753075733385722756e-01
6.240133436313510806e-01 -1.004303433912596244e+00 -2.411800748143245743e-01
1.157828752503344383e+00 -6.490281058119758972e-01 7.420715938060286065e-01
5.678404675498546217e-01 -2.830604613344269160e-01 1.272910924673802180e+00
8.095171542534257414e-01 9.728560450229511991e-01 -1.000501274044172773e+00
4.515575869133779674e-03 4.772865767116465929e-01 7.904980997508406215e-01
4.143675407475644334e-01 -2.456369649436925151e+00 5.279540926728008010e-01
9.055062698226689077e-01 -2.790064092109310612e-01 -8.901978569800665930e-01
-8.437596701132711319e-01 -1.366592048652114588e+00 -1.274791928942960784e+00
2.980239277585656210e-01 -4.921206308084193903e-01 -8.223289781781456531e-01
-1.175630893468884164e-01 -2.035542534126301373e+00 2.040806511722415562e-01
-1.175589537663962458e+00 1.501496152485254587e+00 1.017718968960552306e-01
1.040905483440981660e+00 1.747583406240530435e+00 1.007622217427611933e+00
-1.430832202130195574e+00 1.120947018488297697e+00 8.706733187308074440e-01
-1.696114938540756345e+00 1.819355640400369400e-01 -1.160617715278965401e+00
7.690545877170199551e-01 1.569475261138117084e+00 3.121910733988969566e-01
1.881604076773593315e+00 6.353214874346204688e-01 -6.135484533690785947e-01
-7.166662071447758020e-01 -2.895002352126580192e+00 8.537935548678710074e-02
-2.974053664819852894e-01 1.740780927454612881e+00 -5.872873237416254000e-01
8.357965464709546377e-02 -9.903468132402827306e-01 8.999206933294379152e-02
7.895068768966468920e-01 9.781876138965764911e-01 3.304317025048967515e+00
-3.680570932682165064e-01 -1.410419015996517311e+00 6.217672766507558180e-01
-6.708255501386476416e-01 -3.495161550880261370e-01 6.578054861009088872e-02
1.592951634683898998e+00 1.365251588033314478e+00 3.761231058057004639e-01
-4.275798246172856087e-01 1.712940508880635149e-01 -5.457273577527362862e-01
8.199098583268588092e-01 1.307995429181944280e-01 -1.297101600857835324e+00
-1.886934235764138046e-01 -6.148454676075144620e-01 2.363401904696139089e-01
-1.417000241761431079e-01 -1.942914225587242028e+00 1.063122234460516236e+00
-1.830583931238487283e+00 -3.291904505842465634e-01 -1.100889429479055825e-01
-1.519408399964743417e+00 8.282105802027858177e-01 -4.148373686088580592e-01
-7.889740299340370910e-01 5.293153378944055465e-01 -1.029196431432016362e-01
-3.643058742180641518e-01 2.987104071005988182e-01 -2.678947164746884463e-02
1.379959344709800861e+00 -9.919849145559886949e-01 6.310861684275297367e-01
-7.551242104411237666e-01 8.667860296354524818e-01 1.147611483962852397e+00
-3.856252467100721587e-02 -7.529349641302404139e-01 1.686249191150889670e+00
1.586849995854118234e+00 -1.815637039053684121e-01 4.643842528458580476e-01
-1.243746061234073164e+00 5.332797730524325708e-01 2.213845029197824221e+00
-1.181999828259909568e+00 -6.204270213445042259e-01 -1.112245575702860645e+00
-1.708084432209896475e+00 -1.340387519001199068e-01 -3.433449116548680791e-01
7.237363912035295055e-01 7.365775802840003328e-01 -1.754862781656147730e+00
2.120931780914935949e+00 1.371881973987068459e+00 -1.935772061595672389e+00
2.065944337984715051e-01 -7.758035779475074278e-01 1.079142271261247232e-01
4.732396891945100936e-02 -1.580607097961472141e+00 -5.263525483902330437e-01
-2.994925971075038107e-01 -5.893603924910371106e-01 -1.610397053007164958e+00
-8.392809472123665682e-01 -5.916351328127926468e-02 6.809213935425630915e-01
-2.793190945847651707e-01 1.630583999182706245e+00 5.623678117531528270e-02
-1.738002722341969175e+00 9.806395143955022320e-01 -2.598370893803096382e-01
-2.050426728428984546e+00 5.047597717043408316e-01 -6.099323659534390263e-01
5.963802588309057295e-01 6.545289753165508539e-01 -4.160504885183100021e-01
-1.659998755364427980e+00 -1.415039892162567592e-01 -1.592610715335613714e+00
-1.356208291040449099e-01 9.588911042704746646e-02 6.493354730826574051e-02
2.397767333404874496e-02 -1.335660202306671707e+00 4.741304190974020977e-02
5.393795164714367818e-01 1.261187115591148489e+00 1.967725559787699696e+00
1.679853312409747834e-01 1.807391608385606752e+00 -2.770875857701021960e+00
2.380123273851400434e+00 1.146215589992225281e+00 1.215426652934279428e-01
-7.197007057124794605e-01 -1.521919775163939059e-01 -1.150801269631934964e+00
-2.049565338727026287e+00 -3.628026265969513386e-01 2.839725853953544710e-01
-1.332767012711984611e+00 -7.543433963822878674e-01 -1.139020853322419757e+00
1.368009919919392914e-01 2.316933627374301030e-01 -1.199255823031217250e-01
2.120588058982328050e+00 -9.468918069193126286e-01 -1.361091773238485569e-01
-8.029023418993681827e-02 -1.412177403668506415e-01 -5.948836607922737274e-01
-4.345904744991516688e-01 -6.399093876086466848e-01 -1.516101328971768858e+00
-6.968658242782815870e-01 -3.405977032689547213e-01 -4.469492919913903850e-01
-2.460635571332331073e-01 4.794314690753129771e-01 -1.049903782832028593e-01
-1.133209116321729354e-01 7.759966380719065526e-01 2.321909875600622009e+00
1.033158153890228581e+00 -2.480419219018538679e-01 3.577419023749266458e-01
7.825443934228698550e-01 1.498199281678188388e+00 1.135113355047924433e+00
5.888543602781889374e-01 3.105410263813783781e-02 7.032325399987635062e-02
1.054747442521536849e+00 9.793214182865686013e-01 1.745364755001477919e+00
5.347755219162132478e-01 -3.088740971717671147e-01 -2.322851306492180523e+00
-5.889136512840777993e-01 7.573197158180485777e-01 -9.423965437192953487e-02
5.236076743423201396e-01 -9.231494389719439031e-01 8.268461759848046988e-01
-2.211359841701901807e+00 8.242771092051298654e-01 3.912771594213967363e-01
-1.056967738957755587e-01 9.567398254014289893e-01 9.076611790593773765e-01
-1.142872518864326281e+00 3.293750070076380543e-01 8.712442479694554320e-01
1.314922195243713003e-02 -1.221633571180889444e+00 7.746723076283590359e-01
-2.716634366924662314e-01 -1.055535555540427328e+00 7.989313598571029518e-02
1.443271460550475505e+00 -1.915152628070780017e+00 1.018632139260280400e+00
4.264761212827927195e-01 4.420765060684720416e-01 -6.435347728530511624e-01
-9.325689842304719646e-01 3.146083771267120799e-01 -9.527537041733056267e-01
7.476849765949724613e-01 -8.251872232077075431e-01 9.869439999402886965e-01
4.251977379299794885e-02 -5.330552867041176146e-01 -4.926099336670726470e-02
-1.831198593742818126e+00 1.343042643119573665e+00 -3.549692245427575887e-01
-7.117072402597096614e-01 -6.073144653655943026e-01 4.235557376510259431e-01
2.280166750899538242e-01 -1.436151864183543125e+00 -1.555335800978610683e+00
7.049467728561902291e-01 1.191332681096308604e-01 -2.618656501755783683e+00
-1.162466615827528610e-01 -6.129211047365300535e-01 1.089226109817702293e+00
2.896050541889347851e-01 8.448849962570763594e-01 -4.924758048038802571e-01
1.234572383854988686e+00 1.516281450519434415e+00 1.562327231701974739e+00
1.176584033089347892e-01 2.045426086233456120e-01 1.292607634357538227e-01
7.006621874592277033e-01 -1.176374880519092336e+00 2.024701146618959946e+00
-8.390101846230350047e-01 1.747032370600370754e+00 4.977146450323985394e-01
6.794870371057550873e-01 1.532707610884348204e-01 -1.940332284504883376e+00
-6.033470494864074940e-01 3.091121700797224148e-01 8.164900807321856524e-01
-8.032806821821298904e-01 -2.029294743688350444e-01 -7.640617190227431132e-01
8.002432808986009727e-01 4.055064933491473456e-01 7.371206374542439432e-01
-3.386906968866053025e-01 -5.491644316374304918e-02 -9.768538882784963961e-01
4.961132876194930263e-01 6.283788596224624268e-01 7.757691457735258478e-01
-2.209105034327895067e-01 9.984137533301771228e-01 8.799891639358885520e-01
3.561130864421321318e-01 1.484306518945292419e+00 2.906969827882737167e-01
3.136299052089740691e+00 -9.904925959875311714e-02 -9.431750288733372622e-01
-9.988948550190891451e-01 -1.670145207725982628e+00 1.824735494317778761e-01
2.874694836461891279e-01 8.933933230225435951e-01 -2.039339277959425711e+00
1.558563541212449444e+00 -5.316370150927814953e-01 -9.905475205552571882e-01
4.758380830935334815e-01 -1.033594377588492423e-02 -8.673542383325558713e-01
-1.292379868088030292e+00 -1.912935503771664714e-01 1.832889438233304968e+00
9.914704931797053700e-01 6.760401701013019071e-01 -6.544304169676574690e-01
3.564149548684490687e-02 2.895784534832732127e-01 -1.167754855063326130e-01
-3.958779218272758249e-01 -8.695953774471874009e-01 2.301109906975671748e+00
1.597075938767762437e+00 -2.403715405029999141e-01 1.795466349376459159e-01
-6.327413005466765439e-01 1.491495809767046099e+00 3.076897787187628588e-02
6.943784082144781600e-01 -1.830457719804474470e+00 6.878661061787871844e-01
-4.702760473524845164e-01 1.184762837095946875e+00 -3.509816579487251564e-01
-3.550822386465384839e-01 7.314010325122671796e-01 8.544085174177734610e-02
1.453910103836778323e+00 9.795120528518612701e-01 6.487022673082578628e-01
1.031109254160626598e+00 1.029925219939455960e+00 1.666030233422660101e-01
3.118596622945499913e-02 -1.952857174376805005e-01 1.295258350707463313e+00
-8.043850083213527347e-01 -5.705290340458475384e-01 1.226709761276674193e+00
2.576752423109129331e-01 1.936172212808830173e-01 -5.424709861663634669e-01
-7.636627372297439820e-01 -9.882097466906678007e-02 -1.545356712908499297e+00
2.108027918428874603e+00 -1.849482678306889338e-01 -8.916261495789684632e-01
1.010249545285956119e+00 -3.994913104164319467e-02 -6.620001199280500792e-01
5.863258721102992954e-01 -6.150064794552707603e-01 1.684529448667938301e+00
-6.389050033131712936e-03 -2.155752021101365212e+00 -6.191264842926236245e-01
-1.438548024344188936e-01 -1.984096139835167250e-01 5.386361753759378868e-01
6.792959293329919879e-01 3.931321343968068316e-01 -6.048562494962986813e-01
6.521288526986336320e-01 -6.661497761482297886e-01 9.920526450975916677e-02
-1.762839120085711309e-01 -2.723758652221261456e-01 -1.646835715943767153e-01
3.267687583222962933e-01 8.278307262603665784e-01 1.747520907893135023e-01
8.295348327197907823e-01 1.409781361426668767e+00 9.423253229702770462e-01
1.320580993880731413e-01 2.715153173265463793e-01 1.063506193625361057e-01
-1.058908176980453808e+00 -6.849331465224446358e-01 -2.805994449830098714e-01
-7.191579957260390010e-01 -2.358032226932221143e+00 -6.857271901093417998e-01
1.296588741391693889e+00 -5.235103749708703846e-01 -1.080527055270627868e+00
3.944810874168562242e-01 9.054551140648091634e-01 -8.740574147018387308e-01
-1.054008437861178038e+00 9.193223783133912252e-02 -2.297510567514616131e+00
-7.778913009447057103e-01 -1.689979151786301204e+00 -5.585429055402341136e-01
6.857177504501796861e-01 9.010942710662509514e-01 -1.677742810138508067e-01
-1.017555204624375653e+00 -1.702412263404888382e+00 5.825548614919888735e-01
7.942925865363460458e-01 1.293025180160350729e+00 -2.622994885179341096e-01
1.640192443346666640e-01 -2.865647561779765540e-01 -4.005355167037789182e-02
-7.086816392027694977e-01 -1.301234486087354147e+00 7.868871008200621631e-02
-6.422286461475305019e-01 -1.482351108222646104e-02 -1.373812691348322401e+00
2.160175994637220320e+00 -4.098134702355609726e-01 1.796189943427407121e+00
1.361879910427345353e+00 1.106809374837910698e-01 7.015363445346944893e-01
-5.705758124478353954e-01 1.049159088686039687e-01 -4.940039975215312906e-01
-2.681900566606318370e-01 8.732350311757691719e-01 1.172256736672297572e+00
-7.844506742508533526e-01 2.861403704987639310e-02 -1.044414682314723564e+00
-6.090600788589800585e-01 2.135916955582922994e-01 -5.312815021835695095e-01
9.002143173913917940e-02 3.086590066401270205e-01 -3.444039329025341822e-01
-1.192155939924560842e-01 1.584581286936281197e+00 -4.307903121960380277e-01
1.620284534856555547e+00 6.874331861974385394e-01 -7.769944074080546992e-01
8.496167337648297124e-01 -2.284307938150112460e-01 -1.487914598085074092e+00
1.190461648105416881e+00 8.071920810397456014e-01 1.236341054174559417e+00
1.094841467648034694e+00 1.022200873525915377e+00 3.270705910427890717e-01
3.344469643457405605e-01 -3.380778303247182204e-01 1.030608211545478436e+00
3.877962554630481340e-01 -1.697951516193530741e-01 2.759682307157577674e-01
1.335910820582580483e+00 -8.823614585846236702e-01 -2.817603520922278282e-01
1.210194749339355447e+00 -3.726440950383460571e-01 7.534771949947262071e-01
-1.453696335599672151e+00 7.472120259164710676e-01 -2.433554146248073646e+00
1.417571744241038045e+00 -2.088672308580807879e+00 -1.273671541236968574e+00
-1.212700989975042942e+00 3.023789033302310969e-01 3.774379394926837827e-01
-2.555017749427298757e+00 2.424321911402647078e-01 2.012975960805082343e-01
1.558818537336661425e+00 1.065691619911899757e+00 -2.151514560952553889e+00
7.043169464413151504e-01 5.283415606760629574e-02 2.421453317322012744e+00
-5.314267692169311053e-02 3.889802851078717483e-01 2.150346028699935186e+00
-8.185196548013200513e-01 -6.011064231308650418e-01 2.341260431407951037e-01
2.475428938731146777e-01 -6.282665113278377289e-01 -1.890577504920462282e+00
8.349731228538707084e-01 -1.207805759079450647e+00 -1.274833245193087994e-01
1.020258395448377708e+00 2.446287039997740553e+00 2.917484620724281608e-01
-4.067149964408535157e-01 -7.587683243658095433e-01 6.720753571278952065e-02
9.927428043443364825e-01 -1.207053033387452290e+00 1.496671882098352668e-01
1.658608774741160072e-02 -1.385610134458069576e-01 2.725721079026811600e-01
7.577957937527647278e-03 1.180631484161589917e+00 -2.355701743661081093e-01
-2.865778840652771428e-02 1.282776463479340656e-01 4.435695872834791720e-01
1.531644302353942777e-01 -1.000190173127683879e+00 -6.592292299654998189e-01
2.031067628341204578e+00 8.173584029096253589e-01 2.121982086281334556e+00
-3.191893761220184617e-02 -5.364860999708476186e-01 -6.460331321610776056e-01
6.842774558988637956e-01 -6.542996158547251806e-01 1.765805658909331610e+00
-4.053647754276048509e-01 -9.232312337546729752e-01 -9.490328803358675236e-01
-6.110689260471825479e-01 1.366647290465548670e+00 2.555475838354145157e+00
-2.263517478038654940e-01 -1.217031833417876019e+00 -4.526084855052248113e-01
-3.516907778368578152e-01 -7.462604556591638794e-01 1.537467578942912860e+00
-5.769245560235278791e-01 -2.127186472494598579e+00 1.022110331458792487e+00
-6.336205198677447026e-01 1.149972381272529542e+00 2.718822105876483319e-01
7.771342248199520908e-01 -1.695551412878210762e+00 -1.673724303265062385e+00
2.567394571163122627e-02 2.721344806854335552e+00 -9.722214935594495344e-01
2.303537353592258752e-01 2.292869768485329973e-01 1.105160406176019627e+00
3.450359213396102520e-01 -1.671660352004603056e-01 -7.564250485331456275e-01
1.806030516346997516e-01 1.136911201181997733e+00 -8.072582799465205516e-01
1.354932568704953821e+00 9.170161892949276750e-01 1.884390146678932121e+00
8.383225421763464968e-01 2.222998815963996844e-01 -1.020396766657379439e+00
-1.717580595516239983e+00 -6.178257256014385579e-01 -4.206203143983439641e-01
1.506498636326014440e+00 -1.128708085258266047e+00 -7.347947760268942474e-01
-5.543356080519551421e-02 2.280131136998582719e-01 4.890795819324683658e-01
5.463483621062925621e-01 -7.767134251538659884e-01 -1.245482831483365027e+00
3.993753812037961759e-01 4.312389858028556344e-01 -7.710224113821212422e-01
2.513877442042879995e-01 -8.404820587172527890e-01 -1.801513415399523588e+00
3.553007664337440308e-01 -1.485131749458930672e+00 2.139299982080528739e+00
1.043650094622616376e+00 -7.105888457151177118e-01 -6.900318550485610158e-01
-7.780859963219981523e-01 -1.025465540527354724e+00 1.307011210124950362e-01
-8.549288092512131731e-01 -2.018708394551384622e+00 -8.820142776163777398e-01
1.377506635100085974e+00 -1.154340336971380943e+00 1.129027281401308924e+00
7.705975480053900428e-02 1.117887324529575066e+00 9.658583923225120271e-01
-4.669645557149292858e-01 9.654402074573774639e-01 1.544080350834084570e+00
4.352621822363424431e-01 6.067410382493406695e-01 -1.016022627954495716e+00
1.287723159070229384e+00 9.137173802143841450e-02 -9.407412500621761264e-01
1.518551883118868240e-01 -6.574470965913878362e-02 1.183204758572176774e+00
-8.396545400572197337e-01 1.444598286030022383e+00 -3.721791181449205510e-01
1.406504419597305079e-02 2.343831785615000107e-01 -1.329211265063884539e+00
-1.859131704904998017e+00 -8.003866243035843153e-01 -1.504491139347974737e+00
-3.833317767067334625e-01 7.378343198192229835e-01 4.597920000123139478e-02
-1.377654459637843998e-01 -1.188594157520993233e-01 9.654796788414472530e-01
1.560448605091774521e+00 1.496501687317490503e-01 -1.561636805435950404e+00
-2.370762203416584946e+00 -2.321122545442088292e+00 4.193781287898581955e-02
1.471914861298154742e+00 1.393474932894543494e+00 2.504419673305729788e+00
4.892581489966239539e-01 -5.095528841025737110e-01 9.577228470273677630e-01
3.516424163176672391e-01 -7.797341824239316654e-01 3.878846679605585379e-01
1.693256852719595029e+00 1.380214250183979807e+00 2.438983053806721146e-01
6.233766098884747642e-01 3.740813037211650482e-01 -1.149562307318354071e+00
-7.345315610106243343e-01 -6.639596910085363568e-01 7.143896122151538464e-01
-6.783235030336058902e-01 -2.523324589814815333e+00 -6.040780020295927200e-01
4.149731860033712416e-01 3.892150586541167634e-01 -3.500977143135974856e-01
7.084412590270543486e-01 1.895535831936519866e+00 -1.365200388353269290e+00
8.387619369564208727e-01 1.112601411243060001e+00 -1.197004370392637185e+00
-4.916692946899007266e-01 -5.941561666183595714e-01 -1.293521879888314352e+00
-3.026550409610421766e-01 1.234251265797257746e+00 -1.576753453873431132e+00
-7.507939392956533009e-01 3.350965423417271993e-01 5.360864778476155390e-01
-7.485271728333738883e-01 -1.137666514140399654e+00 -6.509953927658064243e-01
7.406483242019317181e-01 6.363210365561019488e-01 1.837979747638950112e+00
-1.151316789282365916e+00 3.164388396542969217e-01 -1.693445787749877862e+00
1.730671286807606568e-01 -6.152953172455156716e-01 2.992055214730523355e-02
7.509950499528700307e-01 6.470396170008689829e-01 -5.536040222869348382e-01
1.835217423243486801e+00 -9.930437683919456082e-02 -1.801646200540347298e+00
-6.806549548669940108e-01 1.458266589799963979e-02 -1.170587407381895817e+00
-1.514027728207583134e+00 -5.846314516829639318e-01 -9.099095930346738914e-01
-1.621910768325075747e+00 -5.523346238747585124e-01 1.522652011633704783e+00
-7.893494085320737486e-02 -7.281658554103875858e-02 3.958642712697323374e-01
-9.776885000355471922e-01 2.077279716027965462e-01 -7.585235285629585711e-01
-4.013907306900431071e-01 -2.764331362165475814e-01 2.393304623956490573e+00
-1.190505417533513022e+00 4.509922811804704668e-01 1.059431025528613679e+00
-1.878333498478099495e+00 6.727122245409019596e-01 1.415431783811353650e-01
-8.834584702619890928e-01 1.125495191320370070e-01 -6.187373817963884859e-01
1.507745626250764026e+00 -7.366549200676749676e-01 -1.749664911749332363e+00
-8.859042672130019724e-01 9.179294888071283243e-01 2.493036335736034392e-01
-3.711399203276709025e-01 -2.805837643462747583e-02 -3.226032988360962861e-01
6.801362526745518000e-01 7.765583636402213497e-01 -6.717006564689792514e-01
1.450991753012505381e+00 -1.359874039165236415e+00 -1.779471696735505315e+00
-1.676068021891810311e-01 7.008750275296496968e-01 1.775459669782934735e-01
1.257181322516701671e+00 1.074915253140092286e+00 -5.737146364374086094e-01
3.410506119646148915e-01 1.046223154060452964e+00 -1.025885093330219044e+00
1.200205701950305404e+00 7.806312196153324390e-01 3.144421667749114913e-01
-1.297462584351569692e+00 9.741383020105414126e-01 -3.690790143340286905e-02
7.061708898730534312e-02 -4.857463152113115634e-01 -9.965587553491046524e-01
1.011808177633239048e+00 -3.336161763396356394e-01 1.271091003667091268e+00
4.067859834993848844e-01 5.429516864221541894e-01 3.587795389841868521e-01
3.570040531755342417e-01 -6.476396930907254434e-01 -1.178067881307069520e+00
3.718125576348758898e-02 -6.447621353260482024e-01 1.053337949366861759e+00
-8.279415033145329783e-01 9.039063899217316678e-01 -1.443232808456832716e-01
-1.538896488555767661e+00 -5.702015234556820911e-01 2.487481289129973128e+00
1.320810428428013106e+00 4.355643398667846666e-01 -3.421662885461257964e-01
2.044948309525977503e+00 5.067017782938207371e-02 -2.506587236490225301e+00
-4.277385154198063422e-01 -8.129913682800012920e-01 1.312677179287969342e-01
-3.171402100287537551e-01 -1.585541509145602213e+00 -1.573674597623224480e+00
-4.214431945238059779e-02 2.676718907818725235e+00 -3.917845923168233324e-01
-9.094752326727027769e-02 1.805419916350519127e+00 -6.577932877978187598e-01
1.626746728555284571e+00 -4.855625021851351919e-01 1.915447704933085082e-01
-2.243493784529612955e-01 6.661352877792793281e-01 -6.449630411276412456e-01
-6.477375954398479907e-01 -1.282036388644616665e+00 5.567433952544186271e-01
6.464319640561870806e-01 -1.739856678039586768e+00 5.744685332943506584e-01
-1.676852147370261559e+00 -8.051493853303425263e-01 1.632293016117166151e-01
2.557561139910481951e-01 1.315906277341513997e+00 -1.373615531270299339e+00
-5.567967745182093031e-01 -2.346907471897504149e-01 -3.280233094672176941e-01
3.848478505892873325e-01 -1.957078426960193462e-01 6.635634045680340876e-01
8.776120137248804021e-01 4.830915479547701064e-01 4.260659118969257197e-01
-7.786986786334818000e-02 -2.192618692849035877e+00 -2.947021859457698012e-01
-7.014463020527315074e-01 -2.528978220394739185e-01 -1.788660316509682824e+00
8.436786196624623813e-01 -8.834211808517137277e-01 2.499233008563847558e-01
1.595864235583438040e+00 6.147248668951615924e-01 -4.770741525515515558e-01
9.774385874768945492e-02 -1.036788003607656217e+00 -7.839483827514849290e-01
-2.954336666024842128e-01 5.927364449650927014e-01 -6.966079022453375291e-01
4.566833634023583777e-01 6.321536468491781857e-01 -2.426778990889645882e-01
9.204335247478681592e-02 1.185076576547839711e+00 1.740690958693449364e+00
1.577539081076921645e+00 -1.230301333382295192e+00 -9.809962316573046792e-02
-4.074541291737520665e-01 1.524435836725786197e+00 3.796788809399286313e-01
3.310978467218636534e-02 2.959495420785991371e-01 -4.515040542665573198e-01
-2.245664716416697626e+00 5.124563904870111930e-01 5.668610522453291223e-01
-2.699168494287697007e-01 1.413178865180126698e+00 8.463771129846563157e-02
2.463058269804037970e+00 -6.399380079866805460e-01 1.495910481926492341e-01
-5.697071347994288049e-01 1.026204128866898380e+00 -8.985026241320666074e-01
-2.859407695286227291e+00 6.050956432389924533e-01 -1.417579533233475964e+00
-8.198012590883123618e-01 -1.248896186743489567e+00 -1.826757012211664699e-02
9.257761758393701079e-01 -1.600843214974554396e-01 5.835548607771418039e-01
8.125098507990590191e-01 2.211107174687774179e+00 -7.468307429402427644e-01
-1.662215996004670904e-01 -1.048577719990578583e+00 2.369503174094330922e-01
-1.586226454142714903e+00 1.227856791753851429e+00 4.531622716325565681e-01
3.423315192113833838e-01 9.793305335763865527e-01 -9.235679270046376343e-01
4.901401818981446223e-01 8.201696231250797942e-01 7.129898084713723883e-01
1.039874212618991045e+00 -2.963747250652448262e+00 5.323102864745625773e-01
-5.662743517793353831e-01 7.788092337707773483e-02 -3.212573236208404737e-01
8.442233143201949286e-01 -9.805276120607960832e-01 1.401342802920706676e+00
-3.538175971042598622e-01 -2.677239181321673378e-01 3.501039721701231233e-01
9.397779866922364445e-01 -7.159908764533159942e-02 -1.023571865196350128e+00
-8.810008375548605830e-01 3.515959226956868466e-01 -9.632087150461949004e-04
-4.880697152614726919e-01 -8.938334906721150386e-01 -1.311418302004031089e+00
1.008379290539715534e+00 5.764510480576107154e-01 -1.334459660314791130e+00
9.657686940829700584e-01 8.326337809387207578e-01 1.019070679759541687e+00
1.693496237591578302e+00 -4.893570409428126267e-01 1.611656767174425853e-01
6.665355794919560761e-01 -5.465799502923375242e-01 -1.176891159169265455e-01
9.999537308702139971e-01 1.071119858853252366e-01 1.012432013566630706e+00
-4.590950939322659408e-01 2.446178570683823050e+00 1.041530648394175307e+00
8.422728288824448128e-01 -6.997379721696250776e-02 2.430327562202163338e-01
6.229949322325242234e-01 -8.251054617313400286e-01 -2.860896153283810417e+00
-1.728542945814243614e+00 -4.644823716952172776e-01 3.093831790891030664e+00
1.785856208675569157e-01 1.185348372904943659e+00 2.287898310535094293e+00
-9.742390685747857049e-01 -1.921927671898432388e-01 6.398341848659171438e-01
3.567122082162418883e-01 -3.208257463713554136e-01 7.933480609264074168e-01
-3.595793862085470138e-01 7.589722449030663620e-01 8.097963928191433125e-02
1.056902180768175326e+00 1.235699432903303752e+00 1.936705381455089692e-01
-2.102934758425814454e+00 9.866155307174820921e-01 -1.586186598746847976e+00
-1.813812719102473547e+00 -1.641538940216141773e+00 -1.384643443245066274e+00
3.902406509400482837e-01 -1.300865723765407767e+00 5.255340302626282378e-01
-1.191171818187564790e+00 8.461178374089479703e-01 1.978947298615422179e+00
-2.032408864547046612e+00 1.012433589161725989e+00 1.729362501737362889e-01
-6.636369310419739653e-01 -7.865049458663531112e-02 -1.642315323129856175e+00
-1.117117181371427015e-01 -2.630260475843398393e-01 -1.802954125809983488e-01
-1.210240521149667847e+00 2.281258580635204147e+00 -1.097214342487890182e+00
-2.804862736764509035e-01 -5.777641271862719030e-01 1.526790941907078869e+00
-9.644567064144087265e-01 -8.898453002334218986e-01 -1.263846165605774452e+00
-1.150626969921650700e+00 8.472288813727623102e-01 8.304232861031304314e-01
3.743442242535451325e-01 -9.100578635026947971e-01 7.659801967332453554e-01
-7.869627231023496039e-02 2.331007985057847787e+00 -4.931677119763966943e-01
-1.858114995447879281e-01 3.668956775540191395e-01 1.078574036721678286e+00
9.300545925861838370e-01 4.681650357203437918e-01 5.606397344359275170e-01
8.387176143427478303e-01 -4.110555301466554678e-01 2.301803131070981057e-01
3.854841366336780872e-01 -4.886767219110479260e-02 -1.152377398846019751e+00
-4.579079640983184096e-01 -3.733059302586310690e-01 1.314002259940329764e-01
2.719620171691650157e-01 2.464361904284930946e-02 8.788957430882595734e-01
-6.153478965703863546e-01 -4.337678508893401119e-01 -1.693468321120890741e+00
1.524641076769610804e+00 -1.162615062932147891e+00 -2.961108677756900120e-01
-1.453485942888200100e+00 1.476135610348412452e+00 5.376965473174996069e-01
6.184659465567898806e-01 -1.518750174436631628e+00 6.069742935207020906e-01
8.569268134056152730e-01 1.107704979133059126e-01 9.639020441126080474e-01
1.100404198839485925e+00 -2.493907625492193691e+00 -1.081537604879443171e+00
9.915132354846489804e-01 -1.360878445319492203e+00 -5.211069961231292735e-01
-9.169435065924459449e-01 -1.553458884881538493e+00 -2.498126104220202315e+00
1.861026920153424358e-01 -1.713763052493998129e-01 5.017579480968654693e-01
1.069727518543280409e+00 5.250248860376539595e-01 1.770033904913486944e-01
-3.096487665828898117e-01 -1.273310986613973350e+00 -1.473136533249752300e-01
-2.043573107120288945e+00 -1.558716366897570982e+00 5.300597664626112426e-02
-2.517144136372723384e+00 -3.222599230118781133e-01 5.775201167301498018e-01
-1.817901312522864687e+00 1.450257006257151815e+00 -1.040005000191449036e-01
3.060319735397106777e-01 5.899785771449578275e-01 -1.841615642914918194e+00
-6.266482664791371560e-02 1.000536445258782603e+00 -1.535371791951952947e+00
1.753041505677693124e+00 -9.020645555459120279e-01 -3.882792554258329143e-01
2.001741487604332015e+00 3.204885336480787772e-01 7.554396717433728980e-01
-6.951929669527918965e-02 -5.421856181609845393e-01 1.020977972811995871e+00
-1.871463684059174459e-01 5.371604006189684144e-01 -5.996053524779284410e-02
-5.294464696432066297e-01 7.892612110956898075e-02 -2.044631522367306165e+00
1.051393223624182749e+00 -5.013045328567905523e-01 -1.029083981957143346e+00
-9.975815553130842339e-01 3.934941663386457011e-01 3.608339961074503721e-01
-3.583357371554117266e-01 -1.204819765567859857e+00 5.474467464136849593e-01
-5.625438267887806765e-01 1.062580640589325442e+00 6.995846926466695037e-02
1.129402040460273815e+00 1.506447054619703130e-01 6.014759075111989484e-01
-1.751652255003484371e-01 -7.732478545130310188e-01 -1.361288494284614847e+00
-1.813312547801380958e+00 2.477992386575855743e-01 -3.431021723909907784e-01
-1.905900573882257643e+00 -5.860497305431806581e-01 1.349014428611156335e-01
-8.109090917348150684e-01 8.416684187428196129e-01 -1.957376295940028432e-01
8.275659500573052663e-01 -5.177067609487114724e-02 -2.866218967851170141e-01
3.216025506727708816e-01 1.095614408021663433e+00 9.834129194709699540e-02
-1.269956837613782197e+00 -2.373207723511712164e+00 -8.151857976746751389e-01
5.415260957259222518e-01 -2.225502207712086455e-01 1.367481836526055705e+00
-4.972012426874787283e-01 -4.415405174226686436e-01 1.664607937356258338e+00
-2.697452571410032807e-01 -1.867713207041504786e+00 -9.221951843779719882e-01
-1.527830462261891009e-01 -5.530870500040891979e-01 1.427686887176679242e+00
4.060811773266367886e-01 4.580038673444465358e-01 -3.633600465356491283e-01
1.633123003166185194e+00 4.197052207914722111e-01 7.762830065564030324e-02
-2.231761099972757317e-02 7.020197756352107576e-02 2.996451243950769006e-01
-2.651783961768847120e-01 3.458760017968727785e-01 1.216320072501250404e+00
-7.577818819679770224e-01 1.355917083867776762e+00 1.509495477237118022e-01
-1.143655792162259432e+00 -5.182037377037568282e-01 -4.907167449758157995e-01
7.453010946124430935e-01 9.510659456989713212e-02 8.294946908408364905e-01
-2.938924465757782323e-01 1.738155247669737280e+00 -2.463814418213618462e-01
2.601815879239973150e-01 1.704352281118180490e-01 -4.325365610130173233e-02
-8.234777650980491526e-01 9.171573841698525686e-02 6.073774389908123128e-01
2.795774977253932203e+00 3.350974299849586169e-01 2.289853388036797166e-02
-1.735663882547917591e-01 1.026234571642978599e+00 -2.686195716057826477e-01
-3.753759197838186235e-01 -1.344614988523491705e+00 -4.999643663723443016e-02
-4.452484573066741586e-02 1.980963937702364952e-01 -1.147251034996120689e+00
-8.844437633180229907e-02 -1.979053137930621431e-01 6.832309130189553326e-01
-9.280722558772655506e-02 1.241752607688833443e+00 -5.956951605640992131e-01
-5.154955632594567794e-01 1.175823418810951981e+00 -9.151026850446192240e-01
2.491656947179931691e+00 8.225768131081534484e-01 -5.685094646249135852e-01
-4.160088237880193440e-01 -4.227439633615241027e-02 3.544047431335451970e-01
-2.360333615606338420e-01 -2.859300100308782011e-01 3.585410890758875535e-01
-1.954230405939233028e+00 1.191214456938040067e+00 -1.868702824439506083e+00
-1.561787061586686010e+00 5.428155177844797841e-01 1.903285038618941938e+00
1.253961589197074289e-01 3.291717304609143024e-01 3.669496724547361977e-01
4.750946197606472632e-01 -7.367746219449129441e-01 5.707733919556792074e-02
1.658282511707877882e+00 -1.575053943771777265e-01 -9.785405326720078012e-01
1.188324663795079728e+00 -3.177967022213356585e-01 -1.322410248746983985e+00
-4.276047060502750075e-01 -5.286138227442045423e-01 -5.798018480405673358e-01
-6.992529827963063216e-01 -2.087060257561639820e-01 8.182744639731980296e-01
-2.140023874586656216e+00 8.192653383956244317e-01 -2.387660334814300234e-01
1.568523610073145960e-02 4.532172805833163953e-01 1.311206731659661784e-01
-1.089023699719990468e+00 -1.429722786970998971e+00 -5.098455764803222490e-01
-1.300491548695416055e+00 -1.794693780437765618e+00 -9.032276317923957354e-01
-2.902607918043713653e-01 -1.244602862271181776e+00 1.030138042517681901e-01
3.597281930328118382e-01 -1.199589711317091023e+00 1.143343677498516592e-01
1.131079085052873134e+00 1.468111253942412153e+00 -1.400250103828722059e+00
1.250429038016391825e+00 2.573731283036077677e+00 -2.744913080815125639e+00
9.976600573741095657e-02 -3.890606031187531788e-01 2.143492416594606209e-01
-9.329422021726223591e-01 -1.644834861426981987e-01 -1.369635307515247868e+00
2.649636548961208371e-01 -2.481226759003277160e-01 1.004655397293385599e+00
-7.272406902415786689e-01 7.064503985960458587e-01 -1.888045493940698538e+00
-7.018353205847083220e-01 -1.597987430343981163e-01 -7.042641324347310994e-02
4.384208642495706493e-02 4.488773439618213845e-01 -2.907305644834592417e+00
-9.491451205717699180e-01 -8.594865879378423834e-01 -4.422968480391376578e-01
-4.779547857113957132e-01 -5.121258304423811358e-01 1.971636752674595650e-01
9.083619078601371521e-01 -1.344309947234235469e+00 1.390977913779498865e+00
1.660642667219135449e-01 1.151700672781656554e+00 1.849858545498028195e-01
1.122456853240558550e+00 -5.344701953497611457e-01 -9.271270712050083684e-01
-1.773028373031491522e+00 -9.709495634770465289e-01 -2.965535302790260896e-01
-1.092515950531347091e+00 1.768399421884947698e+00 5.380944627315186191e-01
1.124996975718699943e+00 -8.848580843654637595e-01 -1.380359891412882289e-01
-8.905071475942986092e-01 -1.759637307877969792e-01 -1.508018994708390403e+00
-7.260113838707278333e-01 1.412236118273661356e+00 -2.253873509657262186e+00
3.826745606156224944e-01 -4.930868886188310984e-01 1.688859834066104959e+00
1.708942135350293712e-01 -1.093647304169345302e+00 1.438661701126633385e+00
1.523147520812832667e+00 9.990184875774282824e-01 -2.785460110535543432e+00
4.354854837353098751e-01 -3.781900379189634953e-01 8.186332457566651843e-01
-5.823429355043068245e-01 4.500491573748227059e-01 9.090470961343070089e-01
1.594091861828240253e+00 3.921633972738884366e-01 -4.346769046572341866e-01
2.003070566950087894e+00 6.856472402583198011e-01 -2.191720606217200940e-01
1.677211542290727442e+00 -3.142873469356432525e-01 -3.447390314196756012e-01
9.992334846066049936e-01 -6.801923771276482400e-01 -1.201949773088499374e+00
6.346903718296693642e-01 8.281642815005275660e-01 -1.612632973239901402e+00
-1.197611820435229846e-01 5.029497122787220942e-01 -1.593154215622673675e+00
1.277977093020344901e+00 6.972150247005404200e-02 3.539911379385148327e-01
2.344142224375935502e-01 -2.130993648856036315e-01 -8.324224554190510217e-01
1.912913523109579239e-01 -1.591260948675219167e+00 -1.955685598602175113e-01
-4.050955273470316365e-02 7.351724731154654080e-01 -1.211703525577669804e+00
-7.227458892598448426e-02 -5.916136252211631197e-01 -4.588872092094782862e-01
-6.623571889731957318e-01 3.490448184903899992e-02 2.063497686783531335e-02
-6.068041555181147295e-01 -5.043732264142440913e-01 1.890665168193065848e-01
-2.119308053582648343e-01 -3.608920020852203758e-01 2.057654433787881931e+00
1.071444817347881440e+00 -7.100410737219090551e-01 -3.388034884385083823e-01
-1.456261047381183227e+00 6.455905607716805328e-01 3.522079131729564105e-01
-2.047010049110975505e-01 8.866377342662682404e-01 1.502868894379827625e+00
-1.038826021542505140e+00 -1.094994889322040033e+00 1.410898078887262042e+00
1.322568083071711809e-01 -2.477564123174000432e+00 8.646087577867499485e-01
-5.859804726266134578e-01 1.419751920567886350e+00 1.864439808293942569e-01
-9.869975041490419709e-01 -2.949635502535891685e-01 -3.455114781964518378e-01
-1.555852895191033980e+00 -6.612712391481565533e-01 1.417682888001300101e-01
-5.487230938724814155e-01 2.637895301348021637e-01 -1.140348067444616031e+00
-2.118391691795993015e-01 -7.596695924695303637e-01 3.797492999985970230e-01
-1.677943366911613055e+00 -3.758336066514841867e-01 -1.336285777521530660e+00
-1.988870325585522236e+00 1.040019155135267326e+00 2.510923593770521656e+00
8.042074712319718932e-01 -2.770424122418451221e-02 1.431393271902183240e-01
-5.001216366142601233e-01 8.623513298393202797e-01 1.075162564104955809e+00
6.181382952227892913e-01 1.232475666005853121e+00 1.252625032569579522e-01
-3.223985460462004959e-01 -1.035063134067520041e+00 -4.561652989395634794e-01
-1.262321780929195558e+00 1.785743394534549666e-01 -7.848062239494368875e-02
5.554564306765769760e-02 8.401561707720711647e-01 -9.245958210321906234e-01
5.533321027345803472e-02 -6.404763004550088068e-01 3.002326243603480993e+00
-8.662729154243845597e-01 1.214322144067719211e+00 9.267244295255729902e-01
7.715018092868760613e-01 -2.191345192626966032e+00 1.708397689659472363e+00
-7.482213042871624920e-01 6.913744095143464774e-01 -1.296722675880510600e-01
2.256896663041294548e+00 -1.871333167239214168e-01 3.061532880492989078e-02
-9.405872992529188403e-01 5.398166662534052695e-02 -1.492642519626029340e+00
-1.549966226430856020e+00 -1.870129811274278797e+00 -9.393231933779661036e-01
-1.903830168813192003e+00 8.041646901984469964e-02 -3.057549463496108122e-01
9.579780448802187598e-01 -5.466150889934593415e-01 -1.387159055047640477e+00
6.764971001749500168e-01 1.018106227737513247e+00 1.164779383863642659e+00
-2.934473606700723769e-01 6.113907045949968921e-01 -1.317667656094441808e+00
-4.195718237125321826e-02 -2.614949084680163738e-01 -2.194948790755843149e+00
9.569408839847705073e-01 -7.338479049467042659e-01 -2.793615542878781777e-01
-1.187520941785410900e+00 3.610285845488791501e-01 -1.009649869426218372e+00
3.653921069993318893e-01 -3.190958879354727218e-01 -1.290285269528679279e+00
-1.903949637408575979e-01 -4.668276463757457528e-01 -6.401742691719579659e-01
2.509219180889825374e-02 5.124331234238522770e-01 -3.486114972370674692e-01
1.119592797982311705e+00 -6.747918534925778644e-01 1.090503448609222215e+00
-8.290057055796117291e-01 -1.227835617339258611e+00 1.529984779907476611e+00
-1.982475570646174523e+00 -1.206838641668419809e+00 -6.476613208889915596e-02
-2.312075018841652785e-02 -4.140394151442305382e-01 -1.110130390359572505e+00
3.386057949630028041e-01 6.186364728830217041e-01 -6.986434392103256785e-01
-2.549927004513665718e-01 4.426289213594578609e-01 3.950604434802961612e-02
1.724240226453330527e+00 -7.705394301417420877e-01 1.953377230916933938e+00
2.101604529053659465e-01 -7.477139433627060239e-01 -8.969527859246949619e-01
1.747261837496827175e+00 4.611486932497469993e-01 1.630857254348066609e+00
-1.350813497738691860e+00 1.232618582359224835e+00 9.323345432278026257e-01
-1.700430653165461992e-01 9.632360809117587186e-01 -8.806676544139659113e-02
-7.231361035697009276e-01 -1.906273234481591916e-01 2.805620333247847709e-02
4.217300032250929642e-01 -8.179221847278651536e-01 1.422671733153349364e-03
2.889064901222597181e-01 -1.545709376755798337e+00 -9.360483149002406522e-01
-1.532044813067974021e+00 -1.297046129778224088e+00 -7.449275739182866785e-01
6.648853029813122095e-01 -6.819880734048080484e-01 1.676339091133151271e+00
-5.817745194467649483e-01 6.078517254099929934e-01 9.827785944382274597e-01
2.290243841420801230e-02 9.206867969664880302e-01 7.772715806799611327e-02
5.039823623847849987e-01 -5.546681574200650333e-01 -1.023562208358665515e+00
-1.374790183879438299e+00 -6.307912647270026429e-01 8.260517615759577215e-01
1.750105629818819120e+00 3.163013395739420641e+00 1.691882420951350829e-01
-4.836276225054937372e-01 -1.423109017989073466e-01 -1.031384694201067376e+00
