1.159299521428441393e+00 5.721577440499205913e-01 -6.978441308117949715e-01
3.526875443008333222e-01 2.766923548010305489e-01 -4.987662772806421563e-01
2.450324362550833523e+00 -5.949547960371298627e-01 -2.019370902327450104e-02
1.243970925996181892e-01 -8.165526991034278703e-01 1.289118022441063660e+00
-1.710125425777610841e+00 1.326434977312322294e+00 3.476834198514002217e-01
3.379947471996169184e-01 -4.347074180055423009e-01 4.825631897378940827e-01
1.558665456252531778e-01 -1.081448575598059181e+00 -1.846657235942376074e+00
7.114082495267167738e-01 -6.664398236138180387e-01 7.816816379721066577e-01
1.479191672390343104e-01 -1.261100059028210651e+00 2.052714220626304653e-01
1.053973537045793440e+00 2.978440038912007551e-02 1.307657383411011898e+00
5.168181696452945895e-01 1.031299184605729113e+00 4.773737504154316746e-01
2.173997917374900002e+00 1.128604474301205807e+00 4.275986514356921453e-01
4.958741184846676142e-01 -1.309777333074721717e-01 -5.482187309597795766e-01
-1.069253203588751422e+00 1.227071265456336213e-01 -5.543104919957611010e-01
-9.380894933899407151e-02 -6.614128300090104107e-01 -1.648503881653446412e-01
1.063183034101690794e+00 1.734839384053828149e-01 -9.239183308880782874e-01
5.589157608329406446e-02 1.882417581084183944e-01 -7.194265519148470567e-01
1.975685718055588680e-01 -1.876930414798345659e-01 -2.585703392492986197e-01
-8.447676035829714269e-01 -3.265740106242143170e-01 3.038780774383351146e-01
2.296515562812262434e+00 -9.402297671986968863e-01 -8.296367575818877071e-01
-7.130467921750140992e-01 -9.375383140930697579e-01 -1.746980238229627114e+00
2.702678068402392775e+00 8.089242522566285620e-01 -1.240304454920016175e+00
1.097917544678745250e+00 -8.127006815966204556e-01 -7.002455155288498378e-01
-1.227528135651787394e-01 -7.604013839311759559e-01 1.295177513297034677e+00
-5.153392427319668512e-01 3.832778054104142851e-01 2.283421591788923344e+00
8.799812566389429991e-01 -8.918601216584333136e-01 1.208968151316157869e+00
3.080376695958452760e-01 -1.168413578530820951e+00 1.324721464560635775e+00
-1.654969605638200456e-03 -1.300939482849599316e-01 1.679555562352894826e+00
-6.940789483528748693e-01 -1.068822539200976751e-01 9.462659068549426067e-01
4.191754344652386943e-01 1.578737513872798592e+00 -1.056445708858024357e+00
5.925149857517464369e-03 -6.911175307880367269e-01 -6.236271371275579067e-01
-2.182705998846239115e-02 1.125926418751100222e+00 9.925524365558593409e-01
-1.982588414896510837e-05 1.079325722789205688e+00 -8.515744425396364337e-01
-1.438045004836513652e+00 3.537674370456974637e-01 -6.100786550850691992e-01
1.610528266095488104e-01 -1.113987857963483624e-01 2.848018703683355413e-01
1.501766344303600453e+00 -1.263318067154054702e+00 8.466011301480051987e-01
-2.874609357420299660e-01 1.545680258202837831e-01 -4.902600712780081360e-01
-7.739614392050470082e-02 8.367129685952333640e-01 1.358548097253660769e+00
-4.159854111821408851e-01 1.088541385175832543e+00 1.155970014417017522e+00
-1.437374811115469941e-01 7.829399607538195527e-01 -8.134730798611892189e-01
1.164828536145482429e+00 -1.031753914790186855e+00 2.565431829431713551e-01
1.936051329629289164e+00 -1.806027458357530424e+00 2.718815860299986231e-01
