4.721197560149716423e+02 -7.644717786451799384e+02 -3.430996591901427917e-01
-4.760574319336955682e+02 -7.651032204228271212e+02 2.580101560378097236e+00
4.726141736906765232e+02 7.646605783935629006e+02 5.073373243365827401e-01
-4.752439624182155740e+02 7.641456810778516910e+02 -5.392721533533411105e-01
4.915003262173046061e-01 4.702281222458281604e+02 -1.531075655010107766e+03
5.998908068938606508e-01 -4.724843907612000748e+02 -1.528845801952116744e+03
-1.631781006175785365e+00 4.736665167595761545e+02 1.533006539901571159e+03
-2.979155831929124476e-01 -4.713950054196502606e+02 1.529920094544499079e+03
-7.629409231604764727e+02 -1.075897678340442365e+00 9.475012947503172427e+02
-7.662619159570964484e+02 -1.208540177674348959e+00 -9.442828691742955698e+02
7.650910744322964092e+02 -5.477777193915028819e-02 9.458579550102884923e+02
7.661907541347611641e+02 1.212027205105424388e+00 -9.486460571753074191e+02
2.403903834219371483e+00 -9.000999485152171928e+02 -1.766591693101119631e+00
5.474306779220220465e-01 9.007121413549249382e+02 -2.686842757573698615e-01
2.792654963759634370e+02 7.293983445658598157e+02 -8.991506393721006134e+02
-2.795640132068903654e+02 7.292957894151825258e+02 -8.962818554297776927e+02
2.770663653994321862e+02 -7.285174750693596479e+02 -8.999536919485357203e+02
-2.758099922669048851e+02 -7.293033940736786462e+02 -8.996656299842321687e+02
-2.135139620356937495e+00 -2.250452955146820422e+00 -1.801090976861661602e+03
2.780552419896965262e+02 7.289091511055263481e+02 8.981002827967186022e+02
-2.784651391168576424e+02 7.284294051367937755e+02 9.021897865806511163e+02
2.785010248499370391e+02 -7.269461402445872409e+02 9.014226296356538342e+02
-2.800609277275969475e+02 -7.281350105783974413e+02 9.038646342637882753e+02
-4.759580465835294150e-01 -1.890202183395935931e+00 1.798767046010770855e+03
-7.267460046669592657e+02 -4.489499085967066208e+02 5.538594859816022336e+02
-7.278803640852418084e+02 4.480042601758722185e+02 5.588707909981903867e+02
-4.490260200592469459e+02 2.758835801060675976e+02 1.456935652675300389e+03
-4.499500744114834561e+02 -2.751514558008764197e+02 1.458650910993812658e+03
-7.246125243014469106e+02 -4.505783956398776127e+02 -5.537526700064339593e+02
-7.307753176113598101e+02 4.506830324239683137e+02 -5.559629159324102829e+02
-4.497099433991931505e+02 2.793753993428311446e+02 -1.454541336871497151e+03
-4.466812460834745480e+02 -2.758269280154403873e+02 -1.455361819042378102e+03
-8.993565718647356562e+02 -3.851303597663870981e-01 -2.255769128475196172e+00
7.274171104919950039e+02 -4.511431061113684109e+02 5.543337106430701624e+02
7.279928629793245136e+02 4.505587836487884488e+02 5.567482300356075484e+02
4.514091588008154190e+02 2.795573477768169255e+02 1.456380718958021816e+03
4.459742021979718061e+02 -2.780998674221527835e+02 1.454538046842865469e+03
7.268492332667676692e+02 -4.484760608795659778e+02 -5.549565521685852900e+02
7.302987706332477273e+02 4.510767946607944054e+02 -5.553127696640568729e+02
4.514393459033703948e+02 2.764917690816579920e+02 -1.453917304754923862e+03
4.510546099046447353e+02 -2.793927330702685481e+02 -1.455199927378373786e+03
8.989456214694321261e+02 -1.951463750876493375e+00 1.574947857025021269e+00
2.474888021713433943e+02 -8.641079881514154977e+02 6.845294533388265323e-01
-2.434660867857610924e+02 -8.652032126920431665e+02 -7.278730502332373398e-01
2.443325698252064342e+02 8.664180991573782649e+02 -5.551882036753349459e-01
-2.471017865064367527e+02 8.614315828017323611e+02 1.610445059615914110e+00
3.924412423936691425e+02 7.750219934345481079e+02 -4.677314287730569617e+02
1.461838104692886020e+02 6.269800400477715812e+02 -1.262539937913778886e+03
1.450311614705165368e+02 8.547942802135268039e+02 -4.752041472404502542e+02
-3.897632377019500041e+02 7.750624595086821955e+02 -4.694466587775569906e+02
-1.436935436168456306e+02 6.239536205407474654e+02 -1.261230914345835799e+03
-1.477008343145095637e+02 8.558948202776838343e+02 -4.699735030538304272e+02
-1.280139969066860006e+00 7.664065247026077259e+02 -9.478980690471549906e+02
3.925507886158675319e+02 -7.749483903653951984e+02 -4.683279495313531697e+02
1.420268767740322460e+02 -6.253022567949897166e+02 -1.264803161844460419e+03
1.445078439670643604e+02 -8.573168973379880526e+02 -4.737907431905316571e+02
-3.906546437124985687e+02 -7.767870996129497598e+02 -4.688181100668616637e+02
-1.459505670762389116e+02 -6.243488904656511522e+02 -1.261822294598100370e+03
-1.450209210888625648e+02 -8.562726878453287327e+02 -4.734483373017591816e+02
-1.807593326799808109e+00 -7.638248064869260361e+02 -9.447161098872768434e+02
4.337740738588837242e-01 2.455666043484998227e+02 -1.729471251932531686e+03
-1.358591594897989197e+00 -2.480442098288939121e+02 -1.733388066294244936e+03
3.906168870995661564e+02 7.788353541449329214e+02 4.672221638954243872e+02
1.424274945314869285e+02 6.229347189226473347e+02 1.263498965420129707e+03
1.465737533237586945e+02 8.580570491048116537e+02 4.735170797536487726e+02
-3.902443871025403723e+02 7.753791943432458993e+02 4.682715056164394127e+02
-1.440713161437447241e+02 6.272690184210960069e+02 1.263710294642741246e+03
-1.465672888521265804e+02 8.541209582162639435e+02 4.715968135551938758e+02
3.984144598891163347e-01 7.672685577715134286e+02 9.466239028414933045e+02
3.888307147878223304e+02 -7.723619248869424609e+02 4.674606979322118718e+02
1.463264576651498032e+02 -6.240088020035979071e+02 1.264612569785324922e+03
1.457366181119748205e+02 -8.539361698191388541e+02 4.734482345598427742e+02
-3.916243991404311942e+02 -7.762110373992309178e+02 4.689500633713891489e+02
-1.445279238876024408e+02 -6.236347525786716233e+02 1.264195657869831621e+03
-1.460751479078641069e+02 -8.560032691375730565e+02 4.753327888693848990e+02
1.254143647414215579e+00 -7.657103914175390855e+02 9.470484654594079075e+02
-6.642860793810603237e-01 2.473238618810764820e+02 1.732883142013450652e+03
-6.900906545271007220e-01 -2.415460545275996083e+02 1.730373445009131729e+03
-6.246065568873507345e+02 -6.317446445950024554e+02 2.893231293397309400e+02
-7.767783876988291922e+02 -2.334256168245082108e+02 7.810934750987340749e+02
-5.277841705820642346e+02 -6.205332186775079890e+02 7.671000948534567669e+02
-6.232004358705867162e+02 6.325499474690230954e+02 2.866058850661192423e+02
-7.761904550917886354e+02 2.318910232830292841e+02 7.825845154833692732e+02
-5.262160006379558581e+02 6.205539313651696602e+02 7.655742842712131733e+02
-2.333518119238354984e+02 3.919560534014677273e+02 1.553070420912703412e+03
-6.317521271784141845e+02 1.457055308452672477e+02 1.246648848499040696e+03
-3.831828735502278960e+02 5.280247998917294581e+02 1.235715688375305490e+03
-2.358022611024267690e+02 1.442221825145822720e+02 1.710764274503875868e+03
-6.183655601694981669e+02 3.822757754036973097e+02 1.060023889406854096e+03
-2.332064616578599612e+02 -3.897208117603001938e+02 1.554664737939798670e+03
-6.314346817409300456e+02 -1.450554977627204494e+02 1.248812880827842037e+03
-3.853603181455235358e+02 -5.305714863038238036e+02 1.240109726704495642e+03
-2.379806915268273713e+02 -1.457631896092410955e+02 1.713188190231989211e+03
-6.194501593014707623e+02 -3.834748328880943404e+02 1.057682524545539081e+03
-4.746080423821601357e+02 -5.690628060151264184e-02 1.531451494699684645e+03
-6.233932190397599697e+02 -6.328279694483904905e+02 -2.914640028773806080e+02
-7.764328799082599062e+02 -2.335507401658229298e+02 -7.818014218814033711e+02
-5.273959727836553384e+02 -6.183380075809890286e+02 -7.639113305052949272e+02
-7.656276547898730769e+02 -4.724769150691414552e+02 1.087169862931454345e+00
-6.264732901241447962e+02 6.320046809397553034e+02 -2.902184230919642687e+02
-7.742873950078461576e+02 2.330007233720185127e+02 -7.794620340469044777e+02
-5.274588595067048118e+02 6.196896875055900864e+02 -7.651809040550527925e+02
-7.668537833624409359e+02 4.736699841189936251e+02 -3.362168315442040090e-01
-2.349637757002311389e+02 3.904848541034369873e+02 -1.551117905471802487e+03
-6.292709425076575371e+02 1.467513502717150686e+02 -1.246752010606035128e+03
-3.821223660155961284e+02 5.286658105887580632e+02 -1.238727746118641335e+03
-2.372164598322847553e+02 1.472953460300392408e+02 -1.710644927455081415e+03
-6.192847659383785413e+02 3.821579206768109884e+02 -1.055832441179480611e+03
-2.348870313940309700e+02 -3.898575551760200710e+02 -1.550978146206922020e+03
-6.341615822318456139e+02 -1.425780612122792377e+02 -1.248455495745417466e+03
-3.808278554774675513e+02 -5.276523801505531992e+02 -1.237127845382364512e+03
-2.362918439850050731e+02 -1.459674858060169811e+02 -1.710573975244888970e+03
-6.189419701519791488e+02 -3.864223394776402074e+02 -1.058519436810005573e+03
-4.751114501494384399e+02 1.066645163813230379e+00 -1.533733888160478500e+03
-8.667198204528702945e+02 5.866374376001837199e-01 4.918312599021789424e+02
-8.654708621825877799e+02 -2.351454921154239486e+00 -4.908629325226378910e+02
-8.582862804458931123e+02 -2.366803220137504695e+02 2.920524851734964500e+02
-8.565233216846789901e+02 2.365173581949400727e+02 2.942784959785204819e+02
-8.604341216249897570e+02 -2.364481920725711461e+02 -2.932941352586977359e+02
-8.565569798268660406e+02 2.359931479915798604e+02 -2.972760961585898940e+02
6.212234803054453778e+02 -6.340501756647289540e+02 2.881649082282360155e+02
7.786439414566889354e+02 -2.329219308116956029e+02 7.803940143962648790e+02
5.281595130107250498e+02 -6.183745421545841054e+02 7.678014093466642862e+02
6.238498624079761612e+02 6.350173094078277245e+02 2.880137365599045438e+02
7.765110539351913985e+02 2.340646476833420877e+02 7.824427693516272484e+02
5.302107048825253059e+02 6.200410327238888613e+02 7.656728711392403284e+02
2.330023396060122138e+02 3.918538827701206060e+02 1.553515023845864107e+03
6.304938533309982631e+02 1.459457671202594327e+02 1.250948993705004568e+03
3.830691761899380481e+02 5.293238295865508007e+02 1.238830409808266495e+03
2.372100987116506587e+02 1.487120021393439799e+02 1.713009304990574719e+03
6.200605282700394127e+02 3.808575334478168202e+02 1.059838303302926988e+03
2.360660106670321454e+02 -3.931626307128581175e+02 1.551726128868230489e+03
6.335833101800952818e+02 -1.445261543492099463e+02 1.248700354995084808e+03
3.808655975000933722e+02 -5.298518753809104282e+02 1.236588808907839166e+03
2.389967182630813340e+02 -1.495207015827496093e+02 1.712036051901851124e+03
6.178637795717103245e+02 -3.854290516223200598e+02 1.058251586450873219e+03
4.708959756100982190e+02 5.113571304151833807e-01 1.530032887694617330e+03
6.237065304879022278e+02 -6.329913020508431600e+02 -2.900040461287551352e+02
7.756257982725951479e+02 -2.337493711126193148e+02 -7.809357714660386591e+02
5.285393995475711790e+02 -6.192910788976138292e+02 -7.657752597670623800e+02
7.665784281845425312e+02 -4.745229612357887845e+02 7.149538647543561554e-02
6.253077053170900399e+02 6.319674582094985453e+02 -2.905779657656265158e+02
7.788882166495014872e+02 2.332207664595249526e+02 -7.793697249477078230e+02
5.320834412006290677e+02 6.189271797032521363e+02 -7.656705725417465374e+02
7.660523092306568742e+02 4.736399501268120957e+02 -1.357108627358041719e+00
2.304690906308655940e+02 3.898652084580766086e+02 -1.551535545223723602e+03
6.322807474931369143e+02 1.414654259436615291e+02 -1.250372170916422647e+03
3.818132972829013170e+02 5.286243644506261035e+02 -1.234115827402028117e+03
2.384210827591361124e+02 1.443935422264957538e+02 -1.709513626965139338e+03
6.185140533673662731e+02 3.824409606887245445e+02 -1.058014231657083201e+03
2.333102695610065496e+02 -3.919700470858132348e+02 -1.552605189340621337e+03
6.330481873810538218e+02 -1.454422506730299176e+02 -1.248423472566239752e+03
3.827391232787674653e+02 -5.304020306809565000e+02 -1.239393440183052007e+03
2.368607921866208699e+02 -1.455394950431167729e+02 -1.709341680739543335e+03
6.187916114542290416e+02 -3.827962610636516843e+02 -1.058914857819020199e+03
4.737472954492761232e+02 -9.484279646120158391e-02 -1.532188111208835835e+03
8.666170843821162180e+02 4.431037384781948418e-01 4.905290646339360023e+02
8.653975209148663907e+02 -6.939639102990787789e-01 -4.928572846710133604e+02
8.554744187000696911e+02 -2.365719865426594595e+02 2.926218732198607313e+02
8.540292706691093372e+02 2.360549608157036801e+02 2.908075289793774232e+02
8.568355309016840238e+02 -2.348330881136232620e+02 -2.924976748899748031e+02
8.553069710326927861e+02 2.358940670087353624e+02 -2.932625630297912949e+02
