1.419474002721660690e+04 -2.296757182550507787e+04 0.000000000000000000e+00
-1.419474002721660690e+04 -2.296757182550507787e+04 0.000000000000000000e+00
1.419474002721660690e+04 2.296757182550507787e+04 0.000000000000000000e+00
-1.419474002721660690e+04 2.296757182550507787e+04 0.000000000000000000e+00
0.000000000000000000e+00 1.419474002721660690e+04 -4.593514365101016301e+04
0.000000000000000000e+00 -1.419474002721660690e+04 -4.593514365101016301e+04
0.000000000000000000e+00 1.419474002721660690e+04 4.593514365101016301e+04
0.000000000000000000e+00 -1.419474002721660690e+04 4.593514365101016301e+04
-2.296757182550507787e+04 0.000000000000000000e+00 2.838948005443321745e+04
-2.296757182550507787e+04 0.000000000000000000e+00 -2.838948005443321745e+04
2.296757182550507787e+04 0.000000000000000000e+00 2.838948005443321745e+04
2.296757182550507787e+04 0.000000000000000000e+00 -2.838948005443321745e+04
0.000000000000000000e+00 -2.700000000000000000e+04 0.000000000000000000e+00
0.000000000000000000e+00 2.700000000000000000e+04 0.000000000000000000e+00
8.343458848123582356e+03 2.184345884812358054e+04 -2.700000000000000728e+04
-8.343458848123582356e+03 2.184345884812358054e+04 -2.700000000000000728e+04
8.343458848123582356e+03 -2.184345884812358054e+04 -2.700000000000000728e+04
-8.343458848123582356e+03 -2.184345884812358054e+04 -2.700000000000000728e+04
0.000000000000000000e+00 0.000000000000000000e+00 -5.400000000000000000e+04
8.343458848123582356e+03 2.184345884812358054e+04 2.700000000000000728e+04
-8.343458848123582356e+03 2.184345884812358054e+04 2.700000000000000728e+04
8.343458848123582356e+03 -2.184345884812358054e+04 2.700000000000000728e+04
-8.343458848123582356e+03 -2.184345884812358054e+04 2.700000000000000728e+04
0.000000000000000000e+00 0.000000000000000000e+00 5.400000000000000000e+04
-2.184345884812358054e+04 -1.350000000000000364e+04 1.668691769624716108e+04
-2.184345884812358054e+04 1.350000000000000364e+04 1.668691769624716108e+04
-1.350000000000000364e+04 8.343458848123582356e+03 4.368691769624715380e+04
-1.350000000000000364e+04 -8.343458848123582356e+03 4.368691769624715380e+04
-2.184345884812358054e+04 -1.350000000000000364e+04 -1.668691769624716108e+04
-2.184345884812358054e+04 1.350000000000000364e+04 -1.668691769624716108e+04
-1.350000000000000364e+04 8.343458848123582356e+03 -4.368691769624715380e+04
-1.350000000000000364e+04 -8.343458848123582356e+03 -4.368691769624715380e+04
-2.700000000000000000e+04 0.000000000000000000e+00 0.000000000000000000e+00
2.184345884812358054e+04 -1.350000000000000364e+04 1.668691769624716108e+04
2.184345884812358054e+04 1.350000000000000364e+04 1.668691769624716108e+04
1.350000000000000364e+04 8.343458848123582356e+03 4.368691769624715380e+04
1.350000000000000364e+04 -8.343458848123582356e+03 4.368691769624715380e+04
2.184345884812358054e+04 -1.350000000000000364e+04 -1.668691769624716108e+04
2.184345884812358054e+04 1.350000000000000364e+04 -1.668691769624716108e+04
1.350000000000000364e+04 8.343458848123582356e+03 -4.368691769624715380e+04
1.350000000000000364e+04 -8.343458848123582356e+03 -4.368691769624715380e+04
2.700000000000000000e+04 0.000000000000000000e+00 0.000000000000000000e+00
7.378196280642136117e+03 -2.597233566016577242e+04 0.000000000000000000e+00
-7.378196280642136117e+03 -2.597233566016577242e+04 0.000000000000000000e+00
7.378196280642136117e+03 2.597233566016577242e+04 0.000000000000000000e+00
-7.378196280642136117e+03 2.597233566016577242e+04 0.000000000000000000e+00
1.171499124292276065e+04 2.329204897123702540e+04 -1.403416330241873584e+04
4.336794962280624532e+03 1.873207289413212493e+04 -3.791050801791281265e+04
4.386415899144236391e+03 2.567852593996914948e+04 -1.419474002721660690e+04
-1.171499124292276065e+04 2.329204897123702540e+04 -1.403416330241873584e+04
-4.336794962280624532e+03 1.873207289413212493e+04 -3.791050801791281265e+04
-4.386415899144236391e+03 2.567852593996914948e+04 -1.419474002721660690e+04
0.000000000000000000e+00 2.296757182550507787e+04 -2.838948005443321745e+04
1.171499124292276065e+04 -2.329204897123702540e+04 -1.403416330241873584e+04
4.336794962280624532e+03 -1.873207289413212493e+04 -3.791050801791281265e+04
4.386415899144236391e+03 -2.567852593996914948e+04 -1.419474002721660690e+04
-1.171499124292276065e+04 -2.329204897123702540e+04 -1.403416330241873584e+04
-4.336794962280624532e+03 -1.873207289413212493e+04 -3.791050801791281265e+04
-4.386415899144236391e+03 -2.567852593996914948e+04 -1.419474002721660690e+04
0.000000000000000000e+00 -2.296757182550507787e+04 -2.838948005443321745e+04
0.000000000000000000e+00 7.378196280642136117e+03 -5.194467132033154485e+04
0.000000000000000000e+00 -7.378196280642136117e+03 -5.194467132033154485e+04
1.171499124292276065e+04 2.329204897123702540e+04 1.403416330241873584e+04
4.336794962280624532e+03 1.873207289413212493e+04 3.791050801791281265e+04
4.386415899144236391e+03 2.567852593996914948e+04 1.419474002721660690e+04
-1.171499124292276065e+04 2.329204897123702540e+04 1.403416330241873584e+04
-4.336794962280624532e+03 1.873207289413212493e+04 3.791050801791281265e+04
-4.386415899144236391e+03 2.567852593996914948e+04 1.419474002721660690e+04
0.000000000000000000e+00 2.296757182550507787e+04 2.838948005443321745e+04
1.171499124292276065e+04 -2.329204897123702540e+04 1.403416330241873584e+04
4.336794962280624532e+03 -1.873207289413212493e+04 3.791050801791281265e+04
4.386415899144236391e+03 -2.567852593996914948e+04 1.419474002721660690e+04
-1.171499124292276065e+04 -2.329204897123702540e+04 1.403416330241873584e+04
-4.336794962280624532e+03 -1.873207289413212493e+04 3.791050801791281265e+04
-4.386415899144236391e+03 -2.567852593996914948e+04 1.419474002721660690e+04
0.000000000000000000e+00 -2.296757182550507787e+04 2.838948005443321745e+04
0.000000000000000000e+00 7.378196280642136117e+03 5.194467132033154485e+04
0.000000000000000000e+00 -7.378196280642136117e+03 5.194467132033154485e+04
-1.873207289413212493e+04 -1.895525400895639905e+04 8.673589924561249063e+03
-2.329204897123702540e+04 -7.017081651209370648e+03 2.342998248584551766e+04
-1.587020181189677351e+04 -1.858115592636084330e+04 2.296757182550508151e+04
-1.873207289413212493e+04 1.895525400895639905e+04 8.673589924561249063e+03
-2.329204897123702540e+04 7.017081651209370648e+03 2.342998248584551766e+04
-1.587020181189677351e+04 1.858115592636084330e+04 2.296757182550508151e+04
-7.017081651209370648e+03 1.171499124292276065e+04 4.658409794247404352e+04
-1.895525400895640269e+04 4.336794962280625441e+03 3.746414578826425713e+04
-1.148378591275253893e+04 1.587020181189677351e+04 3.716231185272168659e+04
-7.097370013608304362e+03 4.386415899144235482e+03 5.135705187993829895e+04
-1.858115592636084330e+04 1.148378591275253893e+04 3.174040362379354337e+04
-7.017081651209370648e+03 -1.171499124292276065e+04 4.658409794247404352e+04
-1.895525400895640269e+04 -4.336794962280625441e+03 3.746414578826425713e+04
-1.148378591275253893e+04 -1.587020181189677351e+04 3.716231185272168659e+04
-7.097370013608304362e+03 -4.386415899144235482e+03 5.135705187993829895e+04
-1.858115592636084330e+04 -1.148378591275253893e+04 3.174040362379354337e+04
-1.419474002721661054e+04 0.000000000000000000e+00 4.593514365101016301e+04
-1.873207289413212493e+04 -1.895525400895639905e+04 -8.673589924561249063e+03
-2.329204897123702540e+04 -7.017081651209370648e+03 -2.342998248584551766e+04
-1.587020181189677351e+04 -1.858115592636084330e+04 -2.296757182550508151e+04
-2.296757182550507787e+04 -1.419474002721661054e+04 0.000000000000000000e+00
-1.873207289413212493e+04 1.895525400895639905e+04 -8.673589924561249063e+03
-2.329204897123702540e+04 7.017081651209370648e+03 -2.342998248584551766e+04
-1.587020181189677351e+04 1.858115592636084330e+04 -2.296757182550508151e+04
-2.296757182550507787e+04 1.419474002721661054e+04 0.000000000000000000e+00
-7.017081651209370648e+03 1.171499124292276065e+04 -4.658409794247404352e+04
-1.895525400895640269e+04 4.336794962280625441e+03 -3.746414578826425713e+04
-1.148378591275253893e+04 1.587020181189677351e+04 -3.716231185272168659e+04
-7.097370013608304362e+03 4.386415899144235482e+03 -5.135705187993829895e+04
-1.858115592636084330e+04 1.148378591275253893e+04 -3.174040362379354337e+04
-7.017081651209370648e+03 -1.171499124292276065e+04 -4.658409794247404352e+04
-1.895525400895640269e+04 -4.336794962280625441e+03 -3.746414578826425713e+04
-1.148378591275253893e+04 -1.587020181189677351e+04 -3.716231185272168659e+04
-7.097370013608304362e+03 -4.386415899144235482e+03 -5.135705187993829895e+04
-1.858115592636084330e+04 -1.148378591275253893e+04 -3.174040362379354337e+04
-1.419474002721661054e+04 0.000000000000000000e+00 -4.593514365101016301e+04
-2.597233566016577242e+04 0.000000000000000000e+00 1.475639256128427223e+04
-2.597233566016577242e+04 0.000000000000000000e+00 -1.475639256128427223e+04
-2.567852593996914948e+04 -7.097370013608305271e+03 8.772831798288472783e+03
-2.567852593996914948e+04 7.097370013608305271e+03 8.772831798288472783e+03
-2.567852593996914948e+04 -7.097370013608305271e+03 -8.772831798288472783e+03
-2.567852593996914948e+04 7.097370013608305271e+03 -8.772831798288472783e+03
1.873207289413212493e+04 -1.895525400895639905e+04 8.673589924561249063e+03
2.329204897123702540e+04 -7.017081651209370648e+03 2.342998248584551766e+04
1.587020181189677351e+04 -1.858115592636084330e+04 2.296757182550508151e+04
1.873207289413212493e+04 1.895525400895639905e+04 8.673589924561249063e+03
2.329204897123702540e+04 7.017081651209370648e+03 2.342998248584551766e+04
1.587020181189677351e+04 1.858115592636084330e+04 2.296757182550508151e+04
7.017081651209370648e+03 1.171499124292276065e+04 4.658409794247404352e+04
1.895525400895640269e+04 4.336794962280625441e+03 3.746414578826425713e+04
1.148378591275253893e+04 1.587020181189677351e+04 3.716231185272168659e+04
7.097370013608304362e+03 4.386415899144235482e+03 5.135705187993829895e+04
1.858115592636084330e+04 1.148378591275253893e+04 3.174040362379354337e+04
7.017081651209370648e+03 -1.171499124292276065e+04 4.658409794247404352e+04
1.895525400895640269e+04 -4.336794962280625441e+03 3.746414578826425713e+04
1.148378591275253893e+04 -1.587020181189677351e+04 3.716231185272168659e+04
7.097370013608304362e+03 -4.386415899144235482e+03 5.135705187993829895e+04
1.858115592636084330e+04 -1.148378591275253893e+04 3.174040362379354337e+04
1.419474002721661054e+04 0.000000000000000000e+00 4.593514365101016301e+04
1.873207289413212493e+04 -1.895525400895639905e+04 -8.673589924561249063e+03
2.329204897123702540e+04 -7.017081651209370648e+03 -2.342998248584551766e+04
1.587020181189677351e+04 -1.858115592636084330e+04 -2.296757182550508151e+04
2.296757182550507787e+04 -1.419474002721661054e+04 0.000000000000000000e+00
1.873207289413212493e+04 1.895525400895639905e+04 -8.673589924561249063e+03
2.329204897123702540e+04 7.017081651209370648e+03 -2.342998248584551766e+04
1.587020181189677351e+04 1.858115592636084330e+04 -2.296757182550508151e+04
2.296757182550507787e+04 1.419474002721661054e+04 0.000000000000000000e+00
7.017081651209370648e+03 1.171499124292276065e+04 -4.658409794247404352e+04
1.895525400895640269e+04 4.336794962280625441e+03 -3.746414578826425713e+04
1.148378591275253893e+04 1.587020181189677351e+04 -3.716231185272168659e+04
7.097370013608304362e+03 4.386415899144235482e+03 -5.135705187993829895e+04
1.858115592636084330e+04 1.148378591275253893e+04 -3.174040362379354337e+04
7.017081651209370648e+03 -1.171499124292276065e+04 -4.658409794247404352e+04
1.895525400895640269e+04 -4.336794962280625441e+03 -3.746414578826425713e+04
1.148378591275253893e+04 -1.587020181189677351e+04 -3.716231185272168659e+04
7.097370013608304362e+03 -4.386415899144235482e+03 -5.135705187993829895e+04
1.858115592636084330e+04 -1.148378591275253893e+04 -3.174040362379354337e+04
1.419474002721661054e+04 0.000000000000000000e+00 -4.593514365101016301e+04
2.597233566016577242e+04 0.000000000000000000e+00 1.475639256128427223e+04
2.597233566016577242e+04 0.000000000000000000e+00 -1.475639256128427223e+04
2.567852593996914948e+04 -7.097370013608305271e+03 8.772831798288472783e+03
2.567852593996914948e+04 7.097370013608305271e+03 8.772831798288472783e+03
2.567852593996914948e+04 -7.097370013608305271e+03 -8.772831798288472783e+03
2.567852593996914948e+04 7.097370013608305271e+03 -8.772831798288472783e+03
1.089059441266883914e+04 -2.470617237329057389e+04 0.000000000000000000e+00
3.724710537446110266e+03 -2.674184981283527304e+04 0.000000000000000000e+00
-1.089059441266883914e+04 -2.470617237329057389e+04 0.000000000000000000e+00
-3.724710537446110266e+03 -2.674184981283527304e+04 0.000000000000000000e+00
1.089059441266883914e+04 2.470617237329057389e+04 0.000000000000000000e+00
3.724710537446110266e+03 2.674184981283527304e+04 0.000000000000000000e+00
-1.089059441266883914e+04 2.470617237329057389e+04 0.000000000000000000e+00
-3.724710537446110266e+03 2.674184981283527304e+04 0.000000000000000000e+00
1.307992433563803206e+04 2.335309206830842231e+04 -7.084820455902694448e+03
1.012604132191166173e+04 2.278560981480453120e+04 -2.071514156499258388e+04
9.672177424137633352e+03 2.495622421650634351e+04 -7.109390053011489726e+03
2.189329922969195650e+03 1.662233456358937838e+04 -4.232752429067845515e+04
6.401330784465551005e+03 2.048361210440794821e+04 -3.276855806067796948e+04
2.220546562542782340e+03 2.666758519606872142e+04 -7.185839623591933560e+03
6.444277118629016513e+03 2.405717615308592940e+04 -2.085411882172997139e+04
5.943159741778895295e+03 2.609260012986585571e+04 -7.170793748706733822e+03
8.133989735517267036e+03 2.473859273016282532e+04 -1.426046853558953990e+04
-1.307992433563803206e+04 2.335309206830842231e+04 -7.084820455902694448e+03
-1.012604132191166173e+04 2.278560981480453120e+04 -2.071514156499258388e+04
-9.672177424137633352e+03 2.495622421650634351e+04 -7.109390053011489726e+03
-2.189329922969195650e+03 1.662233456358937838e+04 -4.232752429067845515e+04
-6.401330784465551005e+03 2.048361210440794821e+04 -3.276855806067796948e+04
0.000000000000000000e+00 1.897848982316987895e+04 -3.840921368795969465e+04
-2.220546562542782340e+03 2.666758519606872142e+04 -7.185839623591933560e+03
-6.444277118629016513e+03 2.405717615308592940e+04 -2.085411882172997139e+04
-5.943159741778895295e+03 2.609260012986585571e+04 -7.170793748706733822e+03
0.000000000000000000e+00 2.602425411362581144e+04 -1.438585386126663980e+04
-8.133989735517267036e+03 2.473859273016282532e+04 -1.426046853558953990e+04
4.223730556086234174e+03 2.268480290383274769e+04 -2.803995844532190677e+04
-4.223730556086234174e+03 2.268480290383274769e+04 -2.803995844532190677e+04
2.190829993738370831e+03 2.106551800917341825e+04 -3.349293746112614463e+04
2.222736660862924509e+03 2.465052730917207373e+04 -2.157878079189996788e+04
-2.190829993738370831e+03 2.106551800917341825e+04 -3.349293746112614463e+04
-2.222736660862924509e+03 2.465052730917207373e+04 -2.157878079189996788e+04
1.307992433563803206e+04 -2.335309206830842231e+04 -7.084820455902694448e+03
1.012604132191166173e+04 -2.278560981480453120e+04 -2.071514156499258388e+04
9.672177424137633352e+03 -2.495622421650634351e+04 -7.109390053011489726e+03
2.189329922969195650e+03 -1.662233456358937838e+04 -4.232752429067845515e+04
6.401330784465551005e+03 -2.048361210440794821e+04 -3.276855806067796948e+04
2.220546562542782340e+03 -2.666758519606872142e+04 -7.185839623591933560e+03
6.444277118629016513e+03 -2.405717615308592940e+04 -2.085411882172997139e+04
5.943159741778895295e+03 -2.609260012986585571e+04 -7.170793748706733822e+03
8.133989735517267036e+03 -2.473859273016282532e+04 -1.426046853558953990e+04
-1.307992433563803206e+04 -2.335309206830842231e+04 -7.084820455902694448e+03
-1.012604132191166173e+04 -2.278560981480453120e+04 -2.071514156499258388e+04
-9.672177424137633352e+03 -2.495622421650634351e+04 -7.109390053011489726e+03
-2.189329922969195650e+03 -1.662233456358937838e+04 -4.232752429067845515e+04
-6.401330784465551005e+03 -2.048361210440794821e+04 -3.276855806067796948e+04
0.000000000000000000e+00 -1.897848982316987895e+04 -3.840921368795969465e+04
-2.220546562542782340e+03 -2.666758519606872142e+04 -7.185839623591933560e+03
-6.444277118629016513e+03 -2.405717615308592940e+04 -2.085411882172997139e+04
-5.943159741778895295e+03 -2.609260012986585571e+04 -7.170793748706733822e+03
0.000000000000000000e+00 -2.602425411362581144e+04 -1.438585386126663980e+04
-8.133989735517267036e+03 -2.473859273016282532e+04 -1.426046853558953990e+04
4.223730556086234174e+03 -2.268480290383274769e+04 -2.803995844532190677e+04
-4.223730556086234174e+03 -2.268480290383274769e+04 -2.803995844532190677e+04
2.190829993738370831e+03 -2.106551800917341825e+04 -3.349293746112614463e+04
2.222736660862924509e+03 -2.465052730917207373e+04 -2.157878079189996788e+04
-2.190829993738370831e+03 -2.106551800917341825e+04 -3.349293746112614463e+04
-2.222736660862924509e+03 -2.465052730917207373e+04 -2.157878079189996788e+04
0.000000000000000000e+00 1.089059441266883914e+04 -4.941234474658114050e+04
0.000000000000000000e+00 3.724710537446110266e+03 -5.348369962567053881e+04
0.000000000000000000e+00 -1.089059441266883914e+04 -4.941234474658114050e+04
0.000000000000000000e+00 -3.724710537446110266e+03 -5.348369962567053881e+04
1.307992433563803206e+04 2.335309206830842231e+04 7.084820455902694448e+03
1.012604132191166173e+04 2.278560981480453120e+04 2.071514156499258388e+04
9.672177424137633352e+03 2.495622421650634351e+04 7.109390053011489726e+03
2.189329922969195650e+03 1.662233456358937838e+04 4.232752429067845515e+04
6.401330784465551005e+03 2.048361210440794821e+04 3.276855806067796948e+04
2.220546562542782340e+03 2.666758519606872142e+04 7.185839623591933560e+03
6.444277118629016513e+03 2.405717615308592940e+04 2.085411882172997139e+04
5.943159741778895295e+03 2.609260012986585571e+04 7.170793748706733822e+03
8.133989735517267036e+03 2.473859273016282532e+04 1.426046853558953990e+04
-1.307992433563803206e+04 2.335309206830842231e+04 7.084820455902694448e+03
-1.012604132191166173e+04 2.278560981480453120e+04 2.071514156499258388e+04
-9.672177424137633352e+03 2.495622421650634351e+04 7.109390053011489726e+03
-2.189329922969195650e+03 1.662233456358937838e+04 4.232752429067845515e+04
-6.401330784465551005e+03 2.048361210440794821e+04 3.276855806067796948e+04
0.000000000000000000e+00 1.897848982316987895e+04 3.840921368795969465e+04
-2.220546562542782340e+03 2.666758519606872142e+04 7.185839623591933560e+03
-6.444277118629016513e+03 2.405717615308592940e+04 2.085411882172997139e+04
-5.943159741778895295e+03 2.609260012986585571e+04 7.170793748706733822e+03
0.000000000000000000e+00 2.602425411362581144e+04 1.438585386126663980e+04
-8.133989735517267036e+03 2.473859273016282532e+04 1.426046853558953990e+04
4.223730556086234174e+03 2.268480290383274769e+04 2.803995844532190677e+04
-4.223730556086234174e+03 2.268480290383274769e+04 2.803995844532190677e+04
2.190829993738370831e+03 2.106551800917341825e+04 3.349293746112614463e+04
2.222736660862924509e+03 2.465052730917207373e+04 2.157878079189996788e+04
-2.190829993738370831e+03 2.106551800917341825e+04 3.349293746112614463e+04
-2.222736660862924509e+03 2.465052730917207373e+04 2.157878079189996788e+04
1.307992433563803206e+04 -2.335309206830842231e+04 7.084820455902694448e+03
1.012604132191166173e+04 -2.278560981480453120e+04 2.071514156499258388e+04
9.672177424137633352e+03 -2.495622421650634351e+04 7.109390053011489726e+03
2.189329922969195650e+03 -1.662233456358937838e+04 4.232752429067845515e+04
6.401330784465551005e+03 -2.048361210440794821e+04 3.276855806067796948e+04
2.220546562542782340e+03 -2.666758519606872142e+04 7.185839623591933560e+03
6.444277118629016513e+03 -2.405717615308592940e+04 2.085411882172997139e+04
5.943159741778895295e+03 -2.609260012986585571e+04 7.170793748706733822e+03
8.133989735517267036e+03 -2.473859273016282532e+04 1.426046853558953990e+04
-1.307992433563803206e+04 -2.335309206830842231e+04 7.084820455902694448e+03
-1.012604132191166173e+04 -2.278560981480453120e+04 2.071514156499258388e+04
-9.672177424137633352e+03 -2.495622421650634351e+04 7.109390053011489726e+03
-2.189329922969195650e+03 -1.662233456358937838e+04 4.232752429067845515e+04
-6.401330784465551005e+03 -2.048361210440794821e+04 3.276855806067796948e+04
0.000000000000000000e+00 -1.897848982316987895e+04 3.840921368795969465e+04
-2.220546562542782340e+03 -2.666758519606872142e+04 7.185839623591933560e+03
-6.444277118629016513e+03 -2.405717615308592940e+04 2.085411882172997139e+04
-5.943159741778895295e+03 -2.609260012986585571e+04 7.170793748706733822e+03
0.000000000000000000e+00 -2.602425411362581144e+04 1.438585386126663980e+04
-8.133989735517267036e+03 -2.473859273016282532e+04 1.426046853558953990e+04
4.223730556086234174e+03 -2.268480290383274769e+04 2.803995844532190677e+04
-4.223730556086234174e+03 -2.268480290383274769e+04 2.803995844532190677e+04
2.190829993738370831e+03 -2.106551800917341825e+04 3.349293746112614463e+04
2.222736660862924509e+03 -2.465052730917207373e+04 2.157878079189996788e+04
-2.190829993738370831e+03 -2.106551800917341825e+04 3.349293746112614463e+04
-2.222736660862924509e+03 -2.465052730917207373e+04 2.157878079189996788e+04
0.000000000000000000e+00 1.089059441266883914e+04 4.941234474658114050e+04
0.000000000000000000e+00 3.724710537446110266e+03 5.348369962567053881e+04
0.000000000000000000e+00 -1.089059441266883914e+04 4.941234474658114050e+04
0.000000000000000000e+00 -3.724710537446110266e+03 5.348369962567053881e+04
-1.662233456358937838e+04 -2.116376214533922393e+04 4.378659845938391300e+03
-2.048361210440794821e+04 -1.638427903033898474e+04 1.280266156893110565e+04
-1.542379479666413499e+04 -2.140152919000060137e+04 1.150323474505300692e+04
-2.335309206830842231e+04 -3.542410227951347679e+03 2.615984867127606412e+04
-2.278560981480453120e+04 -1.035757078249629194e+04 2.025208264382331981e+04
-1.225774349296776381e+04 -2.046425634128996535e+04 2.529521194681553243e+04
-1.909188309203678000e+04 -1.624052578520373208e+04 2.007439386084996659e+04
-1.393528374137864921e+04 -2.115319585580945932e+04 1.869226279860556679e+04
-1.748012113482005225e+04 -1.896236586207108849e+04 1.598424799919950601e+04
-1.662233456358937838e+04 2.116376214533922393e+04 4.378659845938391300e+03
-2.048361210440794821e+04 1.638427903033898474e+04 1.280266156893110565e+04
-1.542379479666413499e+04 2.140152919000060137e+04 1.150323474505300692e+04
-2.335309206830842231e+04 3.542410227951347679e+03 2.615984867127606412e+04
-2.278560981480453120e+04 1.035757078249629194e+04 2.025208264382331981e+04
-1.225774349296776381e+04 2.046425634128996535e+04 2.529521194681553243e+04
-1.909188309203678000e+04 1.624052578520373208e+04 2.007439386084996659e+04
-1.393528374137864921e+04 2.115319585580945932e+04 1.869226279860556679e+04
-1.748012113482005225e+04 1.896236586207108849e+04 1.598424799919950601e+04
-3.542410227951347679e+03 1.307992433563803206e+04 4.670618413661683735e+04
-1.035757078249629194e+04 1.012604132191165991e+04 4.557121962960906967e+04
-5.751617372526504369e+03 1.542379479666413499e+04 4.280305838000121003e+04
-3.554695026505745318e+03 9.672177424137633352e+03 4.991244843301267974e+04
-2.116376214533922393e+04 2.189329922969195650e+03 3.324466912717875675e+04
-1.638427903033898474e+04 6.401330784465551915e+03 4.096722420881589642e+04
-2.140152919000060137e+04 5.751617372526504369e+03 3.084758959332826635e+04
-1.003719693042498147e+04 1.909188309203678000e+04 3.248105157040746417e+04
-1.264760597340776803e+04 1.225774349296776199e+04 4.092851268257993797e+04
-7.992123999599753006e+03 1.748012113482005225e+04 3.792473172414216970e+04
-1.386113691322209343e+04 1.745760037853875474e+04 3.046972743535165500e+04
-9.346131399302787031e+03 1.393528374137864921e+04 4.230639171161891136e+04
-3.592919811795966780e+03 2.220546562542782340e+03 5.333517039213745011e+04
-1.042705941086498569e+04 6.444277118629014694e+03 4.811435230617186608e+04
-3.585396874353366911e+03 5.943159741778895295e+03 5.218520025973171869e+04
-7.130234267794769949e+03 8.133989735517266126e+03 4.947718546032563609e+04
-2.046425634128996535e+04 1.264760597340776803e+04 2.451548698593552399e+04
-1.624052578520373208e+04 1.003719693042498147e+04 3.818376618407356727e+04
-2.115319585580945932e+04 9.346131399302787031e+03 2.787056748275730206e+04
-1.745760037853875474e+04 1.523486371767582932e+04 2.772227382644419413e+04
-1.896236586207108849e+04 7.992123999599753006e+03 3.496024226964010450e+04
-1.523486371767582932e+04 1.386113691322209525e+04 3.491520075707750220e+04
-3.542410227951347679e+03 -1.307992433563803206e+04 4.670618413661683735e+04
-1.035757078249629194e+04 -1.012604132191165991e+04 4.557121962960906967e+04
-5.751617372526504369e+03 -1.542379479666413499e+04 4.280305838000121003e+04
-3.554695026505745318e+03 -9.672177424137633352e+03 4.991244843301267974e+04
-2.116376214533922393e+04 -2.189329922969195650e+03 3.324466912717875675e+04
-1.638427903033898474e+04 -6.401330784465551915e+03 4.096722420881589642e+04
-2.140152919000060137e+04 -5.751617372526504369e+03 3.084758959332826635e+04
-1.920460684397984005e+04 0.000000000000000000e+00 3.795697964633976517e+04
-1.003719693042498147e+04 -1.909188309203678000e+04 3.248105157040746417e+04
-1.264760597340776803e+04 -1.225774349296776199e+04 4.092851268257993797e+04
-7.992123999599753006e+03 -1.748012113482005225e+04 3.792473172414216970e+04
-1.386113691322209343e+04 -1.745760037853875474e+04 3.046972743535165500e+04
-9.346131399302787031e+03 -1.393528374137864921e+04 4.230639171161891136e+04
-3.592919811795966780e+03 -2.220546562542782340e+03 5.333517039213745011e+04
-1.042705941086498569e+04 -6.444277118629014694e+03 4.811435230617186608e+04
-3.585396874353366911e+03 -5.943159741778895295e+03 5.218520025973171869e+04
-7.192926930633321717e+03 0.000000000000000000e+00 5.204850822725163016e+04
-7.130234267794769949e+03 -8.133989735517266126e+03 4.947718546032563609e+04
-2.046425634128996535e+04 -1.264760597340776803e+04 2.451548698593552399e+04
-1.624052578520373208e+04 -1.003719693042498147e+04 3.818376618407356727e+04
-2.115319585580945932e+04 -9.346131399302787031e+03 2.787056748275730206e+04
-1.745760037853875474e+04 -1.523486371767582932e+04 2.772227382644419413e+04
-1.896236586207108849e+04 -7.992123999599753006e+03 3.496024226964010450e+04
-1.523486371767582932e+04 -1.386113691322209525e+04 3.491520075707750220e+04
-1.401997922266095338e+04 4.223730556086233264e+03 4.536960580766548082e+04
-1.401997922266095338e+04 -4.223730556086233264e+03 4.536960580766548082e+04
-1.674646873056307231e+04 2.190829993738370831e+03 4.213103601834682922e+04
-1.078939039594998212e+04 2.222736660862924964e+03 4.930105461834416201e+04
-1.674646873056307231e+04 -2.190829993738370831e+03 4.213103601834682922e+04
-1.078939039594998212e+04 -2.222736660862924964e+03 4.930105461834416201e+04
-1.662233456358937838e+04 -2.116376214533922393e+04 -4.378659845938391300e+03
-2.048361210440794821e+04 -1.638427903033898474e+04 -1.280266156893110565e+04
-1.542379479666413499e+04 -2.140152919000060137e+04 -1.150323474505300692e+04
-1.897848982316987895e+04 -1.920460684397984005e+04 0.000000000000000000e+00
-2.335309206830842231e+04 -3.542410227951347679e+03 -2.615984867127606412e+04
-2.278560981480453120e+04 -1.035757078249629194e+04 -2.025208264382331981e+04
-1.225774349296776381e+04 -2.046425634128996535e+04 -2.529521194681553243e+04
-1.909188309203678000e+04 -1.624052578520373208e+04 -2.007439386084996659e+04
-1.393528374137864921e+04 -2.115319585580945932e+04 -1.869226279860556679e+04
-1.748012113482005225e+04 -1.896236586207108849e+04 -1.598424799919950601e+04
-2.268480290383274405e+04 -1.401997922266095338e+04 8.447461112172466528e+03
-2.268480290383274405e+04 -1.401997922266095338e+04 -8.447461112172466528e+03
-2.106551800917341825e+04 -1.674646873056307231e+04 4.381659987476741662e+03
-2.106551800917341825e+04 -1.674646873056307231e+04 -4.381659987476741662e+03
-1.662233456358937838e+04 2.116376214533922393e+04 -4.378659845938391300e+03
-2.048361210440794821e+04 1.638427903033898474e+04 -1.280266156893110565e+04
-1.542379479666413499e+04 2.140152919000060137e+04 -1.150323474505300692e+04
-1.897848982316987895e+04 1.920460684397984005e+04 0.000000000000000000e+00
-2.335309206830842231e+04 3.542410227951347679e+03 -2.615984867127606412e+04
-2.278560981480453120e+04 1.035757078249629194e+04 -2.025208264382331981e+04
-1.225774349296776381e+04 2.046425634128996535e+04 -2.529521194681553243e+04
-1.909188309203678000e+04 1.624052578520373208e+04 -2.007439386084996659e+04
-1.393528374137864921e+04 2.115319585580945932e+04 -1.869226279860556679e+04
-1.748012113482005225e+04 1.896236586207108849e+04 -1.598424799919950601e+04
-2.268480290383274405e+04 1.401997922266095338e+04 8.447461112172466528e+03
-2.268480290383274405e+04 1.401997922266095338e+04 -8.447461112172466528e+03
-2.106551800917341825e+04 1.674646873056307231e+04 4.381659987476741662e+03
-2.106551800917341825e+04 1.674646873056307231e+04 -4.381659987476741662e+03
-3.542410227951347679e+03 1.307992433563803206e+04 -4.670618413661683735e+04
-1.035757078249629194e+04 1.012604132191165991e+04 -4.557121962960906967e+04
-5.751617372526504369e+03 1.542379479666413499e+04 -4.280305838000121003e+04
-3.554695026505745318e+03 9.672177424137633352e+03 -4.991244843301267974e+04
-2.116376214533922393e+04 2.189329922969195650e+03 -3.324466912717875675e+04
-1.638427903033898474e+04 6.401330784465551915e+03 -4.096722420881589642e+04
-2.140152919000060137e+04 5.751617372526504369e+03 -3.084758959332826635e+04
-1.003719693042498147e+04 1.909188309203678000e+04 -3.248105157040746417e+04
-1.264760597340776803e+04 1.225774349296776199e+04 -4.092851268257993797e+04
-7.992123999599753006e+03 1.748012113482005225e+04 -3.792473172414216970e+04
-1.386113691322209343e+04 1.745760037853875474e+04 -3.046972743535165500e+04
-9.346131399302787031e+03 1.393528374137864921e+04 -4.230639171161891136e+04
-3.592919811795966780e+03 2.220546562542782340e+03 -5.333517039213745011e+04
-1.042705941086498569e+04 6.444277118629014694e+03 -4.811435230617186608e+04
-3.585396874353366911e+03 5.943159741778895295e+03 -5.218520025973171869e+04
-7.130234267794769949e+03 8.133989735517266126e+03 -4.947718546032563609e+04
-2.046425634128996535e+04 1.264760597340776803e+04 -2.451548698593552399e+04
-1.624052578520373208e+04 1.003719693042498147e+04 -3.818376618407356727e+04
-2.115319585580945932e+04 9.346131399302787031e+03 -2.787056748275730206e+04
-1.745760037853875474e+04 1.523486371767582932e+04 -2.772227382644419413e+04
-1.896236586207108849e+04 7.992123999599753006e+03 -3.496024226964010450e+04
-1.523486371767582932e+04 1.386113691322209525e+04 -3.491520075707750220e+04
-3.542410227951347679e+03 -1.307992433563803206e+04 -4.670618413661683735e+04
-1.035757078249629194e+04 -1.012604132191165991e+04 -4.557121962960906967e+04
-5.751617372526504369e+03 -1.542379479666413499e+04 -4.280305838000121003e+04
-3.554695026505745318e+03 -9.672177424137633352e+03 -4.991244843301267974e+04
-2.116376214533922393e+04 -2.189329922969195650e+03 -3.324466912717875675e+04
-1.638427903033898474e+04 -6.401330784465551915e+03 -4.096722420881589642e+04
-2.140152919000060137e+04 -5.751617372526504369e+03 -3.084758959332826635e+04
-1.920460684397984005e+04 0.000000000000000000e+00 -3.795697964633976517e+04
-1.003719693042498147e+04 -1.909188309203678000e+04 -3.248105157040746417e+04
-1.264760597340776803e+04 -1.225774349296776199e+04 -4.092851268257993797e+04
-7.992123999599753006e+03 -1.748012113482005225e+04 -3.792473172414216970e+04
-1.386113691322209343e+04 -1.745760037853875474e+04 -3.046972743535165500e+04
-9.346131399302787031e+03 -1.393528374137864921e+04 -4.230639171161891136e+04
-3.592919811795966780e+03 -2.220546562542782340e+03 -5.333517039213745011e+04
-1.042705941086498569e+04 -6.444277118629014694e+03 -4.811435230617186608e+04
-3.585396874353366911e+03 -5.943159741778895295e+03 -5.218520025973171869e+04
-7.192926930633321717e+03 0.000000000000000000e+00 -5.204850822725163016e+04
-7.130234267794769949e+03 -8.133989735517266126e+03 -4.947718546032563609e+04
-2.046425634128996535e+04 -1.264760597340776803e+04 -2.451548698593552399e+04
-1.624052578520373208e+04 -1.003719693042498147e+04 -3.818376618407356727e+04
-2.115319585580945932e+04 -9.346131399302787031e+03 -2.787056748275730206e+04
-1.745760037853875474e+04 -1.523486371767582932e+04 -2.772227382644419413e+04
-1.896236586207108849e+04 -7.992123999599753006e+03 -3.496024226964010450e+04
-1.523486371767582932e+04 -1.386113691322209525e+04 -3.491520075707750220e+04
-1.401997922266095338e+04 4.223730556086233264e+03 -4.536960580766548082e+04
-1.401997922266095338e+04 -4.223730556086233264e+03 -4.536960580766548082e+04
-1.674646873056307231e+04 2.190829993738370831e+03 -4.213103601834682922e+04
-1.078939039594998212e+04 2.222736660862924964e+03 -4.930105461834416201e+04
-1.674646873056307231e+04 -2.190829993738370831e+03 -4.213103601834682922e+04
-1.078939039594998212e+04 -2.222736660862924964e+03 -4.930105461834416201e+04
-2.470617237329057389e+04 0.000000000000000000e+00 2.178118882533767464e+04
-2.674184981283527304e+04 0.000000000000000000e+00 7.449421074892221441e+03
-2.495622421650634351e+04 -3.554695026505745318e+03 1.934435484827526670e+04
-2.495622421650634351e+04 3.554695026505745318e+03 1.934435484827526670e+04
-2.470617237329057389e+04 0.000000000000000000e+00 -2.178118882533767464e+04
-2.674184981283527304e+04 0.000000000000000000e+00 -7.449421074892221441e+03
-2.495622421650634351e+04 -3.554695026505745318e+03 -1.934435484827526670e+04
-2.495622421650634351e+04 3.554695026505745318e+03 -1.934435484827526670e+04
-2.405717615308593304e+04 -1.042705941086498751e+04 1.288855423725803121e+04
-2.666758519606872142e+04 -3.592919811795966780e+03 4.441093125085564679e+03
-2.473859273016282532e+04 -7.130234267794770858e+03 1.626797947103453589e+04
-2.465052730917207737e+04 -1.078939039594998212e+04 4.445473321725849019e+03
-2.609260012986585571e+04 -3.585396874353366911e+03 1.188631948355779241e+04
-2.405717615308593304e+04 1.042705941086498751e+04 1.288855423725803121e+04
-2.666758519606872142e+04 3.592919811795966780e+03 4.441093125085564679e+03
-2.473859273016282532e+04 7.130234267794770858e+03 1.626797947103453589e+04
-2.465052730917207737e+04 1.078939039594998212e+04 4.445473321725849019e+03
-2.609260012986585571e+04 3.585396874353366911e+03 1.188631948355779241e+04
-2.405717615308593304e+04 -1.042705941086498751e+04 -1.288855423725803121e+04
-2.666758519606872142e+04 -3.592919811795966780e+03 -4.441093125085564679e+03
-2.473859273016282532e+04 -7.130234267794770858e+03 -1.626797947103453589e+04
-2.465052730917207737e+04 -1.078939039594998212e+04 -4.445473321725849019e+03
-2.609260012986585571e+04 -3.585396874353366911e+03 -1.188631948355779241e+04
-2.602425411362581144e+04 -7.192926930633321717e+03 0.000000000000000000e+00
-2.405717615308593304e+04 1.042705941086498751e+04 -1.288855423725803121e+04
-2.666758519606872142e+04 3.592919811795966780e+03 -4.441093125085564679e+03
-2.473859273016282532e+04 7.130234267794770858e+03 -1.626797947103453589e+04
-2.465052730917207737e+04 1.078939039594998212e+04 -4.445473321725849019e+03
-2.609260012986585571e+04 3.585396874353366911e+03 -1.188631948355779241e+04
-2.602425411362581144e+04 7.192926930633321717e+03 0.000000000000000000e+00
1.662233456358937838e+04 -2.116376214533922393e+04 4.378659845938391300e+03
2.048361210440794821e+04 -1.638427903033898474e+04 1.280266156893110565e+04
1.542379479666413499e+04 -2.140152919000060137e+04 1.150323474505300692e+04
2.335309206830842231e+04 -3.542410227951347679e+03 2.615984867127606412e+04
2.278560981480453120e+04 -1.035757078249629194e+04 2.025208264382331981e+04
1.225774349296776381e+04 -2.046425634128996535e+04 2.529521194681553243e+04
1.909188309203678000e+04 -1.624052578520373208e+04 2.007439386084996659e+04
1.393528374137864921e+04 -2.115319585580945932e+04 1.869226279860556679e+04
1.748012113482005225e+04 -1.896236586207108849e+04 1.598424799919950601e+04
1.662233456358937838e+04 2.116376214533922393e+04 4.378659845938391300e+03
2.048361210440794821e+04 1.638427903033898474e+04 1.280266156893110565e+04
1.542379479666413499e+04 2.140152919000060137e+04 1.150323474505300692e+04
2.335309206830842231e+04 3.542410227951347679e+03 2.615984867127606412e+04
2.278560981480453120e+04 1.035757078249629194e+04 2.025208264382331981e+04
1.225774349296776381e+04 2.046425634128996535e+04 2.529521194681553243e+04
1.909188309203678000e+04 1.624052578520373208e+04 2.007439386084996659e+04
1.393528374137864921e+04 2.115319585580945932e+04 1.869226279860556679e+04
1.748012113482005225e+04 1.896236586207108849e+04 1.598424799919950601e+04
3.542410227951347679e+03 1.307992433563803206e+04 4.670618413661683735e+04
1.035757078249629194e+04 1.012604132191165991e+04 4.557121962960906967e+04
5.751617372526504369e+03 1.542379479666413499e+04 4.280305838000121003e+04
3.554695026505745318e+03 9.672177424137633352e+03 4.991244843301267974e+04
2.116376214533922393e+04 2.189329922969195650e+03 3.324466912717875675e+04
1.638427903033898474e+04 6.401330784465551915e+03 4.096722420881589642e+04
2.140152919000060137e+04 5.751617372526504369e+03 3.084758959332826635e+04
1.003719693042498147e+04 1.909188309203678000e+04 3.248105157040746417e+04
1.264760597340776803e+04 1.225774349296776199e+04 4.092851268257993797e+04
7.992123999599753006e+03 1.748012113482005225e+04 3.792473172414216970e+04
1.386113691322209343e+04 1.745760037853875474e+04 3.046972743535165500e+04
9.346131399302787031e+03 1.393528374137864921e+04 4.230639171161891136e+04
3.592919811795966780e+03 2.220546562542782340e+03 5.333517039213745011e+04
1.042705941086498569e+04 6.444277118629014694e+03 4.811435230617186608e+04
3.585396874353366911e+03 5.943159741778895295e+03 5.218520025973171869e+04
7.130234267794769949e+03 8.133989735517266126e+03 4.947718546032563609e+04
2.046425634128996535e+04 1.264760597340776803e+04 2.451548698593552399e+04
1.624052578520373208e+04 1.003719693042498147e+04 3.818376618407356727e+04
2.115319585580945932e+04 9.346131399302787031e+03 2.787056748275730206e+04
1.745760037853875474e+04 1.523486371767582932e+04 2.772227382644419413e+04
1.896236586207108849e+04 7.992123999599753006e+03 3.496024226964010450e+04
1.523486371767582932e+04 1.386113691322209525e+04 3.491520075707750220e+04
3.542410227951347679e+03 -1.307992433563803206e+04 4.670618413661683735e+04
1.035757078249629194e+04 -1.012604132191165991e+04 4.557121962960906967e+04
5.751617372526504369e+03 -1.542379479666413499e+04 4.280305838000121003e+04
3.554695026505745318e+03 -9.672177424137633352e+03 4.991244843301267974e+04
2.116376214533922393e+04 -2.189329922969195650e+03 3.324466912717875675e+04
1.638427903033898474e+04 -6.401330784465551915e+03 4.096722420881589642e+04
2.140152919000060137e+04 -5.751617372526504369e+03 3.084758959332826635e+04
1.920460684397984005e+04 0.000000000000000000e+00 3.795697964633976517e+04
1.003719693042498147e+04 -1.909188309203678000e+04 3.248105157040746417e+04
1.264760597340776803e+04 -1.225774349296776199e+04 4.092851268257993797e+04
7.992123999599753006e+03 -1.748012113482005225e+04 3.792473172414216970e+04
1.386113691322209343e+04 -1.745760037853875474e+04 3.046972743535165500e+04
9.346131399302787031e+03 -1.393528374137864921e+04 4.230639171161891136e+04
3.592919811795966780e+03 -2.220546562542782340e+03 5.333517039213745011e+04
1.042705941086498569e+04 -6.444277118629014694e+03 4.811435230617186608e+04
3.585396874353366911e+03 -5.943159741778895295e+03 5.218520025973171869e+04
7.192926930633321717e+03 0.000000000000000000e+00 5.204850822725163016e+04
7.130234267794769949e+03 -8.133989735517266126e+03 4.947718546032563609e+04
2.046425634128996535e+04 -1.264760597340776803e+04 2.451548698593552399e+04
1.624052578520373208e+04 -1.003719693042498147e+04 3.818376618407356727e+04
2.115319585580945932e+04 -9.346131399302787031e+03 2.787056748275730206e+04
1.745760037853875474e+04 -1.523486371767582932e+04 2.772227382644419413e+04
1.896236586207108849e+04 -7.992123999599753006e+03 3.496024226964010450e+04
1.523486371767582932e+04 -1.386113691322209525e+04 3.491520075707750220e+04
1.401997922266095338e+04 4.223730556086233264e+03 4.536960580766548082e+04
1.401997922266095338e+04 -4.223730556086233264e+03 4.536960580766548082e+04
1.674646873056307231e+04 2.190829993738370831e+03 4.213103601834682922e+04
1.078939039594998212e+04 2.222736660862924964e+03 4.930105461834416201e+04
1.674646873056307231e+04 -2.190829993738370831e+03 4.213103601834682922e+04
1.078939039594998212e+04 -2.222736660862924964e+03 4.930105461834416201e+04
1.662233456358937838e+04 -2.116376214533922393e+04 -4.378659845938391300e+03
2.048361210440794821e+04 -1.638427903033898474e+04 -1.280266156893110565e+04
1.542379479666413499e+04 -2.140152919000060137e+04 -1.150323474505300692e+04
1.897848982316987895e+04 -1.920460684397984005e+04 0.000000000000000000e+00
2.335309206830842231e+04 -3.542410227951347679e+03 -2.615984867127606412e+04
2.278560981480453120e+04 -1.035757078249629194e+04 -2.025208264382331981e+04
1.225774349296776381e+04 -2.046425634128996535e+04 -2.529521194681553243e+04
1.909188309203678000e+04 -1.624052578520373208e+04 -2.007439386084996659e+04
1.393528374137864921e+04 -2.115319585580945932e+04 -1.869226279860556679e+04
1.748012113482005225e+04 -1.896236586207108849e+04 -1.598424799919950601e+04
2.268480290383274405e+04 -1.401997922266095338e+04 8.447461112172466528e+03
2.268480290383274405e+04 -1.401997922266095338e+04 -8.447461112172466528e+03
2.106551800917341825e+04 -1.674646873056307231e+04 4.381659987476741662e+03
2.106551800917341825e+04 -1.674646873056307231e+04 -4.381659987476741662e+03
1.662233456358937838e+04 2.116376214533922393e+04 -4.378659845938391300e+03
2.048361210440794821e+04 1.638427903033898474e+04 -1.280266156893110565e+04
1.542379479666413499e+04 2.140152919000060137e+04 -1.150323474505300692e+04
1.897848982316987895e+04 1.920460684397984005e+04 0.000000000000000000e+00
2.335309206830842231e+04 3.542410227951347679e+03 -2.615984867127606412e+04
2.278560981480453120e+04 1.035757078249629194e+04 -2.025208264382331981e+04
1.225774349296776381e+04 2.046425634128996535e+04 -2.529521194681553243e+04
1.909188309203678000e+04 1.624052578520373208e+04 -2.007439386084996659e+04
1.393528374137864921e+04 2.115319585580945932e+04 -1.869226279860556679e+04
1.748012113482005225e+04 1.896236586207108849e+04 -1.598424799919950601e+04
2.268480290383274405e+04 1.401997922266095338e+04 8.447461112172466528e+03
2.268480290383274405e+04 1.401997922266095338e+04 -8.447461112172466528e+03
2.106551800917341825e+04 1.674646873056307231e+04 4.381659987476741662e+03
2.106551800917341825e+04 1.674646873056307231e+04 -4.381659987476741662e+03
3.542410227951347679e+03 1.307992433563803206e+04 -4.670618413661683735e+04
1.035757078249629194e+04 1.012604132191165991e+04 -4.557121962960906967e+04
5.751617372526504369e+03 1.542379479666413499e+04 -4.280305838000121003e+04
3.554695026505745318e+03 9.672177424137633352e+03 -4.991244843301267974e+04
2.116376214533922393e+04 2.189329922969195650e+03 -3.324466912717875675e+04
1.638427903033898474e+04 6.401330784465551915e+03 -4.096722420881589642e+04
2.140152919000060137e+04 5.751617372526504369e+03 -3.084758959332826635e+04
1.003719693042498147e+04 1.909188309203678000e+04 -3.248105157040746417e+04
1.264760597340776803e+04 1.225774349296776199e+04 -4.092851268257993797e+04
7.992123999599753006e+03 1.748012113482005225e+04 -3.792473172414216970e+04
1.386113691322209343e+04 1.745760037853875474e+04 -3.046972743535165500e+04
9.346131399302787031e+03 1.393528374137864921e+04 -4.230639171161891136e+04
3.592919811795966780e+03 2.220546562542782340e+03 -5.333517039213745011e+04
1.042705941086498569e+04 6.444277118629014694e+03 -4.811435230617186608e+04
3.585396874353366911e+03 5.943159741778895295e+03 -5.218520025973171869e+04
7.130234267794769949e+03 8.133989735517266126e+03 -4.947718546032563609e+04
2.046425634128996535e+04 1.264760597340776803e+04 -2.451548698593552399e+04
1.624052578520373208e+04 1.003719693042498147e+04 -3.818376618407356727e+04
2.115319585580945932e+04 9.346131399302787031e+03 -2.787056748275730206e+04
1.745760037853875474e+04 1.523486371767582932e+04 -2.772227382644419413e+04
1.896236586207108849e+04 7.992123999599753006e+03 -3.496024226964010450e+04
1.523486371767582932e+04 1.386113691322209525e+04 -3.491520075707750220e+04
3.542410227951347679e+03 -1.307992433563803206e+04 -4.670618413661683735e+04
1.035757078249629194e+04 -1.012604132191165991e+04 -4.557121962960906967e+04
5.751617372526504369e+03 -1.542379479666413499e+04 -4.280305838000121003e+04
3.554695026505745318e+03 -9.672177424137633352e+03 -4.991244843301267974e+04
2.116376214533922393e+04 -2.189329922969195650e+03 -3.324466912717875675e+04
1.638427903033898474e+04 -6.401330784465551915e+03 -4.096722420881589642e+04
2.140152919000060137e+04 -5.751617372526504369e+03 -3.084758959332826635e+04
1.920460684397984005e+04 0.000000000000000000e+00 -3.795697964633976517e+04
1.003719693042498147e+04 -1.909188309203678000e+04 -3.248105157040746417e+04
1.264760597340776803e+04 -1.225774349296776199e+04 -4.092851268257993797e+04
7.992123999599753006e+03 -1.748012113482005225e+04 -3.792473172414216970e+04
1.386113691322209343e+04 -1.745760037853875474e+04 -3.046972743535165500e+04
9.346131399302787031e+03 -1.393528374137864921e+04 -4.230639171161891136e+04
3.592919811795966780e+03 -2.220546562542782340e+03 -5.333517039213745011e+04
1.042705941086498569e+04 -6.444277118629014694e+03 -4.811435230617186608e+04
3.585396874353366911e+03 -5.943159741778895295e+03 -5.218520025973171869e+04
7.192926930633321717e+03 0.000000000000000000e+00 -5.204850822725163016e+04
7.130234267794769949e+03 -8.133989735517266126e+03 -4.947718546032563609e+04
2.046425634128996535e+04 -1.264760597340776803e+04 -2.451548698593552399e+04
1.624052578520373208e+04 -1.003719693042498147e+04 -3.818376618407356727e+04
2.115319585580945932e+04 -9.346131399302787031e+03 -2.787056748275730206e+04
1.745760037853875474e+04 -1.523486371767582932e+04 -2.772227382644419413e+04
1.896236586207108849e+04 -7.992123999599753006e+03 -3.496024226964010450e+04
1.523486371767582932e+04 -1.386113691322209525e+04 -3.491520075707750220e+04
1.401997922266095338e+04 4.223730556086233264e+03 -4.536960580766548082e+04
1.401997922266095338e+04 -4.223730556086233264e+03 -4.536960580766548082e+04
1.674646873056307231e+04 2.190829993738370831e+03 -4.213103601834682922e+04
1.078939039594998212e+04 2.222736660862924964e+03 -4.930105461834416201e+04
1.674646873056307231e+04 -2.190829993738370831e+03 -4.213103601834682922e+04
1.078939039594998212e+04 -2.222736660862924964e+03 -4.930105461834416201e+04
2.470617237329057389e+04 0.000000000000000000e+00 2.178118882533767464e+04
2.674184981283527304e+04 0.000000000000000000e+00 7.449421074892221441e+03
2.495622421650634351e+04 -3.554695026505745318e+03 1.934435484827526670e+04
2.495622421650634351e+04 3.554695026505745318e+03 1.934435484827526670e+04
2.470617237329057389e+04 0.000000000000000000e+00 -2.178118882533767464e+04
2.674184981283527304e+04 0.000000000000000000e+00 -7.449421074892221441e+03
2.495622421650634351e+04 -3.554695026505745318e+03 -1.934435484827526670e+04
2.495622421650634351e+04 3.554695026505745318e+03 -1.934435484827526670e+04
2.405717615308593304e+04 -1.042705941086498751e+04 1.288855423725803121e+04
2.666758519606872142e+04 -3.592919811795966780e+03 4.441093125085564679e+03
2.473859273016282532e+04 -7.130234267794770858e+03 1.626797947103453589e+04
2.465052730917207737e+04 -1.078939039594998212e+04 4.445473321725849019e+03
2.609260012986585571e+04 -3.585396874353366911e+03 1.188631948355779241e+04
2.405717615308593304e+04 1.042705941086498751e+04 1.288855423725803121e+04
2.666758519606872142e+04 3.592919811795966780e+03 4.441093125085564679e+03
2.473859273016282532e+04 7.130234267794770858e+03 1.626797947103453589e+04
2.465052730917207737e+04 1.078939039594998212e+04 4.445473321725849019e+03
2.609260012986585571e+04 3.585396874353366911e+03 1.188631948355779241e+04
2.405717615308593304e+04 -1.042705941086498751e+04 -1.288855423725803121e+04
2.666758519606872142e+04 -3.592919811795966780e+03 -4.441093125085564679e+03
2.473859273016282532e+04 -7.130234267794770858e+03 -1.626797947103453589e+04
2.465052730917207737e+04 -1.078939039594998212e+04 -4.445473321725849019e+03
2.609260012986585571e+04 -3.585396874353366911e+03 -1.188631948355779241e+04
2.602425411362581144e+04 -7.192926930633321717e+03 0.000000000000000000e+00
2.405717615308593304e+04 1.042705941086498751e+04 -1.288855423725803121e+04
2.666758519606872142e+04 3.592919811795966780e+03 -4.441093125085564679e+03
2.473859273016282532e+04 7.130234267794770858e+03 -1.626797947103453589e+04
2.465052730917207737e+04 1.078939039594998212e+04 -4.445473321725849019e+03
2.609260012986585571e+04 3.585396874353366911e+03 -1.188631948355779241e+04
2.602425411362581144e+04 7.192926930633321717e+03 0.000000000000000000e+00
