1.367293634912059552e+01 -2.283847634732526188e+01 -1.026037020196036487e+00
-1.454153082029021782e+01 -2.315770722395655312e+01 3.961594322505516130e-01
1.529134496549269784e+01 2.244873388289529359e+01 -2.290385941105703149e-01
-1.451114516695890089e+01 2.359009603871260552e+01 6.850066141359598682e-01
-1.066980718190044586e+00 1.379122181344047959e+01 -4.251505163389776243e+01
4.953692339789471100e-01 -1.257445196175109103e+01 -4.060103420605368996e+01
-6.257930057296458015e-01 1.262186089294688784e+01 4.149150468707568962e+01
2.320905179006427788e-01 -1.345557504070964683e+01 4.198899762440869665e+01
-2.298098870997214149e+01 -4.772957945590806661e-01 2.130015866190242946e+01
-2.280023070165576726e+01 -4.063902231749927929e-01 -2.067560007777743891e+01
2.424758821415486310e+01 1.031573884317789069e+00 2.326178677297867381e+01
2.332357628412467321e+01 3.429184303829423963e-01 -2.257875332677178548e+01
5.257038962803504134e-01 -2.459409785899343959e+01 -5.720786418295693565e-01
-1.810225743337342319e+00 2.540435682042124199e+01 8.371107054861328667e-01
9.295800921592825006e+00 2.183712725489785100e+01 -2.087754757755369539e+01
-7.726216770524599653e+00 2.179173190312709707e+01 -2.021627462706305778e+01
9.334486515148354258e+00 -2.233654074244333287e+01 -2.077899120675856892e+01
-8.820184218361342587e+00 -2.133375595968574956e+01 -2.105295349838226571e+01
-2.531471255933890885e-01 5.596541929161432671e-01 -5.152476873251573863e+01
7.380575607665664783e+00 2.026396094810589688e+01 2.012062022578617260e+01
-7.239950868984625032e+00 2.112437807478855234e+01 2.052131067471022163e+01
8.802501100123031108e+00 -2.095194564451354680e+01 2.007695390381866218e+01
-8.075882953645066920e+00 -2.244248082485254869e+01 2.168657916704228938e+01
3.436952438929808396e-01 1.612622058492664545e-01 5.026455940966408775e+01
-2.063716853923327932e+01 -1.346145957849026686e+01 1.291167613497296784e+01
-2.244925517923885394e+01 1.413255130285605254e+01 1.259105384224684876e+01
-1.275677427549228682e+01 8.892240171793172721e+00 3.960447383149033840e+01
-1.284539853031356849e+01 -7.123966249077239965e+00 3.652328129422561886e+01
-2.199038881336707618e+01 -1.299568214447020331e+01 -1.258952995300540145e+01
-2.150265487967398670e+01 1.367686363435902841e+01 -1.284193823557277625e+01
-1.374507175257748415e+01 8.365668811703043772e+00 -3.859881458495340922e+01
-1.330502110822195938e+01 -8.002385537133912763e+00 -3.731140179080177433e+01
-2.702000384266414557e+01 -6.804189203839307309e-02 1.806169954353353257e-01
2.175507852182235169e+01 -1.419087112883098456e+01 1.277118254462159008e+01
2.108536720760983130e+01 1.245894606241633085e+01 1.188837814951674510e+01
1.270888989952351977e+01 8.302589433935377627e+00 3.783428240367093309e+01
1.390781786466612147e+01 -8.798679468803545234e+00 4.013921985930987546e+01
2.105358609855090890e+01 -1.334390663710177805e+01 -1.235527133822822954e+01
2.060448667570007686e+01 1.286193876338779063e+01 -1.326287760359469203e+01
1.394063549165909244e+01 6.905072250070191764e+00 -3.730621759921173464e+01
1.262255752274509568e+01 -7.280948916752010724e+00 -3.722469326839271986e+01
2.706101929691600816e+01 -8.772467618097604669e-01 -1.249417198717103439e+00
7.496234112054471765e+00 -2.374753632323398023e+01 -2.202900444265148416e-01
-5.832429809534695586e+00 -2.594658546708151192e+01 6.951453424257204583e-01
7.087078040041578930e+00 2.482188528204539324e+01 1.384502104261329469e+00
-6.386924374481352196e+00 2.615011966560292223e+01 5.005614725972025170e-01
1.081069081137152210e+01 2.245066237839746037e+01 -1.005036322283869943e+01
4.202612079741806284e+00 1.816597952880927735e+01 -3.124940036777603325e+01
3.259953617818645899e+00 2.371386632383056892e+01 -1.107102545722564813e+01
-1.200466663490440666e+01 2.344768381832822257e+01 -1.079830806252117270e+01
-4.399178719483791689e+00 1.905046707379400672e+01 -3.153611081017109896e+01
-4.212670540375630601e+00 2.380641762576414067e+01 -1.114215811005395373e+01
3.675077170337089916e-01 2.130601384736764814e+01 -2.225075587715072345e+01
1.148758156410007558e+01 -2.351991986263816869e+01 -1.033963421262907723e+01
5.139416277609440975e+00 -1.768924068856431120e+01 -3.154001632165472557e+01
4.737057869059218440e+00 -2.450744933012097704e+01 -1.127295568107534507e+01
-1.225141532790671306e+01 -2.246937191148384727e+01 -1.051433853524092576e+01
-3.749748341844342470e+00 -1.898126838180099440e+01 -3.151724197603638089e+01
-4.696074196914375776e+00 -2.422361923214964463e+01 -1.047271871412104893e+01
2.732593577525917472e-01 -2.371157252272593041e+01 -2.294124206201649940e+01
-5.690556188886466416e-01 7.609966831057132453e+00 -5.046818963443742945e+01
-4.110711990443616237e-01 -7.209226633193761558e+00 -4.711875626056743016e+01
1.149048629196196813e+01 2.407850949187402989e+01 1.111462959708478948e+01
4.322607860633499222e+00 1.799246516363320580e+01 3.172399048640816943e+01
3.361844876188162079e+00 2.497704300709468939e+01 1.061461291657556494e+01
-1.176125243666669995e+01 2.396340697857763757e+01 1.136258118563467079e+01
-4.136601956858378948e+00 1.781034318399121119e+01 3.147524585176227063e+01
-4.034646456576940210e+00 2.340986841154969156e+01 9.640979664282918193e+00
2.382084373907047692e-01 2.090363198589040650e+01 2.239637033227759844e+01
1.168419678576172238e+01 -2.246170216675698583e+01 1.000057702853495378e+01
3.161913645485748603e+00 -1.748260479829425051e+01 3.038388539442737013e+01
4.841434720890675614e+00 -2.282483766610843290e+01 1.078510728096722104e+01
-1.255267196163987897e+01 -2.324440882503816042e+01 9.980008355653474439e+00
-4.395759694053634981e+00 -1.761134203181971714e+01 3.256127989716009097e+01
-4.029958658253411485e+00 -2.389079655718053985e+01 1.166204437799622262e+01
1.004533477271160269e+00 -2.100307289565309432e+01 2.220482541071890026e+01
-4.086034386473916778e-03 6.423705232377525220e+00 4.818194257894232635e+01
2.298155281097058744e-01 -6.594009504295278212e+00 4.919311395299869361e+01
-1.747965105860451018e+01 -1.726935256554338594e+01 7.578197726840497417e+00
-2.238512307223188813e+01 -6.401578094918021655e+00 1.747353123459603808e+01
-1.545144682749516996e+01 -1.783734113798476528e+01 1.800413625035004017e+01
-1.918533312064958096e+01 2.027201825492740284e+01 7.361316740019951510e+00
-2.258864173536783682e+01 7.245959221084079083e+00 1.727876989556177989e+01
-1.669580695718383723e+01 1.874210824439310130e+01 1.754966659037487275e+01
-7.978236600832973480e+00 1.041214464510446547e+01 4.318405061762578612e+01
-1.848894946734633749e+01 5.694623685056098061e+00 3.084065695355618431e+01
-1.053164192203343674e+01 1.565611616021463881e+01 3.168557650388465063e+01
-5.700790220772979033e+00 3.942968198659553725e+00 4.750680652313814534e+01
-1.932025419609071548e+01 9.357072435351593498e+00 2.558401414398171525e+01
-5.720612154709501240e+00 -1.274480528146239955e+01 4.188425956551321150e+01
-1.820899783349484835e+01 -3.361686896223256227e+00 3.091313531524582103e+01
-1.141924283299644571e+01 -1.568797001316577777e+01 3.051400062077819442e+01
-6.052426984580867142e+00 -3.058184442536002301e+00 4.788717329553539770e+01
-1.756711124217303421e+01 -1.078236565360281851e+01 2.435609218204515969e+01
-1.411316257970178434e+01 2.407138124371681065e-01 4.041397849521221985e+01
-1.739443591268008404e+01 -1.676566437937725951e+01 -6.788647072068570765e+00
-2.278665063409513181e+01 -5.739733906752880976e+00 -1.779830779422848153e+01
-1.467524447346490390e+01 -1.775565371536000470e+01 -1.600334071397004365e+01
-2.203395683669256044e+01 -1.354230339027267682e+01 3.475871706678235196e-01
-1.964728535158485201e+01 1.966560679065859318e+01 -6.510621140053992839e+00
-2.353367860080257046e+01 6.576763797446288251e+00 -1.817035204790150260e+01
-1.544565970018861201e+01 1.828325877402804878e+01 -1.829455423237245881e+01
-2.274025509759305308e+01 1.463074929178880978e+01 -8.744758220427777395e-01
-7.608896667843702666e+00 1.052436197499090831e+01 -4.176343374112490636e+01
-1.723322051025666823e+01 4.056133530506263796e+00 -3.156427232690894868e+01
-1.090896495361809926e+01 1.602898135215176723e+01 -2.959842441442786054e+01
-8.662913552659460947e+00 4.277478896048909185e+00 -5.101525891741926699e+01
-1.977910337873154845e+01 1.191436348533798295e+01 -2.488482401451387815e+01
-6.588700249272245735e+00 -1.060914591457197353e+01 -4.176097473913474545e+01
-1.723696582031606184e+01 -4.732695527860159679e+00 -3.006074411814532965e+01
-1.143310276966336936e+01 -1.635270128714698856e+01 -3.038217237801521264e+01
-7.276513331050438183e+00 -3.761630189249810297e+00 -4.922927715067931587e+01
-1.913502172092058728e+01 -9.935454721261599786e+00 -2.424327321232288668e+01
-1.297277674486234389e+01 5.323020844947256025e-01 -4.162768428532603338e+01
-2.494379623111544575e+01 7.593815563177592765e-01 1.189642909784754821e+01
-2.482670861014577923e+01 5.032470447111333511e-01 -1.156949811669008632e+01
-2.536923347842719778e+01 -7.592644106319624164e+00 6.333948199497593912e+00
-2.664074259221495211e+01 6.080293055104808886e+00 6.783646291729223066e+00
-2.466817895743417566e+01 -7.137128350651241959e+00 -5.873488681193228977e+00
-2.584739439696890528e+01 7.957657547418629740e+00 -7.048643130858309291e+00
1.880537209892761297e+01 -1.968593634351120514e+01 5.349043159407132819e+00
2.234292749039573067e+01 -7.740524088609483933e+00 1.784737636977585851e+01
1.544996598909683705e+01 -1.862986191836643357e+01 1.761261741342057263e+01
1.859562971580178825e+01 1.914042944110745736e+01 6.314939747661195923e+00
2.308349088540118288e+01 6.868587000576545698e+00 1.789214457986940232e+01
1.597202604718493468e+01 1.894296404897192332e+01 1.667797338401437557e+01
7.058934187912185187e+00 9.994500658766384049e+00 4.204436610781579731e+01
1.912927832343652312e+01 3.957941385802171030e+00 3.025822716154997138e+01
1.059615778294236321e+01 1.524444739117897107e+01 3.128613467548992588e+01
6.140202553594908963e+00 3.255448007518256581e+00 4.631096504342104936e+01
1.814307311862479111e+01 1.108884498896297188e+01 2.343597102399546017e+01
6.889116224717602321e+00 -1.124313159919133831e+01 4.188692213643565054e+01
1.941938372046251260e+01 -5.054487417011051420e+00 3.029616252810346211e+01
1.153963930219207867e+01 -1.446674228209543323e+01 3.167701329256935949e+01
5.406904971183768005e+00 -4.187529597368873979e+00 4.903342469733764375e+01
1.742042219426489069e+01 -1.150014136590301028e+01 2.475486137802144171e+01
1.277356930712748806e+01 5.899813962256102856e-02 4.203835342480912374e+01
1.944360770623744372e+01 -1.772137317563848669e+01 -6.456584160937827832e+00
2.214640055963544185e+01 -7.501016654597682631e+00 -1.782588002560717300e+01
1.627888975205324584e+01 -1.781513092440940937e+01 -1.702265053756826418e+01
2.201046341737009371e+01 -1.402848514294691284e+01 1.870771870822268423e-01
1.819991513771713798e+01 1.930355924124792466e+01 -6.990706822981582746e+00
2.352525759322068311e+01 5.692196156770937598e+00 -1.858073120222059060e+01
1.496718152742385577e+01 1.634591670029859856e+01 -1.724896747875184744e+01
2.294097362880865276e+01 1.471751756401473976e+01 1.819147832390066721e-01
6.822144125935525771e+00 1.057243581695662193e+01 -4.292315314578048913e+01
1.902409173798499253e+01 4.569534948315247647e+00 -3.159246980880759992e+01
9.389514258566304505e+00 1.649958891913529158e+01 -2.993114890793290073e+01
7.772545330004327013e+00 4.205045783306116114e+00 -5.008651140233975241e+01
1.766263630161542508e+01 1.009586452632205145e+01 -2.400367222778391962e+01
6.435656405844469852e+00 -1.157079635575740539e+01 -4.181559414798064722e+01
1.819471383867754355e+01 -4.418789613065220223e+00 -3.111685997811429516e+01
1.137802505994315538e+01 -1.652799833925811512e+01 -2.978956958174464376e+01
6.840944078834692910e+00 -3.510002264176860454e+00 -4.704583893759176760e+01
1.782675052115861547e+01 -1.133955968006612913e+01 -2.580970462074917293e+01
1.318542604121589790e+01 7.892246504808489993e-01 -4.011788732546143166e+01
2.545092657615214193e+01 2.126494647749311018e-01 1.180796182648541581e+01
2.620468605691445063e+01 1.313975893306247311e+00 -1.142131449514013397e+01
2.540229258324078643e+01 -7.476773012541920949e+00 7.013102528566204086e+00
2.569130156595954873e+01 6.435268203264325138e+00 6.044850350568298225e+00
2.492362314488887520e+01 -6.364055230752327041e+00 -6.915823569960446449e+00
2.523932892161958108e+01 7.848642812501827493e+00 -6.577539708112122518e+00
1.102262978029665419e+01 -2.351187392498731654e+01 9.958443033516874154e-02
1.719500830880771769e+00 -2.568244070690960612e+01 2.936669421306734029e-01
-9.965699566332840931e+00 -2.413059691034950305e+01 9.541734331985865514e-02
-4.307114091791107491e+00 -2.687634826878745997e+01 2.371008930679592563e-02
9.365089089803088740e+00 2.359916733878547035e+01 9.596547231046841375e-01
4.287045028825215987e+00 2.509700925712519748e+01 5.066483694632589740e-01
-1.155240752744997579e+01 2.520325682117665522e+01 5.615366725567617623e-01
-3.663476142839252159e+00 2.464287970806416084e+01 3.834219079228288196e-01
1.167312452788425148e+01 2.242554086150921933e+01 -4.724764760054322110e+00
8.327235446257798657e+00 2.098439478993092777e+01 -1.505495470202305164e+01
9.605954531524711015e+00 2.451322212891576413e+01 -5.144014772354406517e+00
2.897346356165677150e+00 1.455080708560192271e+01 -3.785511929821660004e+01
6.023745473879228207e+00 1.947093482719819946e+01 -2.609407823907078594e+01
1.280392955947854849e+00 2.438761599401465574e+01 -5.627404075947350037e+00
5.617107046658069258e+00 2.331189742721431912e+01 -1.548966840993446503e+01
5.491324158078554341e+00 2.614933393735187650e+01 -5.897290530557131483e+00
7.859567420893647238e+00 2.327467897878725367e+01 -1.050354991094313739e+01
-1.398677861904351616e+01 2.436673974710535262e+01 -4.609786522761720740e+00
-1.096448741003585248e+01 2.172411485919904450e+01 -1.552001001805761682e+01
-9.814644153784461977e+00 2.524853951260047680e+01 -4.605457411284787028e+00
-1.688748416366650185e+00 1.588069196045534959e+01 -3.654297896810158619e+01
-7.194360624648742153e+00 1.928017241022611827e+01 -2.605651817695106232e+01
-1.097356983497241423e+00 1.888264581469994496e+01 -3.337989149515331633e+01
-1.251024704913029639e+00 2.365756282832114010e+01 -5.315432853158501558e+00
-5.810627904324446646e+00 2.216687270655544140e+01 -1.586685586286845506e+01
-5.433580511625209830e+00 2.536431204876323164e+01 -5.631563907299648619e+00
-5.936777050703669067e-02 2.326810596750498661e+01 -1.189647479073878777e+01
-8.736168781116488091e+00 2.348151806752002457e+01 -1.030267096751111922e+01
3.923035866598852284e+00 2.118555698574113677e+01 -2.154804891833578040e+01
-4.321981164986083535e+00 2.176488984209364830e+01 -2.116959851295257522e+01
2.813575074350401994e+00 2.089441665594290143e+01 -2.734284574118658284e+01
1.855887374604995310e+00 2.193757221441225624e+01 -1.647638177428774853e+01
-1.403676144684248950e+00 2.119574150134740975e+01 -2.739578476758747527e+01
-2.590761834918263951e+00 2.269998908439553276e+01 -1.649630433229823723e+01
1.292660856777577294e+01 -2.356411727715774518e+01 -6.155297822199030655e+00
1.023014886965053094e+01 -2.215328729275698549e+01 -1.503877767970432089e+01
8.513193745043597715e+00 -2.440843300946853489e+01 -5.695344514571422323e+00
3.303499068395308491e+00 -1.657477519134017641e+01 -3.724900691588418766e+01
6.222795975706846505e+00 -1.974693055569269617e+01 -2.656087913920014643e+01
2.843188398460480659e+00 -2.499175593548297059e+01 -5.303759017579670498e+00
6.202995292578152409e+00 -2.194440698660610067e+01 -1.680421109133745006e+01
6.731092954227186453e+00 -2.447091316674819694e+01 -5.696027363669133869e+00
7.251804556797857515e+00 -2.430000108245940993e+01 -1.045722948938780128e+01
-1.232169231317831049e+01 -2.284553254674156619e+01 -5.296237886295817709e+00
-1.059336012527158211e+01 -2.327593132321111113e+01 -1.532858714937524702e+01
-9.312676886302234891e+00 -2.628447465600860156e+01 -5.679378558361048768e+00
-1.639752428974603049e+00 -1.502110698235207309e+01 -3.719419323322942006e+01
-6.078333652715524060e+00 -1.957513913697562558e+01 -2.576350306217436525e+01
1.303815871886096767e-01 -2.082597083351301492e+01 -3.206151136046665329e+01
-2.081983285939536188e+00 -2.512176932938723795e+01 -5.138673301884578493e+00
-6.476331910102470779e+00 -2.481473139970417563e+01 -1.612534465529460448e+01
-6.910554133978042302e+00 -2.502098596958409615e+01 -5.469835214696310288e+00
3.174094853012013329e-01 -2.512085299991658616e+01 -1.081749278504892864e+01
-7.824994723197140623e+00 -2.496731304967059017e+01 -9.466422477354013765e+00
3.861310809249152154e+00 -2.146636070498346882e+01 -2.243494498494193223e+01
-4.190076149698471752e+00 -2.232392110761452386e+01 -2.208028151083226120e+01
2.667169416219980160e+00 -2.014758052928910814e+01 -2.813204439573734561e+01
3.987749986757628040e+00 -2.318949676908346191e+01 -1.722791829014768084e+01
-1.975678445022584606e+00 -2.029144638456603644e+01 -2.757436387901883279e+01
-1.376199868181169350e+00 -2.241639353739883589e+01 -1.775447297864170082e+01
1.684230321689345056e-02 8.895824896849061858e+00 -4.900645874591180728e+01
1.563429059672852561e-01 3.470857160369813510e+00 -5.372119195069553399e+01
-7.153325643605845663e-01 -9.803766125276910159e+00 -4.548906236250413571e+01
-9.429616390634428802e-01 -2.216951810841588433e+00 -4.930591474182502765e+01
1.249698151742584074e+01 2.375724785492549529e+01 5.340063335143979906e+00
9.274151695045784294e+00 2.129643472346898747e+01 1.604359588197215558e+01
9.606781943325184869e+00 2.605155766708858422e+01 5.175809236918463618e+00
1.514506003458438999e+00 1.662614460933334826e+01 3.670784475723151985e+01
7.627583873060308051e+00 2.019122303353107739e+01 2.468439914320821060e+01
2.285062984708407186e+00 2.491000834302052525e+01 5.262657709417688956e+00
5.681431917412705701e+00 2.317045415420409427e+01 1.651062849317835202e+01
4.939216805216463335e+00 2.496932096668028578e+01 5.988271578828340047e+00
8.056203991483151583e+00 2.411766349938585208e+01 1.125517972003475542e+01
-1.370853037049813494e+01 2.464580441774533526e+01 6.248418466203244925e+00
-9.378693711138090805e+00 2.262353380260998392e+01 1.597154970221891723e+01
-9.658431700416219456e+00 2.378962171920969837e+01 6.234703519910647529e+00
-2.872421562119388039e+00 1.635474027355209614e+01 3.635737114293473837e+01
-5.248312090762067506e+00 2.082652138443957313e+01 2.580379680745664928e+01
5.614368536692853073e-01 1.818563872477538013e+01 3.285616736276544003e+01
-1.338441515577870167e+00 2.505157909853414822e+01 5.717529848273588122e+00
-6.075009305436421592e+00 2.284035252991404974e+01 1.540916805668203970e+01
-5.152010617421054484e+00 2.512508059441096364e+01 6.271213780956632178e+00
5.344955929874618539e-01 2.433766063000166824e+01 1.166515624181341515e+01
-7.881325380165271177e+00 2.371638221055176743e+01 1.091392044929849803e+01
4.803580100986518886e+00 2.130287352042996218e+01 2.107805654536900875e+01
-3.103188692414393657e+00 2.155685008754988630e+01 2.161842695804984160e+01
2.831176928313909436e+00 2.015054000232505160e+01 2.611282107550972498e+01
1.499466971638494073e+00 2.226905063523646788e+01 1.697171461590432529e+01
-2.799752476403294832e+00 1.987605221086677432e+01 2.724484731319317277e+01
-2.658808331698536254e+00 2.251541765628726566e+01 1.544375384895105441e+01
1.126169301395373346e+01 -2.222682901086374585e+01 5.425506734515306739e+00
9.092734512344637920e+00 -2.191109871344930582e+01 1.506841711694514352e+01
9.539819395187350892e+00 -2.271749688767059894e+01 6.189216358146231833e+00
2.960589510453536022e+00 -1.621535436702893307e+01 3.602597215295344313e+01
6.646309819556771359e+00 -2.037688219220011732e+01 2.460936231723857048e+01
1.129556057749436793e+00 -2.479828995974389017e+01 5.029532996427223956e+00
6.044542829473051881e+00 -2.280336741117066524e+01 1.484031580722225385e+01
5.935240247438224870e+00 -2.451882656989739218e+01 6.360933453658043746e+00
7.333983267238027182e+00 -2.332387305898604879e+01 1.080597317099157273e+01
-1.304489287558914334e+01 -2.245092428415559738e+01 5.308776455023698659e+00
-1.071270698661657406e+01 -2.246614404311263868e+01 1.511626757330441784e+01
-9.807318065549939234e+00 -2.472868736908963072e+01 5.004788936360148099e+00
-1.937446989472758396e+00 -1.671653154233878880e+01 3.621262387522161674e+01
-7.056064253788246532e+00 -2.073175078525204995e+01 2.692913533533691250e+01
-1.088876411583619142e+00 -1.840901296174766699e+01 3.255329253770215558e+01
-2.422580828563732247e+00 -2.307391189782964602e+01 4.778771284143542353e+00
-5.301144773077382411e+00 -2.292930143917451602e+01 1.549561333516272477e+01
-5.214210273310560417e+00 -2.314097786304067483e+01 4.731322718387719561e+00
6.060475885644944771e-01 -2.409299455942250745e+01 1.092015568356603517e+01
-8.169969071008955197e+00 -2.517017320976465911e+01 1.201193537228884800e+01
3.700988762100587692e+00 -2.254356179124482296e+01 2.195317019658887148e+01
-4.470758056622339716e+00 -2.244889672215495935e+01 2.196117193822014002e+01
2.455210015059872131e+00 -2.002971573668243721e+01 2.771533590756216370e+01
2.390613057345571502e+00 -2.149472071770745885e+01 1.658390497416464981e+01
-3.095840750664540675e+00 -2.030190976641418743e+01 2.776144587285756415e+01
-2.003186623232391383e+00 -2.373306881951191727e+01 1.663222457308603808e+01
-8.650181506102118389e-03 9.488714564881213676e+00 4.476309284175979286e+01
8.089283852653700313e-02 2.316128397651619597e+00 5.004559407273513472e+01
1.608215431488072111e+00 -8.531585884990965596e+00 4.739470775258194379e+01
-1.370358784491014115e+00 -3.965180533815285457e+00 5.068143771409663856e+01
-1.617008181839426584e+01 -1.844400805109737007e+01 3.418803360912108680e+00
-1.820713362293239257e+01 -1.483603344039571326e+01 9.429045045459339747e+00
-1.508662413795250501e+01 -2.038157303795263786e+01 8.665326544813716225e+00
-2.284561893119671794e+01 -2.785821905071341753e+00 1.894118869018777218e+01
-2.265532068083047079e+01 -9.946346445255764834e+00 1.581622505122368594e+01
-1.272167542684162633e+01 -2.166672585825646635e+01 1.997436917007456358e+01
-1.832369082452565934e+01 -1.601917411477136355e+01 1.532733527010733887e+01
-1.457397407213849405e+01 -2.150387123037639370e+01 1.495989327628511134e+01
-1.532831784649639140e+01 -1.726190020553822535e+01 1.206902142219099794e+01
-1.730754713109659448e+01 2.259470006233837580e+01 4.390482292958370003e+00
-2.133285381442885864e+01 1.621860529707750231e+01 9.049874504855393909e+00
-1.545164435404843317e+01 2.170494710486791945e+01 8.861476311149445451e+00
-2.331728608364220534e+01 3.008083777641328282e+00 2.022732181748605029e+01
-2.234567460043610510e+01 1.090413609302566478e+01 1.619338809847826965e+01
-1.361115490969916664e+01 2.094813019654570496e+01 1.851250614495835478e+01
-1.878875156588389217e+01 1.680922058681063191e+01 1.523059590172010402e+01
-1.371732383805658806e+01 2.188821988361812743e+01 1.520880769185338899e+01
-1.720963628217290164e+01 2.076128209334929409e+01 1.257460736650729771e+01
-3.332422562579210101e+00 1.299342076517277178e+01 4.178500005251203930e+01
-8.397087369733045037e+00 9.671686720830862782e+00 4.136178403541464377e+01
-6.927001347543489729e+00 1.331131573270384472e+01 3.770263982532577529e+01
-2.087393662500091729e+00 9.754241563791028469e+00 4.642946683073032688e+01
-2.236323522194335567e+01 2.292078935309831422e+00 2.573841977217212929e+01
-1.680009042826236865e+01 7.718676102402891814e+00 3.428405423711750899e+01
-2.120354398579076616e+01 5.448828031445209774e+00 2.315523408575871045e+01
-1.022251346102747327e+01 1.926487761881750771e+01 2.673089085580604163e+01
-1.270781022276173111e+01 1.186549866553224852e+01 3.552121203678101580e+01
-7.966918999082573727e+00 1.664272527856323691e+01 3.209547556376789146e+01
-1.307041405100292764e+01 1.793680003822666436e+01 2.403662003396884828e+01
-8.681564230446380037e+00 1.309853233418238716e+01 3.662845004972505336e+01
-3.582355086747202932e+00 1.811099179526698411e+00 4.827610098987256038e+01
-9.361923401632758157e+00 6.364445054710336613e+00 4.477920313623244652e+01
-3.479733505297371021e+00 5.241279157022697532e+00 4.680133377005332562e+01
-6.578095747688950112e+00 7.652207407339533418e+00 4.735427132217645152e+01
-1.899581712037385373e+01 1.263587352887869564e+01 1.872676130533908179e+01
-1.629443961426181531e+01 1.054926129374522148e+01 3.050990204969351538e+01
-2.064489808648444225e+01 1.023884353578718098e+01 2.153118325848287284e+01
-1.677607180441796686e+01 1.549879894513733269e+01 2.238588402982128400e+01
-1.841092965727412789e+01 7.824748646276463937e+00 2.851886914904076420e+01
-1.514694684258013346e+01 1.431342908553104998e+01 2.916648627227424839e+01
-3.100247690172688309e+00 -1.345895727556679589e+01 4.234038314663086311e+01
-1.021656018275482403e+01 -8.414261163857730708e+00 4.007208151404973506e+01
-5.798940667391621950e+00 -1.585454372139439272e+01 3.701665245544462834e+01
-3.083806008796746045e+00 -9.284305392881300634e+00 4.729618417994498714e+01
-2.040991819711846844e+01 -7.082562373835915581e-01 2.603628204585910666e+01
-1.544974753725035832e+01 -5.805264757966499545e+00 3.498721260246540510e+01
-1.993558995985284454e+01 -5.168256376290858434e+00 2.315485673443989256e+01
-1.942094643812578880e+01 -3.891721143758937185e-01 3.133406139148329572e+01
-1.128637380691611369e+01 -1.842843975539726742e+01 2.598255735387407839e+01
-1.230786840079839983e+01 -1.288179794926172761e+01 3.461990047008032434e+01
-7.695641097502011085e+00 -1.631341978835969542e+01 3.301699337538143908e+01
-1.375066886484511031e+01 -1.632514974973610578e+01 2.364984607841920194e+01
-8.767758422832340415e+00 -1.340688382504712273e+01 3.807887573677895432e+01
-3.329884871916557909e+00 -1.526249308976764807e+00 4.981581833252111835e+01
-8.647106699006041453e+00 -5.906788467206544269e+00 4.302886711886692694e+01
-2.619083763262772813e+00 -4.695511827449116105e+00 4.838497155987280252e+01
-8.116212069675471596e+00 -1.277746426115371925e+00 4.889680689263958868e+01
-6.765973906092161094e+00 -7.326598320069745540e+00 4.565555163588383181e+01
-1.895987483173612986e+01 -1.097501830955489233e+01 1.773057403106641061e+01
-1.517338398421428458e+01 -9.819329004688214013e+00 3.099816731851483809e+01
-2.062537681876156270e+01 -8.256091301880520206e+00 1.944662683623695187e+01
-1.730142904185320063e+01 -1.419928143486718852e+01 2.168730762714464433e+01
-1.741705548705172291e+01 -8.093811783412778738e+00 2.796541160639146639e+01
-1.456989377650153372e+01 -1.162430833429112020e+01 2.848932589547187177e+01
-1.287380878099740578e+01 3.700891879634973680e+00 3.955270430643921742e+01
-1.271255528414475933e+01 -4.048773401132338634e+00 4.040490769539607641e+01
-1.680707609238979927e+01 1.879866900161066834e+00 3.610356569113893244e+01
-1.110739742984543987e+01 2.306675750075015241e+00 4.570887732511321389e+01
-1.575486458507406162e+01 -1.911845409707690235e+00 3.766931315151317960e+01
-1.127828530928478479e+01 -2.164686645987909053e+00 4.574715458123439760e+01
-1.488228313961015381e+01 -2.026824424768506105e+01 -3.792511522579808059e+00
-1.908651539609012104e+01 -1.434840342349686182e+01 -1.086657218743996367e+01
-1.409367574514499033e+01 -1.947889940875440828e+01 -9.485625020268921403e+00
-1.911996713142976745e+01 -1.788307075528708623e+01 -2.021544476993342720e-01
-2.302612249546367806e+01 -2.892316861882785251e+00 -1.828524888345188515e+01
-2.259817745699134406e+01 -9.996922946167456914e+00 -1.439541473314082332e+01
-1.167955171231475653e+01 -2.063521921894794886e+01 -1.900169834290926119e+01
-1.755305741834015620e+01 -1.597198769462693946e+01 -1.552477497331971712e+01
-1.194025551964029219e+01 -2.126777291786257251e+01 -1.397365197332822895e+01
-1.656564178317026759e+01 -1.828518618244124028e+01 -1.259190022666524733e+01
-2.209982021999763546e+01 -1.362690800928345070e+01 6.510738462674846794e+00
-2.276699118213980810e+01 -1.380680458898618035e+01 -7.478120050260452345e+00
-2.052292557744177870e+01 -1.576987321712337398e+01 3.578001798649426579e+00
-1.932310101371734845e+01 -1.704439049873170475e+01 -3.751890322988605142e+00
-1.741434730025035904e+01 2.027829952997716845e+01 -3.254303955552499072e+00
-1.867905908935395232e+01 1.544169205797483535e+01 -9.453723860053029782e+00
-1.537190654122790967e+01 2.125370957952296891e+01 -9.829022162616364966e+00
-1.884462719814091614e+01 1.926255241391533346e+01 -7.188817124671249559e-01
-2.281249527921100295e+01 2.631143666772752798e+00 -1.938441625377936361e+01
-2.284154103516901912e+01 1.011722941867465231e+01 -1.482581824047534624e+01
-1.356045946415207837e+01 1.998256109437150840e+01 -1.872265242320329293e+01
-1.808805663969645749e+01 1.717099896570877249e+01 -1.489347098954350024e+01
-1.406350972789298304e+01 2.058341779145013462e+01 -1.412391413791657691e+01
-1.731384775999839931e+01 1.919153648214372865e+01 -1.294309987509259230e+01
-2.242789001272796412e+01 1.332839309062171118e+01 6.157419612975750134e+00
-2.285487763256973537e+01 1.427771052362650650e+01 -7.842961499375152634e+00
-2.095242189693339441e+01 1.719358360963481402e+01 3.038988359781908510e+00
-2.097123788912039188e+01 1.658505914924293023e+01 -1.710956556994573496e+00
-3.764379391247603568e+00 1.352417752562861075e+01 -4.429717906858757459e+01
-9.475186569142964643e+00 9.617939567119295319e+00 -4.055622039701800929e+01
-5.731638543061490232e+00 1.548772180150358047e+01 -3.879284250201320816e+01
-3.784966361524775724e+00 9.306295473077151215e+00 -4.819337254187417585e+01
-2.024717022507740793e+01 3.045153914354206570e+00 -2.612682503727393524e+01
-1.643963940956487235e+01 6.313416828120822721e+00 -3.462171757485267420e+01
-2.082394100318732555e+01 6.164135399859829612e+00 -2.287904448311837058e+01
-9.783892445966925422e+00 1.895862002945191804e+01 -2.600280862896842748e+01
-1.111652410529416990e+01 1.318710434854325975e+01 -3.495175739172533724e+01
-8.504133417233846970e+00 1.692442196199649729e+01 -3.249519462015255300e+01
-1.321617145742565391e+01 1.713730042023916056e+01 -2.315755396030118618e+01
-8.076460182878426153e+00 1.298435763313825397e+01 -3.721607262366418212e+01
-3.717588964356718151e+00 2.698798179312430268e+00 -5.328810981533431601e+01
-9.156677892188229251e+00 5.264464093471489470e+00 -4.504940974433494461e+01
-2.849877302198105422e+00 6.185896388645264921e+00 -4.856091691013640599e+01
-7.002154510282560196e+00 7.355316571471460563e+00 -4.733094147616642289e+01
-2.083487688703877083e+01 1.268052074317638933e+01 -1.825676258033249511e+01
-1.678005727238333833e+01 1.015805082470755139e+01 -3.266570287641747683e+01
-1.953233717162288130e+01 9.164508799610791456e+00 -2.221679205789422440e+01
-1.753117828805407896e+01 1.479544423376429840e+01 -2.091487568639277939e+01
-1.805999974995138047e+01 7.031333171822031325e+00 -2.992743069037217651e+01
-1.603271830263588171e+01 1.421612583822212628e+01 -2.836841207707855617e+01
-3.492144506698746209e+00 -1.221147007376417726e+01 -4.085842317010346392e+01
-8.992898424767588494e+00 -8.095432489140980792e+00 -4.016922173064016022e+01
-4.989976016810444115e+00 -1.506193353639285171e+01 -3.596310075245371962e+01
-2.675617402858332383e+00 -8.997843311277044620e+00 -4.566187154965754758e+01
-1.953337135578313166e+01 -3.035761089648871369e+00 -2.603840661873452333e+01
-1.574950307342641942e+01 -6.215629939380346691e+00 -3.389253431210392620e+01
-2.031861243975727760e+01 -5.010569976071054477e+00 -2.307076221772433300e+01
-1.788750369135165030e+01 -4.123416542506367910e-01 -3.136169392856999849e+01
-9.345729842438887047e+00 -1.847404301605380894e+01 -2.387562456973798675e+01
-1.360170574549252542e+01 -1.163378015113876351e+01 -3.430992310405707713e+01
-6.951028703230256234e+00 -1.715389348655341806e+01 -3.260524206217557719e+01
-1.270445697147848740e+01 -1.631446374435404323e+01 -2.231785548205101577e+01
-8.104343574350636459e+00 -1.275981197240568932e+01 -3.445771654850901200e+01
-3.606730892206941430e+00 -2.202302104308136332e+00 -5.133131473175127724e+01
-9.188344729491571883e+00 -6.182225164746300017e+00 -4.338206355359256605e+01
-3.334119381238481949e+00 -6.427332728844826093e+00 -4.921767605009538471e+01
-7.496273204896931830e+00 5.477356622368886319e-01 -5.234575226232935563e+01
-6.761989038411266861e+00 -6.916534855107381752e+00 -4.592614270952489619e+01
-2.053774527103850289e+01 -1.251175819426202906e+01 -1.980567011202062488e+01
-1.429000952778848443e+01 -9.391938668857857664e+00 -3.048238929155030519e+01
-1.929272392629373201e+01 -9.983629161631759175e+00 -2.010021888243462485e+01
-1.717895485846937831e+01 -1.483638674915677669e+01 -2.062896066597886602e+01
-1.900962421580177875e+01 -8.520458802502382412e+00 -2.787896620560688632e+01
-1.622359149463915884e+01 -1.389194553188061576e+01 -2.711572632515221670e+01
-1.306633926571407400e+01 4.026048248925433448e+00 -4.133115695547313351e+01
-1.372660124052642061e+01 -3.403119960161602897e+00 -4.077632627992967684e+01
-1.578424029570356346e+01 2.194619879618035618e+00 -3.497565453693789550e+01
-9.737337525967390661e+00 1.218260127448234753e+00 -4.804926146183154856e+01
-1.556682187967694020e+01 -2.612180159396421342e+00 -3.591654432384839879e+01
-1.030269146021333881e+01 -3.006223752222586310e+00 -4.554799684244723323e+01
-2.454363903508898304e+01 8.168321428723113176e-01 1.611424778907314348e+01
-2.733730572654893365e+01 4.691692529591231509e-01 6.201585748840119372e+00
-2.405003035453552584e+01 -2.651189452788675904e+00 1.434351758931808618e+01
-2.400033057306188411e+01 3.622041071429610071e+00 1.560423147517192710e+01
-2.374233847868842417e+01 1.305083391563868878e+00 -1.572961936587264020e+01
-2.484624511675689718e+01 -8.790079294605103177e-01 -5.925204010741734528e+00
-2.409404704038414025e+01 -2.911244025041465733e+00 -1.480627378400507510e+01
-2.400070847279286568e+01 3.014589449729232484e+00 -1.395015871795622253e+01
-2.552777942197295147e+01 -9.353362240770294989e+00 9.429935125111740035e+00
-2.634221300734266435e+01 -3.769255685745109830e+00 4.670723277934770934e+00
-2.380808353828209434e+01 -6.270921650281311877e+00 1.141962409392927391e+01
-2.507762931252536021e+01 -1.086582335833322155e+01 2.632070279110398925e+00
-2.525211162215745020e+01 -3.005318523368921024e+00 7.740950165842875208e+00
-2.444818975248932702e+01 1.067009905905154454e+01 9.066847796352101696e+00
-2.644141180055243723e+01 4.651999210375668881e+00 3.369386314179688924e+00
-2.385780657630784773e+01 7.994430495662900427e+00 1.234171343525130382e+01
-2.522290422662400644e+01 1.094460583890887051e+01 2.902413499277705977e+00
-2.559920399309098826e+01 4.104241296698562635e+00 8.712776011509648200e+00
-2.547701708168900936e+01 -1.143740016609407562e+01 -1.019061002090750812e+01
-2.586974947654703882e+01 -3.122490063835789087e+00 -3.134917825153392013e+00
-2.499550224399441234e+01 -6.043593396028683173e+00 -1.166971210046401630e+01
-2.469715333244981181e+01 -1.139287220338296436e+01 -3.537710096364827361e+00
-2.675869057640756665e+01 -2.585402178585032296e+00 -9.706550788289593612e+00
-2.689889888592219691e+01 -7.975032688850896001e+00 -9.476251743661925353e-01
-2.455053032828199733e+01 1.019966435370425017e+01 -1.120279866886892428e+01
-2.684600529966058247e+01 4.355093071341856081e+00 -2.478723342381939254e+00
-2.453335486419086209e+01 6.409447336523581562e+00 -1.211860447459011070e+01
-2.490368884817535999e+01 1.182317592898672309e+01 -2.790793905849762169e+00
-2.550372827340529014e+01 3.922957533242515726e+00 -1.064462588010523980e+01
-2.582346698142526975e+01 7.129496038625478427e+00 -6.862512551689357032e-01
1.542938211021015782e+01 -2.164884131677561641e+01 3.127313497650322294e+00
2.040658369255839943e+01 -1.645475494786925807e+01 1.017803529157055742e+01
1.503301846899719152e+01 -2.128816622755674359e+01 9.115875583954149874e+00
2.284344717747435993e+01 -3.718131521483120316e+00 2.064643103112811673e+01
2.198934130027375744e+01 -9.184337978247810952e+00 1.624176633936913561e+01
1.057956383299161907e+01 -1.975345494950490277e+01 1.975598620102173797e+01
1.836992707924207480e+01 -1.583419343621305586e+01 1.534772065727037926e+01
1.359745103956908885e+01 -2.105604178589500108e+01 1.397649589241156853e+01
1.752658736220564961e+01 -1.863448599302634179e+01 1.237802022478699371e+01
1.615107231799663978e+01 2.055752810082461224e+01 4.055675491798310439e+00
1.967245070711868493e+01 1.595176692628901449e+01 1.085328817429410364e+01
1.555909112111493187e+01 2.201934500439366005e+01 7.726363813208205755e+00
2.409008761760157213e+01 2.127400660522810849e+00 1.925235186629412354e+01
2.186669474898125642e+01 1.014500327166406812e+01 1.442683097957526250e+01
1.147981227771010282e+01 2.068265628269102407e+01 1.863125612657736596e+01
1.858357376289100316e+01 1.605197828337049515e+01 1.513603725799220356e+01
1.432971068036142448e+01 2.032828639120177527e+01 1.372040438648042837e+01
1.743289987244492423e+01 1.838386645901017147e+01 1.274823968871495516e+01
3.581374592458153039e+00 1.292028285455169367e+01 4.207347499339613961e+01
1.060937846827832054e+01 9.123610755876020662e+00 4.156488155756633773e+01
5.096546461439761977e+00 1.434708736097678461e+01 3.695122019167659033e+01
3.255046285232158443e+00 8.561831154552169920e+00 4.532194843423440034e+01
2.162915972791415342e+01 2.013488138139642114e+00 2.768943000695838563e+01
1.498016031050120844e+01 5.440666167648865681e+00 3.457558903580751064e+01
2.168174793180034854e+01 6.429429644544488731e+00 2.445092010500706081e+01
1.031872235243883118e+01 1.838789560784036681e+01 2.565374433331802706e+01
1.247591694732382095e+01 1.242776174601735129e+01 3.440223406752828339e+01
7.789148002929645820e+00 1.654760542695736092e+01 3.146938925533447673e+01
1.306551325712616496e+01 1.608251831168682955e+01 2.374380823020035791e+01
9.750106470856538365e+00 1.354565105892420362e+01 3.661861910031312561e+01
3.865401182027881966e+00 1.582257116551988529e+00 4.910812211428842033e+01
9.950338945988782768e+00 5.089962284763943856e+00 4.537272163571481798e+01
1.931469015997169913e+00 5.979854040249094282e+00 4.854618411481857976e+01
6.961010682940778516e+00 6.322206389427871720e+00 4.600876273575223507e+01
1.985235119889739153e+01 1.218760552487791315e+01 1.866455224301616411e+01
1.492644743989733769e+01 9.538868137860019303e+00 3.088614225190208629e+01
2.203251528506057610e+01 8.867007263512707738e+00 2.194042551155949639e+01
1.715517419823857281e+01 1.511903732108997289e+01 2.232697438851489480e+01
1.846184019116904906e+01 8.661279771379872372e+00 2.886800676813590272e+01
1.494759252964216678e+01 1.304358131003722399e+01 2.697894933014905305e+01
2.417959479683126744e+00 -1.050160289271645553e+01 4.359640544172144416e+01
1.093582964910723554e+01 -9.190352074754757794e+00 4.127941952292419359e+01
5.303941321634362716e+00 -1.522611918746936510e+01 3.765375356767190596e+01
2.143694107220505796e+00 -8.728304223615230839e+00 4.767595844376205605e+01
2.232080500459982630e+01 -2.997011188207678867e+00 2.727408385498215537e+01
1.626534383366978531e+01 -5.892251155769139714e+00 3.492210579508715540e+01
2.098887985600354256e+01 -4.997251915141487366e+00 2.418658314559233702e+01
1.909781540612656769e+01 -2.127783547393975738e-01 3.162841341122370409e+01
9.196946672322066973e+00 -1.786110813429032973e+01 2.615093235515738712e+01
1.253325946082263975e+01 -1.163572537510486526e+01 3.478525895706616922e+01
7.235041931405953974e+00 -1.661874747028324606e+01 3.050960146741909895e+01
1.463512195970027818e+01 -1.662843109396732544e+01 2.288588449351637166e+01
9.122523981504956581e+00 -1.450143537317069864e+01 3.740046589983884218e+01
3.308233756845792239e+00 -2.239910608351159738e+00 4.961214589657789986e+01
1.036237207590759013e+01 -6.886782987876959083e+00 4.445275638102509674e+01
3.236267526905128644e+00 -5.645085865377509116e+00 5.050362980477923713e+01
6.160616698586472317e+00 5.528716326429474748e-01 4.757320828573646310e+01
7.059593298727993904e+00 -7.571268273077158995e+00 4.779899319344345798e+01
2.104890966439904432e+01 -1.362859471628381947e+01 1.872587394053259402e+01
1.634225196492972643e+01 -8.564806571658316159e+00 3.172719618967763466e+01
2.075365684568054192e+01 -8.755179183197901338e+00 2.177007300541471224e+01
1.679497650582533552e+01 -1.595936516552584017e+01 2.237966444661467236e+01
1.789660248591015801e+01 -7.071466155066578274e+00 2.947392832516589323e+01
1.539003163852047606e+01 -1.419122605424865569e+01 2.893711810109740767e+01
1.213601116036861427e+01 4.291020899709277359e+00 3.978382812674268365e+01
1.337391833958795218e+01 -4.441587310375505915e+00 4.050852517850366752e+01
1.596148298678915722e+01 1.914225496744774491e+00 3.544704479269393005e+01
7.489955519693293873e+00 2.244070930516053775e+00 4.356464352118253203e+01
1.592275360524569727e+01 -1.213698014066250996e+00 3.696643152912977115e+01
9.188305280923872331e+00 -1.999037490161977848e+00 4.502213880122425849e+01
1.509195999136598054e+01 -2.024675070879228045e+01 -4.323061727146542133e+00
2.010580188207921637e+01 -1.641975699453035986e+01 -1.006657125653298301e+01
1.505110438427967701e+01 -2.146524149860108110e+01 -8.440502697359857365e+00
1.902080924276589613e+01 -1.761238239377878401e+01 -1.884488531591957117e-01
2.371400843458199148e+01 -2.819255872790341400e+00 -1.975378149509499437e+01
2.127150850449891095e+01 -1.130095337350364204e+01 -1.522477192091210796e+01
1.273379084576667530e+01 -2.067173498061063341e+01 -1.866675647618390954e+01
1.740898033801984113e+01 -1.663756372222064428e+01 -1.521467106424477223e+01
1.411458707142827329e+01 -2.098683763483402487e+01 -1.472361604308791527e+01
1.756768649049529429e+01 -1.844834747731916025e+01 -1.285820854512040157e+01
2.398451052677210527e+01 -1.582036254754351923e+01 6.039095525413391563e+00
2.373104097375217236e+01 -1.371932796421863721e+01 -6.478079258253251815e+00
1.982545979462605956e+01 -1.698436856573711751e+01 3.593011497171596069e+00
2.174361235871300480e+01 -1.743320089074054025e+01 -2.940458421491012775e+00
1.541028344195121491e+01 2.106010255521443142e+01 -3.180979824419746915e+00
1.914474506221031191e+01 1.625136891195432298e+01 -8.939496411178875945e+00
1.428427816735692701e+01 2.072623502364818648e+01 -9.554503385980032348e+00
1.749783359776385794e+01 1.801852340497216787e+01 1.469163888377228666e+00
2.313448170584259600e+01 4.001140389477392034e+00 -1.966152198227197090e+01
2.236941963914634357e+01 9.903201384347811498e+00 -1.441593393508631493e+01
1.231514379921832791e+01 1.850014657432417309e+01 -1.935133692726864041e+01
1.887865787215448066e+01 1.443033265360057449e+01 -1.593642123306845093e+01
1.280977084257479071e+01 2.026204083883035167e+01 -1.207937725755655478e+01
1.830179440541717284e+01 1.712020765624060559e+01 -1.132124192417433051e+01
2.237950949400519818e+01 1.389198628317612183e+01 8.048523595543858988e+00
2.249252702641873469e+01 1.364998884418534608e+01 -6.100459530388019580e+00
2.119919658245975569e+01 1.598857771308767184e+01 3.547496862751082780e+00
2.085607547378308624e+01 1.486512058704211547e+01 -3.414000831148663817e+00
2.829038111677144585e+00 1.272167540403992092e+01 -4.310430121834052386e+01
1.003752606719551288e+01 1.113041080375378300e+01 -4.291150704117202963e+01
6.033615892222957022e+00 1.657597901791763917e+01 -3.796731568946220392e+01
2.966908438431367756e+00 9.689799833870360146e+00 -4.800825606873706874e+01
2.081966632944259032e+01 5.266716359344491005e-01 -2.518364505263580355e+01
1.642573225951734628e+01 6.241870832932824520e+00 -3.564350394520457854e+01
2.090623370442700235e+01 6.417260495722374891e+00 -2.440335124828940039e+01
9.228327716551021354e+00 1.778679199794547117e+01 -2.620954551014816047e+01
1.111921378227815893e+01 1.077403723199406826e+01 -3.393386143310513603e+01
8.050711217416228749e+00 1.639751412152595123e+01 -3.197018561194837361e+01
1.335692883433116229e+01 1.621148816004344795e+01 -2.308579793063333696e+01
8.075150486842197495e+00 1.469875263240521512e+01 -3.506801557900155331e+01
2.734487523588410074e+00 2.944928378445827555e+00 -5.181893627696109661e+01
1.031891017286789669e+01 5.974330778693032862e+00 -4.447112019785642900e+01
3.403052669238473715e+00 5.268464309911086829e+00 -5.239358996841316696e+01
6.598859774352849428e+00 7.460566284641805268e+00 -4.769214370245284584e+01
1.929067535625606311e+01 1.120848328604652266e+01 -1.785341311370900641e+01
1.632572476069157474e+01 9.730456445980090407e+00 -3.065338921515660076e+01
2.120333110166404467e+01 9.082806327945728952e+00 -2.191148132760915601e+01
1.582377721379362079e+01 1.524727552175996692e+01 -2.099498984398723067e+01
1.843030602639927196e+01 8.753635958445491028e+00 -2.750754874681739182e+01
1.335971069228638086e+01 1.407542158259593990e+01 -2.776349206491797972e+01
3.506292864386156172e+00 -1.228271978003182952e+01 -4.113674908036902167e+01
1.006560186822570557e+01 -1.005301598766473248e+01 -3.886734791537509892e+01
4.760275427661261105e+00 -1.510191572096371537e+01 -3.690319692411897989e+01
3.098741658324841275e+00 -7.590476489441298824e+00 -4.412576781782604485e+01
2.033562995975397669e+01 -1.843008048918079345e+00 -2.464786651526206640e+01
1.645788343653027752e+01 -4.533850861656799403e+00 -3.305359059093665763e+01
2.014518446130234963e+01 -5.933695394044054439e+00 -2.349578931949707794e+01
1.876141035101106880e+01 -5.249766557578751103e-01 -3.210997840079946286e+01
9.895503303586789201e+00 -1.910679502688513764e+01 -2.573743309806117807e+01
1.165538614173724419e+01 -1.204484347358685525e+01 -3.449865745236863290e+01
8.274450260822849401e+00 -1.671127300278347150e+01 -3.159262044667103453e+01
1.338064227398635708e+01 -1.795262556217969419e+01 -2.411547495749492143e+01
8.948372087635167560e+00 -1.329576753220584351e+01 -3.732698671860618589e+01
4.190101099459015543e+00 -2.404919470489510491e+00 -4.983697818092732490e+01
1.014278213431402875e+01 -5.356026453621002936e+00 -4.351424963236586052e+01
2.731611149970618602e+00 -5.272361104133418408e+00 -4.771318725800673377e+01
5.112906528709507015e+00 9.974451595502745738e-01 -4.963529340206238061e+01
6.443761304285209768e+00 -7.542759711571952685e+00 -4.419893116014082324e+01
2.027166549815085617e+01 -1.311072816844141542e+01 -1.898069042278189045e+01
1.673705316192977577e+01 -9.554088490359752939e+00 -3.054415590129306324e+01
2.103463009845974696e+01 -7.944612349337807800e+00 -2.056961048342469311e+01
1.619504113255809941e+01 -1.508386815088292288e+01 -2.081009882775975939e+01
1.833152249768951236e+01 -7.108762822631667255e+00 -2.855521577530852184e+01
1.449786825170316007e+01 -1.267016382039863842e+01 -2.874694306700492419e+01
1.293511894569966181e+01 4.158693211361192965e+00 -4.040130014076575549e+01
1.286051731773026319e+01 -4.012426280662950262e+00 -4.052819674919545889e+01
1.640847921466651016e+01 2.077537043562374119e+00 -3.706809267489013138e+01
1.044165246277140113e+01 1.209916462103574952e+00 -4.416943571310176964e+01
1.564592463508273923e+01 -2.374198583364174553e+00 -3.727753624399313992e+01
1.038027035529058217e+01 -2.495118573027497622e+00 -4.588656673856649348e+01
2.597025853607983237e+01 4.048367422579007835e-01 1.630223676742677341e+01
2.701748814316036373e+01 1.299742611144829030e-01 5.338797405430127263e+00
2.446226111023984018e+01 -3.502435533206195828e+00 1.498634519430095757e+01
2.526420182979640217e+01 3.716246180516889375e+00 1.517248901974210717e+01
2.352844103420133237e+01 -1.874052873515877626e-01 -1.592494524111968524e+01
2.497185882674252255e+01 -6.079084155261302858e-01 -6.465489472073083554e+00
2.494717595111936959e+01 -5.337417191392089144e+00 -1.509369451883000934e+01
2.543441113614257887e+01 3.385694759666461717e+00 -1.490051786687927837e+01
2.303767118326147312e+01 -9.732807909509530120e+00 9.345412045113453914e+00
2.636793848409990915e+01 -3.100987034293751332e+00 3.586432266734205676e+00
2.501650672575258838e+01 -8.139253931083972660e+00 1.268034519867945065e+01
2.368897631132891135e+01 -1.173994822138416616e+01 4.769286505227108286e+00
2.502824309121044521e+01 -3.582343247328910518e+00 8.513518926672601239e+00
2.398211821720426329e+01 1.127700630385614211e+01 1.047038683066324438e+01
2.673417889686399818e+01 3.654569142849622754e+00 3.349510883217915680e+00
2.497101937123971993e+01 6.476261441199991253e+00 1.210352367991244371e+01
2.394040399000435571e+01 1.020481107730876502e+01 3.409438866910144750e+00
2.588033714355636405e+01 2.026031090087835551e+00 9.265815097761262109e+00
2.418805673186474792e+01 -1.105893573682061160e+01 -9.102818201192198089e+00
2.717209210100631012e+01 -3.371087122840534356e+00 -2.548293509558988923e+00
2.466805375210264728e+01 -7.408548925726623935e+00 -1.190907626588870016e+01
2.513152624091068432e+01 -9.295785067522324141e+00 -4.403315358634425358e+00
2.489089629697591022e+01 -4.089971741728900767e+00 -7.986322483622942059e+00
2.652274812315562258e+01 -8.060639080551945668e+00 6.959659604517716147e-01
2.325963096724979806e+01 9.573602652832290616e+00 -9.830076162849572086e+00
2.642563112368727118e+01 4.319569412561896193e+00 -2.149115943718359567e+00
2.445891910863036856e+01 7.979598973058068978e+00 -1.179313348976782372e+01
2.333305482735960723e+01 1.120092260049840505e+01 -3.904666678580070993e+00
2.484005041881076892e+01 3.684514120782009794e+00 -9.423308016183570501e+00
2.554123381126818870e+01 7.423018504958904806e+00 1.183797947056457023e+00
