1.577193336357401243e+01 -2.551952425056120788e+01 1.642897255406929905e-19
-1.577193336357401243e+01 -2.551952425056120788e+01 -2.850346149224918532e-20
1.577193336357401243e+01 2.551952425056120788e+01 1.259692620450988731e-19
-1.577193336357401243e+01 2.551952425056120788e+01 7.426846938097808595e-19
-4.157840165680067291e-20 1.577193336357401243e+01 -5.103904850112239444e+01
4.127917856059908032e-20 -1.577193336357401243e+01 -5.103904850112239444e+01
1.275245785789425885e-19 1.577193336357401243e+01 5.103904850112239444e+01
-1.104052247571723364e-19 -1.577193336357401243e+01 5.103904850112239444e+01
-2.551952425056120788e+01 -4.612688756883223015e-20 3.154386672714803197e+01
-2.551952425056120788e+01 6.868597350763045368e-20 -3.154386672714803197e+01
2.551952425056120788e+01 1.759209363565887285e-19 3.154386672714803197e+01
2.551952425056120788e+01 -2.100218112482775167e-19 -3.154386672714803197e+01
-5.941503092037084514e-20 -3.000000000000000355e+01 3.175143928213906217e-19
4.493876224109632916e-20 3.000000000000000355e+01 1.503735962143167482e-19
9.270509831248423538e+00 2.427050983124842887e+01 -3.000000000000000355e+01
-9.270509831248423538e+00 2.427050983124842887e+01 -3.000000000000000355e+01
9.270509831248423538e+00 -2.427050983124842887e+01 -3.000000000000000355e+01
-9.270509831248423538e+00 -2.427050983124842887e+01 -3.000000000000000355e+01
-1.196169272353357222e-20 2.932791554481676680e-21 -6.000000000000000711e+01
9.270509831248423538e+00 2.427050983124842887e+01 3.000000000000000355e+01
-9.270509831248423538e+00 2.427050983124842887e+01 3.000000000000000355e+01
9.270509831248423538e+00 -2.427050983124842887e+01 3.000000000000000355e+01
-9.270509831248423538e+00 -2.427050983124842887e+01 3.000000000000000355e+01
-9.607011583490839822e-21 -9.037345386346597490e-21 6.000000000000000711e+01
-2.427050983124843242e+01 -1.500000000000000533e+01 1.854101966249684352e+01
-2.427050983124843242e+01 1.500000000000000533e+01 1.854101966249684352e+01
-1.500000000000000533e+01 9.270509831248421762e+00 4.854101966249683642e+01
-1.500000000000000533e+01 -9.270509831248421762e+00 4.854101966249683642e+01
-2.427050983124843242e+01 -1.500000000000000533e+01 -1.854101966249684352e+01
-2.427050983124843242e+01 1.500000000000000533e+01 -1.854101966249684352e+01
-1.500000000000000533e+01 9.270509831248421762e+00 -4.854101966249683642e+01
-1.500000000000000533e+01 -9.270509831248421762e+00 -4.854101966249683642e+01
-3.000000000000000355e+01 3.020729870218695459e-20 4.207076804624242478e-19
2.427050983124843242e+01 -1.500000000000000533e+01 1.854101966249684352e+01
2.427050983124843242e+01 1.500000000000000533e+01 1.854101966249684352e+01
1.500000000000000533e+01 9.270509831248421762e+00 4.854101966249683642e+01
1.500000000000000533e+01 -9.270509831248421762e+00 4.854101966249683642e+01
2.427050983124843242e+01 -1.500000000000000533e+01 -1.854101966249684352e+01
2.427050983124843242e+01 1.500000000000000533e+01 -1.854101966249684352e+01
1.500000000000000533e+01 9.270509831248421762e+00 -4.854101966249683642e+01
1.500000000000000533e+01 -9.270509831248421762e+00 -4.854101966249683642e+01
3.000000000000000355e+01 9.326834135691525849e-22 -2.246167221748887176e-20
