1.521322200855802720e+01 -2.460534273826607077e+01 8.023268229565007695e-03
-1.518679283532441282e+01 -2.457600581237152326e+01 5.044901669802476923e-02
1.515676781396945749e+01 2.451707832033564927e+01 3.262298110565823445e-02
-1.543037102858544607e+01 2.494564622197617965e+01 4.128970879932026411e-02
-1.688851818319688641e-02 1.547282532273187350e+01 -4.911857174528808656e+01
-7.113658819760198225e-04 -1.537137730019792237e+01 -4.907575926844012315e+01
1.695926689907586299e-02 1.518974104909463740e+01 4.832189576539819598e+01
-2.283481536830385752e-02 -1.541357402241201946e+01 4.905248542100278542e+01
-2.456568715942091075e+01 3.656411109904642021e-02 2.738658750358711558e+01
-2.449951389416027325e+01 2.210740814542143471e-03 -2.712003040169280865e+01
2.489970654119486682e+01 5.853128455522841646e-03 2.760908488802370186e+01
2.478065858690020917e+01 -2.090329701447419739e-02 -2.747050385437804465e+01
1.088990236654942137e-03 -2.827941311849689754e+01 -2.199017226341588860e-02
9.957209417363770132e-03 2.828156210116737057e+01 -7.495877434794743360e-03
8.792685665063713074e+00 2.315550772107141597e+01 -2.497883340060911195e+01
-8.903503340388279952e+00 2.334230859318838824e+01 -2.512366534815734553e+01
8.896007500774247845e+00 -2.336145266926456543e+01 -2.515104160941235634e+01
-8.828154576576523027e+00 -2.328705855562787619e+01 -2.503044524535080129e+01
2.896814093915946187e-02 -4.670944041636463512e-02 -5.682057998492697948e+01
8.870053720312135681e+00 2.322714425481250089e+01 2.503649554264977439e+01
-8.922958087266145810e+00 2.333687914859500268e+01 2.508670003950418348e+01
8.845403619836268660e+00 -2.318294965630897764e+01 2.494614920933360835e+01
-8.909610283630440719e+00 -2.340961667452944184e+01 2.531041994619116409e+01
9.171061254672508442e-04 2.338307256357015015e-02 5.573031624622904445e+01
-2.287166981818789679e+01 -1.408784396750995782e+01 1.388311911872010640e+01
-2.354803246347118062e+01 1.450079387985979373e+01 1.408331770587305343e+01
-1.454269340795069709e+01 8.862752672525003206e+00 4.540588817952287570e+01
-1.434510447499458508e+01 -8.823000526168454982e+00 4.461577790471580585e+01
-2.306435622629431137e+01 -1.417863834079936858e+01 -1.400791847955206393e+01
-2.344224621247689555e+01 1.443807657766607022e+01 -1.404100540789782769e+01
-1.440134237891432001e+01 8.895842803321308168e+00 -4.504610187243927300e+01
-1.420328383982923093e+01 -8.814957065577365469e+00 -4.449001127404947908e+01
-2.880079193246177027e+01 -5.646110738422165619e-03 3.051027574003550846e-02
2.343530890268859324e+01 -1.441978047741121216e+01 1.405598681218653745e+01
2.345500097080470780e+01 1.443313818111408864e+01 1.412605527693398066e+01
1.439059807702472504e+01 8.740969616605791970e+00 4.495536287670372388e+01
1.450041723024497742e+01 -8.818665608987659610e+00 4.535077698409553193e+01
2.344103488952889691e+01 -1.443340485782260707e+01 -1.405599212538465892e+01
2.312960217492903325e+01 1.422046158668944216e+01 -1.396259921363904688e+01
1.447764605479687816e+01 8.857215253000410016e+00 -4.517149423938444386e+01
1.422629790358097956e+01 -8.761843749652726387e+00 -4.458552988477659795e+01
2.885389202489153959e+01 2.977734940911443921e-03 1.475251299506965749e-02
7.750765558952286582e+00 -2.712782314718884891e+01 -2.556671116002808344e-02
-7.862141067970903840e+00 -2.747575605322129633e+01 1.599519150533877231e-03
7.841872187587284770e+00 2.744124403472542184e+01 -1.472132339450933473e-04
-7.862421016367330928e+00 2.750001401122674238e+01 -7.381441963859846842e-03
1.235448455132203094e+01 2.459773583235299199e+01 -1.258303459453177808e+01
4.596812559187080538e+00 2.014280314794661209e+01 -3.732515093091916469e+01
4.731939663342351388e+00 2.697080126131709221e+01 -1.282620182620981097e+01
-1.249133727000685390e+01 2.484325297659554366e+01 -1.275931316992605780e+01
-4.703769195301603645e+00 2.021254715933411461e+01 -3.746742666998537885e+01
-4.718685521902836300e+00 2.691638997883028139e+01 -1.285977222124293462e+01
-1.535000309865305022e-02 2.448492537555339510e+01 -2.656877489103595025e+01
1.247153318029556601e+01 -2.479723683065784812e+01 -1.279584437901118044e+01
4.711304989471643445e+00 -2.016476845515329686e+01 -3.749091240510121281e+01
4.747300974001056773e+00 -2.710175047262321968e+01 -1.286706644513686193e+01
-1.242024525956817982e+01 -2.477432420041027328e+01 -1.265311174165096553e+01
-4.643132042745738097e+00 -2.009083963989010968e+01 -3.722848333907239748e+01
-4.808166303548794041e+00 -2.734606683007468675e+01 -1.288929030792950670e+01
-4.989550132838620027e-03 -2.456920304923126963e+01 -2.656212439166295880e+01
7.080831195574161137e-03 7.937690681186344577e+00 -5.539848742183193053e+01
3.962337323901523461e-02 -7.606700806750795962e+00 -5.329054520958555230e+01
1.249257421899372922e+01 2.482065568162572333e+01 1.271276391240063930e+01
4.623739233691778416e+00 2.008791165707029336e+01 3.723364737484001097e+01
4.734689161954727332e+00 2.691808170668878120e+01 1.273455536412730815e+01
-1.260575283880626785e+01 2.502308776665721268e+01 1.274287631271432808e+01
-4.628047572386234876e+00 2.010973414546376858e+01 3.722841350527541238e+01
-4.722263390619530377e+00 2.686055301263161255e+01 1.273235146336958934e+01
-2.168459588065637170e-02 2.435519917077343521e+01 2.638144517078562856e+01
1.234490021355219369e+01 -2.452428820274923993e+01 1.261366916818365169e+01
4.621802434444072460e+00 -2.018301128968245806e+01 3.727564859346934867e+01
4.699595070636030769e+00 -2.678499196401777382e+01 1.273809665371026512e+01
-1.256439886739925882e+01 -2.501099514465918361e+01 1.297483829920343013e+01
-4.698510856631155974e+00 -2.025933396056808888e+01 3.765958211347445683e+01
-4.744590018921996055e+00 -2.695855448785317066e+01 1.288992285673395521e+01
-1.263976899376760728e-02 -2.447325972890578782e+01 2.652238713313535357e+01
4.137017503525453749e-03 7.580920471901968050e+00 5.324691980075602515e+01
-1.062218396469229815e-03 -7.701541734507513226e+00 5.412070614552127523e+01
-1.949368617887230570e+01 -1.977389562272246692e+01 6.734811434484197612e+00
-2.445842074494975549e+01 -7.295396212940977954e+00 2.110819175364103018e+01
-1.682377723993346663e+01 -1.969264550048445983e+01 2.122050480664828598e+01
-2.028284048858409250e+01 2.049822839504961536e+01 6.752422033380395483e+00
-2.490739103522765774e+01 7.499006706352015605e+00 2.145515414389018360e+01
-1.710646042670354205e+01 1.994201258358501150e+01 2.135664812421548220e+01
-7.540401989822050233e+00 1.255075746320149044e+01 4.923643568153647010e+01
-2.049975893902367474e+01 4.617824621574861510e+00 3.704284805431435501e+01
-1.228907706735428640e+01 1.717923536899623826e+01 3.629374968444022898e+01
-7.541052464478360307e+00 4.358462102347919753e+00 5.311586366925271108e+01
-2.006449645151896988e+01 1.220510350515536580e+01 3.081540624722976318e+01
-7.502637126219458885e+00 -1.244572697349807200e+01 4.880672322574903177e+01
-2.036436179959354931e+01 -4.554555481149232143e+00 3.656259716991632303e+01
-1.220348261818747027e+01 -1.721630246540714282e+01 3.639448828661056012e+01
-7.608043377626466430e+00 -4.366705188922900938e+00 5.331499996053948109e+01
-1.975175960398974340e+01 -1.206501592849451221e+01 3.023676831447729896e+01
-1.485758742405887389e+01 2.841816752059710474e-02 4.805813043730804424e+01
-1.953508415318841784e+01 -1.975772407864095115e+01 -6.656370958525136494e+00
-2.474506824989697762e+01 -7.408464316625170909e+00 -2.123284622120299403e+01
-1.673298788265837445e+01 -1.954980988910322992e+01 -2.104955662826749574e+01
-2.443308237665537064e+01 -1.510456107221211397e+01 -5.031858189638958867e-02
-2.005049393807055225e+01 2.031879665161714144e+01 -6.674612475026798109e+00
-2.485278992834282263e+01 7.449867613756746110e+00 -2.135458170941206646e+01
-1.693838699251910640e+01 1.974006403008834099e+01 -2.122974093704489817e+01
-2.485594611733316839e+01 1.535231426282654787e+01 -1.269913002314468006e-02
-7.547035298967473160e+00 1.254613306448165666e+01 -4.900590370514186844e+01
-2.030752254585601335e+01 4.622066950062446722e+00 -3.677170626481680671e+01
-1.230114836960403402e+01 1.720057300885108731e+01 -3.635260273219530802e+01
-7.776168545572383017e+00 4.538684950291031583e+00 -5.432036012052208207e+01
-2.003280412684191703e+01 1.221582522142271188e+01 -3.074834735947735354e+01
-7.410053849029694106e+00 -1.236596891894178363e+01 -4.818037042258471558e+01
-2.016247803365940428e+01 -4.528014134887777153e+00 -3.629215946855273245e+01
-1.213851038432071228e+01 -1.706129039962879901e+01 -3.603966117585667206e+01
-7.824225709770264992e+00 -4.600349924762483056e+00 -5.439022508952559321e+01
-1.979243924322420511e+01 -1.202467244439072047e+01 -3.038154417043017830e+01
-1.493925376149305784e+01 3.248811809170405740e-02 -4.789749368015956321e+01
-2.755016973670424818e+01 8.785300699142484585e-03 1.249836450975118929e+01
-2.758759250184574441e+01 -3.171744300641616849e-03 -1.237998260518831728e+01
-2.712656419227729643e+01 -7.412854004991816126e+00 6.954399631780749935e+00
-2.754035284235787628e+01 7.548152935542597142e+00 7.225618771016120157e+00
-2.770223034635892034e+01 -7.569913184099459791e+00 -7.069313941213433594e+00
-2.761869815859193267e+01 7.554164522173092422e+00 -7.148103702906322354e+00
2.006816098190776998e+01 -2.030155684638343772e+01 6.706796572614187824e+00
2.497820813682761454e+01 -7.467014494832043603e+00 2.144849455801600158e+01
1.699601730555810519e+01 -1.979265292108654961e+01 2.123810415841626309e+01
2.007983392574088910e+01 2.035737621685215615e+01 6.735036216357130456e+00
2.510198416766884222e+01 7.499051702401510866e+00 2.155314193920078480e+01
1.693576814149589893e+01 1.974399726670716149e+01 2.118609006639949399e+01
7.498487684944890042e+00 1.242756345180079158e+01 4.879972219591267191e+01
2.054990212277103367e+01 4.566013761788759062e+00 3.708448555574084082e+01
1.223986737518833756e+01 1.709108247525464819e+01 3.608453869532825564e+01
7.432482708293045803e+00 4.336591914931671177e+00 5.253826995285096046e+01
2.001167511212459260e+01 1.212757349338936841e+01 3.058563835998290159e+01
7.569139403675944067e+00 -1.254224024260886416e+01 4.912013215030656710e+01
2.055853393111862104e+01 -4.565448483105482680e+00 3.702609426245471269e+01
1.225158159898125554e+01 -1.713333066481484579e+01 3.608698851819336539e+01
7.674611497265318327e+00 -4.387639403192020282e+00 5.352742026954049948e+01
2.006426161404007047e+01 -1.215078837989427818e+01 3.077387037685939930e+01
1.467049606562849462e+01 4.150509641558543239e-02 4.764612610854246100e+01
2.000301868952434958e+01 -2.027159932017095656e+01 -6.714636545094349707e+00
2.492762086044137604e+01 -7.461920700272525409e+00 -2.130206267818768850e+01
1.692179068000582021e+01 -1.973676053761643701e+01 -2.123653196376375973e+01
2.481190190839642540e+01 -1.533232011611212364e+01 -2.238662632232975985e-02
1.968608155944955129e+01 1.990850037109326465e+01 -6.523867876385420317e+00
2.492116528140447329e+01 7.431069714698450568e+00 -2.145198677619145400e+01
1.666589065857269958e+01 1.942032923835644809e+01 -2.091157789249106358e+01
2.449700690049737517e+01 1.512189979074833346e+01 5.116878199776582481e-02
7.576498865519702086e+00 1.255777072335117772e+01 -4.900972384633708145e+01
2.044866466106752867e+01 4.535793664476399201e+00 -3.701451769829665750e+01
1.218459001252386464e+01 1.705895275829256974e+01 -3.587528869510355634e+01
7.821498995898089390e+00 4.461472666555843070e+00 -5.421448577555063508e+01
1.989207641465552356e+01 1.203692929413534252e+01 -3.055837027171674336e+01
7.424101396795718344e+00 -1.230403249613001648e+01 -4.831152384478993866e+01
2.035585178271875151e+01 -4.575010533409685110e+00 -3.660335453019971652e+01
1.226111547971368587e+01 -1.717065693587500519e+01 -3.629902060068027225e+01
7.500480111543866180e+00 -4.404289060682408774e+00 -5.269298077968764460e+01
2.005466716543606154e+01 -1.219020049341414591e+01 -3.066231080535688491e+01
1.478387363416705114e+01 -4.268611909185769659e-02 -4.776183019082152015e+01
2.785596612134964190e+01 -3.418986861666950625e-03 1.256040714900223776e+01
2.780459732294390918e+01 -6.683408664182766135e-03 -1.250210761116861669e+01
2.759159476176175829e+01 -7.541354034387640404e+00 7.232458138908204326e+00
2.746279558376869190e+01 7.525428144599784375e+00 7.308131211072796951e+00
2.765511776011224043e+01 -7.561245432837591096e+00 -7.131225895621574828e+00
2.729818394524639302e+01 7.473419135959826320e+00 -7.256033518994349230e+00
