-1.510235355099210364e-01 2.086781755291848214e-02 2.602552564591710249e-01
1.972461450851978326e-01 6.905477692786660127e-01 2.694760127791026250e+00
-3.218245889476635035e+00 -2.065478006486169971e-01 -2.375322171502590729e-01
-1.852803553106398965e-02 1.263111419750566622e+00 -1.960360659976099207e+00
-6.055218893584028983e-01 -4.381515741787284091e-01 8.313104113633021930e-01
-1.315511396699168056e+00 -1.137386364148524232e+00 8.848067825496134242e-01
-4.237657974933479732e-01 5.933332966609526915e-01 1.212089039336707641e+00
-2.353819959754406277e+00 -1.705404043542891879e+00 -2.390376434519394078e+00
1.119403110836709042e-01 6.495744142806291199e-01 -8.820585622372819623e-01
-2.666800678401405555e+00 -1.436726730946773722e+00 -4.213760079797014280e-01
-1.319962288471040246e+00 -4.885934656072055127e-01 3.798926506571972950e-01
-2.925882868999974962e-01 -5.373305489239825761e-01 1.745751623288361032e-01
-1.637805560651800496e+00 -4.075534074267340295e-02 9.726390756904872426e-01
-1.038235296997793933e+00 1.432311286379397641e+00 -7.888224568093613609e-01
-9.598555605685327174e-01 -1.106538178932174654e+00 2.319182276775306750e-01
-1.399049180951944527e+00 7.220600339325956574e-01 2.277515145088944704e-01
-7.838520584630405130e-01 6.648477029023152074e-01 3.050232307299062806e-01
4.530967206686615789e-01 -6.717087659576973513e-01 2.680392921075254176e-01
-1.254053105491085507e+00 5.928002832609933215e-01 1.247833982639912298e+00
-7.880245773290881495e-01 -1.264416865655120459e+00 -4.499546960807347951e-01
1.258442095382638959e+00 1.998521524177080844e+00 9.147877069997389921e-01
-1.130352237897862100e+00 -2.165848295313807792e-01 3.187232965201470813e-01
1.283583052795413737e+00 -5.579279364833346078e-01 -2.517522130194585483e-01
-5.729613630512868649e-01 1.497129045920035040e+00 8.240829064259715953e-01
-5.382738930919026554e-01 8.998878898067641519e-01 1.862117444561394608e+00
1.677438916761209597e+00 1.193642331675140555e+00 4.306821867710797780e-01
3.105724737834904964e-02 -2.532888534452954268e-02 7.754853510597554678e-01
2.032322380285565444e+00 -2.462177651699919145e-01 -2.865848843195138440e-01
-4.614581337525723859e-01 1.326656972046803995e+00 -1.076647630128772626e+00
-2.999801042468856482e-01 2.116191552702940459e+00 1.794170766221056423e+00
-5.056114643233705630e-01 1.895772950289257519e+00 -9.912969285710577783e-01
1.240333567777295531e+00 9.956261110489526001e-01 1.374042205764612334e-01
2.643566955980867356e-03 5.779313152191322134e-01 -3.537972899374742242e-01
2.385323415831764882e-01 8.658457504961690754e-01 2.445925553215838877e-01
1.020236233050921593e+00 -9.682057659594953680e-01 7.535737151992887295e-01
-1.596141820878945072e+00 2.115850142793124888e+00 -1.575307170886185437e+00
2.342880250985155954e-01 -6.458146187938056393e-01 -1.536880453122512202e+00
9.388791230994391057e-01 -9.505192252145825416e-01 9.573219252968503401e-01
-6.531631800007076105e-01 5.614794318553920638e-01 1.639036775125535916e+00
3.316374607890035797e-01 3.159575594227514550e+00 2.717413185823978287e-03
-2.441420245032709158e+00 9.054795797079894237e-01 -1.387554243790444897e+00
1.391677896284352123e+00 -8.773583736495887964e-01 -7.570587349274270073e-02
