1.365502592269518090e+01 -2.179141841549346736e+01 1.105892669315621107e-01
-1.414542385850795903e+01 -2.127792706186773586e+01 9.171017201569582333e-01
1.407008007073427969e+01 2.187707188752542820e+01 4.364903260454391365e-01
-1.470003980518146669e+01 2.332913221717193508e+01 8.555458091499708317e-02
8.927153929361686391e-01 1.427309205475706300e+01 -4.102835845487664557e+01
5.458972590519779455e-01 -1.312547996494870439e+01 -4.095213854509061946e+01
6.006371610400468297e-01 1.311374235267400756e+01 4.029238890816423435e+01
-2.357210734536918650e-01 -1.421133706805663977e+01 4.081185175441908086e+01
-2.168947852883439964e+01 -7.003583200173482126e-01 1.960368046075193149e+01
-2.206829870571738894e+01 -2.354101278410665465e-02 -1.901723874804881831e+01
2.287152630475837611e+01 1.776577037936008518e-01 2.038622812548265628e+01
2.282725726570669167e+01 -9.362401884030145671e-02 -2.045657885525036690e+01
8.535050126565107975e-02 -2.435341886394531485e+01 -6.687244547639045189e-01
-3.251761653654270945e-01 2.466090318225953126e+01 -3.629494231699614271e-01
7.498289600851738790e+00 2.054813399195061763e+01 -1.945753037798982277e+01
-8.173628024758576416e+00 2.060767681844374621e+01 -1.945824265245495610e+01
8.449608648624169049e+00 -2.048158885444255262e+01 -1.913827650182115647e+01
-7.991936825268676436e+00 -2.062949758393028787e+01 -1.797953496231824033e+01
-1.203971724751500827e-01 1.737137115241582375e-01 -5.079548665850848721e+01
7.207049780640486958e+00 2.040222071252236447e+01 1.967290754836486855e+01
-7.309909282168483458e+00 2.063508124877026617e+01 1.892734728328468563e+01
7.742763363910060370e+00 -2.069640202038518950e+01 1.890959307147898372e+01
-7.874544022253948228e+00 -2.139128957586368784e+01 1.923878904805014400e+01
1.628868492293073511e-01 4.606199161339384340e-01 4.973924763730565246e+01
-2.023402637647855684e+01 -1.292995976317217099e+01 1.041257445076730015e+01
-2.197497361019661710e+01 1.388753819806450096e+01 1.176237264014212336e+01
-1.276768367606185173e+01 8.421971428674599025e+00 3.733634965738853850e+01
-1.267783324061874417e+01 -7.520061572388604176e+00 3.555926310234917764e+01
-2.094679453576217654e+01 -1.245610925924413870e+01 -1.099639040181400773e+01
-2.166398395283504286e+01 1.413479362109182524e+01 -1.092339228828549658e+01
-1.230737117123282687e+01 7.717114858496950447e+00 -3.597256101726892297e+01
-1.285258069890673305e+01 -7.631462667729202565e+00 -3.601148726484434093e+01
-2.686760785386588068e+01 6.571385365747448026e-02 2.316048019797843638e-01
2.221362122271124662e+01 -1.353341520469290060e+01 1.044492536427850560e+01
2.130273700748449173e+01 1.329855317158471451e+01 1.160254866566426202e+01
1.222691271961627457e+01 7.651430272316414261e+00 3.535750455773532508e+01
1.296482628523379255e+01 -7.657320292443971610e+00 3.702484805618799868e+01
2.209163590095486995e+01 -1.372601109816046261e+01 -1.088222971456485588e+01
2.069483419080499687e+01 1.301053961287377270e+01 -1.047197558816190366e+01
1.336421074981952550e+01 7.698305687759036786e+00 -3.687483706380350412e+01
1.254859855610914110e+01 -7.882476472420908209e+00 -3.569579867010025964e+01
2.603325147796368100e+01 -3.868791533735718713e-02 -9.306054741213827530e-03
7.297816397200876715e+00 -2.399695078673428839e+01 -1.051774247958024988e-01
-7.000883036927614711e+00 -2.574341190341502994e+01 -4.270208921957939774e-01
7.383449247404993088e+00 2.499593342425895415e+01 -4.206390263806138452e-01
-6.015458434090444229e+00 2.468264944579401998e+01 2.190834799906844488e-01
1.007081377054396754e+01 2.166027394990456045e+01 -8.869890067106172893e+00
4.520894103913539297e+00 1.798244276205841174e+01 -2.978852330925693792e+01
4.374166922199303364e+00 2.361146274769693321e+01 -9.267049140463711865e+00
-1.158252285071689158e+01 2.339537958709272658e+01 -9.110912342207701187e+00
-3.949899093552417195e+00 1.855688069916402938e+01 -3.081435914945848253e+01
-3.592438287180546475e+00 2.393728880436041706e+01 -8.832092436645108791e+00
1.456837326947834910e-01 2.177261561547951274e+01 -2.085562664832173851e+01
1.137157874627522069e+01 -2.228224844440357799e+01 -9.206962202037216159e+00
4.477968675343175775e+00 -1.797957299210697713e+01 -2.951014476877860560e+01
3.823892594001172096e+00 -2.339429536595168102e+01 -9.889778733684700285e+00
-1.142228744820130615e+01 -2.247424692212118202e+01 -8.927488295487021830e+00
-3.533737387125476026e+00 -1.851995163148888324e+01 -2.915153808310147454e+01
-4.340475205003940573e+00 -2.519465055703311052e+01 -9.315783939617382714e+00
-7.246653318807918520e-01 -2.219317045385384901e+01 -2.120470761191986853e+01
5.791135863744133472e-01 6.828320045445714470e+00 -4.966428538437702400e+01
-2.883107243273119180e-01 -6.751867006777445113e+00 -4.596088915183040058e+01
1.147938123845812797e+01 2.264410830187752666e+01 9.082178640097010813e+00
4.727111314510444195e+00 1.832368531218171270e+01 2.943934599537249852e+01
3.724560859793184520e+00 2.393969062689205529e+01 9.472899241539332493e+00
-1.160082219048051755e+01 2.315796846715229051e+01 9.464212123264600152e+00
-3.905301631954106512e+00 1.753606716162869716e+01 2.974414322204540184e+01
-4.246483618186527309e+00 2.342962591217528256e+01 9.435958564250892522e+00
5.636291009372286220e-01 2.061476649370596093e+01 2.016655798157081136e+01
1.131407933318458525e+01 -2.218901932818809186e+01 8.643272490715240508e+00
3.837442774167716841e+00 -1.817091180398655936e+01 2.992654043281451948e+01
4.476714942293129162e+00 -2.303834666160824085e+01 8.761810807073084462e+00
-1.114499499304733732e+01 -2.356521969401799055e+01 9.656714632958369293e+00
-4.306688670530990137e+00 -1.890314106417370255e+01 3.097414848868427839e+01
-3.624684857589191012e+00 -2.363948266710501400e+01 9.031745787282801530e+00
-1.224061607986149103e-01 -2.072217718617482163e+01 2.034790871427712844e+01
5.778512429264801714e-02 6.096442588448464761e+00 4.597502412308314490e+01
-3.122395341172470307e-01 -6.917229683583542510e+00 4.907741640341937028e+01
-1.768512403833199187e+01 -1.682146936630202205e+01 5.474577807683849606e+00
-2.101938715140918035e+01 -6.130338133144197954e+00 1.525126833367246704e+01
-1.494753231409879568e+01 -1.762966279695969973e+01 1.521825013242120228e+01
-1.881330798100771418e+01 1.922764085982490201e+01 5.714866940020548292e+00
-2.244251425082247309e+01 7.345780338333486981e+00 1.569947851708374031e+01
-1.624671707818504274e+01 1.820777869667519866e+01 1.502250692685840860e+01
-6.522016881695710921e+00 1.065945969934861104e+01 4.158545812205571224e+01
-1.871930098360745376e+01 4.271871594644430559e+00 2.971185249307656662e+01
-1.092926506728842462e+01 1.560307867873905252e+01 2.867278697200512028e+01
-6.187613468781140824e+00 4.234539495676336252e+00 4.596825410713405091e+01
-1.808680024464998581e+01 1.079356257051873058e+01 2.290501313463624555e+01
-7.053018778953712875e+00 -1.107374664783572449e+01 4.113847403226817789e+01
-1.775883312110741485e+01 -3.936131035608910089e+00 2.884957925904643261e+01
-1.111791561844002274e+01 -1.565484103417821871e+01 2.922385797404913177e+01
-5.777820366909944383e+00 -3.587054500077648811e+00 4.609497963110563035e+01
-1.682618099239843090e+01 -9.837936201112880141e+00 2.325644053396901256e+01
-1.317198156354297467e+01 -1.998627296183021762e-01 4.002413700773573879e+01
-1.645212889596701089e+01 -1.772437348167515481e+01 -5.218513025188782350e+00
-2.172793757583153962e+01 -7.310171733064298571e+00 -1.569845195696458084e+01
-1.422733106779371326e+01 -1.753248433008684515e+01 -1.445334759950783621e+01
-2.217112794573543511e+01 -1.373864157564640465e+01 -5.518956978436311278e-01
-1.795941090914371330e+01 1.833591011821110683e+01 -5.286068126546392243e+00
-2.258452377595048688e+01 6.630593737768441187e+00 -1.568566664454025172e+01
-1.506072814482709887e+01 1.782847017161284242e+01 -1.590949483029138634e+01
-2.312740433609990731e+01 1.485894236979844685e+01 -1.093616862572597548e-01
-7.572041815983061142e+00 1.166333222534442271e+01 -4.216063365271148200e+01
-1.794913470019271529e+01 5.313303166663313704e+00 -2.815718272826939383e+01
-1.084430235992358860e+01 1.529774765960791250e+01 -2.861897799205401682e+01
-6.089576504516836408e+00 3.945423815856887284e+00 -4.869456925176939421e+01
-1.784607097663416653e+01 1.146658639416921410e+01 -2.328128071456598391e+01
-6.740693458594722465e+00 -1.033647857803841141e+01 -4.034216737203885828e+01
-1.693961925304768101e+01 -4.484784501820824332e+00 -2.831384660732468106e+01
-1.093756197173376066e+01 -1.450162143128680903e+01 -2.752769932980203293e+01
-6.177751187186172110e+00 -4.410371089000001632e+00 -4.816344863488439643e+01
-1.686905996429942434e+01 -9.967741038517642593e+00 -2.274657340803609173e+01
-1.394037318404107495e+01 -4.590075666792909903e-01 -4.003229644751566241e+01
-2.519949661537190622e+01 -4.960354086996886236e-02 1.009571719761080821e+01
-2.502735316408182698e+01 9.665535783720405338e-02 -9.173942736229999895e+00
-2.513194939799971195e+01 -7.100427240740200041e+00 5.709515855574936793e+00
-2.523727875863017545e+01 6.625489619190635615e+00 5.506548889192473872e+00
-2.523334792293908890e+01 -6.892618248947318449e+00 -4.971305100107700881e+00
-2.617361667378658652e+01 6.949174783864410898e+00 -5.684185508315478863e+00
1.894270818438414850e+01 -1.934103873914676797e+01 5.879882798173559522e+00
2.258132975655020047e+01 -7.448283174208992996e+00 1.614037579241627895e+01
1.525339664712195642e+01 -1.809770184748605715e+01 1.495263504339049909e+01
1.754754796055263100e+01 1.861995097680689426e+01 5.289458595900892846e+00
2.240237492311332446e+01 6.382274374608405410e+00 1.595648497107200292e+01
1.509205229292918204e+01 1.813746774251698923e+01 1.581572726745915070e+01
7.117678107657464892e+00 1.038496615871233431e+01 4.059364651516708022e+01
1.975909945659008926e+01 3.866091468309173607e+00 2.906619607997562937e+01
1.084451910110044537e+01 1.522348086324889671e+01 2.878961757224371709e+01
6.504549401612516490e+00 4.363870877601329745e+00 4.464654137820905078e+01
1.776373975764049007e+01 1.080426258715271715e+01 2.311680746946272791e+01
6.471777838018956786e+00 -1.065223782260657437e+01 4.157554279890140947e+01
1.852229234515231937e+01 -4.493262139657105081e+00 2.911451643552515023e+01
1.144761118837657676e+01 -1.482574031138474879e+01 2.847302701099456357e+01
6.615862763379503519e+00 -3.760148018920381752e+00 4.702882984945384948e+01
1.748092359854175015e+01 -1.133052576580660720e+01 2.368210265612529497e+01
1.249474473204521274e+01 -4.103409971789054311e-02 3.935209753636051744e+01
1.811231144414973215e+01 -1.864525872513611660e+01 -4.968954454961985512e+00
2.183655101564703216e+01 -7.185837019907334700e+00 -1.565613199960233004e+01
1.459807471154574543e+01 -1.813430148197940639e+01 -1.543561727923442639e+01
2.382795498971344017e+01 -1.389690632211945243e+01 5.669731874571194707e-02
1.844396771370107047e+01 1.797282901841573022e+01 -5.365226691644839008e+00
2.299882458324352186e+01 6.997240843853108849e+00 -1.657235545977883362e+01
1.427824296139207050e+01 1.683388835090672586e+01 -1.532050162782850578e+01
2.213440467694736213e+01 1.352094555220108774e+01 -1.490023124831208468e-01
6.832275235973391148e+00 1.110660901619388241e+01 -4.117038371533355701e+01
1.872500987562990460e+01 4.590438347409435238e+00 -2.945510635335891436e+01
1.091450922450901118e+01 1.486314344384234687e+01 -2.842273920093156647e+01
7.361158534652501473e+00 4.481565955495697473e+00 -4.865795422834733586e+01
1.763401128305942933e+01 1.079841832032523108e+01 -2.274493653365691515e+01
6.620926460495245358e+00 -1.020431481519672090e+01 -4.100171933312861228e+01
1.779467110951541287e+01 -4.594239684211199659e+00 -2.802923068113316063e+01
1.137694907227502483e+01 -1.642548570525374174e+01 -2.841396601492574803e+01
7.049850605121256386e+00 -3.566437170206336660e+00 -4.595083479584248920e+01
1.870388201238910142e+01 -1.124259552338346246e+01 -2.361545906804884609e+01
1.303487881182246255e+01 -1.865919820645695060e-01 -3.922894243668328329e+01
2.543613763085873458e+01 -4.587916220818260560e-01 1.018526862111501607e+01
2.510793995410937995e+01 -1.837145907474367346e-01 -1.005630340116219301e+01
2.514255338429950726e+01 -6.411614103703473511e+00 4.983745419440023028e+00
2.504543777903079871e+01 7.258643302295132216e+00 5.049956931478612354e+00
2.532620301310109312e+01 -7.014740091264582311e+00 -5.477242353943531761e+00
2.503469812681667150e+01 6.517385089869703663e+00 -5.353695510222757470e+00
1.048020704872194209e+01 -2.332959259072519842e+01 -1.030334607319445539e-01
3.422909003254219762e+00 -2.405785744644461843e+01 3.921060995333531807e-01
-1.062350803820954503e+01 -2.388919653014443867e+01 4.384841492440587074e-01
-3.387276669031563880e+00 -2.572049196649029668e+01 7.862540362961610851e-01
1.061735408940780090e+01 2.398161914727841548e+01 -2.412233662851667182e-01
3.597805590434512979e+00 2.493722309977227525e+01 1.809663823547469075e-01
-1.083839210134053843e+01 2.478232734689758132e+01 1.175979213782168270e-01
-3.311501072590615546e+00 2.511790649293163469e+01 -1.438712285246934452e-01
1.198945633127352650e+01 2.225624218505095797e+01 -4.601655025113084996e+00
9.197109259367508116e+00 2.209533431761650846e+01 -1.380889943689889066e+01
9.259137635545286571e+00 2.429080508620550205e+01 -4.412450204874016180e+00
1.424527479550874887e+00 1.543676053496643341e+01 -3.493455236375250905e+01
5.821366327387941020e+00 1.943078680474414810e+01 -2.370462631556822330e+01
2.129930018644719869e+00 2.450652015379801085e+01 -4.478393207234744544e+00
5.631577402342580640e+00 2.249465331500604748e+01 -1.421504530304951963e+01
5.635229038019682335e+00 2.516281185163230205e+01 -4.617041209517807943e+00
7.242648107998039819e+00 2.316794030130081339e+01 -9.212632427583915984e+00
-1.356241766547294247e+01 2.331000515407809814e+01 -4.326447552297246979e+00
-9.922237929490339781e+00 2.189217939570544758e+01 -1.433078653010206160e+01
-9.496227203105284786e+00 2.386628493927288730e+01 -4.528143924815559274e+00
-1.746999277824061281e+00 1.604110998264656018e+01 -3.554944778270045447e+01
-6.071173806333414191e+00 2.024055849760210180e+01 -2.467148213473614859e+01
2.010572021469013704e-01 1.805983742653029367e+01 -3.125270682492270780e+01
-2.430718513106165268e+00 2.337533604558670675e+01 -3.564203352668602776e+00
-6.168157613419772645e+00 2.236943979875767496e+01 -1.380084459194045898e+01
-5.829432651402100873e+00 2.429463855783650317e+01 -4.386564494183510021e+00
1.667637689860331507e-01 2.347236213787274650e+01 -9.787565499198965568e+00
-7.966259104629228815e+00 2.323395174251035655e+01 -9.008942539730643517e+00
4.478529694398996064e+00 2.119653125259062776e+01 -2.058228233049164047e+01
-4.497456167684198647e+00 2.061168925439454824e+01 -2.002593745428358574e+01
1.947079350570708245e+00 2.000049259679432367e+01 -2.564859983399083632e+01
2.240279539115198393e+00 2.231226227071474355e+01 -1.470239966987217173e+01
-1.990914979518362493e+00 1.964563198056406179e+01 -2.549195933701242112e+01
-2.315801254601202785e+00 2.287443638272072022e+01 -1.579657148491599905e+01
1.300357706052871443e+01 -2.340589201364344518e+01 -4.837853760753001886e+00
9.707721295843054321e+00 -2.179115156643628737e+01 -1.424493802302077938e+01
9.084141694740676343e+00 -2.323673941301777646e+01 -4.434347778516422700e+00
2.069693428330522611e+00 -1.623790940015872053e+01 -3.465729310176437394e+01
6.367790265641722236e+00 -1.962869429507357566e+01 -2.450318752230566943e+01
1.934332620303135908e+00 -2.434661960609260234e+01 -5.086473216609843639e+00
6.082741551713205297e+00 -2.239702001357840189e+01 -1.476139958723538115e+01
5.500116138139123478e+00 -2.377718742082067038e+01 -4.742016438897281638e+00
7.866013221134942945e+00 -2.320124936309608898e+01 -9.370056293436334727e+00
-1.211389353918777978e+01 -2.244771178882052709e+01 -3.931678869286636235e+00
-9.358584682339477823e+00 -2.157999479871581983e+01 -1.336852860879270466e+01
-9.952026060049817602e+00 -2.483551988188812132e+01 -4.699504163068499274e+00
-1.944600423961779789e+00 -1.571332994676282269e+01 -3.435073911958835424e+01
-5.475655157093272329e+00 -1.983275893292109160e+01 -2.353904667893516489e+01
-3.645937080769686145e-01 -1.846375246516971202e+01 -3.058270728530371230e+01
-2.433821756929401392e+00 -2.432139165234316636e+01 -4.801833147392534862e+00
-5.980201006246275597e+00 -2.448915281711799707e+01 -1.455133539798964826e+01
-5.039457300433539899e+00 -2.536932591425262373e+01 -4.398205071062950999e+00
1.382280463132066484e-01 -2.419060903619219260e+01 -8.810072171524103268e+00
-8.127039891892708923e+00 -2.479204377596418496e+01 -9.527008971145418670e+00
3.947848561193233241e+00 -2.156980291271728944e+01 -2.107745297516865435e+01
-3.895299690571811357e+00 -2.262149312743545337e+01 -2.035247386500535072e+01
1.938323798948764720e+00 -2.021713006590622541e+01 -2.579564810837836575e+01
2.133279313990430470e+00 -2.392560271292722263e+01 -1.508274923897969266e+01
-1.121783983350343572e+00 -2.062267577229713922e+01 -2.574190992755512042e+01
-1.426248214359951971e+00 -2.267415827778483361e+01 -1.510153781905205683e+01
4.193506250008966277e-03 1.017604592150717657e+01 -4.680428738747666273e+01
-1.254133843619399946e-01 3.374293943856784050e+00 -5.255706562431420537e+01
2.075166836136436432e-01 -9.853913166881637764e+00 -4.269258163733785949e+01
8.656464890504533827e-02 -4.163945553802440358e+00 -4.803189731979085053e+01
1.302528369220608973e+01 2.238800439268835163e+01 3.506883496497902541e+00
1.023392662948788789e+01 2.163020227860120670e+01 1.452548550804892002e+01
8.422858606482012789e+00 2.373603642184664153e+01 4.936218104615708313e+00
2.443498824720147677e+00 1.546073936865368914e+01 3.457191909532435403e+01
6.366085088397841041e+00 1.963648338508205882e+01 2.494283966725019397e+01
2.088555495783876115e+00 2.434844054749802922e+01 4.116452340597924753e+00
6.083447535173082343e+00 2.199052748818796488e+01 1.436674413435052244e+01
5.649188589232323032e+00 2.497020360478198597e+01 3.924473868110681885e+00
7.897419344165633071e+00 2.329825559795094136e+01 8.876604939677539718e+00
-1.362514313806166477e+01 2.437045053052550614e+01 4.331337257384150874e+00
-1.000609147803434240e+01 2.196153688055379050e+01 1.381237279779322336e+01
-9.644509488416716181e+00 2.449872906551748741e+01 4.363315249616294800e+00
-2.155446569987391037e+00 1.549960684029904989e+01 3.452835382408027698e+01
-5.879959586910021407e+00 1.928541673105552690e+01 2.443930625417732472e+01
4.796203315439670489e-01 1.832876038689990494e+01 2.950732921064517811e+01
-1.336612333039059575e+00 2.446587506026614633e+01 5.038044647628792561e+00
-6.199826457360841481e+00 2.255168241854686073e+01 1.416908448432568868e+01
-5.743237921171450822e+00 2.404793429664631432e+01 4.993160928408765464e+00
-3.043565156279939288e-01 2.350880625484443343e+01 9.267969750142285079e+00
-7.782061606365124007e+00 2.341421963074393275e+01 9.329507102274099850e+00
4.553181858330243692e+00 2.124282239636707459e+01 2.031975269783740856e+01
-4.049136957851350083e+00 2.088508167408230065e+01 2.042000211304019430e+01
1.229773422583493536e+00 1.888239602468311062e+01 2.463701256336707601e+01
1.838098183655642037e+00 2.181260819030754661e+01 1.437239656444931413e+01
-2.210177204021633646e+00 1.979057264707691743e+01 2.415442433720781068e+01
-1.691816186373650499e+00 2.250859771979293456e+01 1.467800694316765586e+01
1.284382108207351791e+01 -2.209006125482753902e+01 4.769377320255168584e+00
8.549095564834237493e+00 -2.088109107131526798e+01 1.320080008197362176e+01
9.002761841895619455e+00 -2.289160467895852591e+01 4.885896943427137984e+00
2.627224004898644161e+00 -1.650204866491708344e+01 3.554641203168191765e+01
5.570248822025130941e+00 -1.891543708444485716e+01 2.398550707645561531e+01
2.163743851874539992e+00 -2.437262350976059366e+01 4.510238567073950655e+00
6.232477244952368878e+00 -2.200132990932145560e+01 1.375289689943611471e+01
5.099023592832930163e+00 -2.419621916625926517e+01 4.401597660841006565e+00
7.404098485160796272e+00 -2.245772902244317493e+01 9.282706897350223585e+00
-1.193521172405771757e+01 -2.238373524153717398e+01 4.323402281520285051e+00
-1.026898825025720896e+01 -2.346577352110240966e+01 1.439668515412490635e+01
-9.847638922998577016e+00 -2.525711357809018054e+01 4.752263405680207775e+00
-1.681906073494153331e+00 -1.553577399124684355e+01 3.613679633914530598e+01
-6.573190209001329443e+00 -2.084955256191660311e+01 2.516175485570705916e+01
-1.818128195083987264e-01 -1.841449840303808116e+01 3.151462652600390157e+01
-2.018779586473067322e+00 -2.429792354481694261e+01 4.090948690243424224e+00
-6.065551994819020187e+00 -2.290929364244194133e+01 1.554382590894413951e+01
-5.045731277677008464e+00 -2.495936918093585533e+01 4.687330560979567018e+00
2.388602160716071787e-01 -2.320403406711597327e+01 8.924963781029275012e+00
-7.834666487757183440e+00 -2.494946047876457484e+01 9.916296355442819177e+00
3.679557049280731018e+00 -2.060743558219589389e+01 1.989577880377334296e+01
-4.270737727521506599e+00 -2.169702190058332292e+01 2.068864782559944970e+01
2.418484273169362542e+00 -2.002940386642349679e+01 2.528483557305720808e+01
1.901423140295940950e+00 -2.205474744557864497e+01 1.427927345692960692e+01
-1.873193884006639554e+00 -2.043988031729550059e+01 2.540729081055321004e+01
-1.521936747402004908e+00 -2.261633284334720884e+01 1.493849550697295747e+01
3.964620660879900060e-01 1.046838050026629041e+01 4.383789969759700966e+01
-2.666383298981800029e-02 3.173672499000650404e+00 4.819950720339556938e+01
8.425008810299980944e-01 -9.714357722428903941e+00 4.576773282302303869e+01
2.824594947844323856e-01 -3.542586077518809606e+00 4.844769908555956306e+01
-1.485364773620273482e+01 -1.916494953278598601e+01 2.397567672687389795e+00
-1.852051278554362668e+01 -1.476819966316928223e+01 8.103965921854049625e+00
-1.484562072931774956e+01 -2.076390955597614152e+01 7.210398211620952402e+00
-2.147981609243590029e+01 -3.002516809671645248e+00 1.856188526172437747e+01
-2.156518081604795611e+01 -9.575335798195135695e+00 1.292241588135829211e+01
-1.196819784107238149e+01 -1.974604673694155466e+01 1.854256567699775005e+01
-1.791313366726609857e+01 -1.481142840027201402e+01 1.355694905049140786e+01
-1.348584043634517116e+01 -1.977991268025445848e+01 1.296895924273686340e+01
-1.649276547661099457e+01 -1.768889457380706531e+01 1.051952019167338648e+01
-1.703458162543045518e+01 2.110557672103173488e+01 3.095698527043368564e+00
-2.083627242802695889e+01 1.650214171866719681e+01 8.151974359566889206e+00
-1.501895031713971740e+01 2.208050110615554473e+01 7.548296760653532722e+00
-2.284564927778239252e+01 2.974094546296851327e+00 1.831617264606301632e+01
-2.205763817728905707e+01 1.068126716245282459e+01 1.325909044570835782e+01
-1.251005822965935721e+01 1.991120578711992195e+01 1.830417887370562724e+01
-1.929686808089914507e+01 1.669595716750037084e+01 1.385380190960955638e+01
-1.353569609917028771e+01 2.149834644857258681e+01 1.256139655417897671e+01
-1.791224415283381788e+01 1.939041449936949491e+01 1.036093898324074125e+01
-3.093324563090063428e+00 1.252816301231584895e+01 4.127132680954630217e+01
-9.356147435894440534e+00 1.012010237477089980e+01 3.984734959337544780e+01
-5.603168715470037142e+00 1.392658972865148037e+01 3.566682127242471267e+01
-3.069726572251208374e+00 8.667541285924606598e+00 4.540095168029358064e+01
-2.093549155824821284e+01 2.364493872209779468e+00 2.465902728717387404e+01
-1.610822935712553416e+01 5.437524792405892704e+00 3.299639132338736403e+01
-2.054908695810630803e+01 6.039395418608548560e+00 2.270155084045355665e+01
-8.789010978875113622e+00 1.828710236197113659e+01 2.417440403462365595e+01
-1.239980930807535664e+01 1.150271512263785567e+01 3.346147687866409370e+01
-7.452714143144535619e+00 1.690658289477052634e+01 2.995885939856314550e+01
-1.369611635310307918e+01 1.714276087171209895e+01 2.278099339437747872e+01
-8.301364937593795901e+00 1.311327370678058024e+01 3.555504100679124946e+01
-3.448359677878895191e+00 2.318490806454872377e+00 4.722796380377805292e+01
-1.007631785716243300e+01 6.086565519946304903e+00 4.351108741579381700e+01
-2.852574655598194564e+00 5.728883982874099168e+00 4.653265715389805735e+01
-5.987778672981961314e+00 7.469049304271270451e+00 4.582729328657132584e+01
-2.037210988288942204e+01 1.288034969562147580e+01 1.721225468166718287e+01
-1.523433769333784404e+01 8.990176654460999117e+00 3.000437683419488621e+01
-1.995885891855562733e+01 1.014792087562393696e+01 1.961120803146574332e+01
-1.767785902190716740e+01 1.488084299064447080e+01 2.023046852218629965e+01
-1.849731744206560080e+01 7.832790388742629339e+00 2.595905151992753090e+01
-1.482515880184668156e+01 1.317355372206271902e+01 2.674684357227461007e+01
-4.074614121932174982e+00 -1.236725117571870136e+01 4.228289393742944213e+01
-9.957401427604953170e+00 -9.761096548290554509e+00 3.869499226926337343e+01
-5.706149730637863904e+00 -1.481671556170383042e+01 3.626260939122181526e+01
-2.777372802971424637e+00 -8.686643050515714393e+00 4.640460424912479453e+01
-2.009402093476916562e+01 -2.122984200966567592e+00 2.444143784287833654e+01
-1.570925076539366394e+01 -5.426491649842451359e+00 3.138806913119933739e+01
-1.925214593578532529e+01 -5.811294944398441409e+00 2.169930020778857127e+01
-1.844241781781923351e+01 -2.177952464991173703e-02 2.942445482005264168e+01
-9.483872870725569726e+00 -1.863584295151780168e+01 2.406971744205189978e+01
-1.162102490807060917e+01 -1.187817781533449590e+01 3.269861382520608828e+01
-7.949292733452876014e+00 -1.775346415635948816e+01 3.000106089849174040e+01
-1.279948826446094401e+01 -1.647747549865642114e+01 2.263001663518805628e+01
-8.381783158170021508e+00 -1.414312277800492978e+01 3.499259119708771237e+01
-3.409578919907709782e+00 -1.522398445628164065e+00 4.789567627661514138e+01
-9.459972748559396294e+00 -5.495126622000322314e+00 4.215628082318831105e+01
-3.644016614148326560e+00 -5.427558492951094493e+00 4.690952984393317138e+01
-6.112658430795053555e+00 8.107087309928577568e-02 4.662343956642261134e+01
-6.983154423735450145e+00 -8.061462735183381412e+00 4.498447821569209992e+01
-1.888549069488677645e+01 -1.186977243400540338e+01 1.565387851513479589e+01
-1.508964703017257314e+01 -9.246203809473044544e+00 2.932669513510091974e+01
-1.890019076718431634e+01 -7.852743689601538790e+00 1.852763963974277672e+01
-1.679509505039383654e+01 -1.406885293047967700e+01 1.972759609788315771e+01
-1.793573111024769773e+01 -7.474966569610608680e+00 2.578505343681682760e+01
-1.472046226646270739e+01 -1.334958640930894269e+01 2.628495774827898401e+01
-1.318993541195425578e+01 4.227765294419381092e+00 3.926296707779654582e+01
-1.296148781795763227e+01 -3.308192963409732901e+00 3.834227724604963328e+01
-1.571751322364416836e+01 2.403427805982301102e+00 3.439862934177524778e+01
-1.031635166157571959e+01 1.880652871050538799e+00 4.388171677100198309e+01
-1.537341400038509143e+01 -2.219201997078755095e+00 3.442427833921834690e+01
-1.038851113405889670e+01 -2.058555144648436031e+00 4.413350892950381166e+01
-1.470143221531313849e+01 -1.856480936109806379e+01 -3.255979440067801267e+00
-1.842543918914774537e+01 -1.518433958305297260e+01 -7.836531666964947185e+00
-1.434853170943915757e+01 -1.909653969094275183e+01 -7.293061927437284986e+00
-1.772614038154557647e+01 -1.751821983519668180e+01 1.532711368025683751e-01
-2.118452799356397165e+01 -3.382591503086945117e+00 -1.825546431325050634e+01
-2.212820781916667556e+01 -8.969990163950621209e+00 -1.422715178501037947e+01
-1.162425623996922752e+01 -1.888592586239456139e+01 -1.731202484019478760e+01
-1.781038669813171538e+01 -1.498356070059858958e+01 -1.371670039557026577e+01
-1.269887434883282218e+01 -1.919722451506070371e+01 -1.156509565651803229e+01
-1.562210636544148734e+01 -1.715123861981868103e+01 -1.055942172097176268e+01
-2.172394811533940029e+01 -1.339935015724312528e+01 4.766694354367608355e+00
-2.265121863873624264e+01 -1.349080926939999436e+01 -5.112517617575258022e+00
-2.042744310815399089e+01 -1.528204209005216008e+01 2.113830056127208312e+00
-1.969035471584788866e+01 -1.583015742397164694e+01 -2.635577104534396309e+00
-1.724226914360587060e+01 2.066731250435824307e+01 -3.173250566290795494e+00
-2.014822207852533964e+01 1.682227564118482732e+01 -8.768971650014988128e+00
-1.554482597049000603e+01 2.091445231863416510e+01 -6.885719437026000200e+00
-1.922560525712048118e+01 1.930634347524192762e+01 1.941219746217452968e-01
-2.327088809390664892e+01 3.179999306664913927e+00 -1.757695906538924291e+01
-2.290802874609965656e+01 1.050196776265659793e+01 -1.357434316195372759e+01
-1.168346588016885512e+01 1.937898171576838990e+01 -1.736247735999621256e+01
-1.890175251159614689e+01 1.583027649123395975e+01 -1.330005821895796636e+01
-1.293376333123255151e+01 2.039918351801932417e+01 -1.248088181948749131e+01
-1.684079086693502347e+01 1.921123589470964532e+01 -1.061914424038845617e+01
-2.340309178709186000e+01 1.416277896632153954e+01 5.367931232777713113e+00
-2.288229479482850337e+01 1.442780744640053925e+01 -5.883821789246402645e+00
-2.164585219476013833e+01 1.671758074416764828e+01 2.861324009058799245e+00
-2.181625988697703988e+01 1.616727825589398648e+01 -2.870499367927333179e+00
-3.833289786404174837e+00 1.229559512612394201e+01 -4.209968874144184525e+01
-1.013873450768189777e+01 9.989687697073698303e+00 -4.002230198969146358e+01
-5.918198073717594987e+00 1.468829700810937844e+01 -3.667352262014306774e+01
-2.753395365561468022e+00 9.141505008214366512e+00 -4.692385156035012272e+01
-1.953105601227622401e+01 2.216618672269450752e+00 -2.495724156026804152e+01
-1.478828159047854918e+01 6.599499735706476855e+00 -3.414110517127194555e+01
-2.004535097551968192e+01 5.948566521846490041e+00 -2.232606312434229068e+01
-9.882529061426424732e+00 1.872015457453907672e+01 -2.446711726839102496e+01
-1.243464349208499264e+01 1.239436981646619174e+01 -3.329611410056858745e+01
-7.656024334015794075e+00 1.672587082448792728e+01 -2.942878923737542962e+01
-1.377438227550213767e+01 1.716504391511506000e+01 -2.243883417610283715e+01
-9.329250769919246622e+00 1.414941587693677327e+01 -3.483177512036261447e+01
-3.727554931525331572e+00 2.266569129274647043e+00 -5.195502623773470674e+01
-1.002801971038911866e+01 5.690498273187447609e+00 -4.287286251567442719e+01
-3.404265881730347498e+00 5.251893756209721431e+00 -4.884962595503115779e+01
-6.139518948575303448e+00 7.958672795449550641e+00 -4.537695993140562223e+01
-1.973482873008548566e+01 1.268679455843065185e+01 -1.733202324364490110e+01
-1.576348355279835367e+01 9.664465652971070853e+00 -3.026872227624042466e+01
-2.001733820047259016e+01 9.162742067568103721e+00 -1.993052691411797284e+01
-1.691368686144001288e+01 1.469663414837973825e+01 -2.053751138866086023e+01
-1.815967955086382801e+01 8.132454663183994015e+00 -2.618112211983319426e+01
-1.496259017343442288e+01 1.337279875194674439e+01 -2.714346855730858366e+01
-2.463276323312821869e+00 -1.186994731594431762e+01 -4.109174732677750796e+01
-9.822476089469011740e+00 -8.869631005764830434e+00 -3.809187211133455264e+01
-5.525951142494593959e+00 -1.435827549705965467e+01 -3.388370856443182078e+01
-2.256518773608503281e+00 -9.134534932932725226e+00 -4.484351281759052199e+01
-1.930927344134585155e+01 -2.434985787259978718e+00 -2.328747940979924991e+01
-1.461786365143159117e+01 -5.890185424634053923e+00 -3.253360820582908985e+01
-1.946735236749987763e+01 -4.948474575433650990e+00 -2.112939251975142696e+01
-1.809045021696406863e+01 -4.308780379321469622e-01 -2.922606693059059424e+01
-9.422504990157158034e+00 -1.815050969796405766e+01 -2.283854925109048750e+01
-1.145128321294577134e+01 -1.154768013730339149e+01 -3.243381768920087183e+01
-7.038708491593299144e+00 -1.607976538224205143e+01 -2.868824646389111166e+01
-1.303396109328024011e+01 -1.641684890554855514e+01 -2.168188409750136358e+01
-8.647579577298014186e+00 -1.269309069852457839e+01 -3.409167971177483736e+01
-3.438786625277447495e+00 -2.454307960207302131e+00 -5.068387596383157501e+01
-9.523037673924543256e+00 -6.082426578322971622e+00 -4.281415939306832286e+01
-3.420668073616687010e+00 -5.658197689023388044e+00 -4.884258460399924928e+01
-6.562710340105425644e+00 -2.878831291592849895e-01 -5.060973706758593949e+01
-6.403082067694802149e+00 -7.692481002167615323e+00 -4.468229007560520216e+01
-2.003859759039484700e+01 -1.286452720962175356e+01 -1.643656285611928780e+01
-1.523507934633793148e+01 -9.988667297867582562e+00 -2.878500231190734482e+01
-1.964935071888569595e+01 -8.939527916930730456e+00 -1.914086725902814834e+01
-1.553455560998917129e+01 -1.361994661254267669e+01 -1.956225917756459154e+01
-1.754650713819538410e+01 -7.586366170790460828e+00 -2.563631987625125674e+01
-1.430687377458288800e+01 -1.301898047117558299e+01 -2.493027105572878099e+01
-1.300532440416083979e+01 4.132440058876889033e+00 -4.010943412498497906e+01
-1.411531428434802038e+01 -3.422919084503142084e+00 -3.895793785442452162e+01
-1.552917116449264512e+01 1.685210685221323335e+00 -3.406254327467986087e+01
-9.867714609224657707e+00 2.349820837089780401e+00 -4.551097317239138107e+01
-1.616555223838326327e+01 -1.954963723213512639e+00 -3.353654809606673837e+01
-1.030214768168928430e+01 -2.234775764190604530e+00 -4.496168179312824975e+01
-2.328747706109493976e+01 -5.601396937284086608e-01 1.504818597304852013e+01
-2.565770741604108096e+01 -6.568601760265875555e-02 4.994706038495334788e+00
-2.293858058135245415e+01 -3.397074183367156497e+00 1.228411445751354947e+01
-2.378662736386065291e+01 2.705102940147273927e+00 1.331278298071825184e+01
-2.329756548554461304e+01 -3.572040211959928158e-01 -1.411538543860825534e+01
-2.557391011082152232e+01 3.217575008867681330e-01 -4.481472491646696810e+00
-2.330246437436641571e+01 -3.309219314142562762e+00 -1.275657062934353725e+01
-2.505219185608374133e+01 3.538482951986989811e+00 -1.379931032297777804e+01
-2.290262893454125503e+01 -9.338017927095002335e+00 8.270177945404842745e+00
-2.639299089918172925e+01 -3.298951165202184566e+00 3.039689745011107558e+00
-2.299060176182469917e+01 -6.584282878283898022e+00 9.440176776646397983e+00
-2.459715520370572150e+01 -1.120395936866812292e+01 2.575435797199649102e+00
-2.438635687062614466e+01 -3.889831303588485500e+00 7.279206850814036400e+00
-2.410980421929619766e+01 1.129675474757259934e+01 8.545764127443845837e+00
-2.573325016056360326e+01 3.644241930669148477e+00 2.847768667580542701e+00
-2.403431609762010979e+01 7.331634091761482175e+00 1.071822918771100852e+01
-2.524257952377207204e+01 1.080131173264848421e+01 2.797889778969193664e+00
-2.516387919122139394e+01 3.576357586278266165e+00 7.852903380562906932e+00
-2.396771315557722204e+01 -1.064037659798684565e+01 -8.510942651706793427e+00
-2.570322915235153260e+01 -3.735845042693598295e+00 -3.358184806919674248e+00
-2.373071242513407597e+01 -6.569670471017278857e+00 -1.060596102865327062e+01
-2.453921886568387478e+01 -1.057068652520540475e+01 -3.102630413044547897e+00
-2.520887919619819328e+01 -3.092170007831810619e+00 -7.755768677088754615e+00
-2.503847120504741497e+01 -7.392473862349931757e+00 -2.684030995836138023e-01
-2.353369011520716469e+01 9.946177120344692923e+00 -8.041208814425417017e+00
-2.613782410206113838e+01 3.225855259950884957e+00 -2.924812290827237149e+00
-2.437212767384099621e+01 6.656633862800154233e+00 -1.048358499728429294e+01
-2.509402488529286757e+01 1.059413917724841880e+01 -2.302287287135628802e+00
-2.594886771619158949e+01 3.354067703656093524e+00 -6.880990468933532611e+00
-2.603186305927189892e+01 7.240210460167729067e+00 1.046817883668170746e+00
1.603915579752861831e+01 -2.058426830960090115e+01 3.199254192209644465e+00
2.084936040239536936e+01 -1.654574156864528334e+01 8.215493809359408317e+00
1.523442749489032089e+01 -2.097726065098367698e+01 7.281568615954154389e+00
2.287436912814570888e+01 -3.477989670479443962e+00 1.917666447338186586e+01
2.246502845487767885e+01 -1.012457936638981870e+01 1.352307771885894105e+01
1.143668168501898563e+01 -1.974467069297716648e+01 1.791183757564417789e+01
1.848683732589396200e+01 -1.630435611986544941e+01 1.376695759462040769e+01
1.318670575343456264e+01 -2.102658729249332481e+01 1.213025368174584706e+01
1.709787570401318035e+01 -1.774016378006957950e+01 1.124732055911230866e+01
1.635550365976461862e+01 2.099275252371395339e+01 3.530514611237037137e+00
1.992378908330710630e+01 1.651726753952634397e+01 8.893933191228125423e+00
1.507301957618892096e+01 2.083299482882252818e+01 7.761973994775037688e+00
2.364179268611714946e+01 3.091954378574922391e+00 1.855869862648715340e+01
2.271492274352316088e+01 1.038915558729250854e+01 1.403914288007885602e+01
1.125793576852052880e+01 2.023190802463432192e+01 1.791962201336067295e+01
1.922947878030374014e+01 1.570449842976210952e+01 1.354397680437345741e+01
1.402417203973764437e+01 2.004829921862666353e+01 1.282997598933048522e+01
1.770715149822285284e+01 1.865622927156858424e+01 9.807160402623379625e+00
3.502216081614089482e+00 1.195985061980752917e+01 4.106296222479808478e+01
9.494686321245193739e+00 9.601856401543251707e+00 3.840354033453236582e+01
5.941240680822526876e+00 1.438700047218467759e+01 3.606013443452511780e+01
3.661426610911254542e+00 9.206515063206451188e+00 4.382542396584709365e+01
2.146269925964865877e+01 2.020077387002005231e+00 2.486272060701166353e+01
1.599518441780495337e+01 6.512396311700131335e+00 3.217306648635565836e+01
2.133156915192346403e+01 6.336040625110620716e+00 2.306775764492326175e+01
9.541602892298714167e+00 1.784881596989920993e+01 2.427556353072901274e+01
1.221083104984885104e+01 1.237710632155330970e+01 3.161716708376847151e+01
8.474244423405737692e+00 1.597242309609847766e+01 2.943303029778862978e+01
1.246581926497335857e+01 1.687904197972207498e+01 2.301837122670594482e+01
9.266987670973167113e+00 1.364684509256179723e+01 3.519011690212715138e+01
3.378859810660977736e+00 2.609708080804463926e+00 4.792289726400173322e+01
1.001710713111017448e+01 6.439177616798601456e+00 4.162242971711676631e+01
2.707882363247710700e+00 4.976237270581623129e+00 4.732010011363323088e+01
6.874840199792382478e+00 7.659760225122946409e+00 4.334911625422637371e+01
1.946940237163740051e+01 1.190697671440902461e+01 1.703576693864305369e+01
1.597290816612133746e+01 9.433825925162254933e+00 2.897742376029833622e+01
2.018363196200873588e+01 9.444385193327878625e+00 1.988407882851468500e+01
1.675787325804739325e+01 1.453331061467449281e+01 1.938061444952886703e+01
1.848845768551254309e+01 7.706819682080053191e+00 2.623598255855171502e+01
1.435513477222546186e+01 1.295808222016311362e+01 2.639539912518332443e+01
2.790799426774643432e+00 -1.226281547294589203e+01 4.189247793722895352e+01
9.315746798522448913e+00 -1.011712434281564477e+01 3.954471441207403615e+01
5.919018851837433814e+00 -1.489429814587303902e+01 3.567387303010147548e+01
3.535902346101506666e+00 -9.011202532548972854e+00 4.567270154646649161e+01
2.116377122896276219e+01 -2.118164516412151421e+00 2.429899493825553947e+01
1.594329332932755960e+01 -5.788611332985083457e+00 3.314315690792943769e+01
2.118666153125393947e+01 -6.226934873093636469e+00 2.268029460016263599e+01
1.877322927345464620e+01 -1.057036268375393939e-01 2.886064647492022672e+01
9.402984281106746778e+00 -1.785658175142929593e+01 2.363932219031246973e+01
1.207933659243937896e+01 -1.122192221249902744e+01 3.237647071236985141e+01
7.662237628446966653e+00 -1.605743418387920229e+01 2.958111761672095241e+01
1.356240201813863777e+01 -1.712151670608900034e+01 2.266872503485640067e+01
8.721779791455649189e+00 -1.341551730865446501e+01 3.425860939620847745e+01
3.568949523437798366e+00 -1.833992524210500186e+00 4.954993890543521218e+01
9.487792695734631465e+00 -6.013674323678063871e+00 4.289727281289226113e+01
2.606074807264857185e+00 -5.632355900760904532e+00 4.853371614037236270e+01
5.696483367340698045e+00 -1.981786450928218757e-01 4.547338709413116931e+01
6.443405469702609523e+00 -7.814671908056327609e+00 4.500445047683638933e+01
2.044699014392977432e+01 -1.206176120694695797e+01 1.652622977031191809e+01
1.614225518062432485e+01 -9.206944857121094117e+00 2.950399966977830601e+01
2.075606058988286762e+01 -9.241138984743082929e+00 1.958952681823942044e+01
1.697165705372677635e+01 -1.544853712382994182e+01 1.956104437906378735e+01
1.812776988427089009e+01 -7.659590273541450500e+00 2.707390928962449550e+01
1.521926864014136527e+01 -1.355718536755524006e+01 2.634378258093365233e+01
1.289173278703860959e+01 3.891247777864958124e+00 3.835308196859299557e+01
1.330036518125819889e+01 -3.017226232300564970e+00 3.851477784945613791e+01
1.569372023467909116e+01 1.658148168476140327e+00 3.545467080673005711e+01
9.907699664656700378e+00 1.809219213498455270e+00 4.127606512616574719e+01
1.530520951819879016e+01 -2.085981527471553854e+00 3.540387889306813918e+01
1.001254577643232935e+01 -1.788157831977084999e+00 4.305247579186040241e+01
1.652034907985696677e+01 -2.053581380963240832e+01 -2.964069306911663038e+00
2.072883248218467500e+01 -1.534090419627290025e+01 -8.580299731747796699e+00
1.536902671661501429e+01 -2.060159583202604949e+01 -7.436405941040595380e+00
1.819534633228882470e+01 -1.917790615390197928e+01 8.696222677928401312e-01
2.277751906996592268e+01 -3.074924813697369697e+00 -1.831753769429913348e+01
2.162121065093169037e+01 -1.022210776481695227e+01 -1.322397532598627734e+01
1.182933369849081373e+01 -1.994674446670915913e+01 -1.815779527989624142e+01
1.908908971860631354e+01 -1.575287767110318882e+01 -1.350606160971235070e+01
1.316735982097723934e+01 -1.993220887914065642e+01 -1.253195122760588198e+01
1.699333883294503877e+01 -1.725606959666233209e+01 -1.043577036850988549e+01
2.328531114107734368e+01 -1.437021696418675454e+01 5.396203194040567475e+00
2.258485195087330766e+01 -1.472762872186325289e+01 -5.157307644898127208e+00
2.105823982578384701e+01 -1.623247988008275655e+01 3.090570853233604254e+00
2.061394291420119274e+01 -1.691174156545777407e+01 -2.386627409274024725e+00
1.598890651361526061e+01 2.078126066863548260e+01 -2.712027174439819888e+00
1.896171641776166439e+01 1.538805721068662002e+01 -8.132306828085571482e+00
1.446891066865076070e+01 2.028091399223864499e+01 -7.457132000970274177e+00
1.899113050850600004e+01 1.836115582899391185e+01 8.212964104872122473e-01
2.318378444807698813e+01 2.700194499012127824e+00 -1.862319618986384384e+01
2.153669850661131946e+01 9.772859646754195495e+00 -1.372445855997821162e+01
1.164520350205793875e+01 1.836557617190316805e+01 -1.696346959567773283e+01
1.783018393254877765e+01 1.439570312206167912e+01 -1.236188961697136257e+01
1.272942447899656671e+01 1.946592681051023632e+01 -1.172649448647470116e+01
1.519848188296512426e+01 1.821021731014849721e+01 -1.023859434273078683e+01
2.220108529729169788e+01 1.332403257396929241e+01 5.223898450911095281e+00
2.199871797025874898e+01 1.357815184427544786e+01 -5.369905864216549141e+00
2.023562129195548920e+01 1.565570556966720694e+01 2.407004422894510220e+00
2.021099889605791589e+01 1.646338578697915267e+01 -3.113833296435578823e+00
3.293510101449493188e+00 1.280899411336565841e+01 -4.198986380650069350e+01
9.667754894091501683e+00 8.816457709651235319e+00 -3.937575351662539447e+01
5.336674839557362660e+00 1.504609677760744546e+01 -3.653807082439566756e+01
3.069139497084636403e+00 1.042625680286123924e+01 -4.738419265707550210e+01
2.084001970536461457e+01 2.010134369560379497e+00 -2.477093964744229027e+01
1.567748763701774273e+01 6.172271881059681498e+00 -3.371617936834788765e+01
2.169198273261719123e+01 5.492988909010311005e+00 -2.287183686123067972e+01
9.045118191121556350e+00 1.818468219427353816e+01 -2.326508823768563872e+01
1.190917895413660865e+01 1.139151208896299927e+01 -3.225501417294336903e+01
6.929128649093456715e+00 1.677095713974454227e+01 -2.925859931726569130e+01
1.293558234048671807e+01 1.618918129207074230e+01 -2.149622203899348349e+01
8.567990263852154342e+00 1.351778488029163050e+01 -3.512518330219799623e+01
3.891309926403513142e+00 1.935254989730009534e+00 -5.053182977961882472e+01
1.020899977715126106e+01 5.257937962734067661e+00 -4.337855770413508338e+01
3.798513433926175242e+00 6.354504648810055834e+00 -5.124305352952064396e+01
6.668771679537419672e+00 7.175754875975997038e+00 -4.635611972356814903e+01
1.968658926753685634e+01 1.169426444784730101e+01 -1.720824003147043157e+01
1.547762810003576206e+01 8.968503526318345465e+00 -2.919603047649466987e+01
2.008056038617915817e+01 9.000345142380128394e+00 -2.022077960281972153e+01
1.632720645346533317e+01 1.363011110012377713e+01 -1.940682631423604931e+01
1.801351420829906047e+01 7.937523252151255093e+00 -2.665548302469534292e+01
1.415322180581950740e+01 1.312399290334981927e+01 -2.530192932002249151e+01
3.602964189192497724e+00 -1.280610193229963656e+01 -4.096371547917938472e+01
9.878527196035534530e+00 -9.233953927478099288e+00 -3.796047319877474280e+01
5.770808387921205984e+00 -1.469199262668726469e+01 -3.524432760900851491e+01
2.825335231957521120e+00 -8.741861105723303993e+00 -4.346039704033550066e+01
2.034922104994813807e+01 -1.479810254641265477e+00 -2.460309223549266022e+01
1.502482989156207083e+01 -5.891075903778359546e+00 -3.180121035593484180e+01
2.092340115979062176e+01 -4.973846394791319625e+00 -2.250971870421936671e+01
1.870211145856087498e+01 -4.506637127150003308e-01 -2.943143346940107463e+01
9.521520857526274639e+00 -1.878766161399551393e+01 -2.419228053494849107e+01
1.153372704722434783e+01 -1.186174838184635050e+01 -3.178808489620198685e+01
7.874791710736167794e+00 -1.695114938158675244e+01 -3.028732844306426486e+01
1.331724535564636192e+01 -1.624735950470444479e+01 -2.196916974710044457e+01
8.954239920570534750e+00 -1.322852559683887996e+01 -3.402499447545071831e+01
2.830400971309813052e+00 -2.486038796285990227e+00 -4.718803362750679753e+01
9.622117932569954846e+00 -5.895577284059710266e+00 -4.194186652332770393e+01
3.270958332862865969e+00 -5.447351111567940940e+00 -4.520050573086680146e+01
6.876408858498377796e+00 5.438621091714078426e-02 -4.803501666536663350e+01
6.134730603730562670e+00 -6.907963957033465441e+00 -4.251493788286457232e+01
2.026384358987087708e+01 -1.306944022923578252e+01 -1.711975357226690875e+01
1.497955547297583578e+01 -9.557056025755532147e+00 -2.942224293681756464e+01
1.989969535915658838e+01 -9.031008559704591931e+00 -1.981701846608760320e+01
1.729658525782063450e+01 -1.461985333205883641e+01 -1.965068965423209946e+01
1.769478825128457089e+01 -7.212487487621672244e+00 -2.579551462554150376e+01
1.473219529815049889e+01 -1.410911521590701945e+01 -2.648947533925037590e+01
1.351770088967401584e+01 4.321925280993390572e+00 -3.912145826555789796e+01
1.261468532074570881e+01 -3.089059347252736565e+00 -3.813611876481472507e+01
1.574887470896437236e+01 1.601424861639567432e+00 -3.497516789576962282e+01
1.036879845345772644e+01 1.148213172953628458e+00 -4.418791000989030948e+01
1.564493015820799116e+01 -2.697251233107414325e+00 -3.377581082103991861e+01
9.896592450966350540e+00 -2.081758366628097434e+00 -4.331262120070181965e+01
2.521519868290764421e+01 -6.756588038633558335e-02 1.495471989796188694e+01
2.632938716571647575e+01 4.859664124183009359e-02 4.854717571470385629e+00
2.467478971306661251e+01 -2.953913337433450526e+00 1.318197217189773163e+01
2.518074858121636339e+01 3.316034823140260102e+00 1.341831978902514955e+01
2.395256459650371283e+01 3.491378006311201543e-01 -1.493735692002234394e+01
2.662131696393432989e+01 9.007267691104653418e-02 -4.659357334592413302e+00
2.477043575813656417e+01 -2.786694868705872796e+00 -1.311372958998085991e+01
2.471255257096441582e+01 3.963540287556506225e+00 -1.300568747305157657e+01
2.501647280490632497e+01 -1.027936560097232643e+01 8.328258341646245455e+00
2.694833146827258119e+01 -3.162343703847827481e+00 3.131839048140844017e+00
2.431243006766813863e+01 -6.907963167754736844e+00 1.068071177259237459e+01
2.476262405758605212e+01 -1.045898236427742845e+01 3.536078354884507835e+00
2.588964999716981197e+01 -4.063719391491478206e+00 7.351957494328583032e+00
2.346708563277466197e+01 1.063399465754435091e+01 7.700566205726047109e+00
2.640411975935955269e+01 3.157883072991410689e+00 2.246910380989400657e+00
2.438872010681784985e+01 7.537818342423284967e+00 1.223764244121330513e+01
2.387585594317614479e+01 1.010636704992772295e+01 2.851217635284895469e+00
2.549129995411949423e+01 3.745044568398682827e+00 8.211565271844619929e+00
2.327194455215823865e+01 -9.812842657256380718e+00 -8.311792843900558836e+00
2.627273480664776883e+01 -3.953991214271064258e+00 -2.844132223369706391e+00
2.440538532275064654e+01 -6.998172142286179565e+00 -1.082552982282233422e+01
2.500956254099594744e+01 -1.074475822769126054e+01 -2.550824485586049573e+00
2.550282930450703844e+01 -3.943638714600796735e+00 -7.713150887253819477e+00
2.645474307332458253e+01 -7.538224834844348798e+00 -3.592973395244097312e-01
2.303750120203905993e+01 9.585270001018530550e+00 -8.641210013085741437e+00
2.616934677505814832e+01 3.594594144643358025e+00 -1.987613809868483017e+00
2.417869542994804988e+01 7.143594801253492221e+00 -1.111060704857360371e+01
2.365291677102049306e+01 1.073463221008384316e+01 -3.073547925559209748e+00
2.579643850447740050e+01 3.745144253703350579e+00 -8.031332445620499527e+00
2.489729321225382463e+01 6.492163762596830701e+00 3.293430742148907298e-01
