1.574043266250946616e+01 -2.536528400416041862e+01 7.803624249677534874e-02
-1.574173775846975865e+01 -2.568888628850089617e+01 -5.241471128324810824e-02
1.569123504322770657e+01 2.568735430439465617e+01 -8.875919027011133777e-02
-1.588414584193450985e+01 2.547378883671242988e+01 -1.013291881078613177e-01
-8.186952154728999523e-03 1.569219164194804605e+01 -5.115788720395472922e+01
-6.731334832203448356e-04 -1.578593541623876639e+01 -5.095569327454565212e+01
-1.345931501594830326e-01 1.564439421832778088e+01 5.105743270675205281e+01
-1.113724698778908034e-01 -1.571768301293050030e+01 5.118141871972753876e+01
-2.564395781976538657e+01 -1.877076081936981597e-02 3.145930867044284085e+01
-2.552857178962764806e+01 9.537606955797894859e-02 -3.171935088623047605e+01
2.549358720458118555e+01 1.618348074755484589e-01 3.165401891697943526e+01
2.556922154030123551e+01 -3.048745364793235477e-02 -3.147946427797851143e+01
-1.115988372943409468e-01 -2.986557498674873656e+01 7.223813343848267676e-02
-1.274193597409577217e-02 3.027597826820046478e+01 5.892685605556413110e-03
9.132235594084857411e+00 2.424948988121438731e+01 -3.003016404847483756e+01
-9.327756638235047859e+00 2.422616220749921112e+01 -2.998212138294206497e+01
9.326055257257845454e+00 -2.423847395604594723e+01 -2.985941819596368774e+01
-9.190540264392465630e+00 -2.435513422151583640e+01 -3.012637854276562166e+01
1.906341645457409195e-01 -1.384271714345129967e-01 -6.001623850342896560e+01
9.363591207305962172e+00 2.432685809283976752e+01 2.987434039107863626e+01
-9.276356928209512631e+00 2.414350422268628904e+01 3.001165207785354383e+01
9.286250250006862217e+00 -2.412718706907433486e+01 2.987211455337590138e+01
-9.315317204846637722e+00 -2.408478389360750427e+01 3.006047388954082678e+01
1.189876371990533296e-02 -3.383270580778765385e-02 6.009250746701562917e+01
-2.438644161754039175e+01 -1.492574429303534522e+01 1.867497927866218177e+01
-2.424774402448103672e+01 1.508229735733516641e+01 1.865804033264445039e+01
-1.498211657919359041e+01 9.436439228666756662e+00 4.852316321739769478e+01
-1.505397248495371620e+01 -9.302780261992181110e+00 4.864345449892943662e+01
-2.432586971849269730e+01 -1.501968423091073035e+01 -1.860556665683233390e+01
-2.403767879446528255e+01 1.487661905803132001e+01 -1.853488807048551124e+01
-1.488318871240979568e+01 9.126398226455178175e+00 -4.845954432991769067e+01
-1.491542431231128418e+01 -9.186733951549159727e+00 -4.859568750971947537e+01
-3.009551570923401087e+01 -8.338318636531170600e-03 1.862746999668668177e-02
2.438552705964896816e+01 -1.510437038598314530e+01 1.853795113611844414e+01
2.440720675795647310e+01 1.494457771199585494e+01 1.852630543226890580e+01
1.488931052165432334e+01 9.206797785875036055e+00 4.858489866385938427e+01
1.490399333865608611e+01 -9.469627407418013121e+00 4.851040084764130000e+01
2.426572492485709276e+01 -1.473864826242947679e+01 -1.846189168271752834e+01
2.426436940549963595e+01 1.503658102852982559e+01 -1.852672250516592101e+01
1.503774540707012974e+01 9.222706340877961040e+00 -4.856983936189168816e+01
1.490440458468207829e+01 -9.174724425742258660e+00 -4.854453865926804923e+01
3.001470190317104780e+01 -1.184002490302064614e-01 8.578041403128994213e-02
