1.583997778454489769e+01 -2.550681366494048774e+01 -8.967164949399407739e-03
-1.581080718757701753e+01 -2.548463975587687713e+01 3.162273291619804166e-02
1.580443740657415752e+01 2.545813195516577920e+01 4.757573009474621792e-03
-1.590210829504643542e+01 2.560672791125195502e+01 5.278520347277169782e-03
1.429009646842675785e-02 1.652055316633789772e+01 -4.971531241394621503e+01
1.790310538267582234e-03 -1.649926083028179846e+01 -4.972260031430033678e+01
6.525386665162561523e-03 1.638639013060697636e+01 4.930463169478886698e+01
1.646937312341147531e-03 -1.646903308224254303e+01 4.964848287949258321e+01
-2.613059586083112862e+01 -1.557603145367945398e-03 2.904127828528855915e+01
-2.608785332559465076e+01 -8.405833016509767653e-04 -2.896435758151210038e+01
2.618627604589103086e+01 6.471292071638691523e-03 2.915298294719998040e+01
2.616330201094545060e+01 -2.379666545809833167e-02 -2.915536331992385755e+01
7.713983495541772324e-04 -2.981813494969869538e+01 1.164218470217856863e-02
-1.475672485400350044e-02 2.982708445582329659e+01 5.328989187933047718e-03
9.474473019567556165e+00 2.484584419018557000e+01 -2.709097346698987252e+01
-9.494765059194097745e+00 2.486849885281747419e+01 -2.714396504023891055e+01
9.505496907567758669e+00 -2.485923510535071657e+01 -2.713752485139399440e+01
-9.469396190855510653e+00 -2.485432933450640292e+01 -2.717301138896607426e+01
-1.881201599248073135e-03 -4.141623307072083565e-03 -5.777694829730695858e+01
9.465934994421431270e+00 2.486442705202416903e+01 2.710906878748042104e+01
-9.475011129863910142e+00 2.489019751897969002e+01 2.716231376415417387e+01
9.492240392631279278e+00 -2.487281567486782308e+01 2.710456423619414323e+01
-9.475042031051618352e+00 -2.490297095970431585e+01 2.729875165106041379e+01
2.774002372041424382e-03 1.125952953793298017e-02 5.732513088449771033e+01
-2.445554371475406086e+01 -1.508601682711525349e+01 1.533925160665041609e+01
-2.463238369470102640e+01 1.520133990564487370e+01 1.545921696974790294e+01
-1.571428094193552738e+01 9.745546776525095822e+00 4.668417197609409897e+01
-1.571290553876572993e+01 -9.778279593671571845e+00 4.639522845772658144e+01
-2.448960522227613623e+01 -1.509216129372696891e+01 -1.540633441747833210e+01
-2.457678407017918687e+01 1.515333243901013027e+01 -1.541556915571361586e+01
-1.570790410858641550e+01 9.769776427197861324e+00 -4.648825251234599421e+01
-1.569512054413570468e+01 -9.767650746120597915e+00 -4.630989251100280768e+01
-3.017718027443021356e+01 1.576853780196503865e-02 2.059752068338427389e-02
2.462017389986120364e+01 -1.517486701923057169e+01 1.543532854758506367e+01
2.461697138552509401e+01 1.516265285642584715e+01 1.545276556758558328e+01
1.569479146685412374e+01 9.735366137912230045e+00 4.646934161997975110e+01
1.573808051779149686e+01 -9.774786111918492892e+00 4.667837576135278965e+01
2.458713288388496565e+01 -1.514418740033736732e+01 -1.540995232376914714e+01
2.453170835837084951e+01 1.510121700165562864e+01 -1.538067517958163144e+01
1.575351188335407038e+01 9.792358525807305369e+00 -4.660512292471990747e+01
1.569524469900897934e+01 -9.754114946487169036e+00 -4.625811716032991683e+01
3.018020938844729173e+01 -5.591444543091588296e-03 -6.371812558199113803e-03
