1.717787642624287869e+01 -2.429668494104750565e+01 -1.139362629880449118e+00
-1.534488615814484369e+01 -2.761920545242488956e+01 -7.351313548180900270e-02
1.620975941885134120e+01 2.440274688831689787e+01 7.938480145382230679e-01
-1.485044087538308411e+01 2.646912429480998696e+01 -1.355227198655087895e+00
3.786356091367886617e-02 1.631533254173240977e+01 -5.062185928033861870e+01
7.172451169040069408e-01 -1.516934544745479130e+01 -5.090916053361942772e+01
1.480775895156251298e+00 1.491630923131547171e+01 5.121362465268062181e+01
5.801753932253045365e-01 -1.545215235158173783e+01 5.138073251129591767e+01
-2.666107635407957233e+01 -2.436950869089946903e-01 3.141128340211147574e+01
-2.452851359819709742e+01 1.199018713757463050e+00 -3.099713809840793033e+01
2.633054243470959221e+01 -5.648583744879858148e-01 3.028700122134382866e+01
2.604448675458787577e+01 -1.592142557875844411e-01 -3.241159397314522295e+01
-4.191944859784921817e-01 -3.033069116408384502e+01 -2.362834522284310568e-01
-3.104385972575454677e-01 3.060083461502244973e+01 -2.517422080925468819e-01
9.425847605750316660e+00 2.345042649229809939e+01 -2.964769150815667587e+01
-8.248239019029940167e+00 2.474954435696722399e+01 -3.023924482288812143e+01
9.166912369544778727e+00 -2.515646051464159783e+01 -3.145432404256374426e+01
-9.216989627157822440e+00 -2.609248244130223782e+01 -3.095203399568396208e+01
-7.888373746797583408e-01 -1.559974854707874226e+00 -6.000428948067752088e+01
1.002443908936240113e+01 2.326230235803332747e+01 3.054587406796196092e+01
-1.052986666177753072e+01 2.336709846026815285e+01 2.899325509335804796e+01
1.063141443373448958e+01 -2.508756454440944239e+01 2.969886341243553929e+01
-9.127314150134466786e+00 -2.520270826861408153e+01 3.077571400654939282e+01
4.173087258562147017e-02 -6.627668432606778071e-01 6.176067509570180647e+01
-2.439370804966694806e+01 -1.560019825882616828e+01 1.858711677631224646e+01
-2.323017310553572301e+01 1.623706179675359706e+01 1.913844163903826612e+01
-1.485663439206717840e+01 9.700489121786969093e+00 4.757602854494927413e+01
-1.488095113209408993e+01 -8.746627195200106897e+00 4.962875216954534352e+01
-2.543281089348738178e+01 -1.458912087448190142e+01 -1.808143108595518456e+01
-2.456050140562622985e+01 1.556302736122956887e+01 -1.847430452719824245e+01
-1.587283723516563683e+01 9.298685603108971520e+00 -4.853263369543962114e+01
-1.604960806820815478e+01 -8.151109102066495637e+00 -4.863528007213108140e+01
-3.095143063340483280e+01 -2.954412931572129586e-01 2.519926747332316808e+00
2.465194996312546039e+01 -1.445160144100449884e+01 1.835933090988651628e+01
2.344593479514014334e+01 1.589173591933019125e+01 1.942925092855145408e+01
1.542182789432547274e+01 8.060859598435285989e+00 4.898413766200042829e+01
1.325001363527659670e+01 -7.089858689549346948e+00 5.031393396209295332e+01
2.454663073052752864e+01 -1.629828869583191775e+01 -1.764317428210035388e+01
2.450151093421879622e+01 1.418254000599372766e+01 -1.708045618311791713e+01
1.523710827539282242e+01 8.629025435308308900e+00 -5.040455147231772060e+01
1.409321340064465389e+01 -8.239700915545652649e+00 -4.650099387639566118e+01
2.964056882649092017e+01 9.132395463981772821e-01 -1.589876818846803097e+00
