1.577193336357400888e+01 -2.551952425056120077e+01 0.000000000000000000e+00
-1.577193336357400888e+01 -2.551952425056120077e+01 0.000000000000000000e+00
1.577193336357400888e+01 2.551952425056120077e+01 0.000000000000000000e+00
-1.577193336357400888e+01 2.551952425056120077e+01 0.000000000000000000e+00
0.000000000000000000e+00 1.577193336357400888e+01 -2.296757182550508105e+02
0.000000000000000000e+00 -1.577193336357400888e+01 -2.296757182550508105e+02
0.000000000000000000e+00 1.577193336357400888e+01 2.296757182550508105e+02
0.000000000000000000e+00 -1.577193336357400888e+01 2.296757182550508105e+02
-2.551952425056120077e+01 0.000000000000000000e+00 1.419474002721660781e+02
-2.551952425056120077e+01 0.000000000000000000e+00 -1.419474002721660781e+02
2.551952425056120077e+01 0.000000000000000000e+00 1.419474002721660781e+02
2.551952425056120077e+01 0.000000000000000000e+00 -1.419474002721660781e+02
0.000000000000000000e+00 -3.000000000000000000e+01 0.000000000000000000e+00
0.000000000000000000e+00 3.000000000000000000e+01 0.000000000000000000e+00
9.270509831248421762e+00 2.427050983124842176e+01 -1.350000000000000000e+02
-9.270509831248421762e+00 2.427050983124842176e+01 -1.350000000000000000e+02
9.270509831248421762e+00 -2.427050983124842176e+01 -1.350000000000000000e+02
-9.270509831248421762e+00 -2.427050983124842176e+01 -1.350000000000000000e+02
0.000000000000000000e+00 0.000000000000000000e+00 -2.700000000000000000e+02
9.270509831248421762e+00 2.427050983124842176e+01 1.350000000000000000e+02
-9.270509831248421762e+00 2.427050983124842176e+01 1.350000000000000000e+02
9.270509831248421762e+00 -2.427050983124842176e+01 1.350000000000000000e+02
-9.270509831248421762e+00 -2.427050983124842176e+01 1.350000000000000000e+02
0.000000000000000000e+00 0.000000000000000000e+00 2.700000000000000000e+02
-2.427050983124842531e+01 -1.500000000000000355e+01 8.343458848123582072e+01
-2.427050983124842531e+01 1.500000000000000355e+01 8.343458848123582072e+01
-1.500000000000000355e+01 9.270509831248423538e+00 2.184345884812358349e+02
-1.500000000000000355e+01 -9.270509831248423538e+00 2.184345884812358349e+02
-2.427050983124842531e+01 -1.500000000000000355e+01 -8.343458848123582072e+01
-2.427050983124842531e+01 1.500000000000000355e+01 -8.343458848123582072e+01
-1.500000000000000355e+01 9.270509831248423538e+00 -2.184345884812358349e+02
-1.500000000000000355e+01 -9.270509831248423538e+00 -2.184345884812358349e+02
-3.000000000000000000e+01 0.000000000000000000e+00 0.000000000000000000e+00
2.427050983124842531e+01 -1.500000000000000355e+01 8.343458848123582072e+01
2.427050983124842531e+01 1.500000000000000355e+01 8.343458848123582072e+01
1.500000000000000355e+01 9.270509831248423538e+00 2.184345884812358349e+02
1.500000000000000355e+01 -9.270509831248423538e+00 2.184345884812358349e+02
2.427050983124842531e+01 -1.500000000000000355e+01 -8.343458848123582072e+01
2.427050983124842531e+01 1.500000000000000355e+01 -8.343458848123582072e+01
1.500000000000000355e+01 9.270509831248423538e+00 -2.184345884812358349e+02
1.500000000000000355e+01 -9.270509831248423538e+00 -2.184345884812358349e+02
3.000000000000000000e+01 0.000000000000000000e+00 0.000000000000000000e+00
