2.697122564964904434e-02 -1.208511352003318606e-01 3.718483044460541009e-03
4.511185774319259600e-02 -1.005726112028508812e-01 5.023218823920783116e-02
1.160953949042192179e-01 2.765645021629792311e-03 -8.626538854061616135e-03
5.999789058640125905e-02 -1.888870167058922522e-01 -1.099480135186237106e-01
1.577525574385529872e-02 -1.300509149686437382e-01 1.788495837924661824e-01
5.551826920682911837e-02 5.756938572056496950e-02 4.414639462773641831e-01
4.745316475803484924e-02 -2.771377526842923045e-01 -8.025587215762586268e-02
2.403465523805525805e-02 -1.009722784896840420e-01 1.140179383122381651e-01
5.080729028757491328e-02 -1.018197095693635923e-01 7.129721933144272938e-02
7.510002306707835862e-02 -9.863481061520418258e-02 1.095548851840837390e-01
-4.105165893027118429e-02 9.613273679272221761e-02 9.931150435737001736e-02
7.222991787530969043e-02 -1.868875604085846742e-01 -1.040802951997548131e-01
1.063687998770177501e-01 -9.879459365754184041e-03 -9.049971568925019305e-02
1.069930062088223499e-01 -1.615023873790720210e-01 -9.416195246366076965e-02
5.031480412144223591e-02 -1.383921716253035950e-01 -2.161080480029220485e-01
4.221668244102172451e-02 -4.173674391113624260e-01 -2.818316890697443178e-01
5.023745134393431400e-02 -2.428953830315149220e-01 -8.355310533756599156e-03
5.032943778232590315e-02 1.079710638319023586e-01 2.683270193047528895e-01
6.685237199878069081e-02 3.719215289865046570e-03 9.225137201676547605e-02
6.935305290154286650e-02 -1.278403807325631247e-01 -3.671465938595264156e-02
2.663210109630564926e-02 -8.547345541117912227e-02 1.229988842851825748e-01
2.498684135848650012e-02 -1.742040389275754109e-01 4.839653321709264100e-01
1.442874346118466766e-02 2.870349179129710881e-02 2.835577663071719989e-02
5.586287879845447391e-02 -1.830736661214842353e-01 -8.575340193894964713e-02
9.954260365065847882e-02 -8.545763020777824570e-02 6.918065098405401514e-02
7.700324717296447297e-02 -1.085489397138179601e-01 2.317327054896942684e-01
3.973717622288519546e-02 -4.401284935083826788e-02 1.427768558442104041e-01
3.389450362911550219e-02 -2.541167624536579961e-01 -5.306894117388250010e-02
4.592620939003322356e-02 -1.335872310230152848e-01 -2.112469010749689069e-01
1.255918975027423001e-01 3.946307441927920934e-03 3.206632776818119090e-02
5.178116022506057403e-02 -2.286907518178804555e-02 1.855324911368179119e-01
1.687895486284546331e-02 -4.491452517966093572e-02 1.002908770343704514e-01
8.914870111886685766e-02 -5.986646841618659121e-02 2.813907728834874611e-02
7.618635213559632469e-02 -1.899788932841769973e-02 1.066451562314456591e-01
6.237787629854080196e-02 -1.752596268421393322e-01 -2.166975704266604907e-01
-1.418477983317598667e-01 2.656286654939503389e-02 1.610558172635183638e-01
-5.641818194261072339e-02 4.992313091792049962e-02 6.572873005589618955e-02
-3.518726225666690688e-02 -6.207848524714343341e-03 9.675295536500638782e-02
-2.297985723232809363e-02 -1.088960340944099825e-01 5.470337035550465465e-02
-4.927111441041609474e-02 9.423445923306017491e-02 1.473206950281644723e-01
1.375172974460605602e-01 5.918547227333781358e-02 -6.967648447819163593e-02
1.063105971249958537e-01 -2.757754482229473059e-01 -1.583615360820973539e-01
1.067112795947834369e-01 3.687649805903636668e-03 7.127971366731866709e-02
3.870927147155944770e-02 -8.089353287211029642e-01 -7.455020893940078608e-02
8.966233239188309279e-02 -2.622570085305663268e-01 2.867949082754241985e-01
-3.466041585137524805e-03 4.694755512538965614e-01 5.216108070028302457e-02
9.599063564404208826e-03 6.154022078091109932e-02 3.271423541894125098e-01
-2.657122310597492820e-02 -5.981577636925000663e-02 1.423337394432566683e-02
-7.330320490484421025e-02 1.712228628972760625e-01 6.054092026814217320e-02
-9.417273687523725068e-02 2.220158107940093939e-01 1.339876771336143690e-01
-5.269426339468358256e-02 1.586580053397372916e-02 -9.035806394769907435e-02
-4.855715409977151564e-02 9.557164804448495254e-02 5.295738800282534520e-02
-1.341198603061889982e-01 1.437150742190049235e-01 1.121842875581533505e-01
-1.255398261245688207e-02 8.595927087929194910e-02 7.926669434670108316e-02
-4.124310027321231864e-02 1.510984268674506747e-01 5.969889119097637753e-02
-1.503946375269831215e-01 7.015774286436805840e-02 5.303181832879477753e-02
-8.981541730108899557e-02 2.807295348292919712e-01 8.106169329558099435e-02
3.873414475328640361e-02 -1.070779406411976331e-01 6.260570547659694007e-02
1.175001208443481326e-01 -5.103472613276927028e-02 2.215189646997244299e-01
1.207084542354248113e-01 1.068819023212315145e-01 -9.913245108939650052e-03
3.931212462089278548e-02 -9.633044340249657944e-02 3.134064632550548346e-02
-3.367540711350808236e-02 3.395810454236869447e-02 1.247595780632448914e-02
-7.716711398052411575e-03 -9.450892677439637346e-02 2.541103732825167327e-02
7.757197670678700474e-02 8.853193585889840289e-02 -2.075368229992169411e-02
9.291808145897734184e-02 2.340059860805603076e-02 -2.150623444796926353e-01
-4.849234969598326117e-04 -5.219157589325729152e-03 6.159323907030023193e-02
-1.134362319655149998e-01 1.236665723073513967e-01 4.577337864173114390e-02
-4.223352475362412983e-02 -5.198330958189070761e-03 -1.334303989476655072e-01
-9.899426031684277483e-02 1.232761005924694758e-01 4.999441387264580428e-02
1.703670338215029778e-02 6.083267155977289953e-03 -6.927123477701147003e-02
-1.904125721805050020e-02 4.059099202953686536e-02 -7.285458782005294065e-02
-7.282565882608504904e-02 -5.856882392686224570e-03 2.912833610804343998e-01
1.286078353092268145e-02 1.290164716170338899e-02 4.134938323523699166e-01
-1.288244881546015685e-01 2.151361723792265535e-01 2.074281175810742672e-01
-1.537662050784600609e-01 1.609058328523377823e-01 -1.268788679291875665e-01
-6.835689834640090723e-02 5.269760407265050572e-02 2.706282918460000131e-01
-9.976176650584678285e-02 1.285141339364851976e-01 1.699640699353659468e-01
-1.234913660798842017e-01 1.872397601878991735e-01 1.571824031226899399e-01
-1.203741777147745440e-01 1.588488599873852380e-01 3.162542340387654027e-01
1.305825112594939386e-01 3.904263001411467648e-02 2.481128311289472199e-01
1.301167750724975813e-01 -8.188260393692115002e-02 -4.936283535652696841e-02
2.174235442744035240e-01 -3.099177766919345434e-01 -9.112616076757862338e-02
4.588938668009351352e-02 -5.399324780425995840e-02 2.079808167037011657e-02
-7.100569374707157988e-02 -1.023937682244356329e-01 -5.925363382242343491e-02
-3.162634661510171918e-02 2.126321715937046219e-02 1.337287312281909557e-02
-2.699194383058450830e-02 -9.101195256582284010e-02 -7.883695201233709149e-02
-9.291067372306127670e-02 3.655856064646489934e-02 8.246015516335236661e-02
4.626899625256752913e-03 1.797759194100407298e-01 1.794713318065355168e-03
-2.163633298864364729e-02 -2.412422675248937498e-03 3.778276024992921478e-03
1.726640064494869287e-02 9.699470496228462801e-03 2.056878836844115988e-01
-1.327478391432627136e-01 3.462417431171140869e-01 -1.875866490126387731e-02
3.291743868355345715e-02 -4.802812506781861668e-02 1.828643751879478474e-01
-3.978501635949149851e-03 2.153151536184277903e-02 1.845667475954518855e-01
-1.471682123158389865e-01 -4.392234755103080479e-02 4.020122305660149276e-01
9.980970345104972496e-02 -3.268970351350719561e-02 3.355512491889423021e-02
3.569161895545347463e-02 -1.903266526172386897e-02 5.066068017303038129e-01
9.577095496517540330e-02 -5.964795894640301244e-02 1.187805734345961373e-01
-9.127482337926560996e-02 -1.464936774294506860e-01 -1.099044940769260403e-01
-6.114046480136942074e-02 -6.695872002181812999e-02 3.561796613615841878e-02
-9.366829666657502940e-02 5.690225436787577085e-02 -1.801423626326503769e-01
-6.495973559032808264e-03 -1.560347409134736352e-01 7.607435021224340232e-02
1.785541895433888082e-01 -1.206268846686860130e-01 -1.918758820231245554e-01
-8.950634425833550734e-02 -1.600832776358933618e-01 -1.800779325849919399e-01
-1.435656911445454265e-01 2.763949554903902261e-03 -1.027097495502713453e-01
-1.811950490426025295e-01 -2.787741375260951449e-01 1.149649253211149080e-01
1.387977476266771815e-02 -1.125250479723048230e-01 -5.408748900457793773e-02
-5.948162683452207222e-02 -3.026967948145831144e-03 4.255187028028661889e-02
-1.571943736027636707e-01 9.330412019394830614e-02 4.820238811543142710e-02
-1.534510483358284549e-01 3.929578609817013790e-02 -2.463753571445794766e-01
-1.609059993489725393e-01 1.393761906954621432e-02 -3.984003426688017546e-01
-1.000195616567378654e-02 3.420481023898952477e-02 3.128078047898684710e-01
1.599977240323990912e-02 9.514287447635028094e-02 8.352387094563712422e-01
1.098471720087221826e-01 8.905698336649559010e-03 -1.054045920415246362e-01
1.525911186020790233e-01 -1.239749818153090821e-02 -2.055434706323665539e-01
3.253205643003242997e-02 7.323260993739866276e-02 5.098795894345264923e-02
1.966294598648671288e-02 -2.020847754152831355e-01 4.029866885759121331e-01
1.016773546769467185e-01 -1.157987320078356364e-01 4.183447457619815513e-02
2.965499411843686151e-02 4.013813310381756372e-01 1.583886433327793553e-01
5.240348465289174085e-02 -7.783944683579568924e-03 -3.432572225739805027e-02
-4.396137159314918164e-02 -6.705105626158003318e-04 -2.456160653661343396e-02
4.277942300463577485e-03 -1.032986966236133508e-01 9.041511588574446812e-02
3.540367783627207388e-03 -4.363332706864420096e-02 4.884891586538553931e-01
-7.042563388047681783e-02 1.090493573182172993e-01 -5.240284423519081525e-02
-7.476408102752114815e-02 5.206063669798810523e-02 -1.559708814632374541e-01
-1.333180172585630707e-01 -1.103933313513670855e-01 2.861375286303188270e-01
-9.097767545284529689e-02 -1.251906401181239747e-01 1.674242137763092275e-01
5.837472829835392563e-02 -5.214787355552913395e-02 -5.719308560127145391e-02
3.392579307500265262e-02 2.492389689841401079e-02 -9.729558285048223176e-02
1.256617349352459057e-01 -1.357138873391315059e-01 -1.108438000881228902e-01
2.083892230952150149e-02 -2.606906332273315474e-01 -4.677711820668450926e-03
-1.261025760614941926e-01 1.220512254644412486e-02 -1.271474252789928094e-02
-1.350978501397182840e-01 -7.638435962693812531e-02 -2.024709234824534354e-01
4.468291499704277192e-02 -1.028955591196030195e-01 2.364906004641786907e-03
7.030262768384160088e-02 -4.491544560277938025e-02 -5.796765817754301331e-02
-1.083540421307094270e-02 6.463617735593341074e-03 4.604653856056527550e-01
-5.033358577791469113e-03 -3.684226933942480464e-02 5.909158700770422712e-02
-7.878322441173821189e-02 6.689980870182776762e-02 1.134895061961305185e-01
9.229629785979362455e-02 1.590704371031814723e-03 7.978496724583372668e-02
3.660065001963591635e-02 1.111807559665467515e-02 2.444932043383585274e-02
1.051759025401685643e-01 4.284198701474672966e-03 1.811317301250392475e-02
-1.137190315003332453e-01 3.893632174447292371e-02 3.277428911315061200e-01
3.692939909873094173e-02 -1.214329010652770435e-03 2.197107648605998165e-01
1.062119283779601187e-01 2.240559868131253296e-02 -1.008513721824205733e-01
3.084322022424523801e-02 -3.124825055425412001e-01 9.682412649231453283e-02
6.573667035807240211e-02 -1.987327007175788696e-01 2.082767491216029887e-01
5.740668343463205259e-02 1.290533985775296211e-01 1.198923618394212021e-01
-7.566072235536591695e-02 1.093066901557226966e-02 7.505793800290672113e-02
6.144361012213375717e-02 -4.819038843409562123e-02 5.051882659337536552e-03
-1.750292324217464501e-02 6.418305467025881006e-02 -1.519954417636034671e-01
8.021097347499114849e-02 -3.047076694301197319e-01 -1.406843684166394493e-01
7.045637223002998439e-03 -7.523753192691734482e-02 -3.896323070100105035e-02
1.052332044670418604e-01 8.130910278186193052e-02 -1.152939271378654595e-01
8.854379868970613243e-02 -1.461558428743220117e-01 -2.429337085471515723e-01
-3.051351933155954654e-02 -1.593487161793921136e-01 2.724996063284590431e-02
1.910373080959058834e-02 -4.357646845654214451e-02 -9.706313779098973971e-02
-1.683528711917609000e-01 -1.467278496706218294e-01 -2.590238401606392848e-02
-3.706376057282534386e-02 8.809352238446588323e-03 -1.231005106819704764e-02
8.356529767292976418e-02 -2.055365876923727075e-01 -3.259544296359528914e-02
1.117282142690651514e-01 -1.822857851053402145e-01 5.616259507101228898e-02
-2.850650838048846003e-02 2.679244068765601616e-02 1.556504039185953037e-01
1.651077143204423558e-01 -6.872631238789450592e-02 6.045162828318839665e-02
-5.278476768913187983e-02 4.341126813425755238e-02 -1.049544546609215701e-03
-4.278443132012821337e-02 4.711825894767635026e-02 2.536495245831812406e-01
-4.750922012750893875e-02 6.257581004657941648e-02 1.045876531218628003e-01
1.390875277687718681e-01 1.801427730514310044e-01 6.997478121134037554e-02
4.545130363583166355e-02 -6.069282873528925037e-03 1.658087395292751065e-02
1.046380309233328476e-01 -1.775523144827650945e-02 -3.855097282874997422e-02
9.419464285459522301e-02 -4.090922027096577374e-02 -9.789880499028791316e-02
8.320281424342790277e-02 4.394081776179770138e-02 4.301018056340312201e-01
-1.172325534336882136e-03 3.943575768273066551e-02 5.032582118975930108e-01
-2.040847969230963344e-02 7.816969391808381573e-02 1.866236210681307961e-01
5.673442850858578801e-02 -7.491835505587707278e-02 4.404583909451631474e-02
3.840097299924416507e-02 1.481514656935312146e-01 2.581438010485741508e-01
-5.934990403318339547e-02 -8.597052468170440775e-02 -1.974418719340675921e-01
4.703489006570793496e-02 -1.796491242588358350e-01 6.472853398439126771e-02
1.526664161764357264e-02 -9.025035715116402901e-02 -1.321498514379401135e-01
4.242056418651081462e-02 9.247792502040802498e-02 -7.524818713548586668e-02
3.836691079397520909e-02 -6.716033928960835064e-02 -3.105216182723746776e-02
-5.556883315896667119e-02 -3.993742606749135088e-02 -6.650437733786473959e-02
-3.706376057282534386e-02 8.809352238446629957e-03 -1.231005106819704764e-02
1.258872584571482656e-01 -1.080895860031887840e-01 -1.273097495084629660e-02
-4.366715488498706943e-03 -7.737508346063085019e-02 -1.788125853519639819e-02
1.900637970505264507e-02 3.964369909908388445e-02 -6.801098531394278446e-02
1.044311115543156143e-02 -9.555422341659847163e-02 1.387125133097490970e-01
-2.498747586365680784e-02 -5.175487507012976884e-02 -1.224977878963583455e-01
9.019890071499031547e-03 -6.529272727686974420e-02 -2.322728696044229491e-01
1.199488528774731999e-01 3.434356707179286872e-02 -1.348518483411815794e-01
6.904742453213263964e-03 2.346926338695654035e-02 5.191701359713618569e-02
-6.844540421447298240e-02 -5.914869800370647912e-02 2.248122280828299679e-01
4.429580518294029545e-02 4.072858717888827584e-02 -1.404419867977517722e-01
1.274389289692779426e-01 -5.847446129512490209e-02 -1.140380599134810380e-01
4.537179675385427657e-02 6.863805781697429609e-02 -6.610553439537836251e-02
6.522470937772567590e-02 4.933714536543476470e-02 2.248425346746228959e-01
3.795717790995822849e-02 -2.635699528311219453e-03 1.904574448924468699e-01
-4.443665212324587888e-03 -1.857264761416899113e-02 6.924890954419227196e-02
-6.443493585970716531e-02 -2.666002517341979905e-01 3.476910816874100307e-01
7.177172071289539268e-03 -6.509045813736114017e-02 -4.073950970941764282e-03
-1.311214824334165918e-01 -3.622742036354870687e-01 2.971351037030500741e-03
-5.871758428545170716e-02 -1.723733304509979247e-01 4.479196824256126419e-02
1.050342712312710147e-02 -2.135253742011045675e-01 -5.203865054733547435e-02
-4.974359503457434495e-02 -6.846953579983103277e-02 -5.292963811609840974e-02
5.647740572197786080e-02 -5.292312748813432499e-02 -2.745552100343096047e-02
1.035211278102511900e-01 -1.400125832156636774e-01 -3.274504006656098198e-02
7.501364089086159925e-02 5.413223137074429925e-02 -4.586071269386604587e-02
1.478660957568810330e-01 2.854997625387528659e-01 -1.324941177113235780e-01
9.861292857037068371e-02 4.550887574645667843e-02 -3.489520789102817933e-02
1.394933714722019213e-01 3.034657021632884977e-01 -2.530271206520051663e-01
5.874847454904874589e-02 -6.249525991445659123e-02 1.877240888943843000e-02
8.593931018436057334e-02 -6.667202227950319582e-02 7.929482273097021583e-02
5.837584022072539458e-02 -5.359000417277637318e-02 1.570879729575760386e-01
-3.706376057282545489e-02 8.809352238446699346e-03 -1.231005106819693662e-02
1.767031998754703404e-02 -5.083922020914877216e-02 -2.187580349740736452e-02
3.046167441364774908e-02 -1.824120940295622662e-01 1.083309927149742613e-01
-1.830254514877809741e-02 3.429407909578607860e-02 2.287544460312862515e-02
-9.286261716621556361e-02 1.298341833178564553e-01 -6.727651829763092728e-02
-1.535413201096834379e-02 -1.199605280924024298e-01 -2.079950311675311525e-01
2.189229192219369763e-02 -1.460531574013997913e-01 5.735178774611571217e-02
-1.112473621353895492e-01 -3.235180500544160842e-01 2.539688227462270076e-01
-9.997651764923898288e-02 -5.051389354011399657e-01 2.592192737353371523e-01
1.579725550749028901e-02 -4.678580105655191779e-02 -7.094363896901123567e-02
3.177144227568678980e-03 -6.521205841616284360e-02 -1.138142302900249092e-01
8.707361384390710501e-03 2.064865045115699127e-02 -2.275095346664168794e-02
9.272801880375658445e-03 5.970849264937766465e-02 6.598404692187165299e-02
-1.062831916865116799e-01 -1.584521267409061407e-02 2.714576286085391699e-01
4.686291380345233848e-02 -4.905819377021569672e-02 7.235822575329964312e-02
1.421969646047960278e-02 -7.796473753068711154e-02 -3.337419459895799578e-01
8.598981149233991816e-02 6.007079470560983125e-02 -1.833813146788993986e-01
9.227086175058296647e-02 -3.463030367343300497e-04 9.350037578597569787e-02
1.023201714144066909e-01 -3.570848333936926799e-02 -3.744116587421586484e-02
9.109714774828325812e-02 -1.106953225615316949e-01 -6.644756501712900665e-02
5.291347023311415709e-02 -9.991777679880953222e-02 -1.217439807048332767e-01
-8.985877105211670379e-02 1.478977031586837798e-01 1.466611059725014821e-01
8.222229334436129133e-02 2.877699886533457985e-02 -1.004836826253885373e-01
2.543285321158283985e-02 1.851758591789949282e-01 1.506225736712228924e-01
5.150669690849646321e-02 -1.256932027850203859e-01 -9.460020630715115786e-02
-1.672462583628226696e-01 -1.312362325765261961e-01 -3.427935256325054247e-02
8.421801324968605784e-02 1.053134643561448591e-02 -3.294751803141016122e-02
1.551435966069725225e-02 6.552429113800078975e-03 -6.396358829919290834e-03
-9.593048004599447065e-02 8.739335374667367429e-03 5.519979598065549720e-02
4.449295271266520690e-02 -5.855927896748824857e-02 -1.380055409174285597e-01
1.515111712864298799e-01 3.094257485239403915e-01 -1.508259421878238582e-01
1.055502514939570813e-01 2.370362612209259146e-01 -1.798402787387121116e-02
-8.456412288986964176e-02 6.836300487618518495e-03 -3.672729895168124203e-01
2.582788107245781450e-02 -5.385305751046443046e-02 -2.280719925937119141e-01
6.930966758506462710e-02 7.072977845952443943e-02 2.014262612661987806e-02
1.308123019083276550e-01 -7.603056283717180008e-02 1.434702550804941579e-01
4.967999638946779539e-02 -4.446773606727028039e-02 -4.740957575138693425e-02
-2.318032543598047557e-02 -1.758230094999583271e-01 1.709093490094972800e-01
-5.796159647549858907e-02 -2.951495976409182487e-01 2.861116365070234258e-01
9.498245389899512281e-02 1.792983125154732349e-01 8.150084511664412723e-02
-2.276717618486336914e-01 -7.878300248963829855e-01 -1.610752299085193018e-01
-1.757597707644174001e-01 -3.066856368963032375e-01 -1.385407846778663465e-02
-1.586878468130569209e-01 -9.664777974700597407e-02 -3.727917084742083942e-01
-2.272566333540015915e-02 -3.444222386873044273e-02 -3.719965012941306437e-02
1.484699353858842941e-01 -6.492664457868707606e-02 -9.399795297246738013e-02
-1.274316670902625737e-01 -1.143354366368335706e-01 -1.321875982623199608e-01
-2.059344033214882963e-01 -3.109334528533255759e-02 -1.005433927322861853e-01
-7.361365713719689174e-02 -1.108736388665076955e-02 -1.188307704919563390e-01
-3.557860571184660869e-02 4.184776870668227566e-02 2.294175719228841448e-02
-4.628908548032391324e-02 -3.390682214696183472e-03 -1.392207354182463108e-01
6.596664198723900530e-03 -7.954800435522479951e-02 9.732512900801015832e-02
5.879517789091875946e-02 -4.467827643605759569e-02 1.289609345605996493e-01
-1.580519839956190387e-02 1.648132454182154039e-01 -4.380541184043240666e-02
-9.292429666495627405e-03 2.334503347030780773e-01 1.001617895750173126e-01
5.046068139236603578e-02 1.202244158783009054e-01 1.843165145963610030e-03
3.425389669448697383e-02 -9.200052273075376430e-02 -1.448672362320365670e-01
-1.093230418622342937e-02 -8.890061615483479951e-02 4.442355960178351326e-02
2.064721756181270296e-02 -1.031636241768448814e-01 9.596259835708870201e-02
-1.282579590618123933e-01 -3.273564388172878203e-02 1.281449047044092016e-01
1.272921725989112351e-03 -1.158503465817842804e-01 -1.133447865010881461e-01
3.585227744232033498e-02 -1.206059406728009487e-01 4.313105571734066057e-02
2.754918685343143991e-02 4.491478000088533484e-01 1.038916001052377913e-01
-2.143745268852869090e-01 -2.642410219382173020e-01 2.496688901012287243e-01
-2.231435393907019726e-01 -5.727384195461591165e-01 -6.331434590303264276e-02
1.407965928243831155e-01 3.014745642961469407e-02 -1.783912230443430724e-01
-9.968233668216663901e-02 -3.830248579724387925e-02 2.760425147817133218e-01
-3.540543578231121480e-02 -1.228228166625602025e-01 -3.302494530329003197e-02
-1.073654062297157985e-02 -2.980809734949874112e-02 -1.928990525331567563e-01
-1.539943930789365312e-01 -5.514906030426955375e-02 1.116029398153129959e-01
-1.652600467640429338e-01 1.990642111753115617e-01 5.287754570402336540e-02
-9.002839417152042056e-02 1.661527311095185311e-01 -8.402653895020018027e-02
-1.420072558743096236e-02 1.764837855397438648e-01 -3.263043426185185947e-02
-2.573051769951917311e-02 1.927168785161149089e-01 -1.817938730348876986e-01
1.607282005847913697e-01 2.461111992353058886e-01 -6.234446818766914422e-02
1.796567842500418899e-01 8.522856137056572523e-02 -1.740784624407928360e-01
5.019808007937970329e-02 7.809705326078419940e-02 -1.357572074978914412e-01
-3.470088213941463495e-02 6.834005412297283755e-03 2.893975737235324197e-01
1.739298938594557864e-02 -5.752849746286803345e-02 -1.042295822676218564e-01
2.414517238291585821e-02 1.251200025076530942e-01 -3.353050612931252061e-02
5.087297978774574236e-02 7.304324112031301830e-02 -6.712490570341322904e-02
2.278539357825198897e-02 9.839576149859352583e-02 9.047846566753392494e-03
1.755490699716177883e-02 2.242701260175073985e-01 2.558655028617823901e-01
-6.950511889342370075e-03 2.465873493366027569e-01 -9.438798040045814908e-02
-6.905608337909170669e-02 2.197701442793809079e-02 -9.324386872625300970e-02
5.332537176523488576e-03 1.401138649923212576e-01 -6.145046375771494596e-01
4.557154516945766121e-02 5.829399237794941069e-02 1.926850841709251139e-01
5.705878871280767317e-02 -1.133240437590914418e-01 -1.372115727580602851e-02
5.148740936302664828e-02 3.805029741025823253e-01 6.802312280243305587e-02
2.250362985109510827e-02 -1.999055068156149195e-01 2.717588358497864398e-01
-1.789046715513630259e-01 -4.491402348658301014e-01 1.472661080730082173e-01
-2.745744421370783783e-01 1.377908895995026417e-01 3.063225749269460341e-02
-1.501682982403141908e-01 -4.302715824242472342e-01 -1.107139671322251440e-01
-5.398527469591536398e-01 -4.005459089944687912e-01 -2.013589611119712131e-01
-1.076047788179026049e-01 -7.561150984037577627e-02 -6.144312029945508957e-02
-1.109541233793411019e-01 7.573359618812680605e-02 -1.228253013904423430e-01
6.546779185338005846e-02 -5.142041630425719934e-02 -1.176272044164233810e-01
4.496670215731524145e-03 -3.089190647173611914e-02 2.311656616842087120e-01
1.659534662225007895e-01 1.903662397209662238e-01 -4.254688219094915347e-02
4.372502261016272818e-02 -7.180106302296418441e-02 5.690120816709182128e-02
-1.231861452110816213e-02 -1.894748683508740150e-02 2.002667016992578930e-01
-5.056697851160818491e-02 -2.038462735303605555e-01 -1.707058634628123017e-01
2.351365593908816276e-02 1.171849618433773443e-02 1.580458384234999514e-01
7.775819603434747096e-02 3.541563567731046414e-01 -5.815223328121443824e-02
9.174602620774480188e-02 4.672012449484179708e-01 -1.865008526518502907e-01
7.688646864017112392e-02 1.295253104333377037e-01 3.193634025525033948e-01
3.348061270841218295e-02 7.486149028909581948e-02 -1.427101150298287768e-01
-3.050354266808838477e-01 1.082334131118911635e-01 1.636691992710548327e-02
5.127760711607176614e-02 2.869169290906808945e-02 -6.295167532999634830e-02
-7.883888673472816411e-02 -1.423185343873400177e-01 -4.621268866499095296e-02
-9.666635791138102063e-02 1.279188612663556546e-02 -1.631904986822474424e-02
-1.350184658325464526e-01 -8.287942265878870535e-03 4.765621216771265267e-03
1.823240410016369051e-02 -1.456288953709083955e-03 -6.620112462339522441e-02
2.112787186209819090e-02 -4.936200032359605583e-02 -1.093419316092479887e-01
2.286214846692924407e-02 -5.725760209480248303e-02 -1.822226404390570043e-02
1.543357437529946363e-02 2.627599979142725140e-02 2.497966464230772787e-01
1.504524287959114748e-01 1.539046475788683477e-01 -1.392564736125623259e-02
-3.866371963973036507e-02 -4.068820205219170205e-02 1.861092651757580985e-01
1.061112646957662609e-02 8.202481268160077832e-02 -4.845764926267213668e-01
8.031819543499640890e-02 1.324599374027490839e-01 9.268737835384888157e-02
4.889341068501557031e-02 7.183060968894783294e-02 -6.803084450706486930e-02
3.187980656007288749e-02 1.794664151057676627e-01 1.331335543486636963e-01
4.516580548352205904e-02 3.062216673736051220e-02 -1.943019137024182275e-02
9.869392682361172175e-03 -1.079448794942344803e-01 4.511441731692378276e-03
4.002406236004993345e-02 7.528073985828354076e-02 1.015189439855672671e-01
1.465355291592946030e-01 -7.133327265870237355e-02 1.058127787703526668e-01
-3.599531419593016146e-02 -2.184431412139548057e-01 1.683906895985567420e-01
-1.729343799326968911e-01 -2.346921321230350244e-01 1.695081762910572443e-01
-2.927316071696622335e-01 -1.733273149779069322e-01 1.006757150082641661e-01
-3.063211705685305319e-01 9.190058615475638071e-02 1.210160478974475762e-02
-9.773154431665265207e-02 -4.587934399610768543e-02 -5.850545572175553932e-01
-9.453607899707172635e-03 6.359308178595990402e-02 -1.790862637616220665e-01
-6.126334103457853342e-02 -4.819828014335697519e-02 -2.063599197550176623e-01
-5.894931923659263440e-02 -1.181957457727636496e-01 -2.374917718844339332e-01
-4.943024287895497748e-02 -4.256465993167013462e-02 -8.346132914455206553e-02
-8.402052805007120817e-02 -2.566229925545732149e-02 4.340401017616500878e-01
1.484928394994781686e-01 2.351230164313553583e-01 -1.204843252497986850e-01
-4.788562177118899088e-03 -7.079010087458703637e-03 -6.111036120403567917e-02
-3.779469609652796880e-02 5.331548382775674888e-02 2.496114555510187127e-03
4.357034052395736268e-03 2.048364678307623699e-01 2.731329850227995348e-01
4.509172063721755830e-02 1.634620446152178497e-01 -3.614842229780666494e-01
2.984665309282452661e-02 1.416039313644030795e-01 3.695023787884269550e-01
1.735830104442481758e-02 2.097444330445453753e-01 5.685265867761182257e-01
-8.173373639403824775e-02 1.477986246527196457e-02 1.891715948775812839e-02
8.353798580958703840e-03 6.320353797695577036e-02 1.652999081671852055e-01
5.724347251068248599e-02 -4.034757255369803008e-02 1.777391959306295899e-02
6.646705672471242554e-02 2.095579322676579537e-01 -1.527102752918315098e-01
4.814234144685325401e-02 6.824522693312256028e-01 -3.391262597535091849e-01
6.042155378631153262e-02 -9.207983463200053453e-02 4.480082890802516982e-02
-2.646681020992707190e-01 -2.395389566895583522e-01 -1.296281929032239155e-01
-2.704988929519995255e-01 -4.214297371302873352e-02 -1.804693600584699187e-01
-2.428675803647292186e-01 -5.694600263380542593e-01 1.567801521776819307e-01
-2.969055706040594766e-01 7.249916952175131102e-02 -8.903570976860064601e-02
-1.767401439052188605e-01 -2.738021887693312673e-01 -1.570113096236205874e-01
5.638382743358404114e-02 5.197085497135062182e-02 -1.285211735680799605e-01
-2.382015303233864234e-02 -9.023074282326876139e-03 -6.564792000547048367e-03
1.031914094329544618e-02 -1.338252084797373898e-01 -1.201328852412028581e-01
6.546022787505245688e-02 -6.313251689364748898e-02 5.133133843340648150e-02
1.273281536764111488e-01 4.478753955544202969e-01 6.489398738833351832e-02
2.430606916588404220e-03 -2.304623395588767387e-02 1.938168911806271988e-01
-1.099257285655597105e-01 -4.170133542549991912e-02 3.433539509275096990e-01
3.195643046340207460e-02 -1.639771136124187345e-01 -3.612231236037412030e-01
-5.429998019763626615e-02 -1.799985925200673353e-01 3.448993870699611497e-01
-6.674863925402363396e-02 -3.392532539723291940e-02 8.440412446549794279e-02
-4.287506532551399463e-02 -3.181461202827917667e-02 1.804282252918343876e-01
4.301399365676050746e-02 7.667247583740044448e-02 -3.353388900090237268e-03
4.507798320219069677e-02 9.110934758474442674e-02 1.911784483429866399e-01
-3.992240263521740218e-03 4.289791107858009767e-02 1.566105122273043493e-01
9.009000137212508363e-03 3.887315960890287414e-01 9.561595476859052756e-02
-6.763785408086381290e-02 5.051264383653905621e-02 -1.429367221771795093e-01
-1.243793387739274281e-01 7.187590090501540241e-02 -5.076172978993742646e-02
-8.865011852575821472e-03 5.568168150702332286e-02 -2.132581341089080929e-01
9.375216558670471101e-02 -1.327070951553292466e-01 9.845914698875318782e-02
-1.475635512642558544e-01 -1.091896831090075071e-01 -4.133487961673787403e-02
-2.611651364908373907e-03 6.509546185991288425e-02 -1.645920263822646112e-01
5.579746456142520294e-02 -1.057367265182922039e-01 2.140257935833606573e-01
-3.706376057282534386e-02 8.809352238446588323e-03 -1.231005106819704764e-02
-1.105941630128696174e-01 6.220761313673647819e-03 2.378325153859062180e-02
-4.741779963043279977e-02 8.757894960116605065e-02 -1.646596413723411256e-02
-9.262026829663816407e-03 1.291759467637786651e-01 -1.226712201506079958e-01
2.730251201102262826e-02 5.452535579851280900e-02 -1.583836642446528886e-02
9.424273839301777755e-03 1.204861361287800636e-01 1.300198138065623010e-01
-4.244670087337286402e-02 -4.854109650089921679e-03 1.417369140481583578e-02
-7.664564285538633115e-03 -2.002636589240393006e-01 -4.339973244680828679e-01
-7.362479319511677778e-02 -1.446082935468833153e-01 5.032090417141521499e-02
8.392857181385576792e-02 -3.925849681367998834e-02 6.852021668298630130e-02
5.917177888766000926e-03 1.217896064902663777e-01 1.046175156097710057e-01
4.426148014181935375e-02 4.946496956259238686e-02 -5.479314959754541525e-02
1.057043489133369651e-01 -4.300253471965409524e-02 1.274100849734826069e-01
3.532200507771121600e-02 1.124016098256120921e-01 -3.466262995762259269e-02
-8.818211136959733243e-02 -1.754692372316335458e-02 -7.025834994995483473e-03
-3.706376057282545489e-02 8.809352238446699346e-03 -1.231005106819699213e-02
-7.165039145686641353e-03 1.775975263894402634e-02 -1.401270092353075203e-01
-1.141243760806112673e-04 3.931020043107935624e-02 9.610827300765373282e-02
1.878110001804700335e-02 3.975875484107560531e-02 3.037429916380596229e-02
7.252878247179256332e-02 -6.715559163580930857e-02 1.079005310437881615e-01
2.354031827892522077e-02 -8.500560602456630477e-02 1.260970384662457588e-02
1.983392017185625633e-02 4.482144456947122491e-01 2.991384388685709994e-01
-4.051835746681881067e-02 -1.591087315832162563e-01 -1.496749500963659441e-02
-2.616451814739993442e-01 -5.279218148052819970e-01 8.775134735279810361e-02
1.153908963366245821e-02 -5.461095507379566324e-03 3.519202829846912461e-02
3.930650352840403539e-02 -3.969159536410465927e-02 2.857597975779263555e-02
1.377857780435404189e-01 -7.528923396013963154e-02 1.060699207808067368e-01
-3.706376057282534386e-02 8.809352238446629957e-03 -1.231005106819699213e-02
6.080245993021701073e-02 8.544789058195577380e-03 -3.004880039982205098e-02
2.344885943210295309e-02 1.207543065397045923e-02 1.389232310152977434e-01
5.357190565063957299e-02 5.605236464216623027e-02 7.495086979695697593e-03
-6.184689156322209502e-02 5.269410925925602229e-02 -8.888138873489034864e-02
8.747232727771669936e-03 7.285409052508157179e-02 -1.319473046242641834e-02
-4.302931087877825966e-04 -6.949318378057944834e-02 -8.705718937389511636e-02
-5.008270152787080987e-02 -7.061868222948308738e-02 -1.440648379596335127e-01
-7.925144851576831906e-02 1.287155625807024917e-01 -5.378580478473982129e-02
6.165854573669748984e-02 4.396482009761837340e-03 7.022871000501379468e-02
-6.043290503125176016e-02 -4.752585947965420887e-02 -2.407838295126429884e-02
-7.835751134723706324e-02 8.045753676794364928e-02 2.548940969676399826e-02
-6.122337131801713905e-02 -1.181282430530383731e-01 -1.020683605329330279e-01
-6.418139349721407871e-02 -1.031637157622808942e-01 -6.702321080768833261e-02
8.451080800924448688e-02 6.098435102692056908e-02 8.334695410419751260e-02
5.262619469284124385e-02 -5.465419223704692797e-03 -2.007210535424918396e-01
-3.706376057282545489e-02 8.809352238446699346e-03 -1.231005106819699213e-02
-4.635666770469074049e-02 1.764953880894704064e-03 -1.232681690663093299e-01
-1.716437119187012583e-01 -1.861187023620153314e-01 4.098326253301354249e-02
-1.110208199286829012e-01 -1.084515590537686452e-01 -3.613445061081554943e-02
1.582054811050015442e-02 3.803997240857991124e-02 -1.291776679798848360e-01
-2.739051132334350824e-01 -1.066851483723268990e-02 -1.252310361597304689e-01
4.429454229835783075e-02 4.854364920398696048e-02 -1.017106953448387308e-01
1.525966501703907019e-02 3.411760744890429686e-02 -1.957543745500814891e-01
1.275288327177515613e-01 -7.443013785431995544e-04 4.894495858824732260e-02
4.858156964725007798e-02 -1.069642887152793542e-01 6.336610267865305790e-02
-7.442770570109483175e-02 -8.849408539340390678e-02 -9.355582359243508339e-02
6.346526739947544460e-02 8.913924962042180100e-02 2.089367434266131696e-03
-1.902466761553457675e-03 -1.083960426348951067e-03 2.731758124463756765e-02
-3.243075262903938327e-02 -2.174134017214113257e-02 1.967584864965056801e-01
7.397367212349070797e-03 -2.545629470852572851e-02 -2.370245680396182442e-02
3.970914426950239440e-02 1.665951415648314615e-02 -1.463804901683541937e-01
2.896491492542613289e-02 8.110345464085133571e-02 -1.654166481260103128e-01
-3.706376057282545489e-02 8.809352238446699346e-03 -1.231005106819699213e-02
1.563995202284297614e-02 -1.449590379800658191e-02 -2.472386176120577872e-02
4.811945101495707089e-02 1.792595505869180039e-01 -5.740679302682130669e-02
2.937668863043163547e-02 -4.224524702877174853e-02 -5.217559985343817042e-02
-7.607850373532343280e-03 -1.102477059187673136e-03 5.955716239018304936e-03
-2.523702639249252866e-01 -9.282591905188175563e-02 2.532884654206998820e-02
5.117642858951748641e-02 6.432850146385928058e-04 -5.706741202884449415e-02
-1.726703456299906181e-01 -1.089212774949348678e-01 -3.047298081084022781e-01
6.207077197512614330e-02 -5.063357140254202970e-02 4.131399751336700676e-02
4.250618352472740336e-02 -3.475811583784517433e-02 6.927849148762188491e-02
2.656771954369604311e-02 3.162088059751494429e-02 -6.672964427908992247e-02
1.863443843366113795e-02 1.867888083633156490e-02 -2.280702386748906241e-03
1.303515468162751711e-01 -6.867368038104863792e-02 1.596409362687224720e-01
7.997074676224014134e-03 -4.061016059232291919e-02 2.776218258885559953e-01
1.301294759217588859e-02 -6.141194543921368876e-03 -5.697893844874943325e-02
8.431290590510454042e-02 5.551241572820220238e-02 -2.774885723620429401e-02
-2.805896768736804159e-02 -7.656778897779714654e-03 3.886030370288319769e-01
5.148987987933340005e-03 -5.742261732552611520e-02 3.800709758310520381e-01
1.987180124613213694e-02 -6.216163039676891877e-02 6.857941874055858977e-02
-7.917028351218347026e-02 1.301974752891594811e-01 -5.205258439199467180e-01
-2.354664316224575060e-02 -1.014918014590209250e-01 -1.476137417352658132e-01
2.192899149505461720e-02 4.668993061612658479e-02 -5.006747516688503374e-02
5.315934114016229728e-02 7.262816038379171779e-02 7.060116550015640979e-02
6.909940698304112283e-03 2.280269908813237212e-02 1.240626132360367340e-02
-2.338911554946872529e-01 -7.152346564966050035e-02 -1.225923637481042827e-01
-2.339011948135027996e-01 -2.259144801531994540e-01 2.089576043148229645e-01
1.335479250513204597e-01 -7.995312024814738017e-03 2.310877591719168178e-02
6.674606881519212775e-02 2.021472964696868768e-02 -1.075263901239875142e-01
5.127452124394710209e-02 5.885122475994264413e-04 -2.016124036109696316e-01
2.385860335797990173e-02 1.061531973336404810e-01 -9.366753620107765022e-02
5.464689441542602832e-03 -3.828667323920476040e-02 8.781256395862746533e-03
1.464485127265813813e-01 -5.313340269466571009e-02 7.567079107609031574e-02
2.993157377991856327e-02 4.686205645447871770e-02 -5.195002567974212754e-02
-7.016164277678334227e-02 5.919573168941572039e-02 4.276108053059482494e-02
2.440851323904424941e-03 -2.928777155206807592e-02 -7.948722466776303452e-03
1.118715949659049302e-02 2.155080135192499746e-02 -9.406944846496842483e-02
4.231171312380721528e-02 2.585785634250825638e-02 -1.137021014696519006e-01
-7.030346756479813330e-02 1.364995492138023625e-01 4.271021041458489265e-03
4.811949047036268023e-02 -1.483282857532879362e-01 2.851706464847583167e-01
-3.831162417513789969e-02 5.434835077417332627e-02 1.451930281534647149e-01
-5.419243647848795420e-02 3.465032046222649154e-02 5.865682117404913409e-02
-4.447833020449415420e-02 -8.059739208501337515e-02 -3.554024740587050091e-02
-4.494746761721024608e-02 -2.393513373947636635e-02 -2.186104629914591979e-01
7.940898858851769271e-03 3.028338200220920262e-02 -4.213659790406609762e-04
-2.278597271865099305e-01 -1.168878591301822367e-01 -4.009479733486448483e-02
-1.979451051987861643e-01 -1.123072468013497360e-01 -1.685431804815769041e-01
2.276899115901660775e-02 1.230747575445208068e-02 1.263819178115773711e-01
2.281559886476403898e-01 -1.594021532445932809e-01 -2.648844778737002859e-03
-1.622263022384365927e-01 -2.361625802829390997e-01 3.220411823869229195e-03
5.795544713445999196e-02 -5.904328217986523630e-02 5.574818383049273685e-02
-1.216960022038657274e-02 -1.065347075040714436e-01 -1.792921591988116958e-02
5.240276006525304564e-02 -5.765620143818873944e-02 5.755155436054573692e-02
-2.565183917557395388e-02 -2.609904901677433109e-02 -1.353882019276652360e-01
-2.642141713989132334e-02 -5.579305291646255438e-02 4.109106379262728037e-02
-3.364711346318804974e-02 -1.299348649252118348e-01 -1.305675776532874699e-02
1.475845678470821820e-02 1.444666696398845263e-01 -2.281989867015525864e-01
2.225336414081230396e-02 1.094275894731733256e-02 1.710391824532176142e-01
6.893022703225512582e-02 -2.754801950588126047e-02 1.819156541193188148e-01
6.923358528371870158e-02 6.675521806534051583e-02 -3.874320366445083152e-02
-2.138703920854245766e-04 4.738213890167131126e-02 2.349500518628022672e-02
9.662712722265981435e-02 1.592362561597678861e-01 6.606766522574657186e-02
7.034446067599736674e-02 -2.656989423592115429e-02 1.968101527011567597e-02
-8.008306368240081241e-02 -1.848809793575119098e-01 5.137806594934907212e-02
-3.706376057282534386e-02 8.809352238446699346e-03 -1.231005106819693662e-02
-8.993309539337246417e-02 -1.526258388140970812e-01 -1.501946382657738943e-01
-1.131310758230585911e-02 2.815013143301925425e-02 7.542324190652993643e-02
-2.606359616994335937e-02 1.109494752637409931e-01 4.460075885502096105e-02
2.335099855246225431e-02 1.820793723922976559e-01 -3.600981378563387625e-01
-8.496415791036410203e-02 6.042512034693348077e-02 -2.893783133361102489e-02
3.982312563382492399e-02 -6.165559110720464364e-02 -1.069411803190088994e-01
1.297378499341944602e-03 -2.955314978821843575e-03 -7.228250706603153719e-02
-9.941718336648758259e-02 7.955242801322881530e-02 3.475573299567047414e-01
2.130373088944370608e-02 -2.370387931283904903e-01 -7.240788244039680910e-02
6.634929193615179965e-02 -8.367001379457095211e-02 1.685946750195477517e-01
-1.383516052315730271e-01 -1.073266838988010674e-01 -7.955678497543264283e-02
5.713314745125636085e-02 1.244018177060489394e-02 -7.598465279584745713e-02
2.252204027247756146e-02 -4.065006721159188097e-02 8.973532749252488561e-02
4.528155726330392733e-02 -3.864973971649163231e-02 -6.289354341541503191e-02
6.293204823947254334e-02 1.726114842089426782e-02 4.208184861352624873e-02
-8.987116586834709153e-03 -1.338409635919782931e-02 1.130383257955359516e-01
-7.177740825067613351e-02 -6.741466933416831453e-02 2.360254656211864810e-01
-7.378942587369596851e-02 -1.443129017413793957e-02 2.615195055508093835e-01
8.235570682483239757e-02 6.150373499766847996e-02 -2.205492412678916603e-02
-3.491250927976990992e-02 5.900211545047306938e-02 -1.406364381795172092e-02
-7.719770477160214917e-03 -7.323529223544172906e-02 -7.358727170223999803e-02
2.382071205038976958e-02 -4.536478329849358282e-02 -2.084118735952521784e-01
1.959643632472296559e-02 -1.382835278266347778e-02 3.023524494905767690e-01
-2.296419650044773109e-02 -9.379494915069530592e-02 2.957528640843996165e-02
2.291141582129357923e-02 9.111628569719343318e-02 1.166511937688552436e-02
3.722206132926220157e-02 -9.671630039525203060e-03 -1.767102976668839809e-01
3.835710915005480226e-02 1.325256169342807766e-01 -6.168164940891368575e-02
4.294608585214026997e-02 -3.060859136407145797e-02 -4.398347700468741017e-02
2.937085570331887663e-02 -1.053521262790724222e-01 3.193589232622862095e-01
-2.480045745059709927e-02 4.980182613734185360e-02 3.443766907471786098e-02
-7.202465817097808420e-02 3.642879298628887152e-02 1.874780274073045705e-02
-1.203938957433076107e-01 -9.091568789649784321e-03 -5.096231905461339612e-02
-1.751082149516131614e-01 -8.691839158129910370e-02 -5.071908912246965440e-02
-7.351944688348105439e-02 -1.654317817766029763e-01 -1.714452996821855257e-02
5.089770776859375845e-03 4.333944592601449153e-02 -8.183653308649768698e-02
1.448535366013805337e-01 -5.795912039569800500e-02 3.128015624715133058e-02
-1.999781000533600861e-01 -1.576132629025066567e-01 -3.209639796131834311e-02
-2.183461347811211928e-01 -2.999713597532946419e-02 -2.522572890089679887e-01
4.111822116059082877e-02 -2.909766258869000977e-02 1.395967434679776242e-02
-2.524832037353455516e-01 -2.882750094616578496e-01 6.522619842788401900e-03
1.988898667230731832e-03 -3.851950579593412666e-02 2.671444539051089917e-01
-1.690484841361583612e-01 7.352163512972432757e-01 -2.445635417414198862e-02
3.337212236429210055e-02 -7.738192893556844476e-02 -9.104533701168059101e-02
8.729128242929373727e-03 -1.350833045712991898e-01 -2.647867567581093165e-02
3.760942913450493474e-02 2.032569211278019705e-01 -1.035802641008947700e-01
-1.931944994871453991e-02 1.751822044972781156e-02 1.143495539733876964e-01
-3.390607960266178722e-02 -1.789351492102203567e-02 -8.485056343004632184e-02
6.335118921008686677e-03 1.466879653908415015e-01 2.650354307657162845e-02
6.098247126616912483e-02 1.035573785754606568e-01 2.054122095986933849e-01
-4.039708861571718324e-02 1.251804986223979954e-01 6.929371602147058051e-02
3.669542480582455024e-02 -1.765251358996481335e-01 3.185883336174810676e-01
2.318858478354723918e-03 -8.170183002458353272e-02 3.545011946323277374e-02
5.608529835815828646e-02 -1.827424417095209197e-01 -1.268935667623877217e-02
-4.923607956462633384e-02 -1.597958520625563095e-01 4.949277768148685475e-05
-3.706376057282545489e-02 8.809352238446699346e-03 -1.231005106819693662e-02
-2.171068698209976944e-02 -2.336153108742890228e-01 -1.066804522175252568e-01
4.855550940505359847e-02 2.982136098803100932e-02 -1.899200472097186121e-01
-1.353398633498858472e-01 -1.088568904940580007e-01 2.359023824154704574e-03
-1.110502293509538219e-02 -7.188589173326202786e-02 6.660158126329242256e-02
-1.732195458039566538e-01 -1.592434362626105049e-02 1.054620585933065124e-01
-4.786534824852556325e-02 1.063706926535150366e-02 -9.687563897228032572e-02
8.307339710159422630e-02 9.535105414047972960e-02 -2.290758016711622047e-02
-9.779516432861744268e-02 -4.820938032742871915e-02 7.643792498818796632e-02
-3.706376057282545489e-02 8.809352238446699346e-03 -1.231005106819693662e-02
5.509984947729076876e-02 -4.750218072663803248e-02 5.363065760402563331e-02
-4.432674625013166558e-02 -7.773112020242400888e-02 -1.992520295598965707e-01
-3.487828646118706910e-02 4.205698720285422354e-04 -8.005658376921198638e-02
-2.308639828510172798e-02 -3.272143670837102114e-02 -3.928361802624984467e-01
4.187573237759745215e-02 2.566821509432739568e-01 -2.759721905494402772e-02
-1.143715103885001860e-01 -1.308480890141252573e-01 4.199382447264629614e-02
9.138853677144748167e-02 -1.530801033854080062e-01 -3.535684411433959173e-02
-4.416547181743124550e-02 6.673840580651757559e-02 -4.158251927194240444e-02
-1.124062325656168954e-01 1.704608766917413698e-01 8.325702792820358078e-02
6.598862576480057918e-02 -8.687991094280389515e-02 1.974994714125877238e-02
2.973813385249851615e-02 -1.269026839758113367e-01 -3.740995233061428227e-02
2.781938897153918289e-02 -7.989496292913422781e-02 -2.064415605611965090e-03
1.827767692046389225e-02 -1.226730448313016475e-01 1.770952652254187409e-02
-8.435816264305423529e-02 3.458041660197874734e-02 -4.989739078032852382e-02
-8.481821617848517292e-02 1.126745843737523983e-01 2.308222249995604825e-02
-7.866090679264606256e-02 -4.100758670339343936e-02 -1.440242984363349771e-02
-4.166567525895320534e-02 3.622522067178682303e-02 -2.667386232907603683e-02
4.535262469275944119e-02 2.894747517959656014e-02 -8.998128742545892511e-02
3.323822375251922479e-02 -6.737976783978810724e-02 9.933772373233087233e-03
-4.376991479029296306e-02 5.813219632730240449e-02 -1.897733687549335579e-02
7.128034322081973351e-02 -6.912021422678130134e-02 -3.337602938253876605e-02
-1.279912846087380984e-01 -3.981577000032854308e-01 2.734981026108352919e-01
-5.658844884036284828e-02 1.284757594185716723e-01 4.903573920953061549e-01
-5.432351915327975067e-02 -2.133512417370089786e-02 -1.100201662280703152e-01
-1.369596578076666960e-01 5.010026194491581930e-02 5.320096397205612004e-02
4.892427135657162474e-02 1.301543680551376925e-01 6.205131648622365381e-02
-7.866199597300105317e-02 2.495967569557196453e-01 -1.214426328156646417e-01
-1.176474400224779837e-01 -1.459524493998526906e-01 -3.706211778988352523e-02
-7.739178729384843525e-03 3.598019706050781252e-02 -1.354618546853786631e-01
1.674653341802476159e-02 7.406020402267543545e-02 -8.768924406114611547e-02
1.078417719217276138e-01 1.059683594890503677e-02 1.372763123036724320e-01
1.155850761318008568e-01 -1.307960662372104066e-01 1.480502574500575097e-02
4.871769640416051539e-03 -3.062717347139165547e-02 -4.409418404617047871e-02
3.844239051116554728e-02 -5.055638366000714257e-02 -8.280312177463770851e-02
2.038909621961504381e-02 1.565426812651371513e-01 -1.757540559927607549e-01
9.513321089547932541e-02 3.337136900773796100e-02 -9.756197364312042819e-02
8.865636968594209355e-02 -4.484478681937575928e-02 -4.661678904125240303e-02
-6.632729230082094751e-02 7.373600020790338494e-02 -1.392001438092861920e-01
-1.147623787263717388e-01 5.722993450183699871e-02 7.842329635746277117e-02
5.308735091767050052e-02 -9.614298012683814010e-02 -9.948146394631397771e-02
-3.582150389664184864e-02 4.053284516546148963e-02 -2.352576106971351055e-01
-5.383597730779127177e-02 -5.140939107980913025e-03 1.003996577181889838e-01
-4.265390466492935406e-03 -7.379925017780811225e-02 -1.396047666175149748e-01
7.487854007013383661e-02 2.905520041814575738e-02 -2.404458552572964064e-02
-1.453921968530098030e-01 -6.466527476722351564e-02 1.078626157837797445e-01
2.319177223184099024e-02 -1.956998449786924166e-01 -5.877590245800659030e-01
4.509577260493391471e-02 -1.573386572157590146e-01 -6.370092871271371138e-01
8.371081610328279243e-02 -1.347945737573430502e-02 9.638744213038658026e-02
1.255790834203042161e-01 5.564844538375862681e-02 1.366322245839807770e-01
1.232595322022065898e-01 -3.979534501487203002e-02 1.681560632813806078e-01
5.170255064374407183e-02 5.016474730826114836e-03 -3.201196086785623729e-03
-1.861101039244591193e-01 -6.951450899351430124e-02 -2.071545627886771379e-02
-3.706376057282539938e-02 8.809352238446699346e-03 -1.231005106819694703e-02
-5.866381293770545069e-02 -3.851880774768634552e-02 1.174687616405841323e-01
4.441098668543130845e-02 1.206831255916758217e-01 -1.376312245374123888e-01
3.216304773382461235e-02 -1.165314584184464763e-01 -6.235583785650159611e-02
-1.430981129766217830e-01 1.345425985364551158e-01 1.033770597228442223e-02
-1.223073206992399964e-01 3.008385814011788062e-02 -1.188847988657349974e-01
2.302417527789912821e-02 9.171696737251300302e-01 5.047984785090898346e-02
-2.808540957964333895e-02 -1.460179354529745344e-01 -1.322093770035470683e-02
-1.650371417665495999e-01 -9.684503848484959931e-04 -1.167073528717506026e-01
-1.537219035999614070e-01 -6.202429515954135941e-02 -2.083963176869385592e-01
2.011410766803672923e-02 2.338425524077489964e-02 -2.036053155437997364e-02
-1.139488828521042496e-01 -3.863302399117983232e-01 -2.531788649323213347e-02
-8.649767331822899585e-02 -2.236043985500378584e-02 9.217388521884120611e-02
3.274409830169200397e-02 -1.684177326467916069e-01 1.176035062204231485e-01
-4.507838828320132052e-02 2.989611915899555439e-01 -2.599219088068053241e-01
-1.053751402059954767e-02 1.110576014819930207e-01 2.003709431896166238e-01
-3.955345162862433650e-02 2.159759079610794608e-01 1.852331804556241746e-01
2.096444424165821996e-02 7.644717361249642185e-02 1.615808522556596016e-01
3.560416178596337300e-02 4.125498514582937037e-02 2.350156414287517537e-01
-2.073803498110583787e-02 1.280422708340834825e-01 -1.688000893234273270e-03
1.420561390918342048e-01 -2.635222045236829125e-02 -1.814232412833246544e-01
4.369802092936403426e-02 -1.033548696209405371e-01 7.179470518179612015e-02
4.521273640349937617e-02 -5.302664842648097121e-02 -7.135916638360154107e-02
-1.394476957894913438e-02 -2.638091635013239955e-02 3.549339404895583694e-02
5.859047655119553610e-02 -5.799630508122777250e-02 -2.376865712183426349e-02
1.008328920900557202e-01 -6.518092325783753083e-02 3.714772918350869868e-02
-9.819728749283574212e-03 2.432002786876985567e-02 -6.267741170122298477e-03
2.146675274804754618e-02 -8.304870920157050862e-02 6.739222783168338782e-03
-3.617383067481272363e-02 2.328559894888621029e-02 1.263450280819896354e-01
3.454854756597458554e-03 -2.891872035573879451e-02 -8.332583972570478670e-02
4.194072305401153056e-02 -1.253599460870850543e-02 6.060609604661454375e-03
-1.183529240918647085e-01 -1.016379361002059667e-01 7.082911215456227927e-02
-1.403756450094115760e-01 -3.812721129798432584e-01 -1.037216651687453972e-01
-6.771188059607080589e-03 9.310055095652969293e-02 1.034180092274904345e-01
-4.172532924108110497e-02 6.899862629308012307e-02 -1.133690962565002264e-01
-9.995695967045767349e-02 1.152098472111423577e-02 2.416988360327840257e-02
-6.965256421866350411e-02 -4.171532566895672089e-02 6.126720314237990572e-02
-8.299171443647601620e-02 -1.894575514450552722e-02 8.372009175320122010e-02
-4.300286180748297271e-02 -2.140635715282854235e-02 -8.303798040090709653e-03
7.104607861117662182e-03 7.733180894743085787e-02 2.801383946152419258e-02
7.294301307402781265e-02 -7.570530018115317894e-02 -2.239381605953539855e-01
-4.345392396676983626e-02 -8.157404897088693652e-02 3.924513281218441896e-02
-4.146802346805533723e-04 4.669759728442135494e-02 -3.960187363199776933e-02
-1.749756314448232264e-01 6.639350981430219845e-02 1.531482260490613090e-02
4.068736006299522590e-02 1.295787975684255522e-01 3.677437556128565488e-03
1.197276614854289600e-02 -3.314885114235999186e-02 -5.014573426583479598e-02
3.562331238933647004e-02 -3.419150402076884254e-02 -4.954345065047821572e-02
-4.283837075176755160e-02 1.433793700292327056e-01 3.348116345836176233e-01
4.497574986374314188e-02 -6.034709686892444913e-02 7.355406381045234698e-02
2.972340361390957142e-02 -9.410362637490810034e-02 -3.721047698207827770e-01
-1.142289268279119696e-01 -5.047693865230458432e-02 3.474303961814079189e-02
-3.706376057282534386e-02 8.809352238446588323e-03 -1.231005106819693662e-02
-1.634254078262686871e-02 6.266028253938538128e-02 9.355346317074267337e-02
-7.903260988235266682e-02 -2.681316123888290992e-01 8.377842763885429145e-02
-1.422281400569775645e-01 -2.539018838660581645e-01 -3.681977620311555066e-02
-3.922893580565223193e-02 -1.871978737589442554e-01 3.150307579187569540e-02
4.783206923926142107e-02 1.397327918513056044e-01 2.626504403565010914e-02
-1.029273096398598958e-01 -4.088629197918414171e-02 -9.741265027542839183e-02
7.965751840509516235e-02 8.204178931668593133e-02 1.262107011509591703e-01
1.479023972706075551e-02 1.451880176318391946e-01 -4.227611751150894825e-02
1.754736742081020040e-02 1.802413043747115307e-01 -2.967226862610493621e-01
7.675937306514973857e-02 1.792418674462572525e-01 -1.179971996617626973e-01
2.420925375418253589e-02 -2.840875811448351218e-02 -1.166603801862746148e-01
-5.518502483514081680e-02 1.947763232408739054e-01 1.067266490842589399e-01
-1.628392591309166526e-01 -4.019762024263573430e-03 -1.583726041237284998e-02
5.018049333820939761e-02 2.340334933474798040e-01 -7.964906852152736638e-02
6.633208959488623435e-02 9.357769644402963438e-02 1.383232281362592464e-01
-5.787546073790172940e-02 -5.670893301342805337e-02 1.034212981932206843e-01
-7.994504373904602612e-02 -4.333011074532389095e-02 -5.195530044966911731e-02
-7.202641373102747213e-02 5.345599653606153412e-02 1.143269628752073830e-01
-1.180169089365048496e-01 1.231405123324438855e-02 4.859043175000105075e-02
-2.463048420149105411e-02 -9.111421684472731375e-02 -1.326644343502423329e-01
-4.203684410905050850e-02 2.379658279357417250e-01 -1.490154612636511167e-01
-1.361238839286356694e-01 1.534568359927508396e-01 1.229066015907632758e-01
-7.060563750816595263e-03 7.347458655788752235e-02 3.837245886416211504e-02
-4.648742355487034406e-02 5.006115625910717570e-03 1.275891346229104661e-01
-1.724225339002960489e-02 2.566043233478774166e-01 5.879658342767618562e-02
8.256533971521984316e-02 -2.604404917383118523e-02 3.187366897070112448e-01
-2.558907724650616444e-02 8.672960142686081397e-02 -3.246943408836596712e-01
-4.038724644318525403e-02 3.165143368275558089e-03 1.839576762642769481e-02
-6.841178677433168431e-03 1.133610761783208076e-01 1.562041742830832802e-01
6.162875773746429031e-02 -2.323778584085274546e-02 7.988193593381931468e-02
4.897137828512922175e-02 2.190673960442620638e-01 3.975775443760698469e-02
1.352782880828976020e-03 1.063364393860052881e-01 -4.015215166074878606e-02
-5.723219875882549351e-02 -1.212957668562480995e-02 -1.043354133105994785e-01
-2.012110068449612932e-02 1.225111921737737086e-01 3.419502871967552982e-02
-1.099964578315736352e-01 5.159742270286116206e-02 1.555306754849827833e-02
-1.001173107416474112e-01 -1.039901570177220735e-01 3.009145028585669124e-02
-5.437787502983060239e-02 -2.180900051871128564e-01 1.275626110623566956e-01
-4.884304654069820256e-02 6.900581196307298271e-02 4.012201519442532005e-02
2.189235088560292919e-02 -5.550700803207136991e-02 7.818274306556566300e-02
4.573196955999220270e-02 -2.329168181554204242e-01 2.203999581507340988e-01
5.760319876009112328e-03 -7.406986949003702136e-02 2.794625967576630510e-01
-3.588539267163648461e-02 -1.044505652655418615e-01 -1.508686585721777662e-01
-3.706376057282541325e-02 8.809352238446699346e-03 -1.231005106819696437e-02
5.243707894483806697e-02 6.298328312109413574e-03 -3.199807828518713704e-02
2.496090165572864561e-02 1.223209657097602543e-01 -7.879379369833083846e-02
2.307761361492668972e-02 -1.817906229487697978e-02 2.144443683315805371e-02
-3.337568285748640506e-02 3.916208310093693967e-02 -7.581188443522043907e-02
-1.175128194517907065e-01 -1.467798588954760675e-02 -1.067040260381849071e-01
-3.706376057282539938e-02 8.809352238446588323e-03 -1.231005106819699213e-02
-4.864650299921424725e-02 3.432820412221110895e-01 1.584929437947685260e-02
-9.934665409246090650e-04 7.081172643561264857e-02 1.869172276623626283e-02
5.632426282001221085e-02 -1.942428834620785194e-03 2.399088716799152587e-02
-9.406086426863524697e-03 -2.278303775198368408e-01 -8.907462399969434674e-02
1.052389034894878755e-02 -4.079412604308055301e-02 -1.065217888585952011e-01
-1.188684884081173676e-01 1.206147251246997842e-01 2.130609620847701002e-02
-1.150602470005597233e-01 1.076546201618527598e-01 2.057132654526516724e-02
9.253019508502335899e-02 9.323112930102578355e-02 1.610422527865690290e-02
-8.554501968479732987e-02 1.198656815831672384e-01 9.959235753977990768e-02
-4.348744534139448170e-02 9.847657076007232391e-02 -1.361159395073471834e-02
-8.588168565557074974e-02 -7.749306105548396661e-02 -2.342342752856391153e-02
-1.330395608843871202e-01 3.307639114104572731e-02 2.968712933952172839e-01
-3.706376057282534386e-02 8.809352238446588323e-03 -1.231005106819699213e-02
-1.833317406030023911e-01 2.816850126387560049e-01 1.310138111535010808e-01
5.368604359576040208e-02 -8.210021237603826183e-02 2.494311598693882692e-01
-1.112119877459664952e-01 -1.629717600619196849e-01 -1.927875785490690275e-02
-5.513166347933762257e-02 -6.664132021934970895e-02 -2.268431554760774738e-02
4.979669756809773640e-02 -1.815947452916416571e-01 1.960981530535536033e-01
8.620013626609013269e-02 -1.429455201621073757e-01 -8.640501843121861647e-02
5.070335108706217064e-02 1.325647753427385833e-01 -2.557837015801939229e-02
3.056974441125565045e-02 1.198781028586839437e-01 -1.038056004125599285e-01
5.658381540524931586e-02 8.890450629268242810e-02 4.346564749357373358e-01
-6.781205081190133654e-02 3.311196219642820182e-02 -1.011221812362844141e-01
-8.515564989480051139e-02 -8.510217913804218881e-02 5.134622822622875171e-02
6.905441093782571649e-02 2.876719885591216830e-01 -2.938983807683287486e-02
5.851600282030333666e-02 3.399232054434071504e-01 -2.414292635689460620e-02
-8.916370664383581335e-02 -5.189194134632335587e-02 -3.086461709266892783e-01
4.777897848509304879e-02 -6.453482672870738401e-01 2.720896134702473490e-01
6.807060431823501456e-02 -1.212940636999352839e-01 -1.059762087481297965e-01
2.058955844804349899e-02 -3.035810341500189136e-02 -2.442785622066862006e-02
3.569868363852857218e-02 -5.861011781036143398e-02 1.500272579891655522e-01
1.200693177305273140e-02 7.531703319652396922e-02 -1.087912833557036496e-02
-4.362296016061040227e-02 6.665997880727922431e-02 1.295730648386682060e-01
-5.646429676116271335e-02 -4.922799746791818587e-02 -3.006084452049467837e-02
5.101057394901397507e-02 -1.792826129229088683e-02 -1.176477343892359251e-01
-2.998051584122007895e-02 5.858709144046654604e-02 8.597297571900469615e-02
7.510981574948571993e-02 -4.793973555958809529e-02 -8.579321912632331681e-04
-9.880983796273856701e-02 -4.147952012230421426e-03 -6.314084893606769500e-02
6.785280746170049837e-02 -4.365322289108655718e-02 -6.952161859768662966e-02
6.287085382041388004e-02 7.254276198632983452e-02 2.413849199393747202e-03
-3.706376057282534386e-02 8.809352238446588323e-03 -1.231005106819699213e-02
5.105012539494683393e-02 -2.661946856888108837e-02 9.686480724235446704e-03
-2.941222191119294282e-01 -6.836839299211222576e-02 1.026864436683261328e-01
-2.471428314876042420e-02 1.569023123786683627e-01 -4.340483887780244299e-03
-2.521866493694957523e-02 6.305356298119713099e-02 -5.743695885450397776e-02
-5.441401235386791879e-02 -1.411308066419648677e-01 -2.739247741187483820e-02
-1.083478613913897992e-01 -2.278575351666811688e-02 -1.777103638149243325e-01
-2.990484654652236785e-03 2.536334804628226358e-03 6.914508812257103010e-02
-2.106801713531664122e-02 -3.527769387077011043e-01 2.798499270919485582e-02
1.957209174923918438e-02 2.345890952003215624e-02 2.126058403998554169e-02
3.057469617111552296e-02 -2.441311796753504737e-01 2.580146606535557718e-01
4.643498092188569348e-02 3.140533000298901811e-01 2.537627831928251920e-02
-2.961916247500750998e-02 1.181597830221454704e-01 -1.318809964498139364e-01
-2.519388171319691949e-02 -3.978618094910213454e-02 4.642898156225000461e-02
-4.149351402918971532e-02 2.545590585582058196e-02 -7.306092206301739722e-02
-3.096344299786579768e-02 7.832940574176309179e-01 7.663462891495109730e-03
9.254019491313614232e-02 2.648769264095857112e-02 -1.531487316816160238e-01
7.526784486941923147e-02 9.141036446657646586e-02 7.667657896068702517e-02
-3.163697535449983000e-02 -1.019555656466884230e-01 -1.245203114083809348e-01
-1.893650474052166466e-02 -6.088592868336932529e-02 -1.013540880053130366e-01
1.226461277190140364e-01 3.130704152871399693e-02 -4.387925331783198990e-02
1.349607743942047300e-01 6.910256349222763939e-02 7.334660067234466396e-02
-1.296352581024343142e-01 -1.332212967033458151e-02 1.425685645503161902e-01
5.558497622937863536e-03 -1.815443383217152373e-02 1.306397567236700641e-01
-1.371165974712261482e-02 6.182953171358590572e-02 -1.666250658451900457e-01
-1.928873742234150646e-01 6.806767332702989837e-02 -3.017807940717270876e-02
1.382909318488267925e-01 -1.868011566191074557e-02 1.242420632451590734e-02
5.082999863566223242e-03 -2.998386225832927465e-03 -1.183633384985260384e-01
-3.261385031774047261e-02 -7.236711791269656580e-02 3.202720777838247157e-02
3.444349908074872957e-02 -2.165437255334649036e-01 1.963990579001040349e-01
4.992954138875682624e-02 3.441414170669614414e-01 1.034527963590681499e-01
2.057271848205666220e-02 1.928125250266694568e-01 -8.146076657183809466e-02
-9.739763611931073761e-03 1.496977032559847487e-01 -2.576288403056070653e-01
-2.955194911865283158e-02 1.372987552509454812e-01 -1.673438264526494468e-01
6.796740244202392756e-02 -3.459076504671720897e-02 -4.837656596375844442e-02
-1.150715451924744226e-03 1.192358245390182647e-01 2.250403001937550940e-02
3.047720744367121704e-02 2.004162566724289052e-01 -1.051318092105246738e-02
-5.500498085468890491e-02 1.955969027843329489e-01 2.099245849930778118e-02
-1.709691832686446311e-01 1.944725805508662475e-01 -7.926812099909119613e-02
-1.817749154702175129e-02 -1.367194067342186736e-02 2.792387674474516857e-02
5.689847920447299590e-02 -6.203126609808662373e-02 -3.580612146534254969e-01
4.369305569820775004e-02 1.093626771181456792e-01 4.705745295720381582e-02
1.844370351025889643e-02 5.877529929453356727e-02 6.344918346829464539e-02
-1.939913724216507096e-01 -9.285835602178137138e-02 -2.691811977466168626e-02
-2.261001592676180616e-01 2.014444127788607708e-01 3.250715457105755046e-01
7.562247946020919653e-02 2.444052069593360965e-03 -8.734642312812218590e-02
-3.706376057282534386e-02 8.809352238446699346e-03 -1.231005106819699213e-02
1.095991233482118687e-02 8.125460598725975370e-02 -5.970786708540387622e-02
-1.308893939457111966e-01 3.367925178848327761e-01 2.428470770022302383e-01
-1.388336294172326513e-02 -1.732773560124154510e-01 3.592199872810364347e-02
1.658267538719751522e-02 1.668320183789084865e-02 -6.167999333102192061e-03
4.727860988733612047e-02 -1.503363142434577249e-02 2.177543238817386539e-02
8.043880902012590095e-02 4.006052347534259928e-02 3.109119808910465466e-02
5.753457866335232040e-02 1.075021238718957411e-01 -2.277359962338892929e-02
1.376534756943338378e-01 -9.605550001028362317e-03 5.903519044023053386e-02
1.713599763489198624e-02 -1.497199805328947031e-02 -2.175122256198325221e-02
2.293234364513918599e-02 1.549614590895557753e-01 1.932327473858553857e-01
6.392144307272312753e-02 3.995263575229485165e-02 1.450291759893485022e-02
7.854062970512054598e-03 1.817298964452828125e-01 3.224026372960160369e-01
-7.594001026997421189e-03 5.217795068570901806e-02 -5.921959793633146951e-02
-1.628850716570672263e-01 -9.063783826627064277e-03 -1.876528686415049885e-01
-7.946769290920585593e-02 1.972195877129476194e-01 4.989797265610375621e-01
4.853486226609965426e-02 -1.738121215198995539e-02 1.781436267133264528e-01
3.684852279979172751e-02 1.577802819985862914e-02 7.569274855399776847e-02
2.088956995767787816e-02 8.158381024800986925e-03 -3.272948051692581295e-02
-1.956886303748974210e-01 2.957923606457951160e-01 6.948113023278795763e-02
1.568595515418642616e-01 1.363433056607801230e-01 1.063320505886657941e-01
1.586674299139154143e-02 4.365755159898365712e-02 -9.588465133412354957e-02
9.405794907048919962e-02 -1.605143981094299122e-01 6.327253365903673377e-02
4.953676037710103008e-02 -2.899949487295538919e-02 3.278693055026682401e-01
2.740097787648593242e-02 -4.457193789791014105e-02 4.082620069783382544e-02
-5.407264709608600173e-02 -3.952120815227599948e-02 1.384649723186360259e-01
1.724619846909081211e-02 1.463978026595293969e-01 -1.348874321467642412e-01
2.656189863984814714e-02 1.816546637184270896e-01 -9.536460165240412401e-02
1.374323276593528709e-01 -1.328013874477315115e-01 -3.585024270353317499e-01
4.991878960419304789e-03 -5.643895027925027730e-02 7.146347059121083145e-02
1.765051908278214565e-02 1.315559692982246620e-01 1.976670164520188955e-03
-1.085406485026742390e-01 6.748885928352921226e-02 -1.447761282574281938e-01
7.909976981382967065e-02 -4.102082038947241216e-02 -3.580022989474929140e-02
7.111593981629439620e-02 -8.669388473513711668e-02 -8.613958533857934974e-02
5.874105700990245316e-02 -3.414056880586102682e-03 1.580314425252075106e-01
1.489008519379672602e-01 -7.780170868890168290e-02 -3.206338952000065134e-03
-2.009976456075066586e-01 9.567482429045162662e-02 2.462513553965539614e-02
-3.952927088156452107e-02 6.555095831996700373e-02 1.079780041722041561e-01
-3.656686827623489844e-02 -1.527013125732769316e-02 -2.656009280140869677e-03
-1.574690269876185544e-01 1.298622897841855972e-01 1.390632571393598527e-01
6.011170552217204310e-02 -4.725814531171013133e-02 1.372159650718174362e-02
-1.060252354220790894e-01 -1.359060657602367828e-02 1.968040710770814217e-01
-1.948019956904939454e-02 -6.599278204176828311e-04 -6.866976636254473743e-02
-7.144011834477659306e-02 -1.652178100889573065e-01 -5.326292499774978317e-01
-8.134093533291342215e-02 5.883526195259769498e-02 1.979708760425482605e-01
-1.778947270426640692e-01 2.630381830918432917e-01 4.147289845420076837e-02
-1.772534123026716091e-01 -3.362472821988035654e-02 1.620052026467055928e-02
3.423858672402113612e-02 2.156971309813382476e-02 -1.925207498900016745e-03
-4.621339751390407535e-02 -4.739159108085455596e-02 3.460076660069414389e-01
5.436986287377865157e-02 -1.318709507467537012e-01 -3.303738102399839116e-02
9.262508205811120776e-02 -1.955375768814824333e-01 2.114631210551701779e-01
-3.946966967722009834e-02 1.625420882856607463e-01 -1.226764667314491075e-01
2.046246819098684888e-02 7.751656565209041894e-02 3.989017201800826307e-02
4.117590114388214317e-02 -2.238561825553142537e-02 3.865948714274697329e-02
-1.154668598890967735e-02 8.626115046958593435e-02 3.311847620401398018e-02
7.330105632014734252e-02 2.026915083140878870e-02 7.188641294726150210e-02
1.144306678089299367e-01 -5.072893999299529777e-02 -1.234008666462212966e-01
-8.126765049378814609e-03 -5.093455525335438550e-02 -1.138566680479224935e-01
3.644983158214681884e-02 -1.824778145028488341e-03 2.954498432718022372e-02
-9.499110767124763210e-02 8.005902558192934393e-02 -1.621211523480309280e-01
-5.107131223539951304e-02 9.068606995264621995e-02 -1.141285779224893160e-01
-1.319040074595873024e-01 1.445509047889706744e-01 -1.491995252387745552e-01
-3.935722126465464321e-02 -3.920210368610677065e-02 -1.915719871365762494e-01
9.918740861422588317e-02 -1.149217042813872880e-01 6.510105758039241852e-02
-1.935491648858049252e-01 -1.263769509500148880e-01 -4.485178559419089606e-02
-1.127242159474524386e-02 -4.232369747969566554e-02 -8.075973165759342542e-02
5.223682565768535124e-02 4.739007954893259544e-02 -1.094811800252777356e-01
-3.706376057282545489e-02 8.809352238446699346e-03 -1.231005106819693662e-02
1.881453438735025685e-02 -7.132310012850695546e-02 1.415345407514573273e-01
1.889143631788492428e-02 -6.834218161770677646e-02 2.444030829792998016e-01
2.628706985713674671e-02 -8.413730576826239371e-02 3.427591627932002893e-02
1.307931778955273572e-02 -1.728058404374024359e-01 -4.827134478754757652e-02
-6.528419550871195076e-02 1.393461598925367362e-01 2.217542373133390976e-02
-5.889446180063018232e-02 6.870589954899941620e-02 -1.094113490930447297e-01
1.811143997322639532e-02 -6.129220316864092410e-02 -1.604182921250278948e-01
2.354887459288146356e-02 5.814411042791700623e-02 -1.821759659447563795e-02
-2.620209032823200834e-02 9.347802609485311720e-03 5.451157534036832342e-02
-1.620492115377208941e-03 8.342215206268654981e-03 -5.566415657800660721e-02
1.078581025594932408e-01 8.649411057373523892e-02 1.464594066346781576e-01
1.586223536332166395e-01 -1.279789171155021332e-02 8.873005597414007628e-02
-5.591725982800332950e-03 1.384849566303948953e-01 5.221671922881188088e-02
4.075189579998239608e-02 2.485761503343943829e-02 8.252846948629832813e-02
-1.121467447897281922e-01 -1.505316903709982557e-01 4.237653836006816110e-02
-2.274348407422593921e-02 1.410877234165101024e-01 2.300211996041102713e-01
-1.000304137677436866e-01 -6.291207673782256427e-02 -2.361480085491499681e-01
8.529695015552829496e-02 1.826117005764016366e-03 -7.157687686805780380e-02
-7.430821584560837190e-02 -5.776539619403517345e-02 -5.084356266789136214e-02
-2.129700980553455025e-01 3.927910417538941212e-01 2.414830247249881157e-01
-1.903164436237612112e-01 3.227938755744289012e-01 1.765663171187703551e-01
9.251101006015943762e-02 -7.169671812374667219e-02 -1.440493289223635509e-01
7.566172555403219424e-02 1.578057690648204670e-02 -5.855728211117794402e-02
-5.757098441044095072e-02 -3.477960970881521785e-02 1.148714268404976702e-01
6.689686474651576620e-02 -7.694357215767322344e-02 -3.645127290479499571e-02
-5.880251054763846463e-02 4.642927795216911235e-02 -4.564948586329251601e-01
-1.029101027195452045e-01 -6.052824630355746471e-02 9.016882661698943924e-02
8.186357002752334133e-02 -3.813119686062382829e-02 -5.082631794754821630e-02
7.218295084089298985e-02 -1.638228788231443911e-01 1.016017121432387649e-01
9.357259439051135441e-02 -1.815971622096788085e-01 1.915603144029631721e-01
4.071622696225074556e-03 -3.825947953788544353e-02 -1.420790023207980646e-01
4.867148505067836473e-02 -2.217650549928140702e-02 -1.059452847961344091e-01
-2.502787870197481501e-02 -8.406774504264574732e-02 -1.963241253169444311e-01
7.074929479938041332e-03 1.283877505182154932e-01 -1.429137967043554447e-01
1.148685824408790523e-02 -5.200513906457049362e-02 -1.015658142690896160e-01
-1.152939485317306667e-01 8.390967334920285126e-03 -6.178236740858056297e-02
2.809891207792880596e-02 4.329973125789288169e-02 -7.352411995097130060e-02
5.204702486422119190e-02 -2.450305919723028136e-02 -6.223077503147000922e-02
-7.408093889010189392e-02 -3.318739897671808825e-02 -1.316385208000703244e-02
-1.383116497875530593e-02 -5.203182922541218364e-02 -1.285890189305275433e-01
-6.196340151358933901e-03 -8.802115829232903810e-03 -7.661373917487213081e-02
1.106016495917896414e-01 1.286966427474395269e-01 1.525638981239418879e-01
1.390117898582298728e-01 5.122989621075541011e-02 -1.671799063827350551e-02
-6.689546662977896574e-02 3.524906400844807219e-02 -1.128459090735930426e-01
5.524308589580008422e-02 3.662661128357913576e-02 -7.216488880783156201e-02
-2.034558757502683002e-01 -3.641428375644933935e-03 1.519529257183137583e-01
5.173415199658937258e-02 -2.233695612132791108e-02 -2.737456728185675425e-01
6.899539341646121482e-02 3.735361301429596104e-03 -2.140945531714352201e-01
5.418521404018376841e-02 7.197907756160570880e-02 -1.162752598268288473e-01
-3.706376057282545489e-02 8.809352238446699346e-03 -1.231005106819693662e-02
-3.706376057282534386e-02 8.809352238446699346e-03 -1.231005106819693662e-02
2.394023562112562731e-02 -1.122936161863024029e-01 7.226862994498517434e-02
3.381950293492375081e-02 -9.697910270867637905e-03 1.554908515292607873e-02
-3.953522180981772216e-03 3.735076330968216674e-01 -8.241383440959360041e-02
1.667488728295579703e-02 1.695220517857794484e-01 1.036635631273428171e-01
-2.773839698126279174e-02 8.556962496774331295e-02 5.290691186046536654e-02
-6.512671932904948169e-02 3.875699216097799882e-02 -6.806505910726134978e-02
4.230930225288015434e-02 -6.062623467462491256e-02 -6.803358978130225054e-02
-6.263235696480101700e-02 5.561946643037307680e-02 -1.361375862024915007e-01
-3.080531670302250058e-02 -3.819133387255557732e-02 -1.635363247504693085e-01
-1.558811517840017480e-01 -8.738666731731692394e-02 1.415385144548975127e-02
9.396004346799979867e-02 4.032398393325253849e-03 -8.025616451454942180e-03
6.468184457321973779e-02 4.878056776237149617e-02 -2.362058437976847225e-01
-3.833547228443090482e-02 -5.554796441333254009e-02 -1.752055856392827904e-01
5.009944754670439537e-02 1.023598987164876517e-01 -1.337191654324457746e-01
5.959416612426526871e-02 3.368194250345291074e-02 -2.707558020103217888e-02
4.975208884748727467e-02 -1.152972302866367427e-01 -4.001760770144424662e-02
7.599631624443217714e-02 -9.367934871122018947e-02 3.498372706995855896e-02
4.993706372574163721e-02 2.518017961719654085e-02 -6.347176593362258146e-03
7.328342887158001417e-03 -6.693387838614273111e-02 9.835423242503893437e-02
1.041409937039550204e-02 -1.262178914132927599e-01 -1.677825034764857115e-01
2.179651573074403714e-02 1.063711564293379763e-01 7.108281683326000966e-03
1.390503674590687355e-02 -1.493704968942549116e-01 -1.086456250553127223e-01
7.191728408660752470e-03 5.904318001790159753e-02 2.279419727012732544e-02
1.383284592568524013e-02 5.202517939863249286e-02 4.204472189843577734e-02
1.312072005904294514e-01 -6.970874526073422839e-03 -1.427022359141213448e-01
-1.031179370935775275e-01 -4.672874412350830342e-02 2.947268203264430397e-02
5.820375244497477674e-02 1.291055443126265523e-02 -1.072663287686970168e-01
3.458878813546484299e-02 1.447463562163864292e-02 -1.342635891796821745e-01
4.137611706596411310e-02 -1.549691405339742589e-01 7.203359223186922566e-02
8.511482260599857741e-02 -4.932111978786268836e-02 -6.301048534917741417e-02
1.446262287337951591e-02 -1.165330435595269831e-01 1.136666119262775831e-01
3.522694471250098491e-02 -2.913266011164372671e-02 -7.474346658171704405e-02
-2.840574097549425359e-02 -7.735454854018497528e-02 -1.995777538136852547e-01
-2.816169929446207809e-02 -9.129992600357583754e-02 1.108819099725807389e-01
6.678932173935947514e-02 -1.271190788833905794e-01 -2.459205040029239786e-01
-5.314957728194857900e-02 4.826902048575154591e-02 -2.872261422197652792e-04
-3.952442610574313786e-03 -6.600052165944914062e-02 1.303617809196225830e-01
1.237205933400864488e-02 4.899077223476755449e-02 -1.315818533271495561e-02
7.295188138601582661e-03 1.408782276777883480e-01 4.741483220749209693e-02
2.322337305520005835e-02 -1.150353393975935834e-01 -2.798143464016544790e-02
-7.923412838773014055e-03 9.613568508531777912e-02 -9.430184737410529650e-03
1.270131909364598244e-01 -5.005679205889645988e-02 5.008796299735407409e-02
3.998907203220714024e-03 1.419528080398312908e-01 1.165100376236724022e-01
7.822061593358753395e-02 1.825921831488607761e-01 1.540082713127719494e-01
2.046291549285750300e-02 1.022930862702979282e-01 -3.026486631798797067e-02
4.856631305564723666e-02 9.125901954629375701e-02 7.637964731767810100e-02
7.815679190884233796e-02 -1.643451009470058705e-02 -3.595542355199576878e-02
-1.069995148747850122e-01 -5.530449274794371067e-03 -5.175487931967492905e-02
7.936639250873192553e-02 3.429314935059567249e-02 -1.349063574154751866e-02
1.077938874227724331e-01 2.151415927892139091e-02 3.055575914892161293e-02
7.765224408212068052e-02 1.736000969924487991e-02 -1.140633729688746989e-01
1.581366123110308775e-01 9.619342580998502257e-03 -1.457388750083062900e-01
4.785837937177345180e-02 1.761274514683663917e-03 -1.169325569085355454e-02
1.895021959472048545e-02 -7.218325787992302400e-02 -1.519874945269283906e-02
7.716067298648557338e-02 -2.470640003971391607e-02 2.342070027310483304e-02
1.266863727418633401e-01 -6.948232859001451933e-02 2.904407527531727151e-02
7.080989108425178591e-02 7.718944993366883001e-02 -1.460087456575402953e-01
6.387999471577987531e-02 -1.350175049400914040e-01 -1.547606344342244977e-02
4.207025264998331959e-02 -5.433236816793862722e-02 -3.246088931656532228e-02
-2.597496542109806184e-02 2.496378978324809150e-02 -2.969130703950129124e-02
3.594780350192444685e-02 -7.908382952334180871e-02 -1.980067299985788232e-03
3.486563366177641843e-02 2.569882038497905974e-02 -1.145263413681052445e-01
1.181143597993729588e-01 7.278467707395397390e-02 1.171763334227953202e-01
8.561143686450001233e-03 2.175819235210996183e-02 -2.865109941317108833e-01
1.969393323586438038e-02 -9.139175709762215050e-02 -9.289817959376134304e-02
-2.342541683775423156e-02 -1.794175078973392345e-02 6.885130786008786252e-02
6.601687180430526602e-03 -1.766734763975166267e-01 -5.275739452169792010e-02
2.238910407057759233e-02 5.719042289119802280e-02 2.144145362463767412e-04
-2.055009632773918682e-02 -1.684379393283447213e-01 -1.129621860567316949e-01
-7.627512308337580649e-03 -6.979480509629298890e-02 -2.715641014373437745e-01
1.206214882041733716e-01 1.593655925836418019e-02 5.777842090780271889e-02
8.722887761087416703e-02 -7.133130086781319656e-02 -9.548346518234107627e-03
2.302015189969530695e-02 7.353674605027504807e-02 3.058491195487018643e-01
5.987531583124539036e-03 -3.053969115101586723e-02 2.217162376730053008e-02
1.115919030636450260e-01 1.565516459157173523e-01 -2.198396914912377209e-01
2.525575730705781341e-02 -5.400657893868288095e-02 3.190822655962666232e-02
-2.112783238669313501e-02 9.096367234898705689e-03 -1.554724227939836556e-01
9.382561337447381522e-02 1.725564891012254520e-02 4.138225310637655419e-02
5.536537824416065678e-02 -1.586224685001147439e-01 -2.016765337120429713e-01
4.025343150528004621e-02 -9.592727577619541979e-02 1.523024907324044275e-01
-2.458111369884613540e-02 5.225640781175089344e-02 -2.403759713464548309e-02
1.384461629875378130e-01 -4.341037006194703451e-05 1.095566489988026859e-01
1.713131041211146677e-02 3.718808092509817698e-02 -3.961805637051385443e-01
1.619240398222715482e-02 5.467360986185831884e-03 3.251724020201463006e-02
7.002470529348020500e-02 7.899896910256193339e-02 8.702730268590408436e-02
5.532470477537354547e-03 2.069003504610586464e-01 -6.256179504940151404e-02
1.594685942955553770e-02 3.698863821942588448e-02 6.359233935473662669e-03
3.922418766199661788e-02 -3.168983373510766977e-02 -6.918690659609783022e-02
-4.837286263445883527e-02 1.683353001287858641e-02 -1.486243071033446217e-01
6.543855939193467253e-02 -8.706468836339631423e-03 -1.477325769776016706e-02
1.226755135115137341e-01 -1.261894389043333176e-01 5.294509690523652168e-02
-2.567784204703588147e-02 -5.443939861323865426e-02 2.956030684303612155e-02
5.084465599857670298e-02 -1.452880496804678789e-01 4.581425342982170523e-02
6.300975671229536168e-02 1.788677310607456050e-01 -1.021628085172276990e-01
-3.237406921308758068e-02 1.304091778765919529e-01 -2.449735077164055808e-01
3.035418917116006199e-02 9.986815879343091673e-02 -8.244131263173914981e-02
8.013870885845253422e-02 9.100348094742694016e-04 -1.488527143221384241e-01
1.297511185433991576e-02 3.059733729280478265e-02 -3.091965005779229170e-02
8.376344162603371890e-02 -8.754289473857035375e-02 -9.954720284215512471e-02
1.037008452159351446e-01 -8.761232254578410483e-02 -1.763885698816646252e-01
5.132956844801966900e-02 -6.695196299443784138e-02 -1.436640446698547180e-01
3.119097144644844555e-02 3.161348820579124030e-02 -7.525427104614690332e-02
2.567906332619523946e-02 -1.235354065935366230e-01 -2.099199678564884763e-01
4.015617346314337421e-04 8.966035865343569000e-02 2.113064133466568961e-04
4.456638218882021107e-02 2.442455626973318722e-02 -6.966627252855461805e-03
3.443685811183172518e-02 -6.448040496707990732e-02 -3.677474627265731044e-01
-1.470196146811553195e-02 1.785268390891492363e-02 -2.571158339437735751e-01
1.525690603469125051e-01 -9.931794243807809397e-02 -5.446795490812117446e-02
-3.633455665425802672e-02 -5.832547451410366457e-02 5.801787687709725194e-02
-6.692987616018705732e-03 1.668277059470654744e-02 2.746359680021659422e-02
1.343396869948796646e-01 -1.434555841648826324e-01 8.554875584023136081e-02
1.500701090096473456e-01 -6.136146366490197179e-02 -5.589847035940986864e-02
5.944346998635219315e-02 -3.854140198880984247e-02 -1.770824736599169169e-01
-1.461233067109007910e-02 -3.604376918248608508e-02 -8.907606173012894146e-03
1.123949347965551016e-01 2.599460230096362068e-02 3.026571166179792272e-02
4.602800639757087531e-02 2.436235940618735607e-01 -4.923569588641130146e-02
1.090564491177754836e-02 4.673525266012981683e-02 -6.438814916990431847e-02
5.674988348513546055e-02 -6.089266415554733802e-02 -3.614747873365353747e-03
8.831021851001130685e-02 8.163129145362324479e-03 6.613258114955278266e-02
-4.501556034148089525e-02 1.810327456731891105e-01 -2.049943479938671764e-01
2.512539596449192558e-02 1.362883622376831472e-02 -1.008878342269782236e-01
9.731238296514088670e-02 1.120731533724862450e-01 -7.453171823506110627e-02
4.207581597862591893e-02 -1.025066472741620327e-02 -1.224268454759667168e-01
-1.300956531827740514e-02 1.580221278368176829e-02 -5.131225822698282091e-02
3.745747397656773447e-02 -3.455090968373519811e-02 -4.784836694631022791e-02
8.857485472482617972e-02 9.878745684136891470e-02 -3.632860925320621215e-01
7.027261059850758995e-02 1.051583122369133538e-01 1.565003903406947394e-02
-3.706376057282534386e-02 8.809352238446699346e-03 -1.231005106819704764e-02
6.624022951019059580e-02 -5.778727349478385289e-02 -5.953211980587003183e-02
7.665636600836224501e-02 9.608599293127953467e-02 1.077764783891388412e-01
1.553503503702483302e-01 -9.695967931947849228e-02 6.630160057620182457e-03
-8.306034048508104117e-03 1.481191720411209611e-02 -8.329664998013308619e-02
3.914343263357875774e-02 -5.959767187216558071e-02 -4.521198126525183270e-03
6.697007635859816843e-02 -5.110480312019974325e-02 -1.151437302983537858e-02
-2.736271927013159133e-03 5.627802312015206532e-03 -1.991648389702116440e-02
8.559665460845250484e-02 1.539945967456965437e-01 -3.676707332316464516e-02
5.443906167926232387e-02 7.105472354973940696e-03 -2.147258385277228676e-02
1.852317132876385442e-02 5.126123336080790072e-02 -1.255418555492988641e-01
1.017794329006432852e-01 4.633125892243294963e-02 -9.115825214025508050e-02
3.145635691043791038e-02 -1.257628136653732298e-02 -4.378340946269243528e-02
7.493903556272740740e-02 1.002686738654201548e-01 -1.085891461609400643e-02
-3.706376057282534386e-02 8.809352238446699346e-03 -1.231005106819704764e-02
7.358489171662196959e-02 1.060796693971562399e-01 2.378536883596904516e-02
9.372547489876278948e-02 3.441890912236955646e-03 4.691077849277847100e-02
9.014056832765798832e-02 -6.282269544435470365e-02 1.143446996851940067e-01
5.488507667630607156e-02 9.144126140044173123e-03 2.222668552590811863e-02
8.048589509145803733e-02 2.839735071344084982e-02 -3.729685574306684792e-02
8.982672098310745534e-02 1.581765803441738394e-01 -7.547100552907237692e-02
3.115209020123299588e-03 3.129772441194667021e-01 1.162389287932050763e-01
6.549761084256228161e-02 -6.502877759236658228e-02 -1.793025835104772314e-01
1.255118805266267068e-01 -2.367358222442350613e-02 -2.299492134461156301e-01
3.735214410923981543e-02 -3.058458405564564719e-01 -2.912689869766859063e-01
7.020388006473665676e-02 2.833039939165038490e-02 -9.513021589025338898e-03
2.785958207993799451e-02 -8.788471889608773235e-02 -1.067575284113504441e-01
4.591858078391222731e-02 1.400918541186926825e-01 3.584188248735964422e-03
6.637492197834132801e-02 -8.900800976934852837e-03 -2.513013421564891381e-02
5.924285697737945167e-02 1.654600178674164868e-02 6.442545071569494297e-03
-2.066101238854467503e-02 -9.295453116188406861e-02 7.900527413106828156e-02
-2.039293711205408810e-02 -4.607776690867482206e-02 -1.650106193168552338e-01
-3.586053327990168516e-03 3.794917030182143325e-02 1.519409854836428764e-02
-4.688569212584881019e-02 7.232276408524052069e-02 8.936174595587731417e-02
-4.186303055374351878e-02 1.021614316008326862e-01 1.114781715806576479e-01
4.795895680757572554e-02 -6.990059407705295769e-02 -2.447654739054245798e-01
9.113105243088881480e-02 -2.864420727447825055e-02 -1.551497326661931409e-01
5.346012675073352760e-02 1.054578996406849156e-01 4.416889339898322220e-02
7.768054616523917266e-02 8.342175473349422443e-03 8.582594537410548341e-02
5.869966096500661701e-02 1.527553067150583255e-02 2.712554389058996485e-02
5.925598246502927768e-02 1.950392371174982653e-01 7.001143055162817319e-02
5.175040521408735827e-02 1.780889113718586714e-01 6.014382175282873000e-02
-1.465293064795147870e-04 6.646619355747973579e-02 -2.720906222222896353e-02
8.232294837876147353e-02 -6.780003781669541318e-03 -3.352432083177636635e-02
1.325133317096192087e-01 1.138413943314230403e-01 4.446190475908107231e-03
-1.045824476981596640e-02 -4.665126538401387357e-02 -7.097893597503945884e-02
-1.578402700936815117e-02 8.147323995639166316e-02 -3.018981207780828679e-01
2.293994671255361606e-02 8.696227372216069895e-02 -1.354177399960176942e-02
5.696975369516121823e-02 3.949590639845790285e-03 3.127793945859447255e-02
-6.203789233463541386e-03 -4.115585035785107593e-02 -1.406963997490739970e-01
3.278824444232830704e-03 -7.371626906250089428e-02 -4.866092742428640427e-02
-2.163584829848252955e-02 -5.693782434025360106e-02 -5.554336072044741002e-02
2.072563945088468085e-02 -5.037608649408173433e-02 -7.576270038844934440e-02
5.999249023516461943e-02 -6.154449851967877527e-02 -1.013752170540169750e-01
-2.459355603174750993e-02 1.226089982980441140e-02 -1.467780976943426907e-01
9.995983386562390383e-02 2.256949287375791258e-01 1.588446403316692290e-01
8.049367343436181210e-02 1.151007509547896657e-01 -4.321565963402251853e-02
3.888848297063851600e-02 1.361157752171380242e-01 2.300386783678898261e-02
-1.469705522064472802e-01 -1.345120102044337351e-01 -2.977219785404585650e-01
6.263593319734703235e-02 1.534349029918526397e-01 -5.155128117137852684e-02
1.022208067964495148e-01 1.632725404155696003e-01 -2.322622990997458281e-02
8.627022245203463946e-02 -9.530812975115476871e-02 -3.754040049250773059e-02
1.700759659102953347e-01 -5.641944017994227067e-03 1.137911513401907992e-01
1.235638103435635349e-01 1.430248515022881084e-01 -1.107193611656676069e-02
5.341698897695257298e-02 2.477765423421134372e-01 3.589722796004801708e-02
3.660971417737718392e-02 2.537907985392128252e-01 1.156860844741534056e-01
1.437521094549853995e-02 7.887972757918770839e-02 -5.288628865240507793e-03
5.180702356837196820e-02 9.839253616531484781e-02 2.574967259465332781e-02
-5.419001598676792542e-02 1.732610032043773729e-01 2.202889716551337251e-01
1.440633936820701066e-03 3.324785135055490226e-01 9.168306788688873610e-02
-5.958646305612874672e-02 5.977754700931486864e-02 -5.088408229768948132e-02
1.692455485918266112e-01 4.148689537025446183e-02 3.565436642863129002e-02
1.068591877852276273e-02 1.016030350427379325e-01 2.566726236093308522e-02
3.754511752497613486e-02 1.115352895374086550e-01 6.818428369077311757e-03
6.640403333387778773e-03 1.033303301345867009e-01 2.888502173070262025e-02
2.282759428791525380e-03 6.103226841879227926e-02 -6.453894824237638161e-03
7.728726908826177855e-02 1.930214253778155670e-02 3.889055276060537913e-02
-6.558764102748815272e-02 1.083325442112977044e-01 -1.696681261533874441e-01
4.998378132324954315e-03 7.384241143620440262e-02 6.254760998588348997e-03
-5.548238429038515607e-02 5.453088889825430385e-02 -1.161107642418288677e-01
-3.706376057282545489e-02 8.809352238446588323e-03 -1.231005106819704764e-02
7.217071940000963082e-02 -1.089314100570359933e-02 1.723889975036356770e-01
-4.147727648491372765e-02 6.926878121278803868e-02 -8.266487569313341055e-02
2.252573418740132782e-01 7.366514504525606410e-02 1.555071406123278432e-01
2.114446141709508398e-02 3.766427916260672859e-02 2.605688346048151693e-01
-3.712266653812412720e-03 5.764064018450598681e-02 3.607971372697971191e-02
6.349134368403330786e-02 -1.088705790266982776e-01 8.356117544539243269e-03
1.414756230156521966e-03 7.790069155161982728e-02 2.007599533766435407e-02
