4.566716384564633024e-01 -1.719723049558441241e+00 2.822987893034892837e-01
1.030095142310329254e-01 -1.542539897846213481e+00 -9.095717218988320918e-02
-7.732545247727597992e-01 -1.253057043716902519e-01 1.213611917446294070e-01
1.647012803163186545e+00 -3.440857210577891179e-01 -1.493579643517193301e+00
-1.063740270740297922e-01 1.009835368754977258e+00 3.335753264309023747e-01
-3.654346365584489748e-02 8.199983971570565799e-01 6.455945017146297316e-02
1.223769713047872187e+00 7.989303662955609120e-01 1.791111762367493254e-01
4.821390469377586641e-01 7.701997046172242012e-01 -7.441241893307124489e-01
1.594655319449620468e+00 -3.965160076265898670e-02 -1.117798758005854820e+00
1.605088499683673842e+00 -6.068204345409927702e-01 -4.441680842610872815e-01
-3.293408382731182749e-01 -1.252970728103033338e+00 1.103113517631599261e-01
7.032199604480043886e-01 1.417180751902406277e-01 -7.296120538829498070e-02
6.064055092665787683e-01 7.674200604029869366e-01 -2.343935756988438701e+00
3.646724270539039026e-01 -8.666716139203262115e-01 -1.206337058996352213e-01
-4.313999790664996836e-01 -8.718924379597816632e-01 -2.659261158174200390e-01
5.021552385870903246e-01 -2.513280186385465909e-01 9.000479579134822439e-01
1.146585313862088507e+00 -2.281052855298506821e-01 -1.678337520203952993e+00
-1.065142519187826764e+00 2.979040951628233458e-01 -4.369100516209592500e-01
9.357825223153878325e-01 1.010048787850457153e+00 1.930843829467047135e+00
-1.905225216761153861e+00 9.885322697711813877e-02 1.290841721958590815e+00
-9.139850613522101375e-01 -3.025797205731564077e-01 -4.065366392309640586e-01
1.444204907684865757e+00 -1.147161185099971892e+00 -1.371114698719787306e+00
2.737231435506835564e-01 6.751505787644359602e-01 -1.535885593817835904e-01
1.428914042812834406e+00 2.711101956714832006e-01 -1.053349816578517673e-01
1.194400565633616101e-01 -1.498351947339973345e+00 -1.175355618010204550e-01
1.124270347036828266e+00 -2.214009629922190914e-01 6.214066565003487641e-01
7.585877517105878987e-01 -2.517117591272354793e-01 7.282510159034769059e-02
-4.295385819270945427e-01 2.511119746712671130e-01 -7.115296254777125906e-01
1.593409613918892909e+00 -1.006026521108403515e-01 2.198819557843926908e+00
5.666714012119756783e-01 1.939828910800242223e+00 -7.243658529860879103e-01
-1.206896162147087059e+00 -1.177954668295601470e+00 -1.064777011340355628e+00
7.933298298332744358e-02 -3.982991018404259398e-01 -9.746107667474874781e-01
-1.105470817501570391e+00 1.480745376614195363e+00 7.056108998930376019e-01
-8.862058102219591005e-01 2.258211057322404569e-01 1.842429578654502242e-01
-6.373833135141298081e-03 -1.084143990949148151e+00 -7.689567638339991351e-01
9.400545986134661858e-01 6.979889429127918987e-01 7.176232619965379200e-01
4.649207058581159013e-02 4.931825074104000950e-01 -1.428042370385142146e+00
3.382409949950865996e-02 5.915472927501944644e-01 9.423422705042413527e-01
-1.864949362572087432e+00 1.952337502621094512e+00 3.776137732298435190e-01
-1.075279703650153351e+00 -9.694600656169904962e-01 -1.096648331831316048e+00
2.368551642746633767e+00 -4.173376096848045447e-01 1.998640242366056308e+00
1.224910491820798031e+00 1.201790366960668655e+00 1.036120386908280233e+00
