2.611857428091625688e-01 -1.977501131382015442e+00 6.083505495616647191e-02
1.262271225637972449e+00 -1.388794308118903587e-01 1.228429200970285073e+00
-2.732907726780957058e-01 9.975897536477978944e-01 -1.616148318528873307e-01
-5.267506369342586092e-01 -5.160008054144749057e-01 -2.175580844582636064e-01
-2.027198718713536518e+00 6.941550552712900946e-02 -1.209868389203596406e+00
2.162027586327858186e-02 -7.061936678662271705e-01 -1.848732330022929277e-02
6.152961734696751339e-01 6.242107510013433780e-01 1.149262976662750457e+00
-2.897340060968054409e-01 2.134251044993425439e-01 1.309169047795647023e+00
5.690895254355724520e-01 -1.557088308648530761e+00 1.828425033251631082e-01
3.313983615687753903e-01 4.359141836469608844e-01 1.405164335498157446e-01
-6.897801562636919348e-01 -7.465433627975953668e-01 -8.707256177347784121e-01
-6.495796261149687778e-01 -8.231573835486934998e-01 -3.804453283323969148e-01
5.001392917021920681e-01 6.215579429286806068e-01 -9.983285552414641328e-01
-1.938118399517257950e-01 2.231192479542476015e+00 -1.228352825827178085e-01
2.354378522182829947e+00 -1.832578657129884769e+00 -1.080599565330272460e+00
1.091160382198240741e+00 1.925960948648899607e-01 -1.528327599487776522e+00
7.676588904972563299e-01 -1.888947423085368893e+00 1.182801894107985835e-01
-2.052751869798139506e+00 2.863514662376973052e-01 -4.002103288226480093e-01
8.013402694796434300e-02 9.877419302958440062e-01 2.393633483983298449e-01
9.087985716386118296e-02 -1.368145351357573647e+00 6.900418403763679542e-01
1.161622368980596898e+00 -2.394081422094118949e-01 1.046324428436894216e+00
-3.433509175751399689e-01 -1.046593393359499746e+00 -5.669566959864197342e-01
-1.030523139092713647e+00 -6.817615023805563279e-01 -1.058760827945459893e+00
2.233227159703420561e+00 -2.748946074823939156e-01 3.820335463490055483e-01
8.553954570992877704e-02 -4.666942677925619010e-01 5.162608165993737286e-01
-1.071510474382407541e+00 1.097416928450483553e+00 -9.809043693693408894e-01
3.375185048112923969e+00 1.543926673529269822e+00 -1.408527794658331715e-02
9.151070300136744315e-03 -2.698152856518830078e-01 -1.752076003309072094e+00
4.448273753146436138e-01 6.351537084386970067e-01 1.205519652431303212e+00
5.849128812319244475e-02 2.364429361581095179e+00 3.163238675822897528e-01
-9.527603918659762749e-01 -1.178545509417727732e-01 -9.714816439513176416e-01
6.195495022651036354e-01 1.524573305213765828e-01 -8.104843030471362564e-01
-2.251076790493442115e+00 -1.357057492935769272e+00 -1.873930689896349699e+00
8.684008005253583962e-01 -5.880406428933661334e-02 -8.779027846881820585e-02
8.024165667985025951e-01 -1.274739076562826923e-01 -1.568782731271570308e+00
3.011691319330565483e-02 -1.632613715986414915e+00 1.397767721052675096e-03
2.159587231247178940e-01 -3.412271902342837171e-01 -2.921059125890498320e-01
-1.413541440111315550e+00 -1.531586785013089536e+00 -8.672347964642947993e-01
-4.939127851806266456e-01 -1.329188031228326849e+00 2.153386308939943816e-01
-1.100128358069422801e-01 -4.367547459786433883e-01 5.826330931460630413e-01
3.755648366249764170e-01 -1.065796605995910223e-01 -2.378210020475659103e+00
9.356308287159532666e-01 -9.671876161457821919e-01 8.010840569082140761e-02
