1.662853678645109579e+00 5.705441568938469654e-01 7.279849788233416774e-01
-5.305185331443033059e-01 -6.447413729749780498e-02 -1.430674087462447952e-01
-8.115572685638727801e-01 -8.274122888785762076e-01 -6.979443281082241546e-01
-1.010819588694448656e+00 -8.253277508369469273e-02 1.631310236921439172e+00
-4.120683120487387829e-01 -4.551380540075950637e-02 -9.791189907111395030e-01
1.244335435434073434e+00 6.604983097762302802e-02 -1.234193492946844994e+00
6.098514026642642971e-01 -5.600841418641230307e-01 -9.279677553356205921e-01
-8.410427656203866009e-01 5.224404360595377161e-01 -4.398527979930129672e-01
7.935602474638885073e-02 -4.121383589652042878e-01 1.308643252956389835e+00
1.762583768850129740e-01 1.021178909021740244e+00 3.465865237117834452e-01
-8.612863188107805490e-01 -5.831890487404440826e-01 7.539844295033477917e-02
1.182912364489922430e+00 -8.642344187921447984e-01 -1.682433685720145511e-01
-5.789714084351482715e-01 4.035159043045835614e-02 -2.715525525924171735e-01
9.078663786633041077e-01 1.198036846711531878e+00 -1.784421484829013638e+00
-1.226206096146850028e-01 5.815539830539895316e-01 -5.575731924877453949e-01
-7.202435934237152448e-01 1.004321502394549981e+00 -4.383819651914599436e-01
1.292046381895587182e+00 1.582817793459982081e+00 -9.441051590122063741e-01
6.802778572152035075e-01 5.618188762786241464e-01 -6.520306652179309603e-01
-7.142311681223302289e-01 -2.012691877080662994e+00 1.289578679576212084e+00
1.140959639731426778e+00 1.879771770032348854e+00 1.460027056887353458e+00
-1.012173778074279204e-02 -1.078197167298408532e+00 -1.439184670667148058e+00
-4.516633010025395967e-01 -1.205741867201185702e+00 -1.662577185788586265e+00
-1.791751224436769263e+00 -2.800967337075905769e-02 1.447439656216093606e+00
4.002161828421783168e-02 1.212682373001916225e-01 9.523641845547957396e-03
-1.494292371166353606e+00 8.836063314896821508e-01 1.502241546386433035e-01
-8.419615628402976615e-01 2.360470708615383550e+00 -1.033267883065455361e+00
-9.616488897183237405e-01 -6.668504241080123185e-01 -3.899815375931249828e-01
-1.521937615545485845e-01 -1.067807234557403673e+00 2.579740138737928734e-01
-3.065246254646511459e-01 3.319051499951310158e-02 7.320787573472495868e-01
-6.160815617450836612e-01 -8.854251678525868474e-01 8.786967622192182192e-01
-1.801256426077037232e-02 -1.294965228826856274e+00 7.684729705784717479e-01
3.382051360114796679e-01 -1.308758629478899094e+00 8.704945534767542792e-02
7.836102695927908354e-03 -3.906350449401508884e-01 -6.786115135831753964e-01
6.746279225963329740e-01 -2.167235121170502099e-01 -6.498298463408104242e-01
-1.062394822387389359e+00 -3.989382077000214882e-02 4.625608602460390406e-01
-1.484525346534610435e+00 5.111896328830538572e-01 1.878027699236040626e-01
-2.211588017961273245e+00 -1.000398152445498706e-01 3.597993362281810548e-01
-1.369661510869699228e+00 -3.602832668326072518e-01 1.476650575409796273e+00
4.235099448504455605e-02 4.357430844927388525e-01 1.311409575709762354e+00
4.242059632771824074e-01 -4.255343748149282290e-01 -1.051085855958098669e+00
-2.648443193826721109e-01 3.402104438379418005e-01 -1.289832383308469055e-01
2.548359851268215681e-02 3.433765488198289306e-01 5.651576282016843589e-01
-1.792614354539147359e-01 7.400560056017031485e-01 8.154830035020969037e-01
-2.799341190667103962e+00 1.102682903078795601e-01 -1.134394610390815350e+00
-5.127792250139404651e-01 6.962838117354976097e-02 -2.303654308251053884e+00
2.455878510237440027e-01 -1.052860116422114523e+00 2.758041685392977893e-01
-4.213569737630601386e-01 6.364452814011402060e-01 -1.408695146952113397e+00
1.305161296554153250e+00 1.264757419075693390e+00 1.267800650966453002e+00
-1.678023081267330019e+00 -8.347685688775980939e-01 1.671013495597630794e-01
9.267056376255731198e-01 -7.296565344405057107e-01 -1.478131320040180219e-01
-1.318455109885853682e+00 7.118130617487947731e-01 1.889268373725256633e-01
-5.274511937425176503e-03 4.959263683378482557e-01 5.486090515827041214e-01
1.931844406790618474e-01 -1.526188885656715399e+00 3.964938202460551175e-01
2.394767378420470383e-01 4.596831051026085690e-01 4.249939983159687351e-01
1.401590743356408986e+00 6.246094385089615564e-01 1.239614732798997920e+00
-5.308122578891651955e-01 1.198263821169736759e-01 1.212748889359229088e+00
-6.193012625271555605e-01 -1.676953570555215212e-01 -1.266123764783494421e+00
-1.764141015772715537e+00 2.266342867270354500e-01 6.930657091859727670e-01
-5.316417482143150908e-01 -2.255851404071010258e+00 6.407453192787636587e-01
-3.207849444073812561e-01 -3.839316038470749204e-01 -3.348190236255796925e-01
-7.438695255570569875e-01 9.037469226492864660e-01 5.269325218154241597e-01
8.553559334238293177e-01 -2.850271152192071500e-01 1.527738017134236681e-01
-8.044556180260686862e-01 -3.337377987008356972e-01 2.332711951659504068e-01
-1.400352181427295895e+00 -1.390507329711883511e+00 4.105909588239359254e-01
5.012361472471415190e-03 1.327711060746092686e+00 6.083142993008634480e-01
-5.873114732812215744e-01 -1.385261046069241886e-01 -3.149681965933005534e-01
-7.480971264221186745e-01 -1.161839827934325386e+00 -1.533740028947150558e+00
1.815833798515214870e+00 1.102093865636085024e+00 -2.512304794564313992e-01
1.315105659826100615e+00 3.674856191363596314e-01 -1.707952502912931103e-01
9.113115002640348461e-01 6.029000348218537253e-01 -1.616012096038914603e+00
-3.958213852791623300e-01 2.281857014469065970e+00 1.358650500263699712e+00
6.946548368423288711e-01 -1.282605405467632576e+00 1.187376430472503852e+00
8.892888232934895165e-02 -7.336411366530458666e-01 3.250400025168593832e-01
-1.248920229951354238e-01 -1.305790979698972842e+00 -1.121907395684889064e+00
-2.216008247807483081e-02 5.228397032163728531e-01 -8.931427571560134060e-02
5.933854326439442772e-01 2.778275045788186626e-01 3.878074947685852814e-01
-1.509605240146706162e+00 -2.224307417752619198e+00 -1.482628185969099066e+00
3.086222689277295372e-01 1.378057645280662769e+00 -6.110005398819153694e-02
8.048776241902285689e-01 -1.110271259304101310e+00 1.693886933515458271e-01
-3.794763448979854292e-01 -2.264689681613704764e+00 -1.883281661794782513e+00
-1.440062325991035230e+00 -8.736529017849200551e-01 4.595355754007617866e-01
1.014079946294454304e+00 -7.170953591084975980e-03 -2.432577392765568280e+00
1.159412903812507167e+00 -8.228735835531436615e-01 -1.984158297786842440e-01
1.075951474396907193e+00 -3.681475276292155985e-01 -7.817383738012974037e-01
-1.390881969587224987e+00 -1.605797391183608092e+00 -2.991070101164020389e+00
6.855470739355862264e-01 7.869224810222507083e-01 -7.784811065596739521e-01
5.392237882253901882e-01 2.076979215276045121e+00 -1.629284891352978937e-01
-2.613753843177326619e-01 2.048575015411817635e+00 3.881896993190095402e-01
-2.692243490061807076e+00 -2.267137923896343832e+00 -2.047398450491145994e+00
7.417777498050701634e-01 -2.404676657667327022e-01 2.797524972737290838e-01
9.898813325069456825e-02 -8.189468338790978352e-01 6.942835967291147714e-01
2.051048840439208210e+00 -4.092299475535374209e-01 -4.341515518444666322e-01
6.056316036836741912e-01 5.949236618967516099e-01 -1.652997822394377744e-02
-9.993261107709003888e-01 -1.959783789969789636e+00 -5.786525380394540452e-01
8.136108472657063717e-02 -3.390184482011073808e-01 -3.341832802450593887e-01
3.798856032347587286e-01 8.544806625780905218e-01 1.704523610714065163e-01
-7.850067064973733633e-01 -1.097046856028787598e+00 5.150307332166348395e-01
6.694553274954230249e-01 -1.228734881409512480e+00 -1.178843507493578802e+00
-4.456789934079324889e-01 -1.365639694308162788e-01 1.977078520094521119e+00
3.805486316735507413e-01 1.159377875660786650e+00 -3.613413627715525989e-01
-9.984985893444994765e-02 -4.849004669202813811e-01 -1.125241106705350269e+00
7.210682545836958335e-01 -6.044560055573577895e-01 -2.575435273134278447e+00
2.537690014472226419e-01 1.985644617901307085e-01 1.424643226059734147e+00
-2.257861162212821959e+00 8.128982371012337671e-01 4.642875404428096209e-01
-8.609917233964716754e-01 1.696908602210825401e-01 1.723831051340640741e-01
-5.986741963989747339e-02 -6.622811489923899897e-01 1.066248568365249394e+00
1.382467590913661448e+00 -2.891329681942085283e-01 5.357103991728635606e-01
-1.304455998572823239e+00 7.991037335612136694e-01 1.513330180409030001e+00
-6.180079015155376387e-01 1.269207071833673428e+00 2.323105751242794170e+00
-3.334768648619006903e+00 9.837570622540496856e-01 -3.683648913631976801e-02
4.175305371309483982e-01 1.726792288808315812e+00 1.113731439023875280e+00
-1.075371239502039167e+00 -1.120255581166613584e-01 -1.284482481722912572e+00
-1.980262400553419594e-02 6.878446227589851691e-01 -9.638733841635980237e-01
4.995539164233853691e-01 -3.759204137874979090e-01 -5.292050901671177532e-02
7.805420681752395229e-01 1.703103621171586923e-01 1.902790136558583358e-03
1.608479223525323132e+00 7.798242431305781042e-02 2.993916309672224885e-01
-2.894657930856043282e-01 1.979088189764823369e+00 3.927018396481914420e-01
3.738805243858620564e-01 -6.181797683850521752e-01 -7.769760202606444677e-02
3.379087359277110347e-01 1.343450421089957603e+00 -1.096598693878979985e-01
2.641487280956490991e-01 1.485690854398624250e+00 8.168570929344224352e-01
-9.970044919092212188e-02 -7.408182646944103666e-01 -1.812098575884482365e-01
7.101605665050346738e-01 -1.922644575090511898e+00 7.670060591206311340e-01
1.304656442321522336e+00 -8.117571142589021793e-01 -1.031379845223328040e+00
1.101777343856755964e+00 -4.919509997207945351e-01 1.978625931106635649e+00
4.852934584844980082e-01 1.294047947146953037e+00 -6.750152306213350606e-01
-3.710238316577879059e-01 8.677276389664017042e-01 -5.716838372258283840e-01
5.951102404345856023e-01 -7.606109911333808205e-01 -1.061562633849142540e-01
2.717882480006545975e-01 -2.139528422994025902e+00 -1.150576423903365980e-01
2.208533224106445647e-01 1.832413611606110493e+00 1.925874932480822421e+00
1.752573348274510945e-01 1.009833397624665674e-01 -1.101172304114042877e+00
2.565457564512518829e-01 1.425165382603515773e+00 1.127545712013565238e+00
5.367797213725505889e-01 -2.301624810861842452e+00 5.218269806823760959e-01
-1.374424065851913346e+00 5.013028379974604487e-02 1.340428050160421103e+00
1.461793965752034685e+00 6.517018790965514174e-01 1.060878837014890275e+00
-4.507161824098028791e-01 -2.204962317918533365e+00 -1.900264911893078112e+00
-2.371553020621584573e-01 -1.062984589972862493e+00 -1.854838384952091079e-01
1.942277087341146014e-01 -8.776778090311265768e-01 -5.559240493441350850e-01
7.731984338810845570e-01 1.116046028275128610e-01 1.249051639270982589e-01
-7.570980502418463987e-01 -2.038071233533323312e+00 1.290879227259043249e+00
1.128400698663578394e+00 -1.080809774348613139e+00 -3.886943975134630191e-01
-1.758075952516708673e+00 1.199867311518329815e+00 8.055311635500375100e-01
-1.392363058685384347e+00 -7.910614643364773935e-01 -9.733672148136798263e-01
5.991663660611106224e-01 -1.018850045639690505e+00 -6.807259370067734183e-01
-1.456003466851587269e-01 -8.008075773694977029e-01 1.916400391643970025e+00
-1.649032235591406215e+00 -2.338715258442205513e-01 8.480859542554838315e-01
8.841240674735058036e-01 2.045948633926528260e+00 -3.164915929061674071e-01
-2.198224347480407292e+00 -1.519460277065147302e+00 -8.300189384218076283e-01
8.360511099338373553e-01 3.890663419511950494e-01 1.201289823693731454e-02
8.118517664139376366e-01 -3.303509372749372508e-01 -3.351337417348052572e-01
2.176509283628469849e+00 -1.118122981535051519e+00 -1.189361004624787332e+00
-1.440818510337304126e+00 -1.418297654839346444e+00 8.749968511096521961e-01
-5.341715871397093585e-01 1.437024876496376002e+00 9.653492790581957861e-02
-6.420555981981328486e-01 3.162498634100645023e-01 -9.970757118546388353e-01
-5.193225537942376402e-01 1.414743484630938131e+00 -1.431934967425994243e+00
-1.066392010600836215e-01 -1.603236306380456444e+00 -1.283242608747916735e+00
-9.814811382235516524e-01 1.876263207614127015e+00 1.181924846165376630e+00
8.726148921946141890e-02 7.180400809575449017e-01 -1.603975353809559579e+00
3.674421797337306533e-02 1.019655728020810864e-01 1.159094742035185144e+00
1.017203826268320066e+00 -8.279743804510591998e-02 1.199289510814755433e+00
-3.618554670052564481e-01 -7.718035555175530860e-01 2.377036875012482342e-02
-4.122398339224891961e-01 -6.861548584332682887e-01 2.486287969260317643e-01
3.085958906317221584e-01 -8.895008331511869981e-01 -2.029225693775575101e-01
