1.583174764220223807e+01 -2.549441008338369485e+01 -5.966618357895931563e-03
-1.581256544517859197e+01 -2.549209902447994125e+01 3.439786197586810340e-02
1.580131502671205368e+01 2.545273751365243697e+01 4.436064511128070403e-03
-1.589603477953633615e+01 2.560452912545234838e+01 5.864491631002102454e-03
2.533718274414689664e-02 1.651980188344811395e+01 -4.971679644090707484e+01
7.639911464918588101e-03 -1.650074609367812073e+01 -4.971817474362284628e+01
7.749120185371982487e-03 1.637857123611014742e+01 4.929848875729439328e+01
5.909682830682072910e-03 -1.646522380775232719e+01 4.964819461110701582e+01
-2.612381963215236524e+01 8.945848852593224487e-03 2.903631951675443190e+01
-2.608415011037117281e+01 -4.229480982231590205e-03 -2.896013975188934708e+01
2.618712841984046591e+01 1.698090227194517035e-02 2.916070079387799652e+01
2.615534025254267902e+01 -2.975375570011556947e-02 -2.914115447535669645e+01
6.786541857066943559e-03 -2.982582208495835374e+01 1.699139408577358956e-02
-1.362438036520760044e-02 2.982435714171993624e+01 1.202159951536051034e-02
9.480709430454218989e+00 2.485065875555366688e+01 -2.708669665752383082e+01
-9.490741380848120912e+00 2.487881651910038983e+01 -2.714131202038063861e+01
9.496155025599819055e+00 -2.484971923976683783e+01 -2.713748817390496626e+01
-9.477160875817338237e+00 -2.486027803700244121e+01 -2.716360930131875051e+01
6.084585713878904768e-03 -3.538430231617690699e-03 -5.778312679560449538e+01
9.460176362190606980e+00 2.486702355981946155e+01 2.709934123261978556e+01
-9.469592827652776990e+00 2.487214396247352610e+01 2.717068492374502853e+01
9.506712549992618833e+00 -2.486670644984312517e+01 2.710049082233895490e+01
-9.464413959317372615e+00 -2.490545873147612710e+01 2.729633354482430363e+01
-4.734015175464529462e-03 1.002539399686485505e-02 5.732250185924902297e+01
-2.447479192733127462e+01 -1.507618326508482021e+01 1.533378419720948393e+01
-2.462855229102323307e+01 1.520428121911245611e+01 1.547251886943238119e+01
-1.572939031948379629e+01 9.741810498325289558e+00 4.668979983840269909e+01
-1.570805332041969216e+01 -9.759191418733973222e+00 4.639415295168221576e+01
-2.448457536858796146e+01 -1.509329977289616309e+01 -1.539864740889709260e+01
-2.458139928797351104e+01 1.516088164979817421e+01 -1.542235488539347266e+01
-1.571630347214955137e+01 9.777627304262084706e+00 -4.648959025870536976e+01
-1.569426621105873743e+01 -9.763980010822141509e+00 -4.632507421709270545e+01
-3.017602140282983214e+01 1.243714833520880719e-02 2.058423169923683307e-02
2.462426870555123415e+01 -1.517043995652269217e+01 1.543291878678995666e+01
2.462522994451900260e+01 1.515526784907902424e+01 1.545435136426439726e+01
1.569597664714907381e+01 9.737774511849050185e+00 4.647732439117353920e+01
1.572921457858230276e+01 -9.788475060165010788e+00 4.667491029313112705e+01
2.458939001690855619e+01 -1.514751657922700190e+01 -1.541147887827829521e+01
2.452579621362970386e+01 1.510295740943769793e+01 -1.537518342945140759e+01
1.575469719120398260e+01 9.804052467720348218e+00 -4.659917418782297460e+01
1.568975466402761754e+01 -9.753155185435806729e+00 -4.626337601413305833e+01
3.018003944893901647e+01 -1.914718110619475014e-02 -1.669938762347696407e-02
