6.049747975901107466e-01 -1.561180502060915076e+00 -2.308995661728339699e-01
1.632760800683045410e+00 -2.163409604931054719e+00 6.094681769504228797e-01
-7.875048209703493229e-02 -8.768915274721403308e-02 -1.429437466594114747e+00
2.491886527510445148e+00 4.902324274189306941e-01 2.250976255265122017e+00
-6.145291736104442348e-01 1.391954651194910575e+00 -2.140707048316985883e+00
7.702595547640014306e-01 -8.470911607278834854e-01 -1.035240405682503195e-01
-9.889271303107783906e-01 4.156089016474182607e-01 1.586874960296078996e+00
-1.905257777945775111e+00 5.079661055902661149e-01 -9.695509892773657157e-01
8.544817803025981373e-01 -4.174180294968418692e-01 6.214418636739152957e-01
-1.045087740022215161e+00 1.997765261534282522e-01 -1.811307841619232084e+00
-8.107107596745674050e-01 5.377443360632293556e-01 -7.733619905435540343e-01
1.883345626856756105e+00 -2.272897658049277958e-01 -3.002365808871080288e-01
-1.366867271194389888e+00 6.045305343803773074e-02 8.962460396967664167e-01
9.388677400102145576e-01 -4.884991996022035043e-01 2.159241206755560527e-01
3.523103250740046710e-01 2.820271191718234927e-01 1.676731016707799782e-01
-4.679144960572720890e-01 8.598219041899789472e-01 9.991520612658428835e-01
4.180066836489494952e-01 -1.389700271538148790e+00 1.010721348802789965e+00
-2.520584907595819768e+00 -3.914948231120138900e-01 -1.298694154005116896e+00
-9.857362880540015970e-01 -6.738653980898809959e-01 1.864411239962138644e+00
-1.523301948259349892e-01 -1.703566378092173705e+00 5.848190665062878990e-01
1.533136026924134088e+00 1.160792400005496328e+00 4.402874581551013272e-02
3.812251238843160639e-01 2.421681120956524325e+00 -6.736291113408496845e-01
7.394646996595080068e-01 1.513442317653520552e+00 -6.132393267319604657e-01
7.793404461527998484e-01 3.111938513637073633e-01 -2.380333384658098739e-01
-5.007923995837908482e-01 1.318235437692005796e-01 -5.641437350171691900e-01
-4.552113995180749606e-02 -1.600364960240654222e+00 1.926035106682525422e-01
4.241554913047313469e-01 2.077033427239224905e-01 1.917936146060068847e-01
-8.407254984174481471e-01 4.875665876695344653e-02 9.282159801429555879e-01
1.076777248153501620e+00 7.222298268424881540e-01 3.673596998762142518e-01
5.021977886867866614e-01 -1.212779739744884955e+00 -6.792403434293592390e-01
-1.334153961923803422e+00 1.702283635627172442e+00 8.153131559714792420e-01
-2.080424432421170700e+00 -1.779854876890765158e+00 1.147079736751732026e+00
1.699819594301777981e-01 -2.573502220335757359e-02 1.527408026459625257e+00
-9.018102218456078845e-01 1.167418515144893684e-02 -1.154892280702100704e+00
-1.687543460238646598e-01 -8.011351458868255504e-01 1.249616768531322183e-02
-1.335062718311064822e+00 7.332733701581206631e-02 -5.760467439272510815e-01
-2.414181499982095414e+00 -6.398063574725042502e-01 -9.138709194925734858e-01
6.010419443219743307e-01 1.409570592806058675e+00 4.584388374626248708e-01
5.353069064589395243e-01 7.666253084519287775e-01 -1.044094927294360708e+00
1.417262392544427874e+00 -1.318425756523096126e-01 -3.373946653305571197e-01
-1.652476122350411136e-01 -1.143002398677391174e+00 6.413618837634083025e-01
-2.798457602591581939e+00 7.976769149444580265e-01 -2.688625055381235196e-01
6.583581111644649930e-02 2.616201216162844512e-01 -1.700404503529601707e-01
1.075880682379941611e-01 1.452579606170208704e-01 1.744394136838801401e+00
-2.839367453305090994e+00 -3.888575276030630246e-01 -8.051999491516063090e-01
1.774167605305114970e+00 -3.835327407976026337e-01 -2.129247746412028963e+00
5.447094565064276583e-01 1.350233341116771291e+00 8.408850361141804175e-01
4.864257002077640446e-01 8.537279254358801639e-01 1.315999874465514641e-01
2.683296029363021695e+00 5.198964828535891369e-01 -3.384624113452567862e-01
-3.526196575215301832e-01 -1.924810115587372583e-01 9.665611165540943794e-01
2.641700808408949386e-01 6.648802310571784169e-01 3.942567865710766561e-01
7.273183321884966190e-01 4.725418569754299414e-01 -1.532489003294405627e+00
5.061708062619066917e-01 -2.361616981351833122e-01 -9.481586572673361690e-02
-8.496591577539928108e-01 -5.658248938411609107e-03 3.648289919631290679e-01
-8.419806125114481787e-01 3.658134928967977650e-01 -3.631897112990625232e-01
5.373435356561800935e-01 -1.721749875819614806e-01 1.496766521108517101e-01
3.302861991443096779e-01 -9.488925245065563674e-01 -1.364174625879398250e-01
-5.739480927967067769e-01 7.036852844198063783e-01 -7.576247238581629295e-01
-1.664438270838255185e-01 -6.674443361037979416e-01 -8.419360853476088868e-01
-3.357269041131609177e-01 1.388135329159323472e+00 5.044886350673681852e-01
-5.294483897954226359e-01 -3.096377700927167798e+00 1.779977711302084042e+00
1.627441924134061857e+00 6.259028737324221492e-01 -4.834279726870808341e-02
-1.926809514704354243e+00 1.011304677008587172e+00 -2.074380344992599934e+00
7.664324920935923213e-01 -1.084284253244705232e+00 -1.522441961675596200e+00
8.457841915836746827e-01 -3.450728831390305062e-01 6.642989639370315835e-01
1.176647751290827770e+00 -2.207819966159868752e+00 2.565229564097827986e+00
-7.643823438412871152e-01 -1.199655614979183937e+00 1.526476650396595830e-02
3.165563085197889981e-01 1.150232518552799066e+00 -2.742652138789711813e-01
-8.668627670337591962e-01 1.459023881987380200e+00 -1.288985092215830353e+00
-1.604537610527886626e-01 3.223487280600237925e-01 6.620362169341784120e-02
-1.955927158994544612e+00 -8.089932695789573414e-01 -6.590742157157919445e-01
-1.335215348541398672e+00 -8.895506453888337717e-01 3.072784623564853157e-01
2.236544084174393543e+00 -1.772017198450795084e+00 1.473961755294846132e-01
-4.374203147256616742e-01 -5.987264409317505365e-01 3.348216613661734054e-03
1.437479283918761119e+00 -2.484950634918052348e+00 -5.847212438029637527e-01
-1.382253074813335481e+00 -7.040712416243911642e-01 -3.018582346352037815e-01
-1.326184677612529228e+00 -3.228843763625666163e-01 2.252436171158978429e+00
1.002316082264687491e+00 -9.120102082753759332e-01 -2.263780909932230356e-01
1.157275199794322917e+00 2.031031255928476831e-01 -7.168509758616872785e-02
-2.605767374869088826e+00 -9.323461846980566348e-01 -1.445545837429028369e-01
1.009778506122016584e+00 -6.426872112838346585e-01 6.316210840190690234e-01
-1.531031538460041919e+00 -7.223128579153538231e-01 1.140091568275587719e-01
-1.462397452866450953e+00 3.146607315234221658e-01 -2.097448255995498112e+00
1.610631598300213685e-01 -1.202827076768105519e+00 1.130283374559567545e-02
-3.614280063890853434e-01 3.707214656965451272e-01 7.076669753449844613e-01
1.989758518223752048e+00 1.386758910431400427e+00 2.988048259602946177e-01
1.209994950100816036e+00 -1.023928438351101811e+00 -1.421725926924396477e+00
-5.634871119225287606e-01 6.931624622799752444e-01 3.543218178325264200e-01
-2.157082169446297826e+00 8.277430514684401830e-01 -1.417686286161938591e+00
-1.239418680949735174e+00 9.466444265505428168e-01 2.260983202424330929e-01
1.977086521790886176e-01 -1.412074387979072032e+00 -6.437048999623895540e-01
6.441187922633408169e-02 -8.803193723747498867e-01 5.052222906638282884e-01
7.477167834249808243e-01 -1.552293484438741267e+00 -9.827517637785294635e-01
1.436413696368940895e+00 3.112418278345471245e-01 1.056550773710188684e+00
1.601591676616442583e-01 -1.334873374952538549e+00 3.207776150207940491e-01
-1.953027658094943775e-01 -4.066106671574447606e-01 -7.049681306826641736e-01
4.496452328667052134e-01 2.125415170692481315e+00 -1.868513120150947726e+00
-9.182477771617403306e-01 -6.458547868753732324e-01 9.433960637393248305e-01
1.824200494256471350e+00 2.727913767968423442e-01 -1.293215862416863260e+00
-6.280302293384830703e-01 1.940178132747948092e-01 1.383971739754260133e+00
-1.286897101346047734e+00 7.938058472109559283e-01 -1.923567643001484972e+00
-1.160380200234683246e+00 2.098627522829293213e+00 -2.353971422027906879e+00
-1.148949243674988629e+00 2.057759998810172686e+00 -7.911121878108956507e-01
-9.460708122759743377e-01 9.899505289777025263e-01 4.509822153095142117e-01
2.648821181744251074e+00 1.434003752190595504e+00 8.246395725715651714e-01
6.797142384768561918e-02 1.264295101868349036e+00 3.872766856541655645e-01
1.742289475180715808e-01 -2.192030860974556183e-01 1.124479597848397905e+00
-6.986115461607661503e-01 3.061071898655156054e-01 -1.623916002408951620e+00
4.030391343216921385e-01 -1.597202170838420532e+00 -1.489125101763061565e+00
1.024252903301272166e+00 -8.545841810483409962e-01 3.108838006623512173e-01
1.175401495012806663e+00 1.568925604551352881e+00 -6.948537882366558893e-01
-2.873871073441443547e-01 -2.078268185756869113e-01 -1.673159985720406695e+00
-1.088405766022707333e+00 1.057256325570597788e+00 4.600818282060048503e-01
1.448100108389344998e+00 1.277967047091088437e+00 2.552839038629909130e+00
-9.744859744182158279e-01 8.017478849475753733e-02 1.589322721969077534e+00
3.573195787755308328e-01 3.173852399800076718e-01 1.960217163394912254e-01
1.072931046013666734e+00 3.289181972850170887e-01 1.795726968399412149e+00
6.773927811378470665e-01 4.795791899289992416e-02 -3.995298464216283096e-01
6.963708223905579198e-01 1.541778683922495397e+00 -6.451525332602306984e-01
-8.836680582936334849e-01 6.886896737000269830e-01 -9.663869717541506699e-02
-4.384653395182133151e-01 1.478769633171760578e+00 2.338048733307259708e-01
-1.474552709131619066e+00 9.774443079225418884e-01 1.668245796183364105e+00
8.536641060158498551e-01 -7.965757848628509663e-01 8.152010914847923617e-02
-6.756951688301915393e-01 -1.930816813929707720e+00 2.505453741366730491e-01
1.425930215506436283e-01 3.750993369676527966e-01 1.163503397887794888e+00
-4.525447127999598917e-02 1.017971717039337226e-01 -1.242574638607460313e+00
-6.031655651545856367e-01 1.450083556995518386e+00 -5.334721241167118544e-01
-5.016559925127392905e-01 -1.261668357061461743e+00 -6.548310280449638476e-01
6.655812418095453653e-01 8.492663732737636417e-01 -3.946916049582607222e-01
1.658850140908052218e-01 6.092728686799488980e-01 -1.659335208936446149e+00
-9.810188040374873131e-02 -1.795424919811265285e+00 1.207504334799662793e+00
1.860520470785810732e+00 1.656256834230993791e+00 3.399329935399307556e-02
-1.686625194320418575e-01 2.853479387142850987e-01 5.842979055945363154e-01
2.048204126182709139e-01 -1.115085164128273965e+00 -1.821229116937668868e+00
1.802338869917250230e+00 -6.133634009593930125e-01 -6.459891154016674797e-01
-6.274501394937633814e-01 5.379283495251832026e-01 7.376152957613654193e-01
8.306636995212229868e-01 -7.012998529962345406e-01 -4.615777526090231730e-01
6.275882029551133057e-01 1.330881177897095036e+00 1.886260795154168335e+00
-2.536626246169940146e-02 5.032617363950615541e-01 2.101802884758262824e+00
1.275471396541245195e+00 -1.022417818657761712e+00 -8.750777617418955545e-01
-2.280252198552951970e-01 -4.948845791042651432e-01 -2.333411968802497238e+00
1.784974561286602590e+00 2.250997223095550392e+00 -9.756326566839654268e-02
1.504465415873492251e+00 6.908567472803855969e-01 -8.001254773589732139e-01
-3.615735636664279551e-01 -8.505076728446979706e-01 1.150466135417361202e-01
-1.045104414414569326e-03 -1.247735810385528360e-01 -9.483301034508829774e-01
-5.051831555582533273e-01 1.802054706194606004e-01 4.705589758979699874e-03
-6.668854418057101885e-02 2.238736243801191239e-01 -2.113234110966090151e-01
2.871682160759423952e-01 -1.227730687067682069e+00 1.051150780335525337e+00
-4.547050168089613043e-01 2.402590433678613788e-02 -6.829436153635126683e-01
7.347499396652478199e-01 -2.130215971049569806e-02 4.611969827180962822e-01
-8.327812855264968839e-01 1.117495642909790199e+00 1.140099012602460382e+00
-5.881718078545340456e-01 -6.770973350918585432e-02 5.277688914050292501e-01
-6.989632741928607507e-01 -5.095413252654831249e-01 -4.290175672856576528e-01
-8.637972974359323652e-01 -3.641955578403268112e-01 2.785905989436647801e-01
7.905500781039802305e-02 -3.024978985035658430e-01 -1.042542485394451157e+00
1.642475186552836419e+00 4.245707258838665177e-01 7.507056664501019494e-01
5.053496077376926632e-01 -5.155087537802419684e-01 8.871091485918236597e-01
6.284915990072268421e-01 1.315480092006889423e+00 1.352799812022112746e+00
-1.223623149628502160e+00 -4.079587630759173300e-01 1.841516082032683466e+00
-1.827041358702901963e+00 -7.805359507599001212e-01 -1.202924295566343726e+00
8.705111795791025120e-01 1.818856985912977453e-01 -6.810774858325769898e-01
-3.195743197516607292e-01 -6.938962117638263205e-01 3.307045922781833014e-02
-1.726097273733417647e-01 1.269891037810924717e+00 -1.421708553648177498e+00
1.441930267808540223e-01 6.220357194520165223e-01 1.021863070930796757e+00
-2.187597684429239686e-01 -7.903744480010477247e-01 -1.685465457665890732e+00
-9.241734349896334466e-01 2.754548743399236055e-01 -3.175311420261465734e-01
1.801623764105737102e+00 8.439126219823908093e-01 1.155536965680449141e-01
-1.103226549660611511e+00 1.639529592634112909e+00 -8.600145668327641157e-01
8.068773266082510665e-01 -2.845355816114864544e-01 2.377637459992209754e-02
-4.924794441252558497e-01 8.452853854172132086e-01 6.447866815914344851e-01
-5.216181767486389731e-01 5.686310749391508823e-01 -1.805940444794652988e+00
-9.358188184055853398e-01 6.915944839285790291e-01 1.090147169918437020e-01
-6.601154092730565637e-02 -1.684554136572109950e+00 2.987938293952855928e-01
-9.804815355083301709e-01 1.246696544852399363e-01 9.800062742300026386e-01
-2.677629408036707459e-01 -9.343053131449863269e-02 1.214492469680227976e-01
2.030855045136938375e-01 9.866013788970514620e-01 -8.059329944797281042e-01
-1.946314532208649750e-01 -1.551102422614751175e+00 1.876670659301641897e-01
1.311938351799401437e+00 -1.308432858790296249e+00 1.388279115018713039e+00
-2.711862425365068607e-01 -1.114289906741720682e+00 -9.840864737660559580e-01
-1.076595730940199669e+00 -2.676952993725299490e-01 -4.240850476267405966e-01
1.838576754420144344e+00 1.303461649035989600e-01 1.981702541815214824e-01
-8.160722122842089393e-03 3.161927544146669322e-01 -2.052184301128270327e-01
-7.772361945336471178e-01 -1.391726421420862170e-01 -1.438054662856071086e+00
-7.468267313871572721e-01 -6.590251530488480114e-01 -2.634107733511456217e+00
-1.080658824842035015e+00 2.500847753352541392e-01 5.892896295576048882e-01
3.220504274438499848e-01 2.146777776649519964e-01 -1.977083414456109189e-01
-2.115642629024833798e+00 -2.274251930665302179e+00 -9.259394618437784275e-02
3.644160593104609491e-01 2.164689169753505560e+00 -4.353111165024723395e-01
-1.065442294295600112e+00 1.327232299930273696e+00 3.457939356140326548e-01
-5.292634468207166876e-01 -5.893841745130208309e-01 -1.931778909450430071e-01
6.837680389826973348e-01 2.130688722408481173e+00 -1.034649833222847981e+00
1.343524772129624845e+00 6.479015749692131065e-02 -7.782826126203310491e-01
8.729020150031470138e-01 -1.522630356561004983e-01 -7.923959625372724025e-01
7.895905004965770857e-01 9.808192393456957592e-02 4.711649023679579940e-01
-3.268926292987613391e-01 1.900250162411342703e-01 9.324788029589917704e-01
-2.797551389483881601e-01 -1.062647251881537191e-01 1.244740248368711860e-01
6.377511220971853190e-01 4.830893650577502973e-01 4.844627578280848446e-01
-1.679973974131308001e+00 8.078352201052853010e-01 1.476075095527376257e+00
-2.412482312846857546e-01 3.926970324435786197e-01 -2.234306379014999455e-01
-1.121201974526287337e+00 1.491469346178790456e+00 -4.490040340662693752e-01
-1.304861463759710904e+00 9.591787453945301856e-01 4.175188666570264773e-01
1.932320759299398727e+00 -8.206515018100245529e-01 1.155641609515959178e+00
-1.293324511151684009e+00 -3.066143978678474435e-01 -1.128362812273689508e+00
-1.133757214711603872e-01 -1.371559159782388626e+00 1.422354069126412046e+00
-5.541489525266233285e-01 -1.089325725679360923e+00 2.472827338753527948e-01
-4.449732348034197704e-01 -1.209365120543416161e+00 1.321519046983767876e+00
1.151001495965252863e-01 -1.359028075809216585e+00 -1.519984127542024499e-01
-5.845583857091193325e-01 1.258369911002600317e+00 -1.191079334986990396e-01
3.143567705481572494e-01 5.083577775358764095e-01 3.362875201440762574e-01
4.013829341001192708e-01 7.950372709370234769e-01 -1.533320582641834795e+00
-8.430356291492350218e-01 8.866556671040232152e-01 4.506911469619659938e-01
1.720573430815056093e-01 -2.838203200508943036e-01 7.072182068038378455e-01
1.670371191894145235e-01 6.154977147671005788e-01 -3.750762041602087593e-01
-9.608010436740741511e-01 2.421017459727381915e+00 -5.957030574405542955e-01
5.252741418119656336e-01 -6.167221320596030232e-01 -1.744222633761925545e+00
-4.907003889352916370e-02 -4.215123431551986988e-01 -3.744670330821291970e-01
-2.243960872037436272e-01 -7.439522516490197634e-02 -1.570323945503068405e-02
5.718441106946299257e-01 6.663630108790787876e-01 -1.246488290939666621e+00
-7.072053324945934416e-02 -6.451127580737111566e-01 -7.122288824903691973e-01
-7.836417076537635085e-01 -2.554083310665765882e+00 -2.450639353458111958e-01
8.775781216052662703e-01 -9.695150949887521019e-01 2.871794829411593031e-01
9.338192608835014230e-01 2.365749527431659088e-02 -1.620384262043834234e+00
-3.721172320501366926e+00 1.196635891149322867e-01 1.436378166828447212e+00
2.528140975453355033e+00 -9.366749257197899414e-01 -5.552689677256479606e-02
2.859318980473238292e-01 6.214083149281779406e-01 -1.360240310135526043e+00
-1.948245367985484977e+00 -1.440532146454981843e+00 -1.238169001309423756e+00
-1.532412588190218194e+00 1.195153880340540375e+00 2.778202893333728829e-01
-4.095890382526462536e-01 1.123254305205196424e+00 -4.930985268352223727e-01
5.829552507398904071e-01 3.672434087648856482e-01 -2.323533545516829779e+00
1.169214864230238016e+00 1.007497736809010558e+00 -1.018589919924981935e+00
-7.005576812406499876e-01 -9.211112583285619992e-01 -9.124949312443151328e-01
-7.306495474734145956e-01 7.458537179996831135e-02 1.336861434570808749e+00
-1.304442021421576810e-03 -1.229680808319482344e+00 -1.832655678259246024e+00
6.334474635277647092e-01 -2.520457840235922065e-02 6.105306697127586002e-01
-1.270803548153700835e-01 1.388609830609193851e+00 -1.359752304480098262e-01
6.720007984918644484e-01 4.999669941188055189e-01 -1.878698711963147971e+00
-7.269951943380204007e-01 -2.589131815001432524e-01 -1.152663032485610417e+00
1.026463601215906074e+00 1.556324626838669456e+00 -1.125049049729219541e-02
1.742579034607546706e+00 4.939635744965575337e-01 7.848460531231279402e-01
-7.062441341880076884e-01 -6.566510198448066715e-01 -5.398315859590486765e-01
-1.133894382385705280e+00 -4.032949417592138763e-01 -1.705234281605147562e+00
-1.380417500178106049e-01 -3.814894262917941647e-01 1.005066986420296793e+00
1.565225654678106482e+00 9.699885857774952491e-01 4.718403795434049086e-01
-1.499812289553140054e+00 3.091369819822044063e-01 5.302599316302405441e-01
2.131414571728735829e+00 6.196029968491629791e-01 4.068253610989046032e-01
-7.704240293565581821e-01 7.290896649765261639e-01 -5.914048276663328441e-01
1.008876066505084879e+00 -5.855375471919829211e-01 2.644911275702736125e-02
1.000132989627751767e+00 7.400645831858002621e-01 1.753858442895627867e+00
5.341257300070816755e-02 -5.387004883597065058e-02 2.921951791454334479e+00
3.652182493477915681e-01 -3.132607971094630850e-01 9.967569931203260625e-01
3.600378533502867490e-02 4.097788479776145465e-01 1.840289888856418976e+00
-5.705328653937776773e-01 -7.067340817679270693e-01 -1.516719500358903572e+00
5.758418931466519064e-01 -2.671452393846444284e+00 -2.139673068595546457e-01
-3.001127277322730991e-01 1.399312790834043918e+00 -1.931703028491423280e-01
-1.488038953021569577e-01 -1.003872790635972567e+00 1.329546085720129556e+00
-7.318910304793738719e-01 1.636076175101523367e+00 -1.457471203967356244e-01
1.862738246955977894e+00 -1.010867996732303542e+00 3.938129907574771105e-01
-1.121419809069908347e+00 -7.923560087234134963e-01 -1.546137895194190648e+00
-5.293519508289560305e-01 1.349536872117692576e-01 5.934870592559502445e-01
-2.133392032192787113e-01 -7.231725639059612964e-01 4.763653892167220016e-01
-1.182648547152553409e+00 4.613166529745441058e-01 1.909311269618630680e-01
1.953184077473318625e-01 9.605102011637705051e-01 1.526206062648258088e+00
1.552221695235961874e-01 9.348001602529402154e-01 -5.471826208885752219e-02
-5.131299329392764452e-01 5.176473551955708130e-01 -2.754930015606008586e-01
-1.409857103909985865e+00 1.221089638514337494e+00 5.531630755952954281e-01
8.851534844956424064e-02 5.514613714951727141e-01 -9.854025269300676904e-01
3.130588256074319231e-01 1.322597102730958429e+00 4.906892887850615725e-01
7.082518903982156777e-01 -1.886318456282409795e+00 -8.557979215750260993e-01
8.410352813692394125e-02 5.247355280098228159e-01 -1.331431447572533955e+00
-1.069008430570549395e+00 1.263796545718411934e+00 9.559463110506826178e-01
-1.591853143104135504e-01 9.053131207047513396e-01 -1.369068644298385040e+00
5.753496391960646328e-01 9.037754894857106258e-01 5.440316376477251081e-01
-4.565770037387117952e-01 1.844557628815076677e+00 -3.045229836324387374e-01
8.778676371077607232e-01 1.731939920455723536e+00 1.335706638201728635e+00
1.503073227810885371e+00 -9.597066513871372884e-01 -5.739477536076152964e-01
3.841027642921858165e-01 1.614896864225509043e-01 1.014712406393803334e+00
3.023978824541381227e-01 -8.613501202685189817e-01 -1.524995684574841581e+00
-5.408831863191414929e-02 -1.256806821490358939e+00 1.022322191937017788e+00
1.283974932551829706e+00 -1.090921595270314404e+00 -1.428759298465969996e-01
-1.215566537561479254e+00 4.652831168404105572e-02 5.215619901735837338e-01
-7.241106712190321648e-01 -6.994648710791940838e-01 -1.945035415104362064e+00
7.109787455563133518e-01 -3.589016254338512485e-02 9.847647878736105476e-01
7.011023239123891360e-01 -6.345756024260348904e-02 -5.523764155208364945e-01
9.866112248140660457e-01 1.844531094234086899e+00 -1.870532524814188635e+00
4.125781878524387714e-01 -1.167861779242408637e+00 1.894345369013050062e+00
-5.977719792945367372e-01 -2.033856912520148330e-01 1.593604919746036686e+00
-1.425900239615312870e+00 2.101766497144368639e-01 1.433794787514908853e+00
-2.541975447505419594e-01 1.227107476229848393e+00 1.326922469374332669e+00
5.016510918211264380e-01 -1.806580826861979849e+00 -1.455213180343117418e+00
-1.617500563614117370e-02 -2.231433315295082487e+00 -7.091127637794147898e-01
6.765209976868619135e-01 3.402739791528590629e-01 -1.297140846907901768e+00
-1.334708086904135352e-02 -8.346198139175092789e-01 2.758496531930263451e+00
-7.373078463395956739e-01 -2.623748468415363355e+00 1.804220073903626265e+00
-9.199168933299005368e-02 -1.702474307868296233e+00 -3.721405126156214771e-01
-4.854568612900050928e-01 8.711059251868875919e-02 1.932955099884538508e-01
-9.159415016545884303e-01 -8.145052458635905213e-01 -1.451872131362258178e-01
5.054899891532703693e-01 -2.854989506453812220e-01 -5.492400677818306542e-01
1.923082421260144059e+00 7.408163831880639760e-01 1.887782209073165240e-01
-8.654795384877322917e-01 9.030970449080671925e-02 -2.952722839893549556e-01
8.887870507249471252e-01 -1.574972118015678657e-01 4.772239101657657634e-01
3.494863065195039867e-03 -1.145554745228402282e+00 -1.625606914008068671e-01
5.592814754446088221e-01 -1.917676712461227270e-02 2.655858410470553488e-01
-2.516102045902836037e-01 1.170846088684669217e+00 1.204985494840349336e+00
5.914293562376685687e-01 -3.219470788167206332e-01 -5.858895437883814283e-01
-6.186722466154437328e-01 5.779191846573914493e-01 -4.133681100718382684e-01
-1.372740684312665937e+00 -1.629212373050261897e+00 1.010671259791307897e+00
-1.337926705944601224e-01 -3.862398890291671161e-01 -1.290087402868856703e+00
1.029630971273024220e-01 -5.055531610068596526e-01 9.291178538346855920e-01
-7.555230491603220910e-01 -1.273981925392880576e+00 -1.275788217415259274e+00
1.011144588758071672e+00 8.381175784915244620e-01 -3.198565857632341969e-02
4.783198412441960756e-01 -1.277643518984396542e-01 -4.574873300814371047e-01
1.147274423581416292e+00 -9.797792047880983235e-01 4.623850281742044044e-01
-5.040028827250906396e-01 -4.873089642040231428e-01 9.862986941990294909e-01
-9.809705870999037292e-02 7.444973090032397378e-01 4.091937845432771503e-01
6.514627261697889526e-01 8.296892897192545413e-02 3.927741971586196645e-01
7.765001219711353819e-01 -9.095667668422595040e-03 7.317060552603843471e-01
1.350247511101048348e+00 -5.867549136602695503e-01 -9.379266129843957245e-01
1.294014699375800825e+00 1.774637393253030382e+00 -1.068300930969931090e-01
-5.432897978576355369e-01 -6.652497577446208066e-01 2.578039075078520259e+00
7.229019182383102926e-01 -8.282813166437104080e-01 5.362174598804106962e-01
-1.313594638811486970e+00 -8.782723959666045577e-01 -5.593333773727945379e-01
1.515352388526749916e+00 7.469388512727064278e-01 -7.117425959252172696e-01
4.604809265357556192e-01 -4.029116782753076054e-01 1.439203483662848226e+00
-1.479135055727178072e+00 1.395376287875024213e+00 7.808705352948469569e-01
1.947107837265570129e+00 2.248464966873670701e+00 -5.320670822702989744e-01
-1.982954811260403627e+00 1.483079034939605689e+00 2.873720886823169507e-01
6.253002870528837631e-01 -1.193192145724610187e+00 -3.947935782040268848e-01
3.488473194540874789e-01 1.322565729444967197e-01 1.086229374570758965e+00
1.746212819527238391e+00 6.625688658834345823e-02 -4.094895444314633481e-01
6.808015222850494208e-02 -4.338734537098586919e-01 -5.537102967763135597e-01
6.185629492003373586e-02 -1.218673892037645867e+00 -2.083632526279480812e-01
-9.544099742328965297e-01 1.289625481337747681e+00 2.929962976350956178e-02
2.902601585979248444e+00 2.233156812291626991e+00 -2.183611401676150213e-02
1.605280613322920491e+00 2.925097307931277868e+00 1.281780305654257601e+00
-3.478203843470957235e-01 -1.297526393796969435e-01 1.000571223078448702e+00
4.970112982161326576e-01 1.142937115687004734e+00 4.182887871569901939e-01
1.342929508749858003e-01 -4.072219824980562175e-02 7.018698338102827838e-01
7.938400408014832932e-01 -1.173740329008982064e+00 -6.286585215748516919e-01
1.259423542501468818e+00 1.503319152614548626e+00 6.565584611751887900e-01
6.251490078734376343e-01 -6.373166305431247070e-01 1.680275596156275197e+00
-8.958089904900975453e-01 4.581678757788882339e-01 -1.105956229260379592e-01
1.212107118196541489e-01 -4.071781324661743473e-01 8.160782169280745846e-01
-2.432327954458124442e+00 2.712681148440476697e-01 3.029585617898227223e-01
4.738132855648268249e-01 -1.820768636963490783e+00 3.209522143655101772e-02
-1.311998852962708684e+00 -6.023406072753140911e-02 -6.004643215525266031e-01
1.063521799156729175e+00 -1.109328748790295860e+00 -8.808282817624897565e-02
8.868784149443094122e-01 -3.029937255549183459e-02 -1.257832067522409725e+00
-4.077500862975186879e-01 -1.081947693076308559e+00 -6.540738219160864286e-01
1.147393150596197842e+00 7.171620533568534572e-01 6.720575816849519990e-01
1.561805512444852440e+00 -1.755041864422896003e-01 -2.669642099015021586e-01
-1.300801370250619593e+00 5.555505610138639083e-02 1.576000201213586527e+00
1.850724346629360473e-01 4.980093296694142885e-03 3.204572854764117795e-01
-1.083879808334366812e+00 -3.391565639303988910e-01 -4.897650992620490307e-01
4.892804733413015916e-01 3.561461992065349108e-02 3.318981977153666330e-02
3.912739974421534095e-01 -1.522906902378366345e+00 -2.079196412144736772e-01
-1.215414782548867256e+00 -9.954532866084455645e-01 -1.144819882205919681e+00
-1.524248387713767361e+00 3.076325122601119566e-01 9.879746547245851218e-01
-8.058091192923464430e-01 2.731959142904405446e-01 -4.240558174595133734e-01
4.334479514823704749e-01 3.414545765393829369e-01 1.311910217554658198e-01
5.336762241684664954e-01 -8.701443882117212425e-01 -2.748410407540123890e-01
7.635607245100863028e-02 5.599399139015823756e-01 1.395485739797459823e+00
4.951267771555118991e-01 -2.071352543945001123e+00 1.681313661888473865e+00
1.453318791678056776e+00 -5.415520554791097840e-01 1.056932729963682288e-01
-1.315936592411853789e+00 5.162184836064737103e-01 -6.188760797868255725e-01
5.768379905162347443e-01 1.425118210175635669e+00 7.866335598436597909e-01
5.110066795736342149e-01 -2.854009061257042346e-01 -8.307495163072127209e-01
2.053363146667726458e+00 7.805624179854545597e-01 3.736856223594507975e-01
-8.629737957975589513e-01 -2.948422455183970503e-01 -2.471123956800143073e-01
-3.010131039186814683e-01 -5.031432818064701662e-01 -4.206916386496760141e-01
1.182940905429937573e+00 -4.222023229519321075e-01 3.957360787369621491e-01
-1.368285748782147371e+00 -2.556594474486261426e+00 -5.786431416914656900e-01
8.038309331058990370e-01 5.432156977117974517e-01 -5.346888771914639626e-01
-2.462420196336302311e-02 7.189084861709539309e-01 6.082263174188911048e-01
-1.034525919723809695e+00 1.130292580953345116e-01 2.323887110434861847e-01
-9.858113832806867372e-01 -9.870420662242709864e-02 1.387244386221211379e+00
-1.152618073263582815e-01 3.815233520535212253e-01 4.241306627511394201e-01
-8.092935644841010578e-01 -7.770547888616802235e-01 -9.462644513893456732e-01
-3.991722461857860615e-01 -7.505615403566830990e-01 -1.258768183087064729e+00
-7.388947997048956884e-01 1.290388223210896301e+00 3.085773691201339486e-01
2.024572144562188480e+00 8.102217449435951402e-02 -1.206968880771227770e+00
1.318144584736263614e+00 -6.714335439641528902e-01 1.364755971711219429e+00
-2.867787338462287061e-01 8.725794533998717517e-01 -2.073349240053225517e-01
-1.847259259286962996e+00 5.634408411674192152e-01 8.101309756323010758e-01
4.923519422482755536e-01 -1.376169178591181375e+00 -3.845130467531104324e-01
1.041562311458149814e+00 8.441420579537914359e-02 -7.037743453359639467e-01
3.752026133512309514e-01 -2.267893351124992130e-01 4.192277308466701435e-01
1.100164472095317425e+00 -1.600670462582420295e-01 7.066309779658734580e-02
2.090127363236609526e+00 -7.951785844150528471e-01 -2.993340430265045704e-01
7.807788473971621901e-01 -1.453488959803084013e+00 -1.857339498409270151e+00
7.339691684694568674e-02 5.459709788746046621e-01 8.314805245361096553e-01
-1.454562503725977396e-01 -1.892177151024790671e+00 -1.943267905847030796e+00
-1.260111323217738111e+00 -3.535878614387106267e-01 9.347286030057113670e-01
-1.387778943553973576e+00 9.755788446437000383e-01 -5.542869020266772973e-01
-1.305798969081835015e+00 -4.117538248339839280e-01 1.236327592493023930e+00
-3.585413819184095074e-01 -1.204608564455473596e+00 -4.397472409157813789e-01
6.817650998610297330e-01 4.857475183433075383e-01 1.110436403010496287e+00
-8.428869116991404009e-02 -1.172412434657858826e+00 6.698880085581647714e-01
-1.097360227148987510e+00 -1.538332479885412996e+00 8.588086039168378871e-01
-1.453510422732247509e+00 -8.335406316275025818e-01 6.125943570068715927e-01
2.317635876271753048e+00 2.530650277649277302e-01 -1.269616452971817910e+00
1.005759858999999645e+00 -6.369206130101653374e-01 3.118152104380623735e-01
8.701229985396621291e-01 -6.918091292368525602e-01 9.865397106589913756e-01
1.451698814695712825e+00 1.565483948799375469e+00 8.767476165926009479e-02
1.155249389279262129e+00 4.529271313881401695e-01 5.768604859231739601e-01
1.293142644018017817e+00 -3.094325647245459998e-01 1.396567172581007821e+00
2.625879256431777262e-02 -6.233386957180179211e-01 -5.551738453853618527e-01
-6.001017335139992026e-01 8.616520069399846715e-01 7.973473223819937949e-01
-1.085342018879970949e+00 -7.617791160810374329e-01 2.521420501416629656e-01
-1.924900884947926272e-01 2.065407094625545170e+00 1.199770957997796719e-02
1.003976663166832095e+00 3.549422288175189677e-01 3.021886119513183533e-01
6.464521426160679818e-01 -6.046955795716527637e-01 -3.668511819474389868e-01
4.350220934261040950e-01 -1.864140086221427239e+00 -2.077762649003916717e+00
2.826511847030067637e-01 3.615919201919900461e-01 1.872703896506149546e+00
1.933949240585735474e+00 -5.188595576000687437e-01 -3.767834244090930151e-01
1.409842471350324367e-01 -1.764737418009245384e-01 1.758298196097847488e-01
2.294208027809679695e+00 8.192661979487109170e-02 1.490615437964906809e+00
1.516645477609158410e-01 -1.885962011730040189e+00 -1.300577565242206357e-01
2.123439677372473522e+00 5.547661912232605408e-01 -1.321731505520004580e-03
-2.183362661705912366e-01 1.745373196592067133e+00 5.870808047091000681e-01
-3.349896125803629721e-01 3.151019106300265160e-02 -4.905984760995513727e-01
-2.642293278877638207e-01 -3.663867721595385762e-01 -3.582504846675170773e-01
8.760470339087379488e-01 5.380716940845631235e-01 -1.690413835052966718e+00
1.387751206996612197e-01 -2.555130323952600757e-01 8.098905970592643611e-01
-3.870505975540688981e-02 9.684241464788150289e-01 -1.232877728354471403e+00
-1.251654706246087434e+00 1.111598057627438907e+00 1.061953268890670099e+00
-4.528921309399612793e-01 -1.320520745878979607e+00 -1.075612597887252608e+00
-5.983059437231368349e-01 -5.978339642740354565e-01 -2.272375876116681237e-01
2.592158857462500410e-01 3.503157335848658960e-01 -5.918678332392330876e-01
5.633226413859299120e-01 -3.425841418076397971e-01 -3.463785061810467081e-01
8.124016797525002165e-01 4.324514338979473238e-01 2.687533881885461051e-01
1.396324228526210520e+00 -8.815545172689892572e-02 1.894509052852042241e-01
8.564343092401520696e-01 1.720168518618580555e-01 -5.209339980929453828e-01
-1.280805391526742998e+00 2.359802886001062250e-01 1.131014232896579097e+00
-1.417842241241048962e+00 1.324011950911427427e+00 -8.369990779863160091e-01
2.600208944083510332e+00 -1.812233298492982314e+00 1.677680295483690298e-01
7.733226351191970771e-01 4.317288119238738564e-01 1.362299222999272308e+00
1.501252190536232600e+00 -1.498562147101707431e+00 -5.166644062906772250e-01
1.100319836993855604e+00 -6.641671634911817668e-01 1.975569003954519509e+00
1.964815930074748973e+00 -3.397322568556461753e-01 6.418609667512948924e-01
1.510479585251097712e+00 2.147769716285758135e-01 -9.302669108876232551e-01
8.031067822714355042e-01 1.345795267913851845e-01 7.114571540933617433e-01
-2.421084946239288049e-01 2.016380640277874559e+00 2.407735274083318000e-01
-1.219324379397435931e-01 -1.979614292027431555e+00 1.318874461791891051e+00
-2.352493058876702348e-01 -2.788453430368284525e-01 -9.945651180808613712e-02
1.735037453943492292e+00 -5.997025710254707542e-01 -1.296030957775709425e+00
-3.785072754022990038e-01 -9.914886318326692205e-01 -3.430042009735665420e-01
-5.256001478667424731e-01 4.674452684296026006e-01 -1.390702061684009339e+00
-9.006657996880248485e-01 -1.646111952848588356e+00 9.270559472681014768e-01
5.993527596614817154e-01 -1.322459184478152583e+00 1.221537155152638610e+00
-7.191400157972872575e-01 1.139524150779705813e+00 -2.487571489638635280e-01
1.021531779671425388e+00 -8.117552069360756128e-01 -2.950164134533275750e-01
4.568219795130560312e-01 -3.927550359057498386e-01 -7.258974603548731253e-01
-1.072698220561688620e+00 8.188793144254592482e-01 -1.709337215168099888e+00
-5.453029994879384779e-01 1.406207113655086660e+00 2.348336610478013231e+00
-1.058357616836647530e+00 1.932863561625188797e+00 8.015286574330388047e-01
5.126584705069208159e-01 2.007878401452812267e-01 1.418890203559988406e+00
-1.345538174520476193e+00 2.165856138929510288e-01 3.127657861474468226e-01
-1.404995409010672824e-01 1.075107965846932245e+00 5.602986962096057066e-01
-1.703307781329153281e+00 -7.089740268144433255e-01 6.520333733095322604e-01
7.188587444884139144e-01 -4.981016808449064692e-01 -6.310066467149073599e-01
8.810679582895303286e-01 9.467770644563837656e-01 -9.710164830163011684e-01
9.619372336588249972e-01 1.740597924288338483e+00 -1.172070591690207220e+00
-5.427083624069124479e-01 1.491091923226390836e-01 1.377039862408852879e-02
-1.326577955343837711e+00 -3.253522510649651256e-01 -3.206856100920595143e+00
-1.764382067777167662e-01 -6.592372997509023946e-01 7.226134125903297400e-01
6.676374825231220500e-01 2.857295279380584474e-01 -1.357714252543982481e+00
-1.339903140595602560e+00 -6.160939367731707028e-01 -1.334289532151231805e+00
7.528058044229135604e-01 1.264674850024427866e-01 8.419547301222650437e-02
8.101952157779069852e-01 -2.134716518173282451e-01 1.128504724170298124e+00
-2.853483044040024952e-01 1.710045566527053973e+00 1.367328094114204751e+00
-3.176507655087389831e-02 -4.655364412644424355e-01 -7.435838811965020945e-01
4.116513832984057264e-01 3.766457606053957297e-01 3.383956004794033690e-01
-1.770555672187545504e+00 1.617517654227208945e+00 -4.294129897919105598e-01
1.466610516154075894e+00 -1.371042592904743396e+00 -1.015737768787385448e-01
2.427056978241983742e-01 1.370105275736177297e-01 -1.264962861518874160e+00
-1.148845905644158227e+00 -7.937430078968411573e-01 1.176068604784426208e+00
4.853069853543276468e-01 7.954857590420931490e-02 -9.216041406299328997e-01
-8.677047840597281736e-01 -6.205664958581375013e-01 -1.189773488425753589e+00
1.315627026939227839e+00 1.264238126907402393e-01 -1.193998081514728860e+00
1.002798297699147634e+00 -9.036080426756798456e-01 1.679730367642368050e-01
4.825659747451290227e-01 4.459491948052601296e-01 2.951555069144496390e-01
-6.626910742852863967e-01 -1.041300074895444627e+00 6.231687954651553563e-01
8.350072870852004447e-01 3.967674922259379899e-01 -4.915877108238381199e-01
-1.402810506964803083e-01 1.507168935905648155e+00 -1.918013132071223203e-01
7.061827655419398164e-01 -8.105851873894949211e-01 3.638207980796786534e-01
5.192354320555672142e-01 8.453135877627253603e-01 4.741648785632136820e-02
-1.957038460905335064e+00 5.729849935084682100e-01 5.688464334929691502e-01
5.389273263112625001e-01 -8.344847757181890202e-01 1.656627388686215285e+00
5.059547370480558248e-01 9.302490839279533574e-01 2.988148620472104722e-01
6.036695421580801080e-02 -4.324928181123461335e-01 -2.550190352999921473e-01
4.062743152588477735e-01 7.354457571868489030e-01 8.113908201714979673e-02
-6.984737328363567199e-01 -2.737276069296182279e-01 -7.488213079304126829e-01
7.334181486322461918e-01 -1.804775557187921819e+00 -1.077475367071521362e+00
-1.017265930615273595e+00 -7.033356787483709960e-01 1.167385339737666561e+00
-7.758373947312434682e-01 6.726264413789482255e-01 -1.545132020981036636e+00
-1.036307212626238483e+00 9.469524078211401241e-02 -1.769393541097085798e+00
-1.367537695431783940e+00 8.258509265132611965e-01 -2.967194709706311162e+00
-7.139853200268768407e-03 7.972350165239010522e-01 6.116296713504394411e-01
1.213269680602808709e+00 8.383326649055220514e-01 -1.422102787515470805e-02
7.156891745646072334e-01 -1.335172061563691948e+00 -3.446240553997892420e-01
-3.182066008833094317e-01 6.273707432447548360e-01 -8.269027165892246511e-01
4.977921667301520303e-01 2.265863927734014793e-01 5.962259631940945992e-01
-2.381129915948347886e+00 9.626363061958791434e-01 2.432833599329156105e-01
-3.215134296650874746e-02 -9.860943577235651292e-01 2.780498671977878478e-01
-3.214274391859874291e-01 -9.576032525026816344e-01 2.878108340361361872e+00
1.280588002910025391e+00 -7.212804840707782716e-01 -1.776541118829535026e+00
1.738120216279652075e+00 5.278227733299670765e-01 -1.711656182126075398e+00
-8.243858632908362960e-01 1.826712591241226091e+00 -2.505532516354085359e-01
-1.213588856329561372e+00 -3.881549995608552517e-01 1.179750964970182725e+00
1.457640469863193511e+00 3.536676764249986338e-01 -8.837333640712852212e-01
6.681944964323393021e-01 -4.920074113793169723e-01 4.413471119419629107e-01
8.697029959194588211e-02 1.227947658774434653e-01 4.404908330523507609e-01
-2.700018844984936606e-01 1.330029752878772786e+00 -1.225073531125282056e+00
7.584790874794778981e-01 6.347090367237619157e-02 4.161885982024697284e-01
-1.569634873401960062e+00 1.204992673893458432e+00 -8.360608045827460089e-01
1.392717893493543135e+00 4.753946517228720969e-01 -1.160396308694999101e+00
-1.823090603109696950e+00 5.518742091550995488e-01 -5.881459388604984850e-01
-1.134928062719368302e+00 -3.815619352272305864e-01 -1.655928955788914747e+00
5.148961785932121282e-01 5.644811422479797947e-02 7.593778327674620410e-02
6.814241887548803112e-01 2.572565017820855338e-01 1.965116517466927171e+00
3.315281871504861533e-01 2.208501846032926916e-02 9.182100423249153209e-01
3.269178915873169333e-01 3.380274636711341762e-01 -5.430098387909485305e-03
-1.792068703182745359e-01 -1.197939594840250033e+00 1.956932531656420116e+00
4.246869538692995549e-01 1.933932009887338488e+00 -3.236732784406407548e-01
-1.360917349107186591e-01 -6.021954390158521520e-01 6.275258155578327113e-01
-3.369314388905951807e-01 -1.053037268068168331e+00 -2.340687445452813154e-02
2.689678648562036575e-03 1.345754812896086561e+00 -3.301252972864239799e-01
-2.531679982467602841e-01 -2.244883651218856802e+00 -1.338484514454481300e-01
5.189961060695544859e-01 4.184616660540761424e-01 1.475768274724057028e+00
9.248716481812908619e-01 2.240724094825750634e-01 -7.484955180360135518e-01
4.378964635197302724e-01 9.409502325823178026e-01 -6.417016230793878284e-01
-1.601057266908186172e+00 -9.859680066052625147e-01 -1.492935405705452911e+00
1.857308066084523424e-01 5.473293329079532699e-01 6.534850445321235268e-01
-8.211310040394651510e-01 -1.013528238671250525e+00 2.230028914591594968e-01
-6.305223325305465698e-01 -8.726310039808530261e-01 -3.460047925646453915e-01
-2.408911427612787370e-01 2.580369604150801743e-01 7.736296743656385644e-01
5.928575055595051158e-01 1.064267920142296209e+00 -2.610849904420178280e-01
-2.023270432052308096e-02 -1.548877142565264542e+00 -8.890648973086197338e-02
7.071506417539257239e-01 -3.421157204918686551e-02 -1.976342897767057738e-01
6.909616453260304381e-01 1.948850187973194537e+00 -1.637680013067288332e-01
2.115688671463634707e-01 -6.681006895949752611e-01 1.230438395753920666e+00
1.574915041048160269e+00 -3.618122858413019283e-01 -2.858269709572002978e-02
-1.133279747508578073e+00 6.765025797087024229e-01 8.997926316168307626e-01
1.019192911174226390e+00 9.645428859425581036e-02 6.611814267618004726e-02
1.462178615488695543e+00 -1.268018676912564813e-01 1.925700417174475709e-01
4.365153026482728182e-01 -6.952352515118914722e-01 6.501461784744694272e-02
-3.268640425099413327e-01 -9.248258050146102027e-01 5.024418364112095414e-01
-4.137257100867505755e-01 1.115016338999554879e+00 5.729977863324078324e-01
4.424385562397205041e-01 -1.203898156663627983e+00 8.546039894446566532e-02
-7.267169609712622602e-01 1.879779425058898390e-01 2.624610224196542996e-01
-4.790122543585292880e-01 -6.832940489711994969e-01 -2.112619384842644443e+00
-3.302859040887274333e-01 -1.358565582187026610e+00 -4.487626795438465210e-01
1.311585528698145042e+00 2.347661447583878347e-01 -1.564382114941403890e+00
1.389954141942606469e+00 7.386207678622700445e-01 -3.573023486773689861e-01
5.389481370425627249e-01 -1.364878399313270707e+00 4.963425837887173175e-01
9.387159571997033547e-01 -5.194529296385537176e-01 3.116206729409836118e-01
-8.417573490607570263e-02 -1.494356803527451039e+00 -2.926807603692169191e-01
9.606820740329119479e-01 -1.417028574570466937e+00 -1.558333507677553298e+00
2.981532079942771918e-01 -1.409265640066333036e+00 -7.805095261620040858e-01
-2.533054424947340788e-01 -8.731478513048381851e-01 4.694741065325080953e-01
-9.396717362083064629e-01 -7.271550021994658275e-01 1.582642105891629222e-02
9.120405601999214129e-01 2.288961330952019313e-01 -2.359737744115598002e+00
-8.153325076975107555e-01 7.500926240510840115e-01 1.001560127280474832e+00
-9.355374826097591079e-01 7.545240047813118744e-01 -9.132856807664683219e-01
-1.635101022842643914e+00 1.492487449565035318e+00 3.934815776782751295e-01
-6.950681605714031930e-01 8.498480550965733515e-01 -1.483465173924934932e+00
1.215853388277292169e+00 2.141464219742054420e-01 -9.546317221187694546e-01
-1.200125385251934740e-01 -1.100525257723992123e+00 1.679553614365965508e+00
-2.984800243544795673e-01 4.738019477624741960e-01 3.370080365105877496e-01
-1.595573418901329976e+00 4.168567362584897906e-01 1.567247736011534220e+00
-3.706692977927424915e-01 -2.537778770276515772e+00 -1.180955971409705318e+00
-1.654283742946714542e+00 1.052804105446951244e+00 7.398610745099019059e-01
-1.018288867920539742e+00 1.249248325083792271e-01 -5.832002402625737769e-01
-3.870344112360557531e-01 2.572641171650615344e-01 -9.102647335270724893e-01
-3.086074314453019496e-01 -2.419628845341738721e+00 2.168201933290997141e-01
1.210772988358188140e+00 -2.040607056448791035e+00 -9.826370605765571975e-01
-3.393662089763123113e-01 -1.188360518782066721e+00 1.550907559974033512e-01
-1.415783323483964296e+00 -1.402209445884036176e+00 -3.052969339452821576e-02
-6.423239327189494974e-01 6.543824446142145757e-01 1.659527372081143648e+00
2.794493565942437030e+00 4.316379820934377332e-01 -2.359807112930831785e-01
-1.258841810674762973e+00 4.180832184802137919e-01 -1.614907938250074393e+00
-4.001881005873978436e-01 6.766542095672093415e-01 4.269837859801662860e-01
2.667478128512820734e-01 -8.229443122075004169e-01 -1.133438620388516505e+00
5.148881241322345037e-02 8.107928043250319794e-01 -4.906192450430496010e-01
-1.866908813632859598e-01 -8.504515698487362663e-01 -8.890458118300968993e-01
1.833031994170846390e+00 -9.315160692449769853e-01 2.049021453262569459e+00
-1.198234834999267473e-01 2.459176102833385627e-02 2.106113659811468808e-01
5.186364030481700471e-01 -3.149221218944284195e-01 2.721097406718954170e-01
3.450091048899921464e-01 2.660609350840049125e-01 1.072318143434933146e+00
5.776252389481570937e-01 -3.231318953092946478e-01 -4.298029264019166962e-01
-5.565779133311029581e-01 -5.737660964691061460e-01 -1.159236369820349610e+00
2.877667854258669777e+00 3.842483583638791611e-01 1.005743323251012677e+00
1.170364679153760745e+00 -3.596005021245059219e-02 5.229886517071864471e-01
-1.279114851168561495e+00 -7.708309225083025129e-02 3.848507186698303939e-01
1.422392318592813898e-01 -1.024769102202926163e+00 -1.013558963320826845e+00
1.638974572993578405e-01 -3.908133583672245004e-02 1.166533237660557720e+00
-1.013673797884586225e+00 1.468868809004074460e+00 6.647574079341083131e-01
-6.934423997774984416e-01 -1.017002606400963627e+00 1.761290343716636286e+00
4.026531719363599798e-03 -2.204242371769097097e+00 1.359580428068358771e+00
8.365266519162638525e-01 -6.132365550202958232e-02 -1.253529162499082528e+00
7.962636892480692841e-02 1.576698801963749119e+00 1.878954801972111677e-01
-2.551212254469279461e-01 -9.206478996984559515e-01 -1.118781609896838253e-01
-1.145857536005138178e+00 1.097873255211991861e+00 -2.491003741038610442e-01
-7.068991019968786649e-01 -9.740117128305612049e-01 7.677300317603038549e-01
8.760093027310980052e-01 -1.097458287322768289e+00 6.228017828095572250e-01
1.447850181828824079e+00 4.059489307782763734e-01 -1.111995364216904258e+00
-1.501766879918700059e-01 1.059979447948900394e-01 -1.277206114034150353e-01
1.556068181153644481e-01 -3.942424272846477562e-01 2.324117041174501797e+00
-5.980587927594870346e-01 1.355206510309525214e+00 1.197070965226995298e+00
-5.382199200803320371e-01 -1.254938314611045991e+00 5.955858929956904246e-01
-5.156776976549344305e-01 2.229282910527069728e+00 -5.275398750270852144e-01
-2.678873562371312800e-01 1.466051063089451434e+00 -3.993711753619739735e-01
3.551120959832245738e-01 5.477844489293316466e-01 1.475706593528192112e+00
-1.169105303707834054e+00 -7.675771935596836792e-01 6.039564284360879332e-03
-4.340145812806135983e-01 -2.382862544255756887e-01 1.143765984018831228e+00
3.185369983336807098e-01 3.240993606821274131e-01 4.734193688839704456e-02
2.408066617130411480e+00 -3.704736091859535119e-01 1.342818513201815278e-01
7.869756827232659013e-01 -8.516550739741040044e-01 1.050764952600363289e+00
-2.609099046202514871e-01 -9.481396878387907678e-01 2.789320459318859746e-01
-4.120747770185091974e-01 6.732875938913714942e-01 3.084416603022327230e+00
2.422962719840040247e-01 -2.204496946725280904e-01 -5.229803006105111507e-01
-1.306078253949300771e+00 1.303310062474886344e+00 -5.719115387318308708e-01
-2.100898979943882083e-01 -9.647727847821118141e-01 9.883130953977331545e-01
-1.255372696553253842e-01 1.854655035858261414e+00 3.387602949299668709e-02
2.256326774298343663e-01 6.374411555129536611e-01 -1.202458288466489861e-01
-1.544443543690038889e-01 2.817119744169653273e-01 -2.288853306564500589e-01
-1.187927461319087996e+00 5.165580997166796529e-01 -1.234284250818181161e-01
-1.665297492918597355e-01 -5.512799673349954022e-01 -7.325124052129903252e-01
-1.025891456168962268e+00 3.981580515327693970e-01 -4.577515615999736692e-02
1.108312530282846486e+00 -1.970062489919103266e-01 -3.181499514729090872e-01
-1.343971822023056761e+00 -1.409992398257994717e+00 1.442564020353767962e+00
-5.855448618698114727e-01 2.247964549359487141e-01 2.190910426911432118e+00
9.029679036305854334e-01 1.204588659544500340e+00 8.829829077161537032e-02
-1.044786768369780017e+00 -2.322099070932177600e-01 -2.523401932913326706e-01
1.142239580184986503e+00 9.794891375677616807e-01 -3.948580272584135686e-01
-6.683180323652323507e-01 -7.195049733085643329e-01 1.382243797099579341e-01
1.620463826756948500e-01 -4.935298162385287624e-01 -1.575463059434159208e+00
-9.590399957034388967e-01 5.599733266487011418e-01 2.151295275973023280e+00
7.048455118307673795e-01 -8.361696341777752339e-01 -8.206084224615037837e-01
-1.457990819141191663e+00 -4.470794045831210650e-01 -7.507438240457070533e-01
-1.189370679170363543e+00 -1.688052758944242226e+00 -1.211668507140467588e+00
-5.108470442186472532e-02 1.243018384446664681e+00 4.883404576445116163e-01
