1.520928015511524833e+01 -2.306289150779589292e+01 -7.137047521240983405e-01
-1.277019084857721509e+01 -2.391120631062916857e+01 6.400138311679091085e-01
1.421037733455616703e+01 2.152828000534761799e+01 4.443316755402734741e-01
-1.506192937065250881e+01 2.296515776684707433e+01 -1.498254616469458345e+00
-8.980043394308222515e-01 1.311700646016212879e+01 -4.264532603591513293e+01
3.169531554881231394e-01 -1.304012518400771015e+01 -4.058070563847486767e+01
-2.468379929232957792e-01 1.356966825646648545e+01 4.084096223758675137e+01
5.911163381309852971e-01 -1.286635811446555877e+01 4.111719389815192471e+01
-2.363868900781127635e+01 -8.490960218753695887e-02 2.278564415025190470e+01
-2.166647804643884712e+01 -2.014012420290149930e-01 -2.177017354948622341e+01
2.271919460796733858e+01 -8.302406976004782224e-02 2.172522967875699607e+01
2.189921000662722150e+01 1.728215317641768403e-02 -2.159616074067112379e+01
1.399421211445775359e+00 -2.444066843275327017e+01 6.064400598879551851e-02
-3.278628147775269897e-01 2.460195853097567564e+01 4.502545320687394992e-01
7.282146605879344925e+00 2.126356292678017823e+01 -2.034862518277746446e+01
-7.600017944514804391e+00 2.173947125844523853e+01 -2.059156582544378367e+01
7.957819052885230171e+00 -2.151655856563331781e+01 -1.994247333950340462e+01
-7.442561955203634838e+00 -2.084080857068611081e+01 -1.967609694960048827e+01
6.358471199748221281e-01 7.477032088608145388e-01 -5.158459674651606974e+01
8.010281754643992613e+00 2.111856883473430102e+01 1.953370661340654735e+01
-6.992142261816645110e+00 2.323245844731248511e+01 2.013048104291443963e+01
8.383707843306410723e+00 -1.993883914451412309e+01 1.890184727087300587e+01
-8.754544855195151243e+00 -2.212702567985722268e+01 2.171575718315687453e+01
6.970172863443285793e-01 -4.749458257956790108e-01 5.109920589934341706e+01
-1.906770321546287761e+01 -1.322038505867790903e+01 1.259840244813906907e+01
-2.268239553925969787e+01 1.402434321847582055e+01 1.271932030820371118e+01
-1.360194951085129134e+01 9.513589367491741555e+00 3.803799642737682518e+01
-1.332730108976604555e+01 -7.405631539608827474e+00 3.682014400962049905e+01
-1.999423661747001546e+01 -1.327760250885208038e+01 -1.203803905699253995e+01
-2.149909686781203177e+01 1.317378064762975143e+01 -1.229087479624120505e+01
-1.313604583339845178e+01 8.239795617207482437e+00 -3.830848214525016715e+01
-1.202101786420797858e+01 -7.345859369091572333e+00 -3.716084734368885734e+01
-2.581459150704463923e+01 5.450761092570525213e-01 -1.319221587679867969e-01
2.166087268908131236e+01 -1.280343524627507712e+01 1.377883652611976828e+01
2.232285219195555115e+01 1.238740815968895781e+01 1.231222659247589846e+01
1.197298066643418579e+01 8.605868888356562607e+00 3.715626181330944888e+01
1.315197598211170060e+01 -7.778307935415808672e+00 3.704943511451504889e+01
2.312573927350363334e+01 -1.373534235482809507e+01 -1.367863183414305084e+01
2.171141057150241949e+01 1.247597559580242788e+01 -1.378330051220510022e+01
1.395610286000484024e+01 8.692788228301722597e+00 -3.848598795008170015e+01
1.177400170652907008e+01 -8.448836388894111593e+00 -3.838657364803720640e+01
2.711225893911055707e+01 -3.428670460572154077e-01 8.788417290362318113e-01
6.063827892826526345e+00 -2.491801398291271497e+01 5.701859692911311062e-02
-7.579929880399053133e+00 -2.542335909320724596e+01 -9.875420167085461123e-03
6.750300594122778719e+00 2.541720726110058948e+01 1.433007602640131162e-01
-6.998595366326343381e+00 2.546634367981480551e+01 -9.978254061925175833e-01
1.178392813892343050e+01 2.285634776759157205e+01 -9.747537027178896807e+00
4.970407825679732383e+00 1.760779683100148318e+01 -3.189855113435920586e+01
3.859062675411182308e+00 2.425104389589991882e+01 -1.174379901809590798e+01
-1.076098543524657991e+01 2.271555205121431698e+01 -9.563941960822365473e+00
-4.369721526163597325e+00 1.833056260385411562e+01 -3.274396555642338313e+01
-4.707939922055182080e+00 2.483731305309695614e+01 -1.092108344334944015e+01
-6.176043250195886736e-02 2.181921059104205085e+01 -2.208562000391223989e+01
1.101214659728422340e+01 -2.286376767288922807e+01 -1.183692320841590551e+01
3.102042056305917672e+00 -1.795417915042831680e+01 -3.114668200465249370e+01
3.992683245482786969e+00 -2.482129059662672788e+01 -1.127670530233025303e+01
-1.303744118283109188e+01 -2.245798568018246044e+01 -1.062302816663496863e+01
-3.521120090500091671e+00 -1.754102940229109109e+01 -3.103352614041939006e+01
-4.672503736014678388e+00 -2.500809700844706995e+01 -1.131713059810909527e+01
5.903136328187380544e-01 -2.035948724190728854e+01 -2.242698274525517022e+01
6.915964166010235559e-01 7.278701060864932515e+00 -5.202117888642436583e+01
2.002760531586607606e-01 -6.979425258868919180e+00 -4.597597683375816047e+01
1.142769278480272099e+01 2.261758730294061692e+01 1.126944835119111055e+01
3.841825625583314974e+00 1.750266367945890167e+01 3.163678680797475096e+01
4.340769585409905318e+00 2.490361908620386089e+01 9.976133280841473550e+00
-1.102057909577458972e+01 2.286846342931599096e+01 1.147056290415341806e+01
-3.299932657813566372e+00 1.696383219506015294e+01 3.014362342465448918e+01
-5.202756548334692255e+00 2.396438966472548415e+01 1.059948550473028384e+01
9.367189542159719273e-02 2.210748194643892006e+01 2.106930596314432691e+01
1.188031106624585220e+01 -2.195803783710271162e+01 1.103235599834115632e+01
2.922147812796111133e+00 -1.923014419220596238e+01 3.160298574925520398e+01
3.726091222257150726e+00 -2.441461609750269801e+01 1.042266126381614377e+01
-1.200888272316028527e+01 -2.345343681458440699e+01 1.014938103033743388e+01
-4.823381078692101198e+00 -1.802237688060920462e+01 3.167180086638967751e+01
-3.489503961225770556e+00 -2.406392832457628472e+01 1.071576322087508970e+01
-7.828996966543453340e-01 -2.127916412275939706e+01 2.181431706806148085e+01
1.202770931373019714e+00 6.792523202419157080e+00 4.527986638039511291e+01
-1.007034410813781644e+00 -7.012788565952210007e+00 4.841455644810466197e+01
-1.666066471495899393e+01 -1.906541706734051189e+01 7.073884494453843708e+00
-2.151237424757907490e+01 -5.253211390909431344e+00 1.676270702899153164e+01
-1.357634815338020751e+01 -1.839302852792532761e+01 1.874123473501543913e+01
-1.943441774376612585e+01 1.963341975354288493e+01 7.370051130576738885e+00
-2.306964844751960797e+01 6.831427249567870064e+00 1.765804371791698912e+01
-1.689507441397702436e+01 1.863011817787839419e+01 1.680413857920765253e+01
-5.598362051474856216e+00 1.155793715438859337e+01 4.291484610198530447e+01
-1.852145746831032014e+01 4.042644873431957109e+00 3.123511858311501754e+01
-1.047131970754459829e+01 1.721984009710613606e+01 3.176434625213020979e+01
-6.610884494062063688e+00 4.506126874019304118e+00 4.780397510375230041e+01
-1.840747731384337982e+01 1.153311406394289484e+01 2.510786546491009119e+01
-6.101551126595888164e+00 -1.135591892922008839e+01 4.190698943978453883e+01
-1.855280433739542190e+01 -3.022050264845011824e+00 3.104609621221741378e+01
-1.176870275046461956e+01 -1.610178940030435157e+01 3.137965725335706324e+01
-5.167056980504897368e+00 -4.202099258514041757e+00 4.817725901925212639e+01
-1.792220525044555757e+01 -1.046514180485082868e+01 2.460434407803633761e+01
-1.392424258734563303e+01 -4.512106557885452174e-02 4.106691897610986786e+01
-1.769777202758655221e+01 -1.703573896985849601e+01 -6.619275267828716558e+00
-2.167938807642512344e+01 -7.315222317834752630e+00 -1.628809886312291511e+01
-1.439406007814007360e+01 -1.777290670375148451e+01 -1.768238183920958662e+01
-2.286286943532907046e+01 -1.471870699960923901e+01 1.146973807504290788e+00
-1.921919843158649144e+01 1.834394178631088579e+01 -6.590324756169237297e+00
-2.317956288235597384e+01 5.903146209703532321e+00 -1.753390296837733686e+01
-1.576233334968046584e+01 1.713020723356355646e+01 -1.718044733175976901e+01
-2.303931495712565791e+01 1.466018984210495724e+01 4.777712445099468463e-01
-7.771082256233785124e+00 1.070204198844034771e+01 -4.180646630292633148e+01
-1.889452007811466316e+01 3.152227629503588258e+00 -3.200659955456626449e+01
-1.159302922344817688e+01 1.596684307140589532e+01 -3.018440150087070251e+01
-7.158142806822969995e+00 3.018743765631921594e+00 -5.123626423020687781e+01
-1.865793189649531314e+01 1.244525666029415056e+01 -2.530194423202267018e+01
-6.935203830699902205e+00 -1.089120901611259384e+01 -4.270787973187884035e+01
-1.806170862423362067e+01 -5.719575080400759681e+00 -3.058160624785577042e+01
-1.070682524289469129e+01 -1.459841733743556347e+01 -2.938132145064864531e+01
-7.212369502500790119e+00 -4.451037052200219613e+00 -5.040151803852370449e+01
-1.841498310302191044e+01 -1.088479381508511601e+01 -2.413656964315866915e+01
-1.270774683965264629e+01 -8.478800616131749734e-01 -4.042696826101926888e+01
-2.492990194643469337e+01 -9.055363229307132888e-01 1.193042999907470936e+01
-2.501633260414920557e+01 -8.337667211606434314e-01 -1.032693916562134362e+01
-2.356882277552555749e+01 -6.449177982758452998e+00 6.762414389888257382e+00
-2.484318809210374823e+01 6.080077227697216813e+00 6.944416860843533712e+00
-2.420957801381016239e+01 -6.389354022790978860e+00 -6.560354682858758224e+00
-2.622736721070171129e+01 7.130666831892430224e+00 -6.701558839090180797e+00
2.019208628937926164e+01 -1.930476118171548805e+01 6.496976846155997798e+00
2.364618630892902473e+01 -6.557956805064015349e+00 1.826413632067827564e+01
1.619822751314190512e+01 -1.863151053227747411e+01 1.796088160315935767e+01
1.922793067587383931e+01 1.997399176202508286e+01 7.757237580295719859e+00
2.382245889181053400e+01 7.354828863968923436e+00 1.875315715611538891e+01
1.484737857055564447e+01 1.849397331252262688e+01 1.695711297486472091e+01
6.159380617405334490e+00 1.173591867406836009e+01 4.284566837412612728e+01
1.808090376950150358e+01 3.781225240458944370e+00 3.102098896899134317e+01
1.111105416857840922e+01 1.497180719416268779e+01 3.036620402188634671e+01
6.226702823493839745e+00 4.678954991678046405e+00 4.608522701621969020e+01
1.740589338185368717e+01 1.185590387981475757e+01 2.462917272597440643e+01
6.415364476418432993e+00 -1.097191506703419783e+01 4.282850505109831829e+01
1.800549355132029561e+01 -3.608263055916375972e+00 3.234050753841020054e+01
1.130632609293046720e+01 -1.568566797212355368e+01 3.048014721117466053e+01
6.194296095133291935e+00 -4.606087855277752219e+00 4.793192909653575384e+01
1.740282859612616306e+01 -1.128935841305670351e+01 2.549906971868593430e+01
1.413623966307209834e+01 4.938085122988454811e-01 4.189419892848911786e+01
1.774455182391442065e+01 -1.949225448576710917e+01 -6.962446540468572032e+00
2.247513325527557271e+01 -7.522554330391013622e+00 -1.823743334101483171e+01
1.501037335313589161e+01 -1.885476821653926649e+01 -1.665843098759142649e+01
2.424444714349756680e+01 -1.434361859989632393e+01 -5.471710317214620867e-01
1.878121808043667329e+01 1.764637763740120846e+01 -5.694738701300204653e+00
2.365121492828462024e+01 6.357541913087504604e+00 -1.728441433357774315e+01
1.508893525124189061e+01 1.805524971582288885e+01 -1.781356906207479796e+01
2.275435450597083786e+01 1.537609222197642289e+01 5.436802836755826318e-01
6.252042959944319911e+00 1.148587755448725467e+01 -4.409737368240189426e+01
1.822672649640875164e+01 3.816234231633391261e+00 -3.058091897981698537e+01
1.165632378308134243e+01 1.482717457533161642e+01 -3.042845629679268882e+01
5.941512680117149614e+00 3.805373892761816368e+00 -4.996658247163399835e+01
1.648185395974787326e+01 1.101623777729282416e+01 -2.404289507440266505e+01
7.268700376959975173e+00 -1.062283923576993594e+01 -4.081096585156452505e+01
1.840499700190520826e+01 -4.305827251391137089e+00 -3.056699910203814596e+01
1.183462040385591862e+01 -1.535127210300572287e+01 -3.071239131063643768e+01
6.744954046062054509e+00 -3.525808125464248377e+00 -4.742077211087077160e+01
1.859480079729529223e+01 -1.076273944919773307e+01 -2.375691412482206033e+01
1.258285781465442099e+01 -8.097212613948459037e-01 -4.130970364223036739e+01
2.604640765209343556e+01 2.856916370930279170e-01 1.051938834558583480e+01
2.569250214590329762e+01 3.011999000391571424e-01 -1.167301030684176411e+01
2.632769374757878111e+01 -7.032433569989169797e+00 5.665448707997216005e+00
2.537117474757309665e+01 7.559020795417706218e+00 6.381568704542888604e+00
2.666023289754522096e+01 -7.960830578284907588e+00 -5.771079038579591369e+00
2.476420899479128579e+01 5.867414702748338762e+00 -6.623591403120314247e+00
9.568687903373961134e+00 -2.403507318300078310e+01 5.067900657690270760e-01
3.217230728054478739e+00 -2.603432382984887283e+01 5.673554602240648004e-01
-1.155914603619314285e+01 -2.376392987937131451e+01 -5.018120713441474035e-01
-2.747530209666640744e+00 -2.538252541307450727e+01 -9.403040049250381560e-02
1.053348572976960007e+01 2.361241712711265350e+01 -3.524934098186360276e-01
2.504536470622873434e+00 2.371923804907481781e+01 1.386560160215248305e-01
-1.116502043787280130e+01 2.547036176403478791e+01 1.297642592831630859e+00
-3.956483990682456930e+00 2.599344206987217021e+01 -6.548040021299804669e-01
1.274117396949671210e+01 2.346487552611309724e+01 -5.039439316654647172e+00
1.030146282096761112e+01 2.184207565644411631e+01 -1.538777235579150293e+01
9.755320087386474270e+00 2.413149470225072335e+01 -5.837030594986019949e+00
2.412010141764801219e+00 1.611291449370578022e+01 -3.582487637749249387e+01
6.038372927789447786e+00 2.010907093294618520e+01 -2.683323591915975825e+01
2.362496560751959684e+00 2.434925886889972446e+01 -6.142131235505989828e+00
6.863684770912394484e+00 2.210834128788460973e+01 -1.524472433729762066e+01
6.684085219499294794e+00 2.538443520432054967e+01 -6.346375797426834886e+00
8.636384920883926952e+00 2.425406032284305624e+01 -1.084365253246294003e+01
-1.282377721057555497e+01 2.301341182156321707e+01 -5.403106380333619008e+00
-9.644603932564281834e+00 2.185310637084228347e+01 -1.501323183242238279e+01
-9.160388386100652980e+00 2.451837980599544053e+01 -4.871430949635518814e+00
-1.658526968412523672e+00 1.602260618284477900e+01 -3.781758135602434834e+01
-5.501063428640703634e+00 2.000884332004654098e+01 -2.608218575332291778e+01
-4.785727711184267763e-01 1.909297552304835932e+01 -3.187071261474244821e+01
-2.217599931901562016e+00 2.444245168373799615e+01 -5.688753695557696055e+00
-6.711333489037648370e+00 2.279489240106902415e+01 -1.654167175075680873e+01
-6.347315280000453086e+00 2.434469723444111366e+01 -6.030247448105160224e+00
1.045790208022497891e+00 2.343750513568809524e+01 -1.112113487019889924e+01
-7.334600624000079172e+00 2.403241467101702256e+01 -1.085393262013812965e+01
2.941130728079719425e+00 2.192103832641738492e+01 -2.220973858275694468e+01
-4.225485637750198364e+00 2.185466569421994620e+01 -2.269678132059212672e+01
2.490113004212342496e+00 2.109455321919238457e+01 -2.773634008067462631e+01
1.647006436130952212e+00 2.135404578970049627e+01 -1.624935829129076836e+01
-1.437445752549653122e+00 2.053050136482754340e+01 -2.789723538600593145e+01
-2.511343177541799587e+00 2.371296559066792398e+01 -1.618392396922236642e+01
1.299066178918047143e+01 -2.318679056946840689e+01 -6.738740083236631762e+00
9.509980557234909426e+00 -2.228466540785039385e+01 -1.578367265979285783e+01
8.855517894430670722e+00 -2.346025123090179321e+01 -5.238705243662283628e+00
2.230040992440026848e+00 -1.573227253988293661e+01 -3.863548576167345061e+01
7.148520842315046586e+00 -2.109166778867168901e+01 -2.547657353910943812e+01
1.599558200857793100e+00 -2.512246999232899825e+01 -5.330290609818283620e+00
6.366162871703673787e+00 -2.183345981892574628e+01 -1.553340596792158834e+01
6.299918557712207878e+00 -2.499532573402917990e+01 -5.343357628775833312e+00
7.445110903526590107e+00 -2.411008341190683879e+01 -9.939820231003166029e+00
-1.270640099687328295e+01 -2.327595825707768640e+01 -5.200191567576846197e+00
-9.408586838145724940e+00 -2.195178813994101930e+01 -1.560224456590167819e+01
-8.837791357856405128e+00 -2.523172872096118979e+01 -4.962699913029481102e+00
-2.773160273299684064e+00 -1.486068121454657565e+01 -3.639800022688181969e+01
-4.996968971853937624e+00 -2.068175684109109724e+01 -2.640627524235644330e+01
1.212178896216640656e+00 -1.904835627738071224e+01 -3.272461820938330135e+01
-2.707146634004089503e+00 -2.518541485066399943e+01 -6.573271988302191282e+00
-5.932579674066920994e+00 -2.354350822396948217e+01 -1.651434357508669493e+01
-6.187822594547595756e+00 -2.500903827037269878e+01 -5.883600954724693466e+00
-4.140566905418516797e-01 -2.426109957052696586e+01 -1.150131946835709051e+01
-7.399090751925461618e+00 -2.525828503258704316e+01 -1.083588973797942501e+01
5.310921679494263969e+00 -2.196433055213128327e+01 -2.126354103756741409e+01
-3.402620348421895091e+00 -2.279398212665287815e+01 -2.198297465634454895e+01
1.838050206139634657e+00 -2.081124938848615002e+01 -2.749011467298902289e+01
2.947917077828204668e+00 -2.397030573592731173e+01 -1.608375785597783647e+01
-2.181407366837484929e+00 -2.115307906148370520e+01 -2.650971686551056195e+01
-2.710114049014271664e+00 -2.445618692553981788e+01 -1.751251765040727904e+01
-2.260061784097100734e-01 9.490450113141308819e+00 -4.723934962800494475e+01
-9.553200603422887793e-01 3.549698630931390486e+00 -5.379105353003973278e+01
5.143096830053006663e-01 -9.358179142531625416e+00 -4.539238736153752285e+01
-1.508362852767939633e-01 -4.495469822227914136e+00 -5.032410735730748996e+01
1.257182390982615594e+01 2.326629627674871159e+01 5.961425918039327421e+00
1.066590887677319266e+01 2.113281776988890570e+01 1.576965372188163350e+01
8.184910280987354625e+00 2.471858009385009325e+01 5.833874772952286847e+00
9.932786705168981101e-01 1.497057384898817567e+01 3.705153414102909437e+01
6.415117998841047608e+00 1.956115959489133260e+01 2.499150312481605951e+01
2.380154303657951331e+00 2.444827264294226765e+01 4.879193232662801805e+00
5.866582466125789708e+00 2.229012706702320301e+01 1.431232029845977038e+01
6.604524391058595789e+00 2.541124993051833769e+01 4.607003558661942222e+00
6.190666400419730486e+00 2.478612809184535593e+01 1.089156363680655026e+01
-1.437127672952598090e+01 2.328266614372024179e+01 5.279943267145814190e+00
-9.811508356318521251e+00 2.170889352607967382e+01 1.646647692340369318e+01
-1.077435594905107585e+01 2.515392211342023288e+01 5.430661888146050664e+00
-1.892106211866828813e+00 1.587282361358555072e+01 3.595046180691549864e+01
-5.178462686719444541e+00 1.990386692285042614e+01 2.697907964805882131e+01
3.258770489514334345e-01 1.683489005436819141e+01 3.179540473757624497e+01
-3.678946691447525730e+00 2.309738252322627261e+01 4.843545973466118149e+00
-6.240596570086010431e+00 2.159237211233059028e+01 1.592703621470337083e+01
-5.723087301611884392e+00 2.557614091877520224e+01 5.183314263549124945e+00
5.680834829464257441e-01 2.452682813080851787e+01 1.175810545471474811e+01
-6.054073848530504343e+00 2.486475771682727753e+01 9.886951097433499314e+00
3.631195756191293977e+00 2.162276928838139156e+01 2.135534431491096541e+01
-5.085826105574575706e+00 2.222615048612918898e+01 2.069962847017420060e+01
3.502129429909473401e+00 1.976623188347743465e+01 2.563380765236653502e+01
1.736578547611401069e+00 2.175330660387912829e+01 1.738365390932952792e+01
-9.122272861604999727e-01 2.115431393548854189e+01 2.629556179893658552e+01
-2.164712760766860811e+00 2.223049455221157089e+01 1.532460041588968203e+01
1.296633485738014713e+01 -2.328052366218019031e+01 6.700073791672489065e+00
9.500660766555256487e+00 -2.087244096564072393e+01 1.326876051830665659e+01
1.056064646669415730e+01 -2.385210102141908095e+01 5.681526902409181901e+00
1.890753784642344115e+00 -1.584821031130220881e+01 3.691513708418575845e+01
6.348773370681111139e+00 -2.081585199509154904e+01 2.625204527666931753e+01
7.959985081754111791e-01 -2.467363089507254870e+01 5.515964385797506253e+00
5.218063771787819327e+00 -2.214273800054419539e+01 1.583527314201655045e+01
5.257593241120006589e+00 -2.441289306277534266e+01 5.935014229683075015e+00
7.829021605073568146e+00 -2.336170311454250026e+01 1.119588104039876875e+01
-1.291491347457012218e+01 -2.335961338814638921e+01 4.891232412518057515e+00
-1.114595930038653648e+01 -2.245060757993394418e+01 1.570504419472760205e+01
-9.457801757032502366e+00 -2.421086534221852915e+01 4.641797071871833325e+00
-2.640384746284277995e+00 -1.599540700902019630e+01 3.742486781386619299e+01
-6.440168229450244475e+00 -1.965260568921071993e+01 2.600910936314404864e+01
4.320301370631217108e-01 -1.858994054830991516e+01 3.292255497630306849e+01
-2.921573153174886528e+00 -2.524249561992595758e+01 4.371411468821235324e+00
-6.257105024953570016e+00 -2.386257671704938232e+01 1.682160762848067392e+01
-6.372796837815445592e+00 -2.496760475477740115e+01 6.045820447404696374e+00
-1.603579024738165382e-01 -2.376502958744388039e+01 1.072227451238947893e+01
-7.589442883153256325e+00 -2.401869218920430527e+01 1.215834674519488878e+01
3.233371903530939839e+00 -2.220616252674023983e+01 2.272606459914842958e+01
-3.791382220355861588e+00 -2.032793220143794599e+01 2.291710588022374395e+01
1.706195003430237334e+00 -2.066372335727321641e+01 2.735935292039050282e+01
1.034456789133218813e+00 -2.204717781661009468e+01 1.593459993262833407e+01
-2.567274674591483397e+00 -1.996493812003333090e+01 2.714216964764014861e+01
-1.943124621961673570e+00 -2.217825518880117031e+01 1.717892919005961971e+01
1.068873082769666721e-01 9.966780308671600253e+00 4.362789031076064816e+01
9.107762998635688945e-01 4.569625664634927809e+00 4.994587166305245063e+01
6.242943806089344960e-01 -1.061610396988203675e+01 4.641859740219966568e+01
3.505837894220143469e-01 -3.781853501661850636e+00 4.993286621024013527e+01
-1.548931988415033523e+01 -2.129098343859317666e+01 3.537655360456528175e+00
-1.991174162620217558e+01 -1.414216418522108221e+01 1.009478807141740120e+01
-1.540132291818706101e+01 -2.033180572012797072e+01 7.714250488096794811e+00
-2.147455529207719849e+01 -2.402823738695837985e+00 2.011151830398510043e+01
-2.189917968684001437e+01 -9.355435784924290843e+00 1.470534725656567687e+01
-1.202603665099631591e+01 -2.117644317447394542e+01 1.991086487677817374e+01
-1.733583988276562238e+01 -1.598277561087206067e+01 1.382010943302908679e+01
-1.419916469474202891e+01 -2.126453198510550280e+01 1.414931885760702635e+01
-1.621600964386913546e+01 -1.802595634029459859e+01 1.221804717393958484e+01
-1.697207736680072543e+01 2.067016811743676641e+01 3.693659702956502588e+00
-2.054432212226595666e+01 1.693550290411887005e+01 9.699243502099596625e+00
-1.517705358509304503e+01 2.229326560559247028e+01 8.517067892305645316e+00
-2.242720548556361848e+01 2.898680059599802128e+00 2.017642275259804308e+01
-2.255870710702170356e+01 9.858091443236336460e+00 1.528728218981010833e+01
-1.271012250763671503e+01 1.939936005735645352e+01 1.938206872591262453e+01
-1.878166259031569751e+01 1.727057148475826409e+01 1.558029274896619398e+01
-1.491458815121711723e+01 2.179662525275982787e+01 1.435984773285062310e+01
-1.694246970499131066e+01 2.003212222252560437e+01 1.235904642964754352e+01
-2.951028429296478350e+00 1.238409408237000697e+01 4.300443597227081227e+01
-9.952903494299963683e+00 9.608020778100254233e+00 4.082181673159453794e+01
-5.397115818908880591e+00 1.441809464168524180e+01 3.667207443253612809e+01
-4.136263376918462242e+00 9.328831771890794045e+00 4.741993667122568468e+01
-2.037974414407104717e+01 1.562498442423136069e+00 2.755531535166723600e+01
-1.682119123680797657e+01 5.245012608446335101e+00 3.469015950840211815e+01
-2.196060760179467408e+01 5.845928219199071130e+00 2.483487004189243308e+01
-9.249417492810350083e+00 1.921102807502350984e+01 2.612694298975604212e+01
-1.283124580125188885e+01 1.182524406450761134e+01 3.429950210148785317e+01
-8.760509286901269732e+00 1.819442078272134111e+01 3.054172407393290811e+01
-1.410954542321717753e+01 1.738696550358330128e+01 2.455023382675503996e+01
-8.737178120477677723e+00 1.309274444588177388e+01 3.716663074274867995e+01
-4.333891024178497808e+00 2.458358731159775434e+00 4.921205612208795088e+01
-9.269032416235525318e+00 5.059952369524673088e+00 4.483482016686696170e+01
-1.992996801955095210e+00 4.759884291976440807e+00 4.910427538000103453e+01
-6.773778141278583576e+00 8.208299243519249444e+00 4.780098608206927224e+01
-1.999731691483287221e+01 1.136890453022347103e+01 1.812658515574045026e+01
-1.589323105663264890e+01 9.024542356944369459e+00 3.203764134844415423e+01
-2.112299530631541344e+01 9.645328164974047880e+00 2.020110410199171724e+01
-1.791575171307792758e+01 1.489706277405471724e+01 2.077108402831500555e+01
-1.924227993463436803e+01 8.593000284793934185e+00 2.893918653890023762e+01
-1.456954951672617504e+01 1.272743724208565297e+01 2.905536090586399922e+01
-4.303056930602728869e+00 -1.322828162200954694e+01 4.333515200352183427e+01
-1.045400826435898267e+01 -1.121520967485623643e+01 3.928161832618224736e+01
-5.079409605673009587e+00 -1.557941965838026199e+01 3.731566416701149791e+01
-3.206470235506500455e+00 -9.393216560352572131e+00 4.684639753742631996e+01
-1.961773385227078137e+01 -1.682286390106689788e+00 2.620789916664546482e+01
-1.476959856985651776e+01 -4.987890399626142113e+00 3.363891972653016893e+01
-2.052032394220204381e+01 -4.332218426056447136e+00 2.444934414975687531e+01
-1.949207775064160231e+01 2.959902432802989924e-01 3.170718943409425705e+01
-1.004137490008470124e+01 -1.882817806612272094e+01 2.548239376509137699e+01
-1.190948917107903071e+01 -1.191945604397388436e+01 3.461533476267426579e+01
-8.905623368980387866e+00 -1.882098424446610352e+01 3.237170522316367993e+01
-1.310792753033997649e+01 -1.787667686397781708e+01 2.306491381753900782e+01
-8.694548711314926237e+00 -1.347451075753067506e+01 3.692015528530794910e+01
-3.275066568521161514e+00 -1.580234367171358789e+00 4.989173135353063770e+01
-1.035468163891607496e+01 -5.731393352584242429e+00 4.247933954207590546e+01
-4.616107585112129819e+00 -6.871241278951782050e+00 5.012479662174641959e+01
-6.788102061371053431e+00 4.793672022013262257e-01 4.847986207919458224e+01
-6.938583754463311770e+00 -7.522039061802733961e+00 4.486015700767262615e+01
-1.786240821872019424e+01 -1.240183093905358191e+01 1.817513810388970796e+01
-1.457797997088474418e+01 -8.457055741962257400e+00 3.089084771867276302e+01
-1.915797146084442204e+01 -8.045569716765006874e+00 2.102016307030253017e+01
-1.696954519366128977e+01 -1.484771319580754678e+01 2.170852800353308254e+01
-1.899820949372302792e+01 -7.625366252186490001e+00 2.616369838338873066e+01
-1.505478132310658168e+01 -1.249653698970595173e+01 2.756602097236820725e+01
-1.253375300890289346e+01 4.744898839528844725e+00 4.083420062334662504e+01
-1.362450059942667302e+01 -4.156818983092831488e+00 4.041776401078415404e+01
-1.618301974462066894e+01 1.833860502976274454e+00 3.665564804984249747e+01
-9.373732558268841331e+00 3.376585601864527497e+00 4.636734479642648665e+01
-1.613980862932230664e+01 -1.753988011459014063e+00 3.719532373675318837e+01
-1.023820425457777894e+01 -1.157675250411363654e+00 4.533421744665370312e+01
-1.532678607442671037e+01 -1.995747397570812254e+01 -2.580990768706329153e+00
-2.032137890107155087e+01 -1.557952539224435817e+01 -1.087019437088033413e+01
-1.398059136671478520e+01 -1.980450726086522195e+01 -9.804020302645580998e+00
-1.870298316303970054e+01 -1.846604468624837025e+01 -2.584244911759104868e-01
-2.200195614228632479e+01 -2.962452160770002507e+00 -1.955407991386682198e+01
-2.151180707254802016e+01 -9.881944063376922216e+00 -1.462368876569737175e+01
-1.153895560510708407e+01 -1.949661535959483771e+01 -1.875691610103430307e+01
-1.832454638061629737e+01 -1.342390135196820111e+01 -1.588325903093358704e+01
-1.347683470029589436e+01 -1.966006328077727616e+01 -1.467853142548764112e+01
-1.470871094214766472e+01 -1.798607325119614231e+01 -1.208780649964329790e+01
-2.184731768812208941e+01 -1.311613781668683032e+01 6.345006525787953322e+00
-2.228853568899090476e+01 -1.391969994301201652e+01 -4.840973105069682703e+00
-1.906871322134121627e+01 -1.571105728515027522e+01 3.444245608879887399e+00
-1.876038861727577967e+01 -1.650374656464400758e+01 -3.309282928111411781e+00
-1.731031419759027656e+01 2.200668835941787194e+01 -2.414384654204798863e+00
-1.980157938656574501e+01 1.605269627385419184e+01 -1.012951487902777004e+01
-1.537482929181084401e+01 2.069908367958400675e+01 -8.539058725639682379e+00
-1.982026747483280360e+01 1.834644904554284395e+01 -2.256401868302674307e-01
-2.263472846318391518e+01 4.413664376713778204e+00 -1.904276798659783410e+01
-2.130607277918812770e+01 1.058109049742404117e+01 -1.513194810161905579e+01
-1.222022494378358282e+01 1.982381317221939554e+01 -2.035326009220694488e+01
-1.981591006538122812e+01 1.593131871837676528e+01 -1.494698622090558437e+01
-1.367020368744018022e+01 2.124064486780590499e+01 -1.505298096956729736e+01
-1.891527917790128299e+01 1.885410331937774231e+01 -1.137350993397967791e+01
-2.483861578181090124e+01 1.388849904049983941e+01 7.773872212245915847e+00
-2.242093626302423459e+01 1.444287130847214229e+01 -7.068918282322821156e+00
-2.167277236121062600e+01 1.795612528664277363e+01 3.327849325984140627e+00
-2.061533857625126842e+01 1.609203795209426247e+01 -3.061626058250440430e+00
-2.406786041222562567e+00 1.309443974894020357e+01 -4.262513931488596342e+01
-9.879331458777517838e+00 9.591501505960135177e+00 -4.172013642492155583e+01
-6.344218869400841676e+00 1.584069421250019261e+01 -3.796591516047363513e+01
-3.484735897328255838e+00 8.735070899639357123e+00 -4.929601669934235275e+01
-1.997038083360174454e+01 2.791126429372204676e+00 -2.562733915362230874e+01
-1.471172573163743458e+01 4.988069983146871778e+00 -3.459571481904685442e+01
-2.064977309069540468e+01 6.867560475388200913e+00 -2.439075184774746319e+01
-9.790217038804900795e+00 1.931723805389346893e+01 -2.647919560311952836e+01
-1.358793124388850870e+01 1.195468601299786826e+01 -3.461418755688985982e+01
-6.948036133619106991e+00 1.706213611646377615e+01 -3.206147895451065466e+01
-1.499832581989373814e+01 1.717532144710386888e+01 -2.342175824906042436e+01
-1.002690632023191242e+01 1.326048797520333444e+01 -3.559545888740562702e+01
-3.618906045729417098e+00 3.153734040828324314e+00 -5.252378553040848175e+01
-1.051486463291239737e+01 5.401320137775504904e+00 -4.619122732017676469e+01
-3.368783083392330457e+00 5.312241486767065979e+00 -4.995629222828121385e+01
-5.561379469162999634e+00 8.085210819098707091e+00 -4.660544236822940434e+01
-1.926579190198012270e+01 1.263659442146590095e+01 -1.775548903067078044e+01
-1.588892782412022520e+01 9.049442833292209443e+00 -3.183966249086298106e+01
-2.053948285032179655e+01 9.541512200884350037e+00 -2.224417496409463979e+01
-1.682239773662909599e+01 1.430063052820121428e+01 -1.954688721460429690e+01
-1.818968656420031138e+01 8.409022311531510141e+00 -2.791841782923949467e+01
-1.463637387408815194e+01 1.439926161928419113e+01 -2.822828566051823529e+01
-2.913497339500799921e+00 -1.314192468999406138e+01 -4.169583096373538922e+01
-7.848721643347754018e+00 -1.040736066044561703e+01 -4.019051853854487888e+01
-5.849981756211871442e+00 -1.554506542573441585e+01 -3.638942611901838120e+01
-3.435185440936881829e+00 -8.676895834436077592e+00 -4.645342271718452309e+01
-2.040959538708513676e+01 -1.863827376362819033e+00 -2.585694881285558111e+01
-1.504625557620919274e+01 -5.754902179416095720e+00 -3.431491229045844449e+01
-2.057519918300930328e+01 -5.138446501338046701e+00 -2.359036505401229533e+01
-1.815189138942788105e+01 -1.138859943971319844e+00 -3.069204789892236462e+01
-1.005852230301093542e+01 -1.883111724737553772e+01 -2.457617119946516837e+01
-1.146944903446086705e+01 -1.259613724367751431e+01 -3.510905603104986028e+01
-6.807667521448939496e+00 -1.638509264683259659e+01 -3.031352516564544430e+01
-1.229897850520293368e+01 -1.742860749930343189e+01 -2.322598274933670481e+01
-8.640874958815063067e+00 -1.394670955312801652e+01 -3.730633712661855839e+01
-2.613507268263584038e+00 -1.652575233787081377e+00 -5.226506731130039896e+01
-8.875636283870795396e+00 -5.210881026222402568e+00 -4.414995021212690318e+01
-3.657919764591638145e+00 -6.008278117599556545e+00 -5.081091039530777920e+01
-7.028147491188303064e+00 1.308212452172850870e+00 -5.250965093852661880e+01
-7.410295309108507311e+00 -7.622062271895308605e+00 -4.522498362426273388e+01
-1.960352639179031797e+01 -1.162359288581032146e+01 -1.888393516274382833e+01
-1.548043487832535803e+01 -9.514087719552264844e+00 -3.055996382887269291e+01
-2.051566000446063853e+01 -8.284612298915725148e+00 -2.053578442063212606e+01
-1.739775820548094742e+01 -1.552765409240036476e+01 -2.076272226845841473e+01
-1.810348438689527484e+01 -7.470969289174368200e+00 -2.769022162472499815e+01
-1.506710334973189980e+01 -1.385198235338527439e+01 -2.812003998862319420e+01
-1.367580697217009877e+01 5.932282276346440675e+00 -4.017026555248202868e+01
-1.406362909988387599e+01 -3.739746854033521917e+00 -4.139162653251444368e+01
-1.570669973253866125e+01 2.438241299701289222e+00 -3.676767563445134357e+01
-9.459442501807844295e+00 1.053204095823301545e+00 -4.760036382162647328e+01
-1.603637175747641308e+01 -1.650121320423334037e+00 -3.575732344374633698e+01
-9.257858339572187845e+00 -2.264504586097119798e+00 -4.807664056555017851e+01
-2.306237702332019524e+01 1.358428211964417542e+00 1.602627964119669102e+01
-2.484733779069207316e+01 -4.146298504978153665e-01 6.922765286350170300e+00
-2.405130930958523550e+01 -3.450304284300516056e+00 1.459014794683098515e+01
-2.500915805805057701e+01 2.966098488695896318e+00 1.466082173024597068e+01
-2.464185617422606356e+01 -6.526142673019514895e-01 -1.549238848639595112e+01
-2.636802388678044906e+01 3.881897719759089815e-01 -6.017154358405829129e+00
-2.394736204292265214e+01 -4.312386952722831346e+00 -1.587501502719236512e+01
-2.440745923343345680e+01 3.880242081252080588e+00 -1.459478654062060698e+01
-2.417904547405842663e+01 -9.695452407401306871e+00 8.795644422537629126e+00
-2.602463154952666002e+01 -2.737989238582855922e+00 3.025724739985432343e+00
-2.360456070849344457e+01 -5.497478123054409416e+00 1.164571161785453945e+01
-2.510353561983409421e+01 -1.114094456829702473e+01 3.003683011328973862e+00
-2.416704175775488750e+01 -3.385971394325799633e+00 9.844616605263649234e+00
-2.405035219715531980e+01 1.095794683666584923e+01 1.019841801918169288e+01
-2.680916979523833277e+01 3.854967359086151735e+00 4.415397802677152761e+00
-2.433796119692364357e+01 7.245132863583224392e+00 1.224606623562528362e+01
-2.564479013593145140e+01 1.029584358961628254e+01 3.223616417097975972e+00
-2.491034026515091782e+01 2.137338976808831781e+00 9.015708529992613407e+00
-2.383394154578991575e+01 -1.031599745057224737e+01 -1.026325243107030971e+01
-2.737012101061939617e+01 -4.242826483493640666e+00 -3.881314909962969573e+00
-2.386206972195718734e+01 -7.209430414462794978e+00 -1.162283982424845519e+01
-2.495365472991301914e+01 -1.075340842620020965e+01 -3.540641213992600900e+00
-2.685629030277652163e+01 -4.035078169333365494e+00 -9.643949289147474957e+00
-2.587252564942322053e+01 -7.914470589874585293e+00 -1.532584909419141550e-01
-2.467656456706078316e+01 1.029092942675066347e+01 -8.922751612257581399e+00
-2.581016610104860121e+01 3.474610092707622666e+00 -2.772901904453403787e+00
-2.497398541511181236e+01 6.671391460423783393e+00 -1.164103665457496284e+01
-2.430719620859348851e+01 1.186899247671940216e+01 -4.009745762513627021e+00
-2.547189007000942240e+01 4.370197502182911364e+00 -9.409419239123172574e+00
-2.645807356013220257e+01 7.070923566060300480e+00 -7.371665064970919778e-02
1.702551450690796742e+01 -2.156774144701810059e+01 2.387357187212368892e+00
2.085041132297236288e+01 -1.631101661505467249e+01 8.267391950156257607e+00
1.517228207536134121e+01 -2.190315273757018488e+01 9.098780982626408331e+00
2.382006081978114054e+01 -3.193028880430369476e+00 2.035961704394802396e+01
2.286574546715676348e+01 -1.048463851619636067e+01 1.528916085758100074e+01
1.116750613617606191e+01 -1.952283522683841710e+01 1.806098267122436241e+01
1.949702303128029257e+01 -1.601537158766459612e+01 1.429209279724678794e+01
1.293250866046172298e+01 -2.129875978908234657e+01 1.403843084724985424e+01
1.724856677524726223e+01 -1.913657397686563755e+01 1.221058880299042571e+01
1.552163643498909806e+01 1.969896949727037949e+01 3.419911057231488360e+00
1.963756600936991958e+01 1.597562876126050746e+01 9.933949369115916639e+00
1.538119813873303343e+01 2.001303359085887124e+01 1.012030839213964128e+01
2.394598479791878631e+01 2.541450917207842775e+00 2.086124905983970734e+01
2.288042473993771253e+01 9.765679403210752341e+00 1.518622491730249280e+01
1.183430570120194147e+01 1.956710247059434593e+01 1.824767968505171467e+01
1.824838802836906737e+01 1.753421476623310582e+01 1.548780246120745119e+01
1.474203373161387809e+01 2.179109341116634724e+01 1.393934836797494903e+01
1.807350201553334657e+01 1.817973527313374760e+01 1.198679381177321801e+01
3.691589256741667935e+00 1.107550058147976202e+01 4.178402496832828206e+01
9.605359395684871515e+00 7.942185965588549834e+00 3.972838690362836189e+01
5.846633763673841244e+00 1.390100017134708388e+01 3.823017016934609558e+01
2.394217692203144843e+00 9.217906392535335058e+00 4.589937356921246447e+01
2.091624132284210802e+01 3.042300036663925233e+00 2.769363225275062845e+01
1.623207963095303441e+01 6.646587574756005701e+00 3.387122087417399285e+01
2.100026679074773739e+01 5.081302543894096857e+00 2.474701886747282842e+01
8.325909607392086187e+00 1.854407283194478850e+01 2.615618195026299375e+01
1.194422400539388285e+01 1.245006383090573543e+01 3.456018834991356670e+01
6.806192997581087312e+00 1.710636623599369699e+01 3.224007947742347113e+01
1.279000018531023208e+01 1.650139124703008875e+01 2.335672346342839845e+01
8.934485665672115218e+00 1.374090268768373946e+01 3.605762677205102307e+01
3.356496362895939001e+00 2.953659047872636112e+00 5.012457449676182364e+01
8.630379964420670902e+00 5.207908664831338186e+00 4.402556371532725876e+01
3.250265340096095912e+00 6.453658370064666805e+00 4.867437751126625045e+01
5.855673936261107215e+00 6.908771121966289286e+00 4.574084274995883703e+01
2.080035074891146962e+01 1.226475296230801604e+01 1.862422118708591157e+01
1.588038667687384908e+01 1.032162104868906205e+01 3.230260397971283481e+01
2.068369666823543795e+01 9.729958709002286099e+00 2.082466654239579285e+01
1.631095846779724212e+01 1.487048512564674674e+01 2.081937263886337774e+01
1.789983159104722787e+01 9.008373557061458925e+00 2.814689290921925391e+01
1.556059264526482266e+01 1.262175132082358076e+01 2.819429174870155563e+01
3.220043971274010097e+00 -1.268274332418156547e+01 4.287200916483774904e+01
1.157429074930131030e+01 -9.430453760507903738e+00 4.100641870205826223e+01
5.670710363359495076e+00 -1.585882921712474847e+01 3.753260539724662692e+01
2.609668665079921457e+00 -9.964644487404163087e+00 4.794235775593633520e+01
2.052629797867966488e+01 -1.467940042347962493e+00 2.741730586105788703e+01
1.704052332513613521e+01 -5.781487160964837280e+00 3.598592586867727050e+01
2.120478596598059795e+01 -6.119239828206706200e+00 2.550848291518793687e+01
2.016290021663784060e+01 7.284584547951815647e-01 3.374373199499537890e+01
9.332094944515910484e+00 -1.876513139119862927e+01 2.501816806292567463e+01
1.280234269778293665e+01 -1.116502033303349961e+01 3.613726786714828165e+01
7.983102183931061191e+00 -1.699079876171719050e+01 3.144655534044596479e+01
1.390005305447033379e+01 -1.692846077922697745e+01 2.473606887244528352e+01
9.851314125256728005e+00 -1.213851758920373847e+01 3.621899086126400391e+01
4.005274983146715151e+00 -2.105534036181493818e+00 5.082968250220709905e+01
9.540117778385349467e+00 -5.933259931075395954e+00 4.366075688723257286e+01
3.504927953078997849e+00 -4.655999235715746032e+00 4.881028653877834245e+01
6.157534390306199867e+00 1.210658364375593286e-02 4.742714761319817995e+01
7.819849234401582194e+00 -8.628101613908055967e+00 4.647982273289022004e+01
2.005305781058765291e+01 -1.264649561719507709e+01 1.867153764689069817e+01
1.584392974555557743e+01 -9.683524913125584277e+00 3.114668494858024772e+01
2.004294080752773866e+01 -9.402779355129585070e+00 2.073793954205314805e+01
1.752112366608759331e+01 -1.549554126208179028e+01 2.162853156931864262e+01
1.922535217503557092e+01 -7.869517872546505366e+00 2.793278831218601610e+01
1.524688872131536677e+01 -1.474706999489695569e+01 2.961921399813427058e+01
1.283550541549088209e+01 3.366084014333138086e+00 3.978501113281485146e+01
1.349577749068296662e+01 -2.381722624321492177e+00 3.997268289706975253e+01
1.590116060522385766e+01 1.801590035787168809e+00 3.555374399554139586e+01
9.211490206039242068e+00 2.168581387704537899e+00 4.329658004833338225e+01
1.606822566605469049e+01 -1.959439830221848755e+00 3.653123392002296299e+01
1.030833737060035027e+01 -2.090842846948189226e+00 4.495555138683403129e+01
1.555557329000643918e+01 -2.172935149788464315e+01 -4.828949183845085535e+00
2.067406320518529128e+01 -1.700301337111045541e+01 -9.802592231246018528e+00
1.493079575507936063e+01 -2.085673579572665304e+01 -7.481797378325794057e+00
1.940608325979433957e+01 -1.866938259937334621e+01 -1.288121134616851293e+00
2.229422820199586752e+01 -4.040592063683645208e+00 -1.994454182287558908e+01
2.214619179284778028e+01 -1.010472129574150202e+01 -1.436474120277566158e+01
1.185364249253611746e+01 -2.048302049619698550e+01 -2.019437802689793315e+01
1.890805076916833372e+01 -1.549046953230858925e+01 -1.625505911770114054e+01
1.279655390688108518e+01 -1.986815091470301908e+01 -1.442461709099817746e+01
1.697064271098170352e+01 -1.819453929401288050e+01 -1.137927897281594269e+01
2.310411792891855853e+01 -1.492487689999380862e+01 6.816415281801544879e+00
2.364079872371474877e+01 -1.403786742779777619e+01 -6.378962818786821920e+00
2.093978764623166811e+01 -1.750477609351760577e+01 4.316981043065062806e+00
2.150871644437972563e+01 -1.655013845967316399e+01 -3.144740436260009542e+00
1.742938433465671011e+01 2.159601158595205206e+01 -3.326834679670911843e+00
1.971151322326182509e+01 1.668244705466302946e+01 -1.049469484329268454e+01
1.484467632851316132e+01 2.147606477200913844e+01 -8.617623322020325105e+00
1.832493801298272373e+01 1.980461115041232034e+01 -6.080383001489167993e-01
2.276250983255140170e+01 4.084632403585301219e+00 -2.095803258178234429e+01
2.274207442961776948e+01 1.066698411824814663e+01 -1.484938201203402386e+01
1.120248475947059852e+01 1.987614386409849487e+01 -1.833406586032376495e+01
1.743545628423477822e+01 1.539629773366501375e+01 -1.462207878722504084e+01
1.281277074973699115e+01 1.949244286692681527e+01 -1.397002329714069724e+01
1.696951912584975375e+01 1.847494405748107837e+01 -1.178565097933948458e+01
2.239296933520745725e+01 1.403206874282893679e+01 7.826149624812378747e+00
2.170047840358609648e+01 1.336283969175137187e+01 -6.594570047859848572e+00
2.031679862790996438e+01 1.595239368283893455e+01 4.162389954442175188e+00
2.030111996925771933e+01 1.587287591611857529e+01 -3.869309295019936368e+00
3.240872397940459670e+00 1.297689396273184492e+01 -4.159127724845113505e+01
1.046358505283819440e+01 1.009505953799919986e+01 -4.007139833808195561e+01
5.185752541657137726e+00 1.427124558634236351e+01 -3.863114076123133600e+01
2.925132000681403888e+00 1.065537816500673785e+01 -4.885825778801275732e+01
2.093927577155663045e+01 2.097549262335844933e+00 -2.530626943516086413e+01
1.644926351001933185e+01 6.617252756814574255e+00 -3.563303138212602050e+01
2.094009902660235767e+01 5.758639477584726940e+00 -2.368610225850774498e+01
9.608984794166982368e+00 1.727903786443280509e+01 -2.617700866139689708e+01
1.208631074503582603e+01 1.257897369932135589e+01 -3.515675661929581963e+01
7.460724363149374483e+00 1.707504986248865819e+01 -3.169543349445554270e+01
1.285355037046285176e+01 1.686650910254862623e+01 -2.257214867668539071e+01
1.017014025514022002e+01 1.211493364056197031e+01 -3.588913977905498598e+01
2.004647797748354332e+00 9.688143728001075150e-01 -5.296237961035543407e+01
1.006232096352540317e+01 6.565153196131554125e+00 -4.467841916728033169e+01
3.534685997288764536e+00 6.119185044256584050e+00 -5.307447614865506580e+01
8.257353867871726649e+00 8.075643757386604449e+00 -4.698225540287676694e+01
1.989383383484855727e+01 1.241281284171178534e+01 -1.789041685609988264e+01
1.602668415346045094e+01 9.612448578196264748e+00 -3.179400642230950780e+01
2.191141886950481421e+01 9.377428637276750578e+00 -2.139555745709388290e+01
1.689862041638414425e+01 1.452220313130208140e+01 -2.147102363702403238e+01
1.840095877895753063e+01 7.260887377963821443e+00 -2.829586867773807768e+01
1.455234348316263748e+01 1.316863784071810350e+01 -2.797539974144773822e+01
3.486653657254638716e+00 -1.086686146157978250e+01 -4.194135864763296695e+01
1.045690721038542037e+01 -1.059610500848285675e+01 -3.957051573514831944e+01
4.563532204433684569e+00 -1.637573995695045781e+01 -3.807790092578198937e+01
3.353819006206082420e+00 -9.158117291118506031e+00 -4.558955562723374300e+01
2.059346058259191281e+01 -1.246141286461919240e+00 -2.620707752308735650e+01
1.470584150580842753e+01 -5.953503765242052381e+00 -3.461208544765970885e+01
2.102789720901251869e+01 -4.883276658094087175e+00 -2.382803416764485860e+01
1.869304781023280171e+01 2.418188833803292664e-02 -3.112290695273784280e+01
9.379625609108536821e+00 -1.897156985955227881e+01 -2.622527763973723580e+01
1.247695164704962778e+01 -1.186237277835195947e+01 -3.441492154739281517e+01
7.931679150174969273e+00 -1.624468487786328552e+01 -3.120635161248162959e+01
1.308559389758912417e+01 -1.760242563706476915e+01 -2.515507235535482522e+01
1.033515013918465719e+01 -1.365347414596494602e+01 -3.613765242561461122e+01
4.375853958237943431e+00 -2.151788421414427166e+00 -4.880532090845655091e+01
9.458194886659994083e+00 -6.396213180937659892e+00 -4.349854962699674132e+01
3.964111943163774576e+00 -6.119926891802661473e+00 -4.666700274839517704e+01
6.348110645587571099e+00 -6.301063559737984932e-01 -4.948837008035656737e+01
5.343323723980998530e+00 -8.228227989354913063e+00 -4.326009698440811491e+01
2.113828798431970313e+01 -1.191743778181192859e+01 -1.794816493652277956e+01
1.524758583504073606e+01 -1.150383845498679314e+01 -3.118554999689872886e+01
2.074329153900058387e+01 -8.407889800668948865e+00 -1.981420466807792025e+01
1.654705587469421957e+01 -1.469844638555313665e+01 -2.045623438136968986e+01
1.939504782414638484e+01 -8.105554615428637533e+00 -2.696429391971601319e+01
1.537907692166856322e+01 -1.342732805611393943e+01 -2.784761829899723651e+01
1.306898895919101911e+01 3.405476306611244119e+00 -4.065223387117020337e+01
1.372634643328131077e+01 -4.077122980114971540e+00 -4.058898882232197280e+01
1.651167122886547745e+01 2.361101383559627287e+00 -3.701658648941573659e+01
9.881743516164982921e+00 2.733352888361583855e+00 -4.540360810022308868e+01
1.530197152466496213e+01 -2.047500659633789688e+00 -3.580905838923607121e+01
1.020422028330292363e+01 -2.351285970043565765e+00 -4.567332326832369205e+01
2.533582587588976054e+01 -7.620264061086213792e-01 1.760421275270079988e+01
2.688280306202307912e+01 -2.964054646633756951e-01 4.924056977359392739e+00
2.456383056267793208e+01 -2.918063793088964797e+00 1.459608850933736690e+01
2.440699716135121733e+01 4.660041749650549292e+00 1.517795823396380150e+01
2.387845815613533773e+01 1.036331311077505202e+00 -1.600185898774395454e+01
2.640464520811170956e+01 3.068093594717252182e-01 -6.277630710316582707e+00
2.526479235019725422e+01 -4.542847872178958468e+00 -1.429988177119190595e+01
2.571299259393407155e+01 3.856857119828526859e+00 -1.530642420219272815e+01
2.335861087595558416e+01 -1.035975579892931897e+01 1.105461837589653484e+01
2.642733505051702281e+01 -3.811329199286678016e+00 3.629829646159359324e+00
2.469039459052262586e+01 -8.222443741572936560e+00 1.249449787308405924e+01
2.500661306026281849e+01 -1.089282684975870374e+01 3.213381187050531107e+00
2.671630666553872047e+01 -4.352425387095191667e+00 9.114620120040260787e+00
2.291503650645593737e+01 9.676791010549550265e+00 9.704787151150776836e+00
2.665258436846018952e+01 3.936640392292001689e+00 2.430986816158511310e+00
2.581601218559211830e+01 7.286588097263118513e+00 1.229904310606926821e+01
2.536185031240540866e+01 9.311608584475917993e+00 1.802532211673220086e+00
2.734821839907811736e+01 4.275607333861152881e+00 9.058999347258666290e+00
2.433654678070841371e+01 -1.126933078991659798e+01 -9.455299101305540077e+00
2.772329311179218791e+01 -3.567413147488057490e+00 -3.807207399954511740e+00
2.491947457226060081e+01 -6.409032485240026666e+00 -1.199563220096830740e+01
2.357749936804366442e+01 -9.817219210593504997e+00 -3.679498110572810621e+00
2.592475188454396928e+01 -3.166751035612644483e+00 -9.138889423304592086e+00
2.621571395604501831e+01 -6.735334446899342353e+00 5.706116129770418821e-01
2.299185948938113810e+01 9.111280026116549635e+00 -1.018619700674782536e+01
2.643462215958518868e+01 2.122391230931422346e+00 -2.684520918815526347e+00
2.403269244272572180e+01 6.792287339445319816e+00 -1.324993962813470993e+01
2.513114854242790486e+01 1.019568610992080870e+01 -3.225750101825078264e+00
2.533963902532942924e+01 3.227900384916326360e+00 -8.525942974536558694e+00
2.602364292893670594e+01 6.905522563580242412e+00 -5.727774717500067059e-01
