1.402772389571858724e+01 -2.259868105081293166e+01 -2.502893452504851290e-01
-1.372878173723326256e+01 -2.265602993309525814e+01 2.573900958393122718e-01
1.406430168360068400e+01 2.269396935472665433e+01 2.067749769213172439e-01
-1.462818086131746753e+01 2.369509117828219047e+01 1.741200936378074493e-01
-1.954490933093326610e-02 1.392206078145970771e+01 -4.244390060981535839e+01
-8.174582559004459070e-02 -1.325797166622223955e+01 -4.100590356175818840e+01
4.663028474635249471e-02 1.313342222526342518e+01 4.071007170415482790e+01
-2.311644454279157546e-02 -1.363878849072862565e+01 4.167561107092177508e+01
-2.262966385331975161e+01 -7.026424610399752135e-02 2.191735441544031815e+01
-2.194632395356938659e+01 -1.531682907589402010e-01 -2.093607267936102900e+01
2.359950879369363008e+01 -5.266327299954139118e-02 2.232754608840621202e+01
2.314124260676498679e+01 7.066394993813827907e-02 -2.170051479913352566e+01
2.346072414694476069e-02 -2.533970559718437343e+01 -1.155865668849242883e-01
5.092000031454623626e-02 2.515256374581948862e+01 -6.382455998000143016e-02
7.777216519579110532e+00 2.098154994757517500e+01 -2.012254944117981381e+01
-8.158188154163980244e+00 2.140339667546663094e+01 -2.078813057332794756e+01
8.131842617472079482e+00 -2.159194241659401925e+01 -2.071507553942274882e+01
-8.048690526798218059e+00 -2.111473034734441612e+01 -1.998778413951362509e+01
-8.669694608804874580e-02 1.802782068188937825e-01 -5.177698748832214903e+01
8.078739537338515575e+00 2.110025347979117427e+01 2.050381551468999319e+01
-8.052311466840867737e+00 2.134481777192567975e+01 2.050500290749594257e+01
7.959755149398088037e+00 -2.065299464964324372e+01 2.036940263541233520e+01
-8.365632990574619399e+00 -2.207276890429157135e+01 2.139652860235653975e+01
-1.013251907629983822e-01 9.849038437470178375e-02 5.040818098144674053e+01
-2.062897750658997253e+01 -1.272172193769551463e+01 1.227351368048163316e+01
-2.223950072405029488e+01 1.382105455378961167e+01 1.279449712171161480e+01
-1.313377393007758265e+01 7.969084023867681665e+00 3.871953615380745362e+01
-1.266003886760022112e+01 -7.743049614943875447e+00 3.732252852361933293e+01
-2.115140190801064435e+01 -1.296803678322788933e+01 -1.261355972317375951e+01
-2.189362033495007864e+01 1.349574223661629446e+01 -1.276020064984745694e+01
-1.289036807395720885e+01 8.192180409554390863e+00 -3.849583029945768686e+01
-1.252672176346369781e+01 -7.852639450813699185e+00 -3.754721286240140188e+01
-2.644137253890722050e+01 -2.538001085982366511e-02 1.412604156044217352e-01
2.212427947397524619e+01 -1.368247350960477782e+01 1.275447623606885905e+01
2.164600908715853222e+01 1.334813462142191831e+01 1.257550484680376890e+01
1.276015489588822227e+01 7.736958454755250791e+00 3.767932565909254805e+01
1.315038514937471348e+01 -8.119119634852797418e+00 3.850081065372516775e+01
2.206267143309628409e+01 -1.371070661728261086e+01 -1.283340820422943018e+01
2.106937268440836775e+01 1.296272349270942748e+01 -1.248392257622226253e+01
1.298742593928401057e+01 7.858611896050473611e+00 -3.838880904299534791e+01
1.266357745408233448e+01 -7.772974752648725172e+00 -3.732974628822602625e+01
2.674653196315230375e+01 -7.408395194197639477e-02 -4.233822041461846042e-02
6.959240784857875006e+00 -2.428747733295151434e+01 -1.714177313134933600e-01
-7.392542065371011439e+00 -2.564977113077357984e+01 -1.895475887965376513e-02
7.118837568474364552e+00 2.514692336543643236e+01 -6.223404036194563060e-02
-7.147536075233190012e+00 2.520171243387147086e+01 -6.442132553954628416e-02
1.117944755372462318e+01 2.234130909391262065e+01 -1.037792495807919479e+01
4.101144576144802656e+00 1.816962153231369115e+01 -3.172421523399206578e+01
4.306054993869939729e+00 2.443541261086013350e+01 -1.084969736366416448e+01
-1.163689340381217718e+01 2.320936078056720930e+01 -1.056750663546610092e+01
-4.417867124810453738e+00 1.841873405090104043e+01 -3.219593479054390883e+01
-4.106560540638279022e+00 2.408250514497149553e+01 -1.089140221168487344e+01
1.670501215688227278e-02 2.183295370533815927e+01 -2.226514841511760068e+01
1.144148905327863730e+01 -2.283344702038463581e+01 -1.077236415409673498e+01
4.340082878479102568e+00 -1.836730511165912461e+01 -3.197297435529700849e+01
4.144121067973865813e+00 -2.439912353816739099e+01 -1.108203193780520479e+01
-1.162190451846666051e+01 -2.280867233594636900e+01 -1.021043839639939854e+01
-4.213873388383123419e+00 -1.813670601541685912e+01 -3.126160647237968604e+01
-4.315667706322358299e+00 -2.520884718192747442e+01 -1.107222355085656496e+01
-1.093629849788526759e-01 -2.227514753904443623e+01 -2.234006709227055154e+01
-9.356899662212123103e-02 7.264155381640879483e+00 -5.208260092701992505e+01
3.036950313325024187e-01 -6.763662145274150106e+00 -4.768517160416294587e+01
1.162635483570520023e+01 2.290509221053795486e+01 1.055706055758105677e+01
4.186277440472193412e+00 1.799458599413975435e+01 3.145432770348703500e+01
4.259632366761799460e+00 2.406300228311857481e+01 1.074574453225965165e+01
-1.189877362394647875e+01 2.350114102768778324e+01 1.062467631850254435e+01
-4.076601504677213050e+00 1.801816867239529429e+01 3.161825427336789929e+01
-4.147183484575061918e+00 2.379516788486693102e+01 1.071148637334603038e+01
1.557811112953879640e-01 2.130701451122362755e+01 2.175558629238133079e+01
1.116331797568884099e+01 -2.214830461600961797e+01 1.053980960541056788e+01
4.266365985021479013e+00 -1.816264071566264704e+01 3.178403882390237101e+01
4.037556435911771935e+00 -2.362806628324733893e+01 1.081466561780660740e+01
-1.180538876740418708e+01 -2.366852560329785149e+01 1.092873611106444187e+01
-4.324499885996913484e+00 -1.854777040582096248e+01 3.196001019756765515e+01
-4.041017380637809353e+00 -2.412830269357334600e+01 1.089115118849122510e+01
-1.112924244993736961e-02 -2.152841314374770221e+01 2.212180229342668625e+01
2.853449596618407372e-02 6.643522192046662944e+00 4.709081163652422219e+01
-1.102135370001968394e-02 -7.127437717097780734e+00 4.955107025297239431e+01
-1.756934735258456115e+01 -1.784542571899934771e+01 6.610743963690134173e+00
-2.142120606652869341e+01 -6.354368046636232670e+00 1.723463981368175624e+01
-1.514431362541706427e+01 -1.781616045095414336e+01 1.753810277962183406e+01
-1.915055571086766051e+01 1.922027904433961254e+01 6.658394495708300553e+00
-2.295283366925108126e+01 6.795181289199191177e+00 1.779282949546493597e+01
-1.618019229732076880e+01 1.894385068276143258e+01 1.735970849121271442e+01
-6.581596310178216669e+00 1.122195935466173466e+01 4.276526570825198803e+01
-1.872791747372655635e+01 4.298242983169171971e+00 3.135967842511981729e+01
-1.134292511966434702e+01 1.580784048449360135e+01 3.101000465928323635e+01
-6.764879164074565132e+00 3.980316269947616448e+00 4.811129997852972195e+01
-1.848262935600199341e+01 1.132347819435715941e+01 2.520328871389404668e+01
-6.630689144136028723e+00 -1.114499293416781889e+01 4.238325436689927983e+01
-1.823845344333323837e+01 -4.132617843775759248e+00 3.080357491484775423e+01
-1.132982978996387935e+01 -1.564180901537313950e+01 3.093216323217838237e+01
-6.431119115122170271e+00 -3.991507390166821878e+00 4.840083586597386045e+01
-1.753024222471952953e+01 -1.090121499402167160e+01 2.417525658744641248e+01
-1.338951265568984361e+01 1.271065291730907598e-01 4.118020817325275829e+01
-1.743311442696187541e+01 -1.767482810548701266e+01 -6.585493196927516557e+00
-2.251835287495209670e+01 -6.826041723286960128e+00 -1.721483637875710215e+01
-1.499869399499547384e+01 -1.748848856512982408e+01 -1.705389769683066348e+01
-2.243505235339988957e+01 -1.386824862945840486e+01 -1.759449459298186857e-01
-1.871444765043985115e+01 1.901940893605878813e+01 -6.466758450306978823e+00
-2.282516875797889000e+01 6.842020198872033276e+00 -1.763901770110284772e+01
-1.544136248323556160e+01 1.834588026447161724e+01 -1.735629417650386941e+01
-2.351386412382206004e+01 1.455115686769085315e+01 -1.733349855378772675e-02
-6.816049586424323792e+00 1.133434847268363477e+01 -4.263393018603297691e+01
-1.810141528119984855e+01 4.283490326737054765e+00 -3.080595686911388498e+01
-1.139045101342030542e+01 1.565942571339313005e+01 -3.107650642370203542e+01
-6.805833794811073645e+00 4.259955441398183495e+00 -5.032891653155552802e+01
-1.849684847230189888e+01 1.116041354238276995e+01 -2.517644920218784677e+01
-6.379308936840607736e+00 -1.095562369292993310e+01 -4.153621321033174496e+01
-1.793087765768358111e+01 -4.136983318126557840e+00 -3.033580692753558949e+01
-1.095328646430771258e+01 -1.511092025631508839e+01 -2.991451465497908657e+01
-6.723277822792985248e+00 -4.314763716359687251e+00 -4.981304238200077350e+01
-1.776603660885283276e+01 -1.087954958888440515e+01 -2.421862834056977221e+01
-1.354960927916651592e+01 1.767037910567870879e-02 -4.150385634547512126e+01
-2.530701222002055317e+01 1.320028766416135591e-01 1.128197227260430857e+01
-2.515193513969179406e+01 -4.404093713230062407e-02 -1.107323421702625410e+01
-2.508600947299328965e+01 -6.972738764945214385e+00 6.590925491163031502e+00
-2.561539549192557175e+01 7.100646887490555947e+00 6.763140973732211236e+00
-2.560892278335672856e+01 -6.976548130834597572e+00 -6.802722827123878879e+00
-2.593368522090238670e+01 7.109831756121779200e+00 -6.689988746475552972e+00
1.877693295903283754e+01 -1.889880851871194167e+01 6.628211274239090400e+00
2.280418966608390363e+01 -7.033741012520721370e+00 1.786815311608829049e+01
1.576649439625952098e+01 -1.828351980409993516e+01 1.718488039803833090e+01
1.863505606417376370e+01 1.904192354155096822e+01 6.916706781079700050e+00
2.359827581666610286e+01 6.929148482609789106e+00 1.805272481914898108e+01
1.564942632002962419e+01 1.834246688046774310e+01 1.727872739719313344e+01
6.530819872761901124e+00 1.103389174758862978e+01 4.186145689189749675e+01
1.877254638159952904e+01 4.176189398618013193e+00 3.116063916958542279e+01
1.104665340851661703e+01 1.533227854108034549e+01 3.065253242421295354e+01
6.237752492914231617e+00 3.926117663146959202e+00 4.649848789957201944e+01
1.813579748775556766e+01 1.109101414935056695e+01 2.479015056768348302e+01
6.684406964316468525e+00 -1.120285796547355162e+01 4.253279313362148173e+01
1.886917771139109234e+01 -4.226481529693047356e+00 3.124271661832880298e+01
1.126802614141852388e+01 -1.546563604331832487e+01 3.080875352193720573e+01
6.768656025866385484e+00 -4.290622458564450348e+00 4.836242873992054569e+01
1.850101467410087253e+01 -1.109661916888551048e+01 2.510046938372576264e+01
1.319365586312919980e+01 1.533284043101767469e-01 4.110801487511952246e+01
1.851017318954576396e+01 -1.891954959182714191e+01 -6.490524428523909428e+00
2.291717749928097803e+01 -6.876227352242684887e+00 -1.750413543499974978e+01
1.557289410862456691e+01 -1.808684103789541453e+01 -1.725442114498877544e+01
2.346721386808062348e+01 -1.462437145623131940e+01 -8.281545448658410302e-02
1.815816755551836437e+01 1.838407929537272878e+01 -6.496308463484189666e+00
2.307765304660643224e+01 7.002754123121479601e+00 -1.787620932992313882e+01
1.485381302248274515e+01 1.721891256591819541e+01 -1.697637431902888849e+01
2.247689159892436450e+01 1.391398185745498672e+01 -1.831175362289010067e-02
6.614764099003817677e+00 1.120384530430700920e+01 -4.275540397705734819e+01
1.847690046986891232e+01 4.187829691475868366e+00 -3.116056157744997535e+01
1.091246147194165772e+01 1.516783422667521997e+01 -3.045041649471921019e+01
7.044608845431034716e+00 4.138173498483330270e+00 -4.999939901000746545e+01
1.805235635970275965e+01 1.086429746135600816e+01 -2.482193075825952988e+01
6.650506286655836874e+00 -1.097563154587957612e+01 -4.184652863429097636e+01
1.820723425005640905e+01 -4.293181948874110532e+00 -3.056251536663223689e+01
1.137058561604475670e+01 -1.570090979448677260e+01 -3.080041218902424305e+01
6.641337858314734888e+00 -3.944446102107210361e+00 -4.715228903542370631e+01
1.844415039101988896e+01 -1.121651474573289775e+01 -2.468216462809538214e+01
1.327396894780009085e+01 2.796488003240586370e-02 -4.086285836595494203e+01
2.606433554668510766e+01 -6.237939388742509000e-02 1.141960311869158851e+01
2.574466821336235611e+01 2.612214870104581643e-02 -1.124081801900079114e+01
2.569402987485413092e+01 -7.115184946047782510e+00 6.784558453033327829e+00
2.544093150295445582e+01 6.987658377071555016e+00 6.831670402582535218e+00
2.593469328582536093e+01 -7.180428473688802882e+00 -6.523683514158718388e+00
2.542370645372258053e+01 7.039510527028570053e+00 -6.717801839436889466e+00
1.056939600003913249e+01 -2.375519049695658680e+01 -3.136334594834148948e-02
3.424402557802589619e+00 -2.502010284655135308e+01 -1.899852449976046631e-01
-1.089764637256613966e+01 -2.475135293090516342e+01 7.401592575430082643e-02
-3.604882702170037589e+00 -2.555930447375421011e+01 -1.046477266706654780e-01
1.053642341736016164e+01 2.413635424621656966e+01 1.047469804990651260e-01
3.707698434597137105e+00 2.562961743041221041e+01 -1.563275565633978070e-01
-1.103142485046767618e+01 2.479363468824314154e+01 1.098651781860426370e-02
-3.516969779034801125e+00 2.500691264134006531e+01 -3.229553487701752185e-02
1.264114953189394619e+01 2.272718496232014118e+01 -5.232825003654795637e+00
9.788421173367282790e+00 2.196362268321479760e+01 -1.534764627615994748e+01
9.243006041084871782e+00 2.413815788983890087e+01 -5.371129166722472092e+00
2.011047698169554199e+00 1.612529297600228162e+01 -3.718564326413849130e+01
5.990347589250053062e+00 1.980243584940046730e+01 -2.588055816944314103e+01
2.142450290065712970e+00 2.514349694245881750e+01 -5.692554726721536618e+00
6.266233457110336857e+00 2.297312335687556484e+01 -1.586016325626770040e+01
5.793372695015277962e+00 2.515352699928534363e+01 -5.538286135067260751e+00
7.872940117394816362e+00 2.374165541652058664e+01 -1.088578580346782765e+01
-1.322194198927850728e+01 2.369936481550313445e+01 -5.205045796233260802e+00
-9.939769023083648847e+00 2.235005055639510374e+01 -1.560501556233579734e+01
-9.613588173205215526e+00 2.459351950959118938e+01 -5.408119263904492158e+00
-2.297804717177105438e+00 1.629143711652434590e+01 -3.729281717585532618e+01
-6.390669986495904453e+00 2.022708682068799746e+01 -2.647699439355289641e+01
-1.494792088276213939e-02 1.865885079615318531e+01 -3.262137097819653064e+01
-2.015325287109087871e+00 2.477005461804396091e+01 -5.616871054425900844e+00
-6.038139824681895362e+00 2.287713993607960106e+01 -1.588918992375963946e+01
-5.721546407289561209e+00 2.497173395029818366e+01 -5.492317204560623445e+00
-1.275323727423290261e-02 2.398932086027172872e+01 -1.110245067558010490e+01
-7.870985519040734069e+00 2.396314620266187845e+01 -1.093950265262705912e+01
4.043527364576561922e+00 2.192257972461520055e+01 -2.170633416498593249e+01
-4.126973410670007780e+00 2.169702045475042596e+01 -2.195322732032166968e+01
2.164937309492876327e+00 2.075389636490959333e+01 -2.721562554089532071e+01
2.139806696385131435e+00 2.282686840318557842e+01 -1.647629513148142877e+01
-2.185594656272790370e+00 2.052762131045213678e+01 -2.718821255034799123e+01
-2.212232337853242470e+00 2.288423458820287593e+01 -1.641099743687695778e+01
1.287231724679343259e+01 -2.285547562223220197e+01 -5.441927536893104822e+00
9.752849507615783509e+00 -2.215355357986404172e+01 -1.563734392998722100e+01
9.213844336614299024e+00 -2.395724841855680509e+01 -5.600389746056785079e+00
2.058633578363401107e+00 -1.621447812709843461e+01 -3.671237898192287474e+01
6.260945549039679037e+00 -2.025567755958321570e+01 -2.642315920131952467e+01
2.131266450956739167e+00 -2.511916039380456667e+01 -5.729962198673071327e+00
6.118302728908868282e+00 -2.286455073100796653e+01 -1.601116534505463918e+01
5.518924473410831588e+00 -2.470379161411560887e+01 -5.612320864562037492e+00
7.828852236199420389e+00 -2.372697704334123259e+01 -1.097989693468460359e+01
-1.275923331222144519e+01 -2.293105169119485609e+01 -5.063731098868273328e+00
-9.810011517757645905e+00 -2.225825764877762936e+01 -1.534265984998940802e+01
-9.724821164822127884e+00 -2.509726674224252818e+01 -5.323603154615050848e+00
-1.902675015139303927e+00 -1.587079074481633079e+01 -3.633024282815517836e+01
-6.204317639808813567e+00 -1.975102306744205904e+01 -2.561038829024209917e+01
6.129374330770566426e-02 -1.847325827456601033e+01 -3.243653156617836686e+01
-2.160617312387250966e+00 -2.555152694720000284e+01 -5.689044936005770658e+00
-6.343958350542815872e+00 -2.387056072387929007e+01 -1.583017628044620828e+01
-6.043650766434867982e+00 -2.580431161312835897e+01 -5.666969411913337140e+00
5.295455717752504260e-02 -2.479125148397415401e+01 -1.140205689757929441e+01
-8.219092526198890525e+00 -2.501505385909465318e+01 -1.080852550004171952e+01
4.140852071518523303e+00 -2.188127309258243969e+01 -2.189088318214986728e+01
-4.154920477744931340e+00 -2.216614144847206802e+01 -2.168118159079674712e+01
2.147666796519750676e+00 -2.063500502378197154e+01 -2.696363846517899177e+01
2.072642990097443683e+00 -2.326609372716951896e+01 -1.655416347193439464e+01
-2.190399279765958163e+00 -2.064115331231755945e+01 -2.694683702528658387e+01
-2.061461987215446712e+00 -2.370977106074019147e+01 -1.649695919589433402e+01
-1.072892945770295425e-01 1.069102949278967607e+01 -4.792385425432777168e+01
1.450712667613368312e-01 3.604356939651606861e+00 -5.317985538208534280e+01
2.227835651227237368e-01 -9.958628551896385517e+00 -4.508118692452685394e+01
-6.067119431283388153e-02 -3.403970953226171492e+00 -4.930850606696353111e+01
1.285649293306041940e+01 2.303366963479912854e+01 5.575700270884283327e+00
9.830254991612983773e+00 2.210846997192938801e+01 1.546510104417910370e+01
9.427532467675106886e+00 2.448388935358100227e+01 5.451861464509395461e+00
2.020601805080205260e+00 1.582503205560337101e+01 3.643408216237532571e+01
6.168944093749342272e+00 1.990749221686374071e+01 2.596285299899646404e+01
2.119138507520702319e+00 2.485150086884213749e+01 5.434752199385020077e+00
6.064168351082741104e+00 2.268598142205889445e+01 1.550693125655479854e+01
5.816356921233441390e+00 2.509990381901040024e+01 5.334035738301441398e+00
8.016621281927109877e+00 2.401277796228158934e+01 1.089502934009278512e+01
-1.355350917760612717e+01 2.388842849806426116e+01 5.540190350718757983e+00
-1.004572006176709742e+01 2.256387856252682766e+01 1.563005381479052325e+01
-9.671731732780660451e+00 2.469627348359259500e+01 5.465933409964434553e+00
-2.158666240569096839e+00 1.595341247442664745e+01 3.655532829504625880e+01
-6.208919151244847612e+00 1.998762912201923214e+01 2.613586338056519409e+01
3.270108791092873890e-02 1.805713502329106745e+01 3.196135686669762421e+01
-2.193008961010117108e+00 2.454447586630756106e+01 5.554274668851762797e+00
-5.992944317140975308e+00 2.261124921159101220e+01 1.574054542465951911e+01
-5.835505008533395710e+00 2.479727408653076992e+01 5.454328305521702447e+00
-1.258867924678567889e-02 2.384989253103421447e+01 1.092348764852667031e+01
-8.015134313936556509e+00 2.379175641785962370e+01 1.087908397385592885e+01
4.005327437331166252e+00 2.141436571422477897e+01 2.151892265712130126e+01
-3.953445124620460494e+00 2.128259261788575785e+01 2.133275554221468440e+01
2.232166807637771644e+00 2.001216725509881655e+01 2.676973746425556655e+01
2.090660852572143735e+00 2.249459761279658920e+01 1.609978731831160559e+01
-2.116749394422162922e+00 2.014148212612965239e+01 2.673331204931032445e+01
-2.043982456936022540e+00 2.244275155050848980e+01 1.621942183120006931e+01
1.282528537011343595e+01 -2.256634798330318148e+01 5.233187736014986768e+00
9.344280026863868827e+00 -2.127187960285072776e+01 1.526957244043699724e+01
9.044686804915933465e+00 -2.336479304959436121e+01 5.301277147372390530e+00
2.044309934445901700e+00 -1.603741372310073032e+01 3.680764202116831996e+01
6.071585465106663193e+00 -1.986949038799933476e+01 2.607851792386599499e+01
2.119339808126602609e+00 -2.460357958939251688e+01 5.502559791563514935e+00
6.043996749322866791e+00 -2.227211831951944276e+01 1.569701335943135412e+01
5.534472584599371636e+00 -2.425805979850532879e+01 5.514214257380649187e+00
7.468211240338461288e+00 -2.294337610552739193e+01 1.074077881177922755e+01
-1.289826122735398073e+01 -2.320422523332948828e+01 5.499941321549873585e+00
-1.029135855605205485e+01 -2.322064799435331750e+01 1.593043748522946146e+01
-9.842823172206376370e+00 -2.512990954704005020e+01 5.594538328907852076e+00
-2.235925612925885542e+00 -1.621686775087310650e+01 3.695547374455492928e+01
-6.541732736267180215e+00 -2.046994176441875268e+01 2.649929736924844903e+01
1.431206344194165848e-02 -1.843353620942295379e+01 3.240222989062886683e+01
-2.097861480467376527e+00 -2.481134716121986372e+01 5.525705163947889353e+00
-6.230358658917071857e+00 -2.328574460726375506e+01 1.600988473451910821e+01
-5.775310249315089628e+00 -2.512938191338270499e+01 5.427689093406940835e+00
2.758703137859444196e-02 -2.384162793745863596e+01 1.095730100244879601e+01
-8.126887448309105366e+00 -2.459331671937258079e+01 1.114974548157793244e+01
4.067685248465672920e+00 -2.142016349891503069e+01 2.170245555379873181e+01
-4.114489509030552661e+00 -2.191573154721567818e+01 2.212065675099266215e+01
2.138522097481324824e+00 -2.038711147062738505e+01 2.690664212744191275e+01
2.043801840245887735e+00 -2.244578640446592388e+01 1.628492225598809284e+01
-2.195045086221552921e+00 -2.063093054343808674e+01 2.700753161926124335e+01
-2.005815191573080192e+00 -2.264634232218015342e+01 1.636603392665480072e+01
2.666842964789105652e-01 9.865059822469913087e+00 4.495625114769580932e+01
5.858742171521512387e-02 3.462023286232496666e+00 4.900489556492566834e+01
-1.276886272327319993e-01 -1.018679455633855113e+01 4.675967076037819226e+01
3.486133822620864076e-02 -3.397792529743504542e+00 4.965253822607542844e+01
-1.560157508490947009e+01 -1.983506750616729164e+01 3.422872625154751880e+00
-1.922292484548034608e+01 -1.534292281013849468e+01 9.547308608047041290e+00
-1.474791741761616137e+01 -2.038171838754618292e+01 8.854496620040256616e+00
-2.181198755974334347e+01 -3.224055078966711729e+00 1.955678321228890226e+01
-2.164208457724891588e+01 -9.747588072854075136e+00 1.493005598278022283e+01
-1.216549795026122105e+01 -2.040318696510434293e+01 1.988768495635074984e+01
-1.795327267519689585e+01 -1.527555031972195110e+01 1.508931067469667120e+01
-1.347446813797626319e+01 -2.055274200043530897e+01 1.435593310110787435e+01
-1.643032875582622765e+01 -1.772277030766212391e+01 1.202163601768840628e+01
-1.709052238201654816e+01 2.171636297081546019e+01 3.435365667152453284e+00
-2.095466962333684080e+01 1.662415270638280518e+01 9.900631163620909447e+00
-1.600558994563467152e+01 2.212701374126599774e+01 8.924771043389959857e+00
-2.302392625753974542e+01 3.497928222722332059e+00 1.997009388426108245e+01
-2.255749580413557354e+01 1.027609983515093184e+01 1.525304913031720311e+01
-1.229638430629641732e+01 2.052119009097683744e+01 1.922137758506856642e+01
-1.958621743749718647e+01 1.653326199042224687e+01 1.542835572914484032e+01
-1.430700211969139701e+01 2.178594246706813209e+01 1.418137988925984772e+01
-1.805640297833140906e+01 1.946717991570952222e+01 1.213031873473736688e+01
-3.365203711728218749e+00 1.236825544593542858e+01 4.232260530676625621e+01
-9.969502163123189931e+00 9.845831953971039496e+00 4.126086802305232482e+01
-5.558185865435349093e+00 1.501090856960936115e+01 3.735366218287952478e+01
-3.193028401470522137e+00 9.039113929086930455e+00 4.690337062978192506e+01
-2.093334746158918946e+01 2.108507902574384918e+00 2.684237184170288515e+01
-1.596978050765086010e+01 6.203328894991720688e+00 3.504649746283374867e+01
-2.131617484779232186e+01 5.671279083653632647e+00 2.452157032458261909e+01
-9.903503908688465529e+00 1.895427592033493625e+01 2.607804173879089760e+01
-1.229858316660157058e+01 1.218743371297423472e+01 3.514090363291489894e+01
-7.883366138024554992e+00 1.706564755983699300e+01 3.181329088915639147e+01
-1.363028889635949881e+01 1.746815570856083966e+01 2.399860823221993655e+01
-9.124451362004364796e+00 1.354777760306013334e+01 3.688291350371977018e+01
-3.353980177041365529e+00 1.949129437842203494e+00 4.848426787435958829e+01
-9.900733795924113068e+00 6.045123627313508052e+00 4.469912620300100770e+01
-3.264665962627792073e+00 5.385559664686439874e+00 4.776083637928804393e+01
-6.742935106950332269e+00 7.681697296360530558e+00 4.711825657402510359e+01
-2.054727089556694963e+01 1.266440148801576804e+01 1.849644048326977241e+01
-1.599338777713659709e+01 9.749146908721222360e+00 3.195746218255445115e+01
-2.095232584776160678e+01 9.148367125643344977e+00 2.117493335862977233e+01
-1.752312889308567989e+01 1.520134036402650679e+01 2.127735498286357441e+01
-1.857226265982740543e+01 7.912734470521146868e+00 2.851848419753141073e+01
-1.508071478084013073e+01 1.373795219484430064e+01 2.874085290634472400e+01
-3.421402638287875941e+00 -1.251770328541635457e+01 4.280178028441196147e+01
-9.740071631738501878e+00 -9.717881678126678580e+00 4.019820349271916626e+01
-5.671201396048667576e+00 -1.517679843399134576e+01 3.766655045364515075e+01
-3.219408438108050330e+00 -9.080666841852556459e+00 4.746137108307840435e+01
-2.044628050206812020e+01 -1.988137768646567771e+00 2.644512952176483012e+01
-1.548118068923760937e+01 -5.935256661887042817e+00 3.421330471705879006e+01
-1.997449386906224333e+01 -5.231431685435243395e+00 2.370905579795222096e+01
-1.867068218651371225e+01 1.144995953132646460e-01 3.167825048636597884e+01
-1.003075882502083260e+01 -1.939074638462240330e+01 2.621898282144994141e+01
-1.200049236976452427e+01 -1.192667497857723902e+01 3.452477184697920620e+01
-7.921665669665177489e+00 -1.745437086962860107e+01 3.190633935661756126e+01
-1.352918278861548096e+01 -1.730382693449092457e+01 2.387431239894659996e+01
-9.045714855775512930e+00 -1.365110616972352808e+01 3.692152225723162928e+01
-3.434975332602712150e+00 -2.051404984839896528e+00 4.943823379455196942e+01
-9.498281159280594466e+00 -5.911323150728102327e+00 4.353065085882723650e+01
-3.388545488261754723e+00 -5.458410893832078337e+00 4.870643651462041390e+01
-6.777066718521712829e+00 -9.731671368856002757e-02 4.847717995247827361e+01
-6.494719577906838737e+00 -7.636542827294420910e+00 4.630439155938596230e+01
-1.893954345957683572e+01 -1.173106231942428224e+01 1.794462381882778601e+01
-1.532547601211435762e+01 -9.349074663507542127e+00 3.080842578947635602e+01
-1.969730115900309286e+01 -8.756328844969154090e+00 2.051918077970736576e+01
-1.671564434854380465e+01 -1.442663109644884578e+01 2.075179037958747941e+01
-1.776151576956585387e+01 -7.487552341821901436e+00 2.762138897354673617e+01
-1.459636485967316766e+01 -1.335733936897296203e+01 2.785550022910868861e+01
-1.344934340185993449e+01 3.905862673558957443e+00 4.031063039973639661e+01
-1.313603659580982175e+01 -3.866659906739491337e+00 3.997589812425444222e+01
-1.625596566012038124e+01 2.172179235002060782e+00 3.662007254076677754e+01
-9.779414173903470342e+00 1.976588343903886047e+00 4.559147368360569885e+01
-1.611294374413839137e+01 -1.914001915899289807e+00 3.638725469482516672e+01
-1.002278478501981240e+01 -2.012267924899763472e+00 4.591866159291971172e+01
-1.552850054904631172e+01 -1.963940143885614020e+01 -3.236979694965783860e+00
-1.921357792823745925e+01 -1.536348733414265411e+01 -9.542882935386256094e+00
-1.440676010515228889e+01 -2.008366053892129699e+01 -8.609070694069430374e+00
-1.784070447970048789e+01 -1.798005600514903790e+01 3.408586942526343339e-03
-2.218395385346932258e+01 -3.400180367315835284e+00 -1.912741521787562249e+01
-2.266667197667742428e+01 -1.015486492770354054e+01 -1.516964698805436917e+01
-1.156452729495208231e+01 -1.945461584573480351e+01 -1.867258561474923084e+01
-1.775473358556298109e+01 -1.522350521406174551e+01 -1.506035369140411895e+01
-1.302073622317591806e+01 -1.977439923022297563e+01 -1.385290539869552973e+01
-1.629784238149413156e+01 -1.754186988922594637e+01 -1.194212643419741227e+01
-2.182216421105355053e+01 -1.350187475186889330e+01 6.399840583881206690e+00
-2.213778510988134940e+01 -1.373976025607550255e+01 -6.390458016430158317e+00
-1.983417613680918024e+01 -1.587977234730305831e+01 3.346052334032571629e+00
-1.994758551048895256e+01 -1.580039949747641614e+01 -3.438977760227917013e+00
-1.690882700506974601e+01 2.150052734377705477e+01 -3.365759110977670332e+00
-2.042411632351873152e+01 1.637808106193569202e+01 -9.806473786161314266e+00
-1.555223152776703266e+01 2.130147199400220970e+01 -8.786992560715050971e+00
-1.916402820255347805e+01 1.937141058510680125e+01 5.397582364196369664e-02
-2.278401428625112146e+01 3.484730889125578823e+00 -1.941876614123200184e+01
-2.258458794213728638e+01 1.014337191613782529e+01 -1.531384606644013679e+01
-1.198720832960109028e+01 1.982493158953552026e+01 -1.933971068308411745e+01
-1.901961065011905916e+01 1.613949095634061592e+01 -1.518841095583482570e+01
-1.367431725411119814e+01 2.073537470763102775e+01 -1.429715320593851935e+01
-1.720750368094124383e+01 1.878237460620050925e+01 -1.200613409889843730e+01
-2.328493481685253030e+01 1.447625236222695122e+01 6.432935010228137962e+00
-2.316179617229713017e+01 1.441691771805124134e+01 -6.513807447079686064e+00
-2.137803810629022294e+01 1.685841290264283643e+01 3.382042628244669835e+00
-2.110771647370416915e+01 1.687240332902042539e+01 -3.232868565733467481e+00
-3.530463549646445820e+00 1.283056087492446373e+01 -4.337875529550504439e+01
-1.000408858544747126e+01 9.884873230608775430e+00 -4.089002898748790216e+01
-5.759647967704150773e+00 1.517889290174052874e+01 -3.799320320188646605e+01
-3.537348905784418296e+00 9.415870872458294016e+00 -4.814591162351794651e+01
-2.036666356400933608e+01 2.170804724404694852e+00 -2.618490691453653696e+01
-1.564000571134883621e+01 6.229157974704562228e+00 -3.512640035354678503e+01
-2.081575999155187162e+01 5.468159780128015512e+00 -2.408049233138201473e+01
-9.895559904943787899e+00 1.906837663394937010e+01 -2.617815787801528415e+01
-1.238393217280549941e+01 1.201914236694988602e+01 -3.499474040429299038e+01
-7.989180869647869443e+00 1.719102971462672258e+01 -3.221410152224678569e+01
-1.358011836997626354e+01 1.739942637881012288e+01 -2.397839361728675200e+01
-9.139274591479740195e+00 1.368222914483115815e+01 -3.716851469974383804e+01
-3.598852931020148915e+00 2.054166042166462258e+00 -5.301945938872308517e+01
-9.879080446584787012e+00 6.439274205376739779e+00 -4.483721467960346274e+01
-3.292227967220855867e+00 5.663200367936624957e+00 -5.044589979494736554e+01
-6.794431853448736902e+00 7.953680079983245221e+00 -4.672857049302432131e+01
-2.028088738841564265e+01 1.260337367922291740e+01 -1.853157824263178099e+01
-1.604265379379387113e+01 9.957926995033615114e+00 -3.197114901204301063e+01
-2.050969377970324103e+01 9.116386666227834112e+00 -2.098827992476259396e+01
-1.731567634458369653e+01 1.515373949057032199e+01 -2.102540995691524373e+01
-1.850645425945463174e+01 7.914257588076394789e+00 -2.831767023759664426e+01
-1.506909745218442609e+01 1.357046588994583658e+01 -2.836338325079886502e+01
-3.152199124981879930e+00 -1.223825518148469982e+01 -4.193536981211756398e+01
-9.591454976049030634e+00 -9.498700754154816295e+00 -3.992506009057996863e+01
-5.314396710166769289e+00 -1.460936385560721718e+01 -3.677647404686238986e+01
-3.275081813543761822e+00 -9.061550686942309696e+00 -4.670780465778012314e+01
-1.997710357513114943e+01 -2.060180467878474975e+00 -2.583001280243087905e+01
-1.533166132100425116e+01 -6.079047187560733256e+00 -3.429797847788839249e+01
-2.025868109120796845e+01 -5.436366868049249845e+00 -2.334896761673054399e+01
-1.828962340932541863e+01 2.027737643611094986e-01 -3.108542908369409119e+01
-9.484032761123060595e+00 -1.807721798513514955e+01 -2.486211391112442826e+01
-1.186957632883307312e+01 -1.157228057423872691e+01 -3.443510949770801233e+01
-7.562697806483219765e+00 -1.653883459170629422e+01 -3.076310013748414107e+01
-1.322888532601620426e+01 -1.680433337997817844e+01 -2.296528332041020093e+01
-8.774162484102925319e+00 -1.314563591867850079e+01 -3.574914057450331484e+01
-3.776992438500871518e+00 -2.048090939727867266e+00 -5.159857840439963184e+01
-9.785252921360969580e+00 -6.254956644293308443e+00 -4.423373740409350319e+01
-3.525278149283487039e+00 -5.779991514176229472e+00 -5.000670547363877461e+01
-7.284839488883482872e+00 8.206243588896421082e-02 -5.203466638590926152e+01
-6.533871526247138739e+00 -7.882422996328511289e+00 -4.611564326050569917e+01
-1.959065723059075026e+01 -1.213999500883719307e+01 -1.809305162274130296e+01
-1.550196871510771501e+01 -9.401181411804092392e+00 -3.108332879987609942e+01
-2.015706118252044732e+01 -8.855185270728071600e+00 -2.043493131118104245e+01
-1.666017563326888506e+01 -1.445290387549446365e+01 -2.059902174614258996e+01
-1.785965820432557294e+01 -7.521952720216756205e+00 -2.766254123468550574e+01
-1.462821722238609112e+01 -1.322145205242307497e+01 -2.766038662918494495e+01
-1.330101469184114826e+01 4.184721892141033628e+00 -4.064029832656745356e+01
-1.323412496937033467e+01 -4.127840933828748504e+00 -4.034617961205054115e+01
-1.588734846836876002e+01 2.083257873427328377e+00 -3.628502531339716342e+01
-1.044574561512206934e+01 2.403449004521313714e+00 -4.702102035001949076e+01
-1.572527912542624406e+01 -2.132604823336170963e+00 -3.606965751959559441e+01
-1.031705991545628009e+01 -2.222528836241158157e+00 -4.680585643883296854e+01
-2.408329971624526777e+01 5.666406318782019058e-02 1.655231271839877394e+01
-2.616431250670457942e+01 1.159490219461648541e-01 5.892010711910692144e+00
-2.360265343774443636e+01 -3.400641196465343352e+00 1.483546548770652684e+01
-2.450978210042489991e+01 3.660394410643093455e+00 1.498378175156813441e+01
-2.367791599153692061e+01 -4.597514762078868528e-02 -1.608630802141228600e+01
-2.602780953515673446e+01 4.862656869280093143e-03 -5.425632615189161179e+00
-2.411890952886630046e+01 -3.548330958805725466e+00 -1.471920757840229044e+01
-2.486606538520569032e+01 3.473322654042937163e+00 -1.478001086927047503e+01
-2.363010647895476168e+01 -1.028847135158046378e+01 9.462951392402842998e+00
-2.605841234592264044e+01 -3.487730040890013150e+00 3.409850563035996984e+00
-2.358763919210015914e+01 -6.692973349122628868e+00 1.209852145234462029e+01
-2.476022532103947071e+01 -1.077293774129085868e+01 3.081943924033579307e+00
-2.522709042592960316e+01 -3.472967763208437031e+00 9.145470511045937556e+00
-2.427437773002585786e+01 1.045069041852531377e+01 9.868509071800033894e+00
-2.652725126021345048e+01 3.567548644390208690e+00 3.424100180561356233e+00
-2.434220571948332434e+01 7.012627839706210509e+00 1.240616848386077820e+01
-2.507043108826450961e+01 1.103895897497235978e+01 3.408799867572229747e+00
-2.565749619960662642e+01 3.600442052719504016e+00 9.263354974984126855e+00
-2.424999555038917620e+01 -1.051423260675329807e+01 -9.855669970735526420e+00
-2.619289867547950124e+01 -3.494970245135302189e+00 -3.509837552247174752e+00
-2.463704479596962216e+01 -7.062713484909512118e+00 -1.224177721837696176e+01
-2.490953900043523106e+01 -1.089467365881194105e+01 -3.699610645169132184e+00
-2.559270634567907621e+01 -3.551592915574441456e+00 -9.140854880575043140e+00
-2.567967756500213738e+01 -7.068176143262486555e+00 6.865546511611189673e-02
-2.426808303400571987e+01 1.039045638184338216e+01 -9.776655172304586472e+00
-2.664814039015258018e+01 3.648469745275420451e+00 -3.331783958770470733e+00
-2.489882434555730129e+01 7.065538717178672101e+00 -1.230454335324272996e+01
-2.507259352904384286e+01 1.094969508492175159e+01 -3.337038534040174476e+00
-2.597176910294865948e+01 3.592692785250720444e+00 -9.083138867800785832e+00
-2.622817106548516719e+01 7.267888035466669727e+00 1.220681475713535219e-01
1.662607163420983980e+01 -2.113487262566302860e+01 3.392989410182388976e+00
2.058014114407420792e+01 -1.647083781298414706e+01 9.850445828669553094e+00
1.517993127703327438e+01 -2.118835743187685239e+01 8.668521796689390158e+00
2.300191542416873247e+01 -3.476030840253276910e+00 1.999918411689692022e+01
2.263711968012569287e+01 -1.020972704019721355e+01 1.525457222795195023e+01
1.180467563075236193e+01 -1.987857506391613427e+01 1.892475712111674113e+01
1.931021070251082250e+01 -1.632094275989954113e+01 1.537001051822687181e+01
1.357526849913361389e+01 -2.057649542267160214e+01 1.389164119291076105e+01
1.744471825545662469e+01 -1.870358978554568452e+01 1.222023492266157518e+01
1.657972416473435828e+01 2.095231831882085771e+01 3.564744831071380737e+00
2.030880942501662290e+01 1.622256849029686876e+01 9.937810959472743733e+00
1.537266529269468407e+01 2.137079204676350841e+01 9.005019434813823054e+00
2.388458195389909733e+01 3.660485990208147911e+00 2.012664129160816628e+01
2.264320197447239025e+01 1.016878761858634128e+01 1.539269447545887814e+01
1.197762979790483939e+01 1.995973186942593713e+01 1.907436280717530508e+01
1.875139623579981674e+01 1.603860300629138891e+01 1.519936755133038808e+01
1.376160039098886223e+01 2.115803106964226288e+01 1.424820349270007114e+01
1.745312822717506052e+01 1.889798632228297848e+01 1.219679498609700019e+01
3.340493096541515605e+00 1.222038012524243200e+01 4.218266702697822268e+01
9.762497474446647061e+00 9.520043549198579313e+00 4.000989506769320769e+01
5.583479769133367299e+00 1.478864916511994920e+01 3.730063581473009293e+01
3.174686541442733212e+00 8.642455894282162987e+00 4.561654283683454025e+01
2.149003451823777411e+01 2.195166926375546890e+00 2.701513290626157726e+01
1.594343250199648132e+01 6.030812085806608991e+00 3.471137592054036958e+01
2.154554200486074933e+01 5.640918293748942602e+00 2.439194777767499289e+01
9.583267080001974136e+00 1.858058457760263948e+01 2.579326239858086112e+01
1.209680720206369564e+01 1.157302193626009057e+01 3.447037313129619918e+01
7.762049137537221810e+00 1.690425378257229028e+01 3.169761438023643052e+01
1.339168122435813935e+01 1.683920890108405644e+01 2.361025162195070948e+01
9.082086609665646293e+00 1.340978507854001478e+01 3.657818576195032279e+01
3.070109622085718470e+00 2.170991318482633492e+00 4.877814868476043131e+01
9.627190443812043696e+00 5.872701731621370769e+00 4.351206638198465271e+01
3.254706068229334726e+00 5.457254070507270960e+00 4.812176314528822729e+01
6.373633303649127058e+00 7.373339087348600884e+00 4.523683359074324528e+01
1.998128060599986711e+01 1.221285564059271600e+01 1.826081702562569120e+01
1.574331553960859686e+01 9.573529201524596743e+00 3.124847126002877928e+01
2.092871679927121420e+01 9.170467134265525289e+00 2.107404598327321210e+01
1.685138001192418855e+01 1.449634652104994004e+01 2.070821755234018724e+01
1.874417554617332726e+01 7.823939615906892797e+00 2.824770681220374158e+01
1.469605541356537159e+01 1.340027824707194704e+01 2.798788129033508909e+01
3.341092462294946053e+00 -1.242934167211019059e+01 4.275790014761812330e+01
9.966760696108250883e+00 -9.725649222582562814e+00 4.115991535882907471e+01
5.585245030760408014e+00 -1.495711522951130412e+01 3.743790269345599597e+01
3.287987148351485089e+00 -9.206717389978264166e+00 4.780794678370195783e+01
2.114732228292383454e+01 -2.123462040947116325e+00 2.683551782454217616e+01
1.598938335347304474e+01 -6.189345837387445926e+00 3.506390189647172662e+01
2.128544692722080356e+01 -5.578430094040355058e+00 2.426360949465029648e+01
1.914341119922193712e+01 -5.198726476903320348e-02 3.189569602630190204e+01
9.598468512287393395e+00 -1.855564295632650840e+01 2.568525881975409320e+01
1.230501693460560375e+01 -1.181569317650687090e+01 3.515044251728997438e+01
7.763647125636880197e+00 -1.692284791348330231e+01 3.153673005448027666e+01
1.365070028336731056e+01 -1.726545801102746935e+01 2.372532835454680011e+01
9.010183958460384446e+00 -1.343322604132652032e+01 3.672822149840177985e+01
3.195279325489075894e+00 -2.168987685038462399e+00 5.047185907653635439e+01
1.003119338495962154e+01 -5.972848446897654817e+00 4.468396621292503568e+01
3.458229389033538048e+00 -5.727089729295777865e+00 4.995839196852129760e+01
6.434221932961864177e+00 -5.523321891206736667e-02 4.713307032722711654e+01
6.796325011085110113e+00 -7.621533376121916170e+00 4.707903522480589231e+01
2.034528855054203333e+01 -1.242940536097950321e+01 1.839427524810813708e+01
1.601516019940255120e+01 -9.860010508874957225e+00 3.199810336737752792e+01
2.083566045434861280e+01 -9.166833266082125675e+00 2.110677827223443614e+01
1.747763445889071221e+01 -1.525955313282955927e+01 2.109834559091866524e+01
1.886701033211253886e+01 -7.650063115568021210e+00 2.841567630046169057e+01
1.511436319297759923e+01 -1.364264180471274202e+01 2.843374612153238346e+01
1.324957530720646837e+01 3.824271822406185795e+00 3.995467217001573346e+01
1.331765198207376244e+01 -3.839784751633674276e+00 4.016789225478756009e+01
1.617144939542793125e+01 2.036320952294598197e+00 3.659885379141642403e+01
9.588702843069807358e+00 1.926433258526375036e+00 4.332132028885553154e+01
1.624045240319745886e+01 -2.010751963629302086e+00 3.666759256326233185e+01
9.903277022501180582e+00 -1.935073530582741563e+00 4.460141259080494081e+01
1.649049738812082921e+01 -2.109622761545710290e+01 -3.331569532419927260e+00
2.044448619491722141e+01 -1.639610311861694214e+01 -9.869179290382753322e+00
1.514459708548759664e+01 -2.096005085367902510e+01 -8.890685641911057147e+00
1.887335104952311582e+01 -1.922459044689391661e+01 -3.209376255370952058e-02
2.302601824200829839e+01 -3.533051719510913458e+00 -1.959757230945616513e+01
2.241163331622584920e+01 -1.024437448883739243e+01 -1.515541564292001908e+01
1.198111668936276963e+01 -1.986996276994264932e+01 -1.916715462373763756e+01
1.902558865947865741e+01 -1.617011403529444991e+01 -1.528899264893742505e+01
1.354372126183781155e+01 -2.050643963012322857e+01 -1.411318495873232948e+01
1.708589477996175532e+01 -1.861932935329857486e+01 -1.211499965091874387e+01
2.329589406706195831e+01 -1.428392724410042192e+01 6.454312071563697906e+00
2.311154698330054913e+01 -1.436080742682851863e+01 -6.528664831946457525e+00
2.119619438148701462e+01 -1.683434502182645787e+01 3.413715778426772207e+00
2.114434523926164289e+01 -1.687104477049967244e+01 -3.305527512771195386e+00
1.635980604458210763e+01 2.063527103578458721e+01 -3.203578441697482404e+00
1.963788352853246266e+01 1.568792935297358682e+01 -9.607820268235542471e+00
1.483285400554559175e+01 2.043394359798202586e+01 -8.433174524287144536e+00
1.875093758730579907e+01 1.898730141167002472e+01 2.970178537638017424e-01
2.321821260690277100e+01 3.609511591064450187e+00 -1.987618337769304588e+01
2.227379130263188145e+01 1.017647309960621627e+01 -1.529535774215272959e+01
1.152024032053914837e+01 1.908698222000484179e+01 -1.864557808181892895e+01
1.787311584334491599e+01 1.512356864298819836e+01 -1.479397353271035165e+01
1.311687411419149640e+01 1.982656871185752223e+01 -1.394617955397459141e+01
1.646453684552015417e+01 1.784539905596706788e+01 -1.193534379518343158e+01
2.240790089986989031e+01 1.381454083192367044e+01 6.479237540666110462e+00
2.205981839031507263e+01 1.355784010774652870e+01 -6.275736746745643302e+00
2.069405051626931424e+01 1.647130810982903171e+01 3.587390795669228361e+00
2.065343750551988933e+01 1.637654778574398051e+01 -3.387562407025479505e+00
3.267028907264316384e+00 1.269254503864391026e+01 -4.315029607391278432e+01
9.899674694578150635e+00 9.522261865114392876e+00 -4.122035689521412394e+01
5.365129052297209711e+00 1.498872111008886243e+01 -3.747803573718355352e+01
3.317856370462008098e+00 9.435263051833240766e+00 -4.878222807135423267e+01
2.096990525705084352e+01 2.151089464681419816e+00 -2.662409335055656356e+01
1.584665052785376993e+01 6.111551807760934096e+00 -3.492910340234222133e+01
2.124976771731806835e+01 5.669252053384847834e+00 -2.439780691877489005e+01
9.390490505637478336e+00 1.835747002977708675e+01 -2.534300237816157164e+01
1.209974515363565573e+01 1.176836403609930493e+01 -3.487707233934509787e+01
7.498819246846212927e+00 1.678033562297203574e+01 -3.140186310172062889e+01
1.302401501076663948e+01 1.659662274448486485e+01 -2.337382883767964614e+01
8.970647363806280694e+00 1.322799646153873177e+01 -3.667018184421431215e+01
3.558771003624153106e+00 2.194714392071230424e+00 -5.217419423962310532e+01
1.008537973347342920e+01 6.008648000192021499e+00 -4.473125459144874583e+01
3.651071470496301430e+00 6.049006393690473438e+00 -5.277378686370893490e+01
6.936081161876568757e+00 7.693953053705935297e+00 -4.764774454339507770e+01
1.959357443999266124e+01 1.207482434516503034e+01 -1.822195334058430660e+01
1.561707906963991910e+01 9.373032532246002191e+00 -3.194667169793854811e+01
2.084397555211275588e+01 9.161293773841274302e+00 -2.115075427541077246e+01
1.660325290359452310e+01 1.434716727895043320e+01 -2.076672102520429419e+01
1.865977620085535449e+01 7.655225740582403127e+00 -2.832865400721042093e+01
1.459717934502741343e+01 1.313638342785908719e+01 -2.795656719868457429e+01
3.408110395286119143e+00 -1.234791115475982082e+01 -4.252612963538952329e+01
9.596186284384817355e+00 -9.450548832686239464e+00 -3.997750907766260298e+01
5.669178025670360554e+00 -1.504226707199375923e+01 -3.758024491327372374e+01
3.351253286972593504e+00 -8.819288679020404587e+00 -4.541420493631448352e+01
2.060278134990510424e+01 -2.076639474962680421e+00 -2.618719654714109524e+01
1.553741397793237589e+01 -5.965644873946401638e+00 -3.412082399744614492e+01
2.069280653483339449e+01 -5.554096606470655395e+00 -2.369187215626163123e+01
1.867783408684297797e+01 8.402932252185556228e-02 -3.115023731503471893e+01
9.972532983014625430e+00 -1.896768690239725785e+01 -2.587116288831901656e+01
1.202763923408343061e+01 -1.197750270963925701e+01 -3.447177751614913888e+01
7.821913073816213924e+00 -1.722243674985456963e+01 -3.184778692754567686e+01
1.357786136003415933e+01 -1.728742185105510742e+01 -2.371001679091216729e+01
8.987185594067868877e+00 -1.357675072822944351e+01 -3.658398443285475565e+01
3.376902602125682940e+00 -1.991441790430702685e+00 -4.939948547291690062e+01
9.360042161095575963e+00 -6.081798778229215330e+00 -4.347453126366426090e+01
3.034786294476953472e+00 -5.256761612668559458e+00 -4.684942453392567074e+01
7.031901111726827303e+00 -1.000530961107877620e-01 -4.905500859685454174e+01
6.107332079318282148e+00 -7.347837841923874791e+00 -4.439739556332425963e+01
2.031681709217970777e+01 -1.252938459803991655e+01 -1.840142427747307252e+01
1.580121573932687618e+01 -9.697506562122606866e+00 -3.124079895457263945e+01
2.041770970916267203e+01 -8.947113687703680540e+00 -2.065551292692814656e+01
1.739676598508286531e+01 -1.528681487354029578e+01 -2.097252203969032891e+01
1.840645881043919374e+01 -7.707934746085360445e+00 -2.758536648580923867e+01
1.499637665800077002e+01 -1.358251131372097298e+01 -2.815512222135139808e+01
1.330340834695338259e+01 3.889064865497943391e+00 -4.034828247009818369e+01
1.302418659809182522e+01 -3.841331714009948328e+00 -3.962937861537563577e+01
1.606557440509902790e+01 2.218434450251134393e+00 -3.649325029574250578e+01
1.008107530018984832e+01 1.994622391412506746e+00 -4.560666392697589089e+01
1.587106583822343175e+01 -1.891484451933230337e+00 -3.582082381381790270e+01
9.969815884053545574e+00 -2.071919511536684855e+00 -4.536499786892105135e+01
2.497533235631336268e+01 -2.120834394830249311e-02 1.674439057877545878e+01
2.686516291285830604e+01 -1.106114853658962151e-02 5.974331914510290886e+00
2.466325753192029424e+01 -3.426147856680919368e+00 1.516174448172589706e+01
2.547145550647968903e+01 3.657994466328556182e+00 1.528926434697512704e+01
2.478144006808739519e+01 2.097917799642586706e-02 -1.653884334712266124e+01
2.657244369271188233e+01 2.796346407763617217e-02 -5.700510747213379581e+00
2.507269928053270291e+01 -3.619826267618386773e+00 -1.487886769566345535e+01
2.491307510997697605e+01 3.503281431770327803e+00 -1.512715375581197819e+01
2.425039778074312480e+01 -1.058763433205754723e+01 9.784683441324066422e+00
2.662403048824324969e+01 -3.716543833996454715e+00 3.359126941695887769e+00
2.449822950223359186e+01 -7.026586950290616862e+00 1.238406940718131821e+01
2.502194576213462085e+01 -1.104268332255986707e+01 3.506129168419142683e+00
2.583936283985156734e+01 -3.580093667899587384e+00 9.154075968623050841e+00
2.373830270143518462e+01 1.015583613345261682e+01 9.857185475133201535e+00
2.647730164845408041e+01 3.575888329182427494e+00 3.559887204215014922e+00
2.461808123532418335e+01 7.011061973687624516e+00 1.249467202408530397e+01
2.409837398860613078e+01 1.042803425911387549e+01 3.296888365853273939e+00
2.612267581049894716e+01 3.614154986203654829e+00 9.359252846193264475e+00
2.420623268734761169e+01 -1.052589794283372093e+01 -9.665383580915863249e+00
2.652083992337660945e+01 -3.389037416020660665e+00 -3.525726643410954875e+00
2.477125160619315025e+01 -7.117221473476254445e+00 -1.216446535093016124e+01
2.519364125588301206e+01 -1.096154564723849134e+01 -3.222054479036404295e+00
2.592735895368086219e+01 -3.543827600336352024e+00 -9.103193154734345427e+00
2.638798657940228765e+01 -7.273277690441408261e+00 -2.921099644254187416e-02
2.335117825685242821e+01 1.013113542083655716e+01 -9.790986778930214740e+00
2.652971411634599619e+01 3.545378441084313881e+00 -3.299975538878988424e+00
2.446489127954770026e+01 7.081069697834939447e+00 -1.247571241969545142e+01
2.395090559246671447e+01 1.050260070015424851e+01 -3.556506607030783140e+00
2.590656639569797903e+01 3.611622926312847426e+00 -8.918145913550493020e+00
2.564372212982185317e+01 7.154252873369511434e+00 9.141948431986247556e-03
