1.053181106323392235e+01 -1.865836856296659008e+01 2.414018009295230693e-01
-1.141458437399601067e+01 -1.871825897507996928e+01 -7.505812166281047304e-01
1.064539065387421601e+01 1.747827077938455176e+01 -6.281799789571733406e-02
-1.231752765326786481e+01 1.777302639998334755e+01 9.511806456989770897e-01
-1.180140935254445189e+00 1.349403726632986533e+01 -1.908680910157222286e+02
-8.722906866955252303e-01 -1.207611356134886726e+01 -1.910220133956399025e+02
-4.647075474094423120e-01 1.243712728774859144e+01 1.976906776917331285e+02
-1.951072353658710734e-01 -1.325596541706087450e+01 1.905661288411348835e+02
-1.895848128381604170e+01 9.815277063436365079e-01 1.212672598533330444e+02
-1.931293855832832307e+01 -1.330698086262115609e+00 -1.248358630127285949e+02
1.889181328167774154e+01 6.232852688781332917e-01 1.171985052122588371e+02
1.931714552082157255e+01 1.299967750538929545e-01 -1.183695529460085965e+02
7.987928703087478211e-02 -2.213546031480715470e+01 -4.285207056034833761e-01
-1.372267411019742145e+00 1.925207288480905632e+01 1.025778129997513000e-01
6.584590934873728152e+00 1.803656182773111638e+01 -1.161496331894477692e+02
-7.077070924794311324e+00 1.693212091722252666e+01 -1.088143091827609936e+02
6.557576525531836786e+00 -1.705902824033060838e+01 -1.096715570779198288e+02
-6.909537028092159083e+00 -1.708648992742659090e+01 -1.121566963311512097e+02
-9.585688354578873749e-02 4.579163119937862403e-01 -2.208919541803331583e+02
6.588054432023978002e+00 1.629855649079106783e+01 1.106754233074726272e+02
-6.864462097875845714e+00 1.627000553539615879e+01 1.104483299726643537e+02
6.673977940402146203e+00 -1.692054211849387002e+01 1.148368912207861428e+02
-6.889226032041300130e+00 -1.625575271940695643e+01 1.070666980603334366e+02
-6.596609427039061835e-01 8.296585443621438960e-02 2.292162185443916087e+02
-1.921579785608313173e+01 -1.121413077554942284e+01 7.454852245244282472e+01
-1.725953576046696725e+01 1.033550318548779856e+01 6.691128907687857463e+01
-9.758718793726929519e+00 7.329119951226326535e+00 1.698847949769148897e+02
-1.170163898251852430e+01 -6.701616011224235336e+00 1.804534079461702731e+02
-1.814484322349604639e+01 -1.094865813807921207e+01 -7.136648712354615043e+01
-1.655031537511223050e+01 1.128309419977449934e+01 -6.697157990288555141e+01
-1.125345107849680204e+01 7.296188685268250929e+00 -1.733770988737928178e+02
-1.211012147144475648e+01 -8.772051897226658568e+00 -1.814443940985019310e+02
-1.739374415178647126e+01 -3.460009343537021054e-01 6.939055376370581452e-02
1.673395553901055521e+01 -1.022918180181725312e+01 6.862534730356702539e+01
1.682750101340588955e+01 8.935675730198456179e+00 6.803529489737174174e+01
1.198657022231384950e+01 7.267427899056249530e+00 1.755668944206996969e+02
1.008617009347296722e+01 -6.399080152812945954e+00 1.723410971111295567e+02
1.724227190031405854e+01 -8.700468105829687104e+00 -6.811059137579030676e+01
1.767981442455652186e+01 1.051469340720335488e+01 -7.026206643552824005e+01
1.036557801126983769e+01 6.700912357384083862e+00 -1.714026831047391397e+02
1.099804599280321504e+01 -7.863410776719391926e+00 -1.796418298224044747e+02
1.857864459101427101e+01 1.754048518673902102e+00 2.296274752589137769e-01
6.206678530554061268e+00 -2.100381228104077636e+01 -5.578009278686578698e-01
-5.306581500190779010e+00 -2.036562585222866417e+01 7.222027075682637687e-01
6.334952798116373351e+00 2.002624461711161885e+01 7.313504619436770327e-01
-5.222170061350720260e+00 2.045453637503779376e+01 2.311030054597064121e-01
9.751066771298210867e+00 1.986168909842240637e+01 -6.059056889875208896e+01
3.899176951634151234e+00 1.475969116411112303e+01 -1.563704677254335422e+02
6.661646454698235686e-01 2.165377740903801396e+01 -6.555107758676889773e+01
-9.427678462592972153e+00 1.809433241597580633e+01 -5.991896876619335188e+01
-3.557583637057056158e+00 1.402978843044999380e+01 -1.489179307288023608e+02
-1.800470464644200908e+00 2.024417298011499611e+01 -6.554701677710946228e+01
1.654881653449595147e+00 1.876781769847931614e+01 -1.169831868689776542e+02
7.543130079753147754e+00 -1.843805482338767376e+01 -6.017365301156159063e+01
4.067364165876317550e+00 -1.439396991473039655e+01 -1.492319560633824551e+02
7.940899583696259256e-02 -1.990140028282995388e+01 -6.210372320512311006e+01
-7.396519467277699711e+00 -1.903374267080542381e+01 -6.165803543874600479e+01
-3.263696666383523848e+00 -1.466538180814376346e+01 -1.561488454804136552e+02
-7.875570591424747580e-01 -1.912594395050480500e+01 -5.902547103488928570e+01
-3.651655964190546610e-01 -1.749667145026978687e+01 -1.178023360027186612e+02
-7.300214534991422699e-01 5.847536775729772707e+00 -2.032821949282885612e+02
5.031935282671906595e-01 -7.064652624988981167e+00 -2.301419675931435904e+02
8.440370630302997057e+00 1.732546812480475040e+01 5.841864531590677956e+01
3.712094050949247048e+00 1.506193100032275467e+01 1.497882590206651514e+02
1.034820730911620995e-01 2.072624705592036065e+01 6.355501379396999084e+01
-8.042479068643572759e+00 1.696426841933879714e+01 5.819502308159406567e+01
-2.961172045169637279e+00 1.541750160250431989e+01 1.517081944327488259e+02
-1.468939946071678326e+00 2.144920300548986347e+01 6.559991500169719814e+01
-6.439057378346758620e-01 2.083896965022356085e+01 1.250689283423241136e+02
9.178380882963191212e+00 -1.924150089450320067e+01 6.491826198516736213e+01
4.159319004297931777e+00 -1.449940343707697643e+01 1.483689841386906778e+02
-3.702672647463580713e-01 -2.233050196610470906e+01 6.636738806383526423e+01
-8.522315516318320405e+00 -1.773812753339989712e+01 5.678782455563720077e+01
-3.677425098099605272e+00 -1.472006786684146462e+01 1.479931207727582887e+02
-2.416517237583032607e+00 -2.057526846303182566e+01 6.438845445560555447e+01
8.060105427061289296e-01 -1.939792660528481605e+01 1.219722946384701743e+02
7.869540478636725123e-01 7.347865170309886729e+00 2.266100212020297420e+02
-7.133153025881732168e-01 -5.649004943160236714e+00 2.140706372237332857e+02
-1.689411371078168500e+01 -1.430577059868184264e+01 4.127275123183262906e+01
-1.950584378891286264e+01 -6.981072468908883444e+00 1.066753123138077655e+02
-1.288654236967238909e+01 -1.306503886273605985e+01 9.602347660626841730e+01
-1.376701737102300527e+01 1.230698145783619424e+01 3.594138443687705831e+01
-1.798180046988221292e+01 6.546649938406130076e+00 9.753992111432299339e+01
-1.154695015588728957e+01 1.200884513367932982e+01 9.277523989885376920e+01
-6.117258764542523153e+00 1.025068793271372414e+01 1.802732238854320315e+02
-1.518146293767513733e+01 1.940574714087071717e+00 1.465107878341000003e+02
-1.130752184085390510e+01 1.283928828692565993e+01 1.493341385175464211e+02
-5.573890811839786075e+00 2.904117231767687990e+00 2.157611015724173456e+02
-1.366848936750944610e+01 1.013202436220097447e+01 1.276824025580893505e+02
-6.216654149029987586e+00 -1.036289197737699652e+01 1.929580185199395430e+02
-1.481956608205678627e+01 -3.081742853306617569e+00 1.557651368270437331e+02
-1.086747826908588088e+01 -1.107987242431722308e+01 1.476572495932890945e+02
-6.218238611380335179e+00 -3.030681730743331581e+00 2.137516715157623537e+02
-1.437446990224564658e+01 -1.230335697260229111e+01 1.379976246125537500e+02
-1.290819635934780685e+01 -2.638065215461737334e-01 1.843154390099667523e+02
-1.645930644983770108e+01 -1.486729202543678596e+01 -4.139553753566760008e+01
-1.960960846210618769e+01 -6.152745782976871247e+00 -9.814640484969626755e+01
-1.327460797458015485e+01 -1.462705165349936109e+01 -9.818167906916328036e+01
-1.934776519444518428e+01 -6.931132205935107926e+00 8.838489445803922318e-02
-1.323592869781252723e+01 1.272607597499071730e+01 -3.593391659979247521e+01
-1.875833567129334156e+01 6.631713986217617318e+00 -9.474836591031275645e+01
-1.309121524904129963e+01 1.394439284938667534e+01 -9.542573066461166320e+01
-1.790594617748736184e+01 7.641037364032821522e+00 1.260963104102499899e-01
-6.415369216415017561e+00 9.743730777458821990e+00 -1.829862848657008101e+02
-1.511619294793723967e+01 3.922848091947655824e+00 -1.514508242381847651e+02
-9.286894762726811692e+00 1.129427838057167399e+01 -1.467943654629104344e+02
-4.902506001991478790e+00 4.071804120527773740e+00 -2.061243547918845707e+02
-1.327696383358007459e+01 1.074699771899786427e+01 -1.255242446542909391e+02
-6.316155063028619843e+00 -9.888830969068536092e+00 -1.919087791194662884e+02
-1.656263953940781164e+01 -5.642679333586388069e+00 -1.617404524210234911e+02
-1.035726836911917736e+01 -1.168574051905239486e+01 -1.520639711835048615e+02
-6.479270593738177375e+00 -3.703907356725430144e+00 -2.088286847682588814e+02
-1.371608670759479232e+01 -1.072786166409385622e+01 -1.315930919878371412e+02
-1.126076130625002314e+01 6.413202847207851720e-01 -1.840794787548412614e+02
-2.035186137799729522e+01 6.308045753612203654e-01 6.184262477318281981e+01
-2.108832712763183537e+01 -8.451165096015232636e-02 -6.336836623372671795e+01
-1.853805382975456340e+01 -6.816041527691909963e+00 3.757683554349620891e+01
-1.836518206070603654e+01 7.703766475337506137e+00 3.595716812872187518e+01
-1.894188541144957938e+01 -6.826601776060305049e+00 -3.614176928151474044e+01
-1.894474304658576713e+01 5.234873704319245036e+00 -3.607708358937996707e+01
1.564431413711363739e+01 -1.363499840470372071e+01 3.644000652560875864e+01
1.830540151800797233e+01 -6.443996061020705213e+00 9.483928440466306142e+01
1.310850324485934415e+01 -1.375741896269910569e+01 9.268117265129565396e+01
1.341404823089627030e+01 1.462471080505055454e+01 3.536258115142203451e+01
1.722900377237630565e+01 5.376441929032911737e+00 9.263241739340294600e+01
1.344509037265140705e+01 1.240731474244316423e+01 9.437379619471327885e+01
6.902468244012785803e+00 1.004281136064307489e+01 1.874012481124108547e+02
1.539892876685407153e+01 3.365821934967843099e+00 1.468755325432937013e+02
1.057927120996843939e+01 1.059402871221426956e+01 1.533257418960263863e+02
7.202302367631824964e+00 3.845420294330508248e+00 2.269427456717470477e+02
1.245988584305180069e+01 1.206274826318422377e+01 1.292664633800445984e+02
5.157872178693404308e+00 -9.829038965338492417e+00 1.827126007047615417e+02
1.457486325927291482e+01 -4.001551345676754856e+00 1.471410113897926522e+02
1.040104294802944906e+01 -1.220958607950976216e+01 1.516352342130780926e+02
6.264236984701101463e+00 -3.319371415656724889e+00 2.106758127591288599e+02
1.367493293112066333e+01 -1.244100691108957513e+01 1.278410576419326503e+02
1.101333065063771421e+01 2.568552783648089255e-01 1.921960634729643687e+02
1.480307880332753001e+01 -1.392489468220503035e+01 -3.777123108963861142e+01
1.710869347824904096e+01 -6.991659641513448875e+00 -9.656004317783661861e+01
1.261101523354563803e+01 -1.355497131782130538e+01 -9.535742871118617359e+01
1.857282948122754718e+01 -7.435192965522091413e+00 3.503980317359028929e-01
1.517013719338928013e+01 1.465034118251557693e+01 -3.917274205807925824e+01
1.795717211030827087e+01 6.426859554772246241e+00 -9.630690229918596401e+01
1.321589340958674974e+01 1.376557063479962117e+01 -1.020399070082946338e+02
1.832064682137700373e+01 8.589481575323647533e+00 3.271459032959412316e-01
5.480729195165974232e+00 9.383409897798809851e+00 -1.816980770980705699e+02
1.656494739710426600e+01 4.111786426620665402e+00 -1.447714766504861927e+02
1.005528774342075771e+01 1.217693865868564984e+01 -1.535511898180456853e+02
6.174279387525726470e+00 2.138149640620606196e+00 -2.055660658646568777e+02
1.437751076331760913e+01 1.095007219330766723e+01 -1.314117306328551251e+02
5.984773600546314576e+00 -1.052143390321667482e+01 -1.915134110672208010e+02
1.657921555631029520e+01 -3.305663972130933548e+00 -1.571067512382421683e+02
1.098430112794041058e+01 -1.132877466145813905e+01 -1.467410419471902969e+02
7.015874573077867993e+00 -4.234845674563039175e+00 -2.206017053420006562e+02
1.222856605723037937e+01 -1.105830180758635350e+01 -1.268149714621268345e+02
1.288790382866661943e+01 6.271364947058063466e-01 -1.864624121245798563e+02
1.965553263020304797e+01 2.868523512586811375e-01 6.114285578988057068e+01
1.886136205526374710e+01 -2.649291936506897871e-01 -6.131531339842026540e+01
1.877238501192407583e+01 -6.735710078823340830e+00 3.551739728636087534e+01
1.870684661126349724e+01 5.988319097586230377e+00 3.595641339296026473e+01
1.881507179176867695e+01 -6.378744095663465785e+00 -3.718505389441003217e+01
1.821129094854100572e+01 6.468666438667066032e+00 -3.764067241566520039e+01
9.212095082989144146e+00 -1.982398878823284250e+01 -2.264790543640275988e-01
3.218814951947261971e+00 -2.165034759238681161e+01 -1.094630993871426483e+00
-8.398321751587310757e+00 -1.809326182494942969e+01 8.535407319936950676e-01
-2.158833751797537559e+00 -2.091157363503430844e+01 5.256845295876306778e-01
8.139622180141826036e+00 1.880019657745705075e+01 -1.369563732391983590e+00
3.466521449053578507e+00 2.113945610755515858e+01 -3.489311345059860070e-01
-7.869486855015494164e+00 1.873932205741406776e+01 3.241296734466820317e-01
-4.162615121069382695e+00 1.937712579374719724e+01 1.554192047870305848e-01
1.029515870920671006e+01 1.941554477415674285e+01 -3.056146275992103156e+01
6.963235466365480519e+00 2.023992937552393201e+01 -8.622914328262841366e+01
6.017879403580645103e+00 2.003279074025055095e+01 -3.269201957950944859e+01
2.294223679765451163e+00 1.358560107045244258e+01 -1.750463122347242404e+02
5.526188507420557450e+00 1.636795328972140950e+01 -1.373601376187656058e+02
-7.740400034963470510e-01 2.208734323565581903e+01 -3.194838836761357470e+01
2.008864381105833097e+00 2.111763272357091381e+01 -9.127520518326713272e+01
4.429929111010515896e+00 2.186940443187809535e+01 -3.282262705315319096e+01
3.888751830497147566e+00 1.853752293180966504e+01 -6.066371054157573184e+01
-9.486269441787854362e+00 1.862008703612994509e+01 -3.036401565435022931e+01
-7.391409646710878079e+00 1.940555669696480479e+01 -8.703170436912772345e+01
-5.382592141043409661e+00 2.066140776772987309e+01 -3.069129498538027434e+01
-1.366435360801122156e+00 1.439331660244726407e+01 -1.611623377741603633e+02
-5.779180167021596759e+00 1.523511772853238888e+01 -1.288362439280515161e+02
4.119108937287421224e-01 1.574765859161182568e+01 -1.521068926355114854e+02
1.181863794744428542e-01 2.051529429506942037e+01 -3.388985921612261620e+01
-2.189135388724792186e+00 2.058860413511881760e+01 -9.145014249152860941e+01
-4.923008861205316222e+00 2.095021811598117623e+01 -3.213938623618781776e+01
8.395033840371183276e-01 2.207849281249463402e+01 -6.748858402113884836e+01
-4.960331788830632860e+00 1.991522256093325538e+01 -6.213509953114919426e+01
4.582570793493520256e+00 1.779471888304909655e+01 -1.166135625635424447e+02
-3.827460454966002068e+00 1.733979633522592678e+01 -1.161699967553059878e+02
1.354889255721650532e+00 1.622986347826161690e+01 -1.338022299230504473e+02
8.669495047082760308e-01 1.979749303533250782e+01 -9.854447681211573240e+01
-1.425832826857461599e+00 1.627813499212925663e+01 -1.333336660093015382e+02
-1.059400299726149797e+00 2.073680378316056760e+01 -9.819509415901899274e+01
9.176335543408441708e+00 -1.619397811240135709e+01 -3.018071995212664049e+01
6.238334395008298117e+00 -1.798527984728751505e+01 -8.827583305420105830e+01
6.497410861749490785e+00 -1.992304875377479334e+01 -3.117564269423736079e+01
8.708882535243648304e-01 -1.262070301744284961e+01 -1.609532736594721598e+02
4.534949971134469848e+00 -1.600275943523951128e+01 -1.291637723032956728e+02
3.172475827866606535e-01 -2.067895796047527668e+01 -3.157865427877695552e+01
2.568015885724284075e+00 -1.931766622056613514e+01 -9.085043666980998012e+01
4.039286879598981805e+00 -1.993205817826626358e+01 -3.196929462507005937e+01
5.161887685803806747e+00 -1.938112454605215618e+01 -6.173778017442471366e+01
-1.044745160633501158e+01 -1.741582931387286948e+01 -3.138283248404535541e+01
-6.288752799961562445e+00 -1.832434853606720537e+01 -8.715510292957048932e+01
-7.353200974587580596e+00 -1.914625496600154264e+01 -2.906869063406477949e+01
-2.381428881022129573e+00 -1.418050999835439896e+01 -1.742067288755009145e+02
-5.523584001038905456e+00 -1.663484537913324601e+01 -1.365557889514347210e+02
4.606340065411249629e-01 -1.484362852655932841e+01 -1.515613148188276966e+02
1.273106365602100221e-01 -1.992309947903103762e+01 -3.114669857774068262e+01
-1.613804194807238357e+00 -1.786490764191491820e+01 -8.513990752481899449e+01
-3.429419789688998410e+00 -1.885060185434437585e+01 -3.022440461201910011e+01
-4.109749157497702421e-01 -1.937236152501475672e+01 -5.998140731056377462e+01
-5.159793911679288136e+00 -1.896605778326035008e+01 -5.725544055053256187e+01
3.360340078728592861e+00 -1.770135130083737351e+01 -1.158397905009378945e+02
-3.465649935119126113e+00 -1.830175077500014780e+01 -1.167514748535844973e+02
1.501629283852897068e+00 -1.723081556059663910e+01 -1.335253802023014771e+02
-1.503092301856665536e-01 -2.024772109401699183e+01 -9.298427599135804655e+01
-9.278334891432348241e-01 -1.739705774160676199e+01 -1.320472449246541942e+02
5.863685273286145527e-01 -1.920034341230654107e+01 -8.963341458009286100e+01
7.142008697230431968e-01 9.330111847150380555e+00 -1.883081537241121737e+02
-3.001175683430534757e-01 4.054579012987084674e+00 -2.140250704326751645e+02
2.193673181037106013e-01 -1.077574880982059646e+01 -2.141889324240387680e+02
5.073479536180437455e-01 -5.385215727251483564e+00 -2.450085356404203480e+02
9.202666180610691526e+00 1.700696685565662847e+01 2.964625360046480651e+01
7.618933228615182962e+00 1.800644973018563988e+01 8.546539546654067010e+01
5.891179770637655189e+00 1.918083058303588118e+01 3.045926257626829070e+01
2.245018837586697735e+00 1.446211810385390883e+01 1.673278594194220830e+02
5.140636469687636989e+00 1.643806823150981344e+01 1.309390620510289125e+02
2.193443965239068871e-01 2.196504569001508855e+01 3.340669621048170512e+01
2.940235029561351077e+00 2.068254178022122147e+01 9.475252795379634563e+01
4.926027239197607877e+00 1.980127714321701404e+01 3.116279641420032931e+01
4.976343750635224161e+00 1.866426418484444838e+01 5.991911616139061181e+01
-9.361591511133616095e+00 1.791563322056543228e+01 3.014113286972507666e+01
-6.665577269243270209e+00 1.933583270288978539e+01 8.647224665579361158e+01
-7.052613199461733373e+00 1.900641911660282446e+01 3.053534855052902230e+01
-2.239436481550407532e+00 1.453882204762107300e+01 1.657970781631503598e+02
-4.800062162006943467e+00 1.634046891048038219e+01 1.291501616090780544e+02
1.857827579194819279e-01 1.749572601540489458e+01 1.617749466952163289e+02
1.078063593543238552e+00 2.138378650213987342e+01 3.465639156438436430e+01
-2.774438351837999139e+00 2.037661709582910419e+01 9.394022604577821767e+01
-4.198901320139198923e+00 2.051329649834783808e+01 3.218780316334584057e+01
1.403417875037775431e-01 2.203611751438234378e+01 6.800916738792855654e+01
-5.272496802070320676e+00 1.961328706609081962e+01 6.241679338230279228e+01
2.139305999916459200e+00 1.785664970129757378e+01 1.215083980847971645e+02
-2.891646807573349687e+00 1.806170725796389576e+01 1.230059374900189937e+02
2.634977073086628874e+00 1.741905036354111047e+01 1.414987748824030973e+02
6.829963623984863785e-02 2.210564069832517831e+01 1.016531649229533372e+02
-2.452625980245425552e+00 1.726418851601522775e+01 1.411759633099811424e+02
-1.815180073182053766e+00 2.116836371022818142e+01 9.848676241141691889e+01
1.004720566786868652e+01 -1.946866502718903646e+01 3.449298092870790100e+01
7.379535278416419430e+00 -1.825622593327731025e+01 9.242820317068635916e+01
7.512823672483662563e+00 -2.097609797530268949e+01 3.351343314574364030e+01
1.582001051754438503e+00 -1.346724086571108181e+01 1.627711465383520988e+02
5.989278107108025218e+00 -1.532397634088560423e+01 1.299066594714820155e+02
1.117195167466629835e+00 -2.207574209088435779e+01 3.424231647379374266e+01
2.948412128534806609e+00 -2.014413456782799017e+01 9.484261149657409362e+01
5.285429991114625636e+00 -2.297198031007677343e+01 3.438943830448740613e+01
4.878997889872120020e+00 -1.999584137552434271e+01 6.680678263964395569e+01
-1.034063616075542846e+01 -1.692451587226008414e+01 2.987375057352568319e+01
-6.095677647322815140e+00 -1.794108578652913621e+01 8.020903480383225315e+01
-7.613946809539807958e+00 -1.946796138647617269e+01 3.124871024563016064e+01
-2.840159513306240502e+00 -1.319681769034509067e+01 1.639373205200093082e+02
-4.757818089669664907e+00 -1.681869424956324721e+01 1.261454869630417335e+02
-1.117616147130327420e+00 -1.520573580483858933e+01 1.569763199465207322e+02
-8.627877639440185709e-01 -2.256556918587101634e+01 3.634358681973755267e+01
-2.846016083304784505e+00 -1.974682569922324404e+01 9.221070740495471796e+01
-3.579389132559320785e+00 -2.101759978803734441e+01 3.137122360842164071e+01
4.525393477774430906e-01 -2.182000339466348748e+01 6.815773473345251432e+01
-5.272197329017582312e+00 -1.998933914711119186e+01 5.941011075568241040e+01
2.579758327730941936e+00 -1.753671589416298460e+01 1.202866826713008095e+02
-3.682625162936151053e+00 -1.798617756917455424e+01 1.190164508921231032e+02
1.329359409204007747e+00 -1.716173950282477279e+01 1.385644204707191420e+02
1.030174177140020797e+00 -2.184989067842366239e+01 9.885691461391009227e+01
-7.233159501631041266e-01 -1.676650976907487589e+01 1.361524685241653287e+02
-6.250228496884704388e-01 -2.072343414714982757e+01 1.010298618029194557e+02
-2.472401869172537736e-01 1.061288312733418060e+01 2.130239148441270345e+02
-1.346811364649086185e-01 3.726978757470116754e+00 2.271291076574947851e+02
-2.509826703917646951e-01 -9.435045382193480989e+00 2.018759440162191652e+02
-8.093050372417819327e-01 -3.316972113990550142e+00 2.250234783759295567e+02
-1.394597237562902059e+01 -1.680811371749530991e+01 2.056959217890140224e+01
-1.804761323057521238e+01 -1.246089145411684385e+01 5.909966341733330353e+01
-1.158566950172058618e+01 -1.759340812795165476e+01 5.226875839787059164e+01
-2.038998996778386541e+01 -2.622937272382604323e+00 1.157846831574256186e+02
-2.120978500561027857e+01 -9.475594852553003378e+00 9.243495636561377182e+01
-9.221271290050825797e+00 -1.511544031099835017e+01 9.880244533821547748e+01
-1.568897265100292948e+01 -1.322711790836183354e+01 8.620392091909400278e+01
-1.195063166961082679e+01 -1.525124217780845726e+01 8.118204967895508162e+01
-1.413358817797623246e+01 -1.722474399365047049e+01 7.593234708609038819e+01
-1.293376720519935219e+01 1.443685523722163566e+01 1.979258338237200121e+01
-1.550767099320361631e+01 1.244985223911427141e+01 5.194787785415957160e+01
-1.181820938008694277e+01 1.606479933388608572e+01 4.632873665985444944e+01
-1.717315005671770578e+01 2.983309562172172136e+00 1.017343899731310728e+02
-1.801050066052695087e+01 8.072848444857205763e+00 8.408357660704491821e+01
-1.091570161370365888e+01 1.427557440202369676e+01 1.048077375794880197e+02
-1.408707587160274244e+01 1.147055029826130657e+01 8.089816346198429642e+01
-1.064987024318283559e+01 1.633459181121668635e+01 7.634971861187031550e+01
-1.244216162602104703e+01 1.513946131433753983e+01 6.412474971437423221e+01
-2.235837307594907397e+00 1.020208081565923486e+01 1.817865358458695937e+02
-7.793143917959695521e+00 8.136496608704733902e+00 1.745470143980885780e+02
-5.106860472727354328e+00 1.213098316866418180e+01 1.688135217616935790e+02
-3.259384206130753192e+00 8.935101547532259048e+00 2.096833686420814900e+02
-1.660414377543536801e+01 2.834346827345580966e+00 1.295062455231163483e+02
-1.144417811154377596e+01 5.392508603845930004e+00 1.595091678200764704e+02
-1.519564771158174210e+01 4.385787638339012418e+00 1.210665572468288076e+02
-9.288072722037746587e+00 1.270397368364882951e+01 1.271026847933285069e+02
-1.071309320954259370e+01 9.228828782357204830e+00 1.647554922687317571e+02
-7.683825162863906932e+00 1.445701293092839457e+01 1.493581134695149899e+02
-1.054498642112187667e+01 1.255813968309053585e+01 1.227682694513415953e+02
-5.750481316625016603e+00 1.175401199462357305e+01 1.727783313459278247e+02
-3.283447876106010632e+00 3.675139907482220192e+00 2.358327909558274200e+02
-1.021791068367284261e+01 6.377570421387719790e+00 1.892360624892941701e+02
-3.861932435808245412e+00 4.728664306918633820e+00 2.316582165435184493e+02
-6.655188239176449194e+00 7.196764216891862631e+00 1.967034356740340684e+02
-1.424457648366612261e+01 1.105852843355209103e+01 1.031617861447546289e+02
-1.206436670425924085e+01 1.106776177540890771e+01 1.550703440639240682e+02
-1.711660692754349000e+01 8.036792887688108067e+00 1.161063210933719034e+02
-1.179570506640311223e+01 1.052062303859749193e+01 1.067752933232236074e+02
-1.405157426271879650e+01 6.790747877650136211e+00 1.406038154958494886e+02
-1.128155799408770221e+01 1.272165475723600991e+01 1.362478612966637570e+02
-2.242127006143678436e+00 -1.217035743135462766e+01 1.948883308500143698e+02
-9.163239096635981795e+00 -8.731304470771227955e+00 1.923254330496704654e+02
-5.804173423686314059e+00 -1.218207685373478810e+01 1.662257690130245464e+02
-2.720543321689937954e+00 -7.988869855214515425e+00 2.074885254716109273e+02
-1.754370682667958903e+01 -1.631039326625273844e+00 1.367641924751915781e+02
-1.376366967130412533e+01 -5.902604818790157637e+00 1.726015478370565290e+02
-1.773994096450918434e+01 -4.097420315018273307e+00 1.364417922980975959e+02
-1.494553421419941053e+01 -2.062993302439205756e+00 1.500940718014668391e+02
-9.767589907480310529e+00 -1.293628803878923428e+01 1.277921908047714084e+02
-1.098240532147016957e+01 -8.258620613890970574e+00 1.620392675158188638e+02
-6.372704189342340619e+00 -1.388567550848392429e+01 1.494109080222154375e+02
-1.147539073275424393e+01 -1.274675818570662322e+01 1.210235958297307945e+02
-7.421926429921488655e+00 -1.032457610987151320e+01 1.649689127239786046e+02
-2.874541336827389770e+00 -2.251739434533706508e+00 2.288124674519274038e+02
-1.082970931261640324e+01 -5.303657273950674877e+00 2.063039824407245817e+02
-2.534833379994700486e+00 -5.570888676188465283e+00 2.193572892254119324e+02
-5.938496423112537670e+00 -1.004996763771138113e+00 2.116521811620334574e+02
-6.643342087664612983e+00 -6.571373745841117220e+00 2.072491893784357728e+02
-1.699257152389970216e+01 -1.320829906266715881e+01 1.103102342912167728e+02
-1.299672345549583241e+01 -9.746240632007193483e+00 1.628552734451623394e+02
-1.662505472149937802e+01 -8.534594098256521377e+00 1.227865389851699831e+02
-1.368754624575112011e+01 -1.335307539681231326e+01 1.114892571939705732e+02
-1.672610360317327505e+01 -8.006806888722509896e+00 1.571348895950047506e+02
-1.261443250488317958e+01 -1.133702404611958769e+01 1.387897164069863436e+02
-1.246257118206289327e+01 3.797005221020813615e+00 1.863154429176562417e+02
-1.098410316027834099e+01 -4.735377031263795722e+00 1.795446640242542742e+02
-1.373152592058416843e+01 1.131849366569490423e+00 1.643395020212399800e+02
-1.019524221821058241e+01 1.975086316285592059e+00 2.026496630107134536e+02
-1.201768412263021268e+01 -1.513789587426250582e+00 1.660293688197952520e+02
-9.104860990709477520e+00 -2.252752962534239067e+00 1.951225061897582975e+02
-1.465986881236663031e+01 -1.659063555649763089e+01 -2.103004664427951198e+01
-1.696382610144102188e+01 -1.277462711243057925e+01 -6.057507295520066748e+01
-1.258413369984872077e+01 -1.795815206248212448e+01 -5.613321103936421252e+01
-1.587119385855649512e+01 -1.369194202364064594e+01 -6.927357146001589597e-03
-2.029852558514373939e+01 -2.578507844127380544e+00 -1.109310673919086980e+02
-1.780542993021715859e+01 -8.715191852994427890e+00 -8.654730288568562457e+01
-9.725765782646783819e+00 -1.616300691079877794e+01 -1.072642457559740876e+02
-1.533364789941012596e+01 -1.333772591163088173e+01 -8.785461862376187980e+01
-1.179528435377875617e+01 -1.747661647550442510e+01 -8.582376231682199830e+01
-1.515897346178728355e+01 -1.591434115393762028e+01 -7.415812296719175833e+01
-1.882930681837500941e+01 -8.696166694790019136e+00 3.738182453948816431e+01
-1.788068270726190789e+01 -7.672915175818846301e+00 -3.688579774044395521e+01
-1.773686869731707816e+01 -1.201863922136633889e+01 1.932366671909630895e+01
-1.760782785398379247e+01 -1.221916915611525134e+01 -1.965506625677215879e+01
-1.439269351498624694e+01 1.606593196343442287e+01 -1.934053694125844203e+01
-1.628566653993525648e+01 1.201670206662638307e+01 -5.300790268902735392e+01
-1.198498290991333981e+01 1.626977029526090135e+01 -5.010275150131725042e+01
-1.557605935145587495e+01 1.282499252568090142e+01 6.437985853774615130e-02
-1.719825493155083507e+01 2.679818858603254306e+00 -1.043599214352594942e+02
-1.727107304740444249e+01 9.046217631878109344e+00 -8.304943442118151609e+01
-8.419728268516704972e+00 1.542898422586881502e+01 -1.048018827229972629e+02
-1.621567304260484477e+01 1.227983759602176761e+01 -8.440696771889199113e+01
-1.138024038033786844e+01 1.706442436101101023e+01 -8.285590621323672167e+01
-1.365546960051380943e+01 1.651616642917234756e+01 -6.920049016858753532e+01
-1.758938796742046762e+01 7.663161325945196722e+00 3.375017881730687463e+01
-1.895574587882372697e+01 8.893153437434607511e+00 -3.514726601709722331e+01
-1.648622557317640158e+01 1.011719849281473316e+01 1.929875892377612345e+01
-1.672904507068465918e+01 1.180215249939272937e+01 -1.945888252227838677e+01
-3.978218413670307374e+00 1.085176439338385634e+01 -1.788950610493899944e+02
-9.546237602310796433e+00 7.845887482384291012e+00 -1.791000797601885495e+02
-4.336298124079703165e+00 1.174306635282751543e+01 -1.636463590746121213e+02
-3.662190744505984696e+00 8.200702318430252546e+00 -2.013544070553179779e+02
-1.717567778799546119e+01 2.303023121429764508e+00 -1.334926985826044472e+02
-1.278918766926669370e+01 6.941419104347524183e+00 -1.611473586162427694e+02
-1.757331168235705121e+01 5.692101871967964577e+00 -1.274003730252615583e+02
-9.308616314672365277e+00 1.408157451990283171e+01 -1.287053644138519246e+02
-1.168252699078622392e+01 1.063594432592646299e+01 -1.618448026638169779e+02
-7.421201161009923553e+00 1.322325151623318362e+01 -1.498332072004993165e+02
-1.001332542679873860e+01 1.311276399192673559e+01 -1.217650792784126139e+02
-7.477749116603595425e+00 1.165683271777363750e+01 -1.625040680475434556e+02
-3.327960490411900452e+00 2.699263680074754479e+00 -2.117732078305630239e+02
-8.062783950478882744e+00 3.815551623346479460e+00 -1.965233317021500170e+02
-2.885954522648777054e+00 5.709549756109414176e+00 -2.164306021002747400e+02
-6.418107397493511002e+00 7.776411636515386583e+00 -2.052131302654831586e+02
-1.417029028852032901e+01 1.129300076099711525e+01 -9.863587088443136963e+01
-1.141303713069284242e+01 9.511573978298399012e+00 -1.507965708266083311e+02
-1.576210828506802919e+01 8.625097828572236835e+00 -1.145025338970226585e+02
-1.216245250147715495e+01 1.235638990515093916e+01 -1.090937057708051867e+02
-1.371590730995771068e+01 6.340160931668424205e+00 -1.422656608900717572e+02
-1.148388315986852248e+01 1.107621499443326485e+01 -1.368351375007528929e+02
-2.015889595772696552e+00 -1.016878906326967247e+01 -1.931024557475100494e+02
-9.671212857851385181e+00 -8.911081712227709062e+00 -1.914734016977526210e+02
-4.948510103026742435e+00 -1.345757059322091642e+01 -1.812600480298818297e+02
-3.668464222672463748e+00 -7.321877818116285574e+00 -2.074967786338729923e+02
-1.787851634982955673e+01 -2.732694183808435540e+00 -1.434667918944917346e+02
-1.327532240366003791e+01 -6.854433593633809885e+00 -1.736514855838691460e+02
-1.648824139159336255e+01 -5.368662783378467473e+00 -1.300084644387458468e+02
-1.641592712908941820e+01 -3.820252008863776472e-01 -1.616861667160264346e+02
-9.521220307553294404e+00 -1.544620097035051920e+01 -1.394516434694141651e+02
-1.120467939874947305e+01 -9.940588454257248685e+00 -1.632559716991808045e+02
-7.028804151119698140e+00 -1.569028666324111576e+01 -1.675986631226526242e+02
-1.070235199511955315e+01 -1.369214099724925227e+01 -1.226061243781285128e+02
-7.496689429041217601e+00 -1.200981040962361845e+01 -1.766606818194815958e+02
-3.415127482255346791e+00 -1.596336352048521201e+00 -2.238439628118446763e+02
-8.894368580437788552e+00 -5.350961123909968364e+00 -1.998800992788438577e+02
-3.253371023162282771e+00 -4.318301880733540266e+00 -2.195692299581178872e+02
-5.213437065772001944e+00 -1.806756251291289361e-01 -1.953331224370064092e+02
-5.524741356716718066e+00 -7.164550292299902701e+00 -2.072522318308823515e+02
-1.573641750269987583e+01 -1.214197433850636010e+01 -1.023229558443818377e+02
-1.148739200748350697e+01 -1.047785512136704789e+01 -1.582180696495651091e+02
-1.632741027337764450e+01 -7.628974251571925436e+00 -1.195015964934225394e+02
-1.218676968210791856e+01 -1.144902121057100608e+01 -1.136190906718539395e+02
-1.496615453742507285e+01 -6.580797895052204360e+00 -1.431804183092469884e+02
-1.016479743291626825e+01 -1.113502901050044613e+01 -1.381921322816431257e+02
-1.020702375960592256e+01 2.449329547550750164e+00 -1.767627908620964661e+02
-1.271094860799721715e+01 -2.573114462995134133e+00 -1.920103221463871535e+02
-1.451009688769286043e+01 1.217133333491740022e+00 -1.734136469067323105e+02
-7.864276840879006691e+00 1.317716404920676210e+00 -1.877188478917388750e+02
-1.539068333905157537e+01 -1.715931243327593725e+00 -1.875953652595438541e+02
-8.460648267330793004e+00 -2.727571965729897130e+00 -1.852341883977636314e+02
-1.932698171524475228e+01 -4.448325752486654294e-01 8.956207158671892898e+01
-1.903345085458081343e+01 -7.738162799784543966e-02 3.173000531200347751e+01
-2.129974858453971720e+01 -4.070779697866610647e+00 8.721785613927171710e+01
-2.019697449251482979e+01 3.670923557738465348e+00 8.181504437798916740e+01
-1.944200197633852056e+01 -2.341629202124696774e-01 -9.169895927276367331e+01
-1.850544790102263093e+01 -7.454100723426744235e-01 -3.174398831413540023e+01
-2.006169009712441209e+01 -3.787619242490557259e+00 -8.317632691611278517e+01
-1.928686119204746419e+01 3.471062962217242198e+00 -7.772618395913305278e+01
-1.887978977180966567e+01 -9.099601636159023954e+00 5.653908669983433555e+01
-1.813103225871243751e+01 -3.755405837899381982e+00 1.750410984725438723e+01
-2.158229028352133483e+01 -5.632647766676805112e+00 7.665566673851367341e+01
-1.795538153511892432e+01 -7.585585272600186002e+00 1.973018643872293865e+01
-2.042195892481538877e+01 -3.249801010935956302e+00 5.400497816816618979e+01
-1.745363155624251306e+01 8.495920337780098919e+00 5.166518735600342893e+01
-1.695236320419515508e+01 5.123618352637124396e+00 1.851269627135953044e+01
-1.956829627537510419e+01 6.809514155963576343e+00 6.910047299202675219e+01
-1.772419703861751117e+01 7.298063034588850861e+00 1.770255735211437553e+01
-2.026080424089047582e+01 2.968502915113100382e+00 5.178227369201014341e+01
-1.719908697176427381e+01 -9.624975932879134888e+00 -5.287086023453701955e+01
-1.787382588205029421e+01 -2.734137076201355487e+00 -1.825628647853441677e+01
-1.970014732749561759e+01 -4.965936411311498766e+00 -6.793750434617653866e+01
-1.644884790287926180e+01 -5.558237572443600172e+00 -1.693365810524996462e+01
-1.917783801862246662e+01 -2.298038628264234884e+00 -5.048997313314428936e+01
-1.796407989372241687e+01 -5.781757097124648581e+00 3.121938513563260464e-01
-1.844590692562613654e+01 8.563835764300792519e+00 -5.261621229018234658e+01
-1.809063087096198430e+01 3.509450374191390942e+00 -1.984177992853116734e+01
-2.046899260071726445e+01 5.236751537501401543e+00 -6.865567872723724463e+01
-1.743180895411648024e+01 6.526397720013831893e+00 -1.821224857625524862e+01
-1.902797730936589105e+01 2.101424635535809937e+00 -4.965679855420697919e+01
-1.756344232349021439e+01 5.069913569685044585e+00 1.631169701972155772e-01
1.314187812533738864e+01 -1.742657917068022044e+01 1.989970970707931031e+01
1.577891205927093665e+01 -1.288310400733377037e+01 5.437207690240069979e+01
1.336214859115531794e+01 -1.741319072093476095e+01 4.947407579349147966e+01
1.767877304807129235e+01 -3.259293085959360514e+00 1.027974250368106794e+02
1.780954532752572206e+01 -8.718250882380857547e+00 8.402162997991355553e+01
1.019669458234537807e+01 -1.563201827433920243e+01 1.052610172291086172e+02
1.482468178020882910e+01 -1.321378690644775489e+01 8.177984498543298741e+01
1.080855693666262418e+01 -1.545644126389392881e+01 7.819343084005430455e+01
1.410562481712845795e+01 -1.501516263854088074e+01 6.764526199749845148e+01
1.174872165164239490e+01 1.530877960213759614e+01 1.812849467575564333e+01
1.510982193836826681e+01 1.133787399760488945e+01 5.174242691511599190e+01
1.051333351011861161e+01 1.517184267749707516e+01 4.535003363463554393e+01
1.641801377147802299e+01 2.806042501749227203e+00 1.023460889705232688e+02
1.694910686691513746e+01 7.718919831699653678e+00 7.976543562401931808e+01
9.956771117558615103e+00 1.545781859828749560e+01 1.029774697222180464e+02
1.532112647485343615e+01 1.259376711544723371e+01 8.534542454838657477e+01
1.067300695677678846e+01 1.542131827562579538e+01 7.585413942359417661e+01
1.297400111885887064e+01 1.556469161248593025e+01 6.697684802725410691e+01
2.522392332600991605e+00 1.145504252399761924e+01 1.843448627526731229e+02
7.603606826145626663e+00 9.656083995694540789e+00 1.850764967344727552e+02
5.432153765651514199e+00 1.093838233382919434e+01 1.669933505757579439e+02
2.492971705626345624e+00 1.023884581405095417e+01 2.168525085792442724e+02
1.551096760284503517e+01 2.141050682697276830e+00 1.285379237262790468e+02
1.284044258968374663e+01 5.311908313532072157e+00 1.661827931318695448e+02
1.543194421384199977e+01 4.979303576039481705e+00 1.212050827278402778e+02
1.019706624455196575e+01 1.502430632058780446e+01 1.387963364561252888e+02
1.185760234280698100e+01 8.336172171964761901e+00 1.650758518807463702e+02
6.264209893263250173e+00 1.344212248391004749e+01 1.520471856375056063e+02
1.042697498791944177e+01 1.339912501372502973e+01 1.263111464540210989e+02
6.263225562682397829e+00 1.253229248429057563e+01 1.679614891521182187e+02
4.006608010807847897e+00 2.243309316207117821e+00 2.319145302197902652e+02
1.157868351484693470e+01 5.313339156687013620e+00 2.056146854135731132e+02
4.606075110521260285e+00 4.343462379011750585e+00 2.210442613978200654e+02
7.029979912318027324e+00 7.452860087835389002e+00 2.171279926138191456e+02
1.457466075209854850e+01 1.234433502460838206e+01 1.029259928353105380e+02
1.239431229074729046e+01 9.505914059200936350e+00 1.546978780852476518e+02
1.439535106451823232e+01 9.044700410390388967e+00 1.124471899408745088e+02
1.273949219835822610e+01 1.230826086379921946e+01 1.153960577775948906e+02
1.516427077353763586e+01 6.568219527044485417e+00 1.425304964341634957e+02
1.101290399280001076e+01 1.147945788404834921e+01 1.376611805105320059e+02
3.506150712700152994e+00 -1.106718708013015906e+01 1.785219799967384517e+02
7.493314795130059380e+00 -7.419821211276063977e+00 1.745020908943528184e+02
4.656388355065939066e+00 -1.285169858090135797e+01 1.716055634861884869e+02
3.169501007693289463e+00 -7.976571557387447164e+00 2.048404884620855739e+02
1.515448558882678931e+01 -3.065876604735766620e+00 1.293286408592804833e+02
1.306079987426109668e+01 -5.219772654905581177e+00 1.601088751726070427e+02
1.649580329845933591e+01 -5.227548016563530631e+00 1.219024142976177387e+02
1.487959286386362656e+01 -4.169709274877196337e-01 1.487142792132587772e+02
8.581260682276729668e+00 -1.413945479317146336e+01 1.328274715346906021e+02
1.245432737393429612e+01 -9.455164724236375662e+00 1.648910533441939776e+02
7.010195923063351486e+00 -1.429209411714587219e+01 1.544819578615491764e+02
9.461718445140961720e+00 -1.421428076357874026e+01 1.226782912359147559e+02
7.972098033927485616e+00 -1.167891532441724500e+01 1.726224624039777780e+02
4.355400416395766250e+00 -1.063846915554663486e+00 2.227643396928054642e+02
7.520825515820295237e+00 -4.610076333471979204e+00 1.910817068066579054e+02
3.863720808614447222e+00 -5.569811759793631190e+00 2.176254102515540012e+02
6.549017640921486638e+00 -5.318768261881371417e-01 2.293537840602784854e+02
5.619730539021408511e+00 -6.151980224030390687e+00 1.979230474777508562e+02
1.449035245025278051e+01 -1.162431666965651189e+01 1.017551773144363949e+02
1.302333173731472016e+01 -9.468461100280366693e+00 1.556352055172532971e+02
1.678935632908990172e+01 -9.097512666242343116e+00 1.167180861535483842e+02
1.153853226805397902e+01 -1.216135221749166639e+01 1.078192634930414613e+02
1.463734604504163705e+01 -7.838605656816819867e+00 1.401317777243334888e+02
1.073479332379637974e+01 -1.121820959326375622e+01 1.358348907880282468e+02
1.236482906060572518e+01 3.577113037923512096e+00 1.905356790418939283e+02
1.296756147031491402e+01 -3.265386199376176801e+00 1.877486152216856397e+02
1.325458115503989021e+01 3.139765786124943947e+00 1.660303616930528108e+02
9.432887935586201422e+00 1.255901414706004360e+00 2.232182969869494684e+02
1.327758099048405782e+01 -2.625017306139959317e+00 1.643346410632197774e+02
9.767985726207175645e+00 -1.604677144721885496e+00 2.143352006966331658e+02
1.185388438165161595e+01 -1.666245870601082402e+01 -1.855237175069343181e+01
1.547551622906089186e+01 -1.275067077779903535e+01 -5.319776841435817971e+01
1.222137348967123849e+01 -1.715182744571696105e+01 -4.946815993165219538e+01
1.443925779202125881e+01 -1.361140749721097798e+01 -1.923666223666317399e-01
1.869414939844684653e+01 -3.017883329545683058e+00 -1.031381082243389642e+02
1.808224411404087917e+01 -8.841263767556460706e+00 -8.466852276148291878e+01
9.188370781675873289e+00 -1.494379290090100376e+01 -1.066318125232606491e+02
1.509960769441238426e+01 -1.309971942656569688e+01 -8.272315173422794032e+01
1.012858476409306263e+01 -1.702887435767887681e+01 -8.322732019268248393e+01
1.334601947386147636e+01 -1.463374420255089703e+01 -6.971321349489133468e+01
1.831491411799662572e+01 -8.353248334792432672e+00 3.446965610659939472e+01
1.704349195238822645e+01 -8.970683424666864525e+00 -3.474673173809117088e+01
1.532967773374108766e+01 -1.109687994043083492e+01 2.113286609333473720e+01
1.526539124642119560e+01 -1.101867148437423616e+01 -1.975263696082558695e+01
1.367108915835293281e+01 1.609166538651436085e+01 -1.848596903046716733e+01
1.656954599550951457e+01 1.280611107156926742e+01 -5.923673399044779586e+01
1.287388945710245203e+01 1.615466675889261694e+01 -5.455077196065460754e+01
1.511697617995393550e+01 1.258060796297929684e+01 -1.020394134148965515e+00
1.854733891792233536e+01 1.537974617957788892e+00 -1.050850150252096569e+02
1.707042243078321775e+01 9.298559291288311712e+00 -8.493550247037207157e+01
1.027536338009271866e+01 1.531146538430477122e+01 -1.130742412205460994e+02
1.619838759876359191e+01 1.281724538115735790e+01 -8.961784357518737920e+01
1.223530746683376869e+01 1.797837949438403982e+01 -8.880790791330196043e+01
1.514789680551959883e+01 1.668955101024044652e+01 -7.650915958558243801e+01
1.781015120676686792e+01 7.888273697481523961e+00 3.629780296251191629e+01
1.883943265260467825e+01 8.452755072122078772e+00 -3.549098184648842391e+01
1.677088200098774706e+01 1.125011970792115257e+01 1.678897536744780439e+01
1.729132700820532165e+01 1.111247714994383173e+01 -1.854108419381613970e+01
2.311851437605344728e+00 9.214473230001729576e+00 -1.866419533695051314e+02
7.643054451227841994e+00 8.453360905332413466e+00 -1.776740523760045107e+02
5.934576346029161620e+00 1.309966584718968718e+01 -1.758160818636391411e+02
3.010752662044114292e+00 7.146461370487273257e+00 -1.902676489131535789e+02
1.764696599284977196e+01 2.062427735399202433e+00 -1.309147128968318725e+02
1.304376018650402003e+01 5.300879438130960075e+00 -1.596288224700924729e+02
1.705855252128276334e+01 4.691558725129461926e+00 -1.231094699845140212e+02
1.111180553984872610e+01 1.435443874309756929e+01 -1.392857892605305210e+02
1.210919818873911957e+01 9.500528717791683064e+00 -1.710726512362853100e+02
7.366478066500967259e+00 1.415489007317817993e+01 -1.620294507890479565e+02
1.055202878156064550e+01 1.368516450141658503e+01 -1.253110382042416688e+02
7.190798074552413155e+00 1.219594603204854089e+01 -1.720933670672848734e+02
2.551200657947490846e+00 1.631659715906781383e+00 -2.143473813359409519e+02
8.818384648077261190e+00 4.960355430876655092e+00 -1.913225080312122657e+02
3.235011486768743172e+00 6.093176439582607351e+00 -2.042760311351398457e+02
4.991544430749597971e+00 6.561970818948970496e+00 -1.893080894481969381e+02
1.561312169574918940e+01 1.344940802517175982e+01 -1.056839726914436852e+02
1.276913240399267480e+01 1.005704823999389319e+01 -1.567200165478174654e+02
1.579753952008431206e+01 7.982328205896576101e+00 -1.134009927859248847e+02
1.450176101534387207e+01 1.264678405982035336e+01 -1.147899136411286776e+02
1.374041983898605679e+01 7.405892665506945249e+00 -1.382571436527540243e+02
1.372498930129109951e+01 1.280516590304515745e+01 -1.449409153223502358e+02
2.689986840605754548e+00 -1.186242910316141064e+01 -1.876685346823552720e+02
8.786024138060042787e+00 -8.327565808877659848e+00 -1.845527277817043341e+02
4.946801049131125616e+00 -1.204173168956019246e+01 -1.654450803508221384e+02
2.874976410662860804e+00 -9.915423025383415023e+00 -2.228404400661546561e+02
1.753005873505222567e+01 -2.688364939547480681e+00 -1.378983152954005504e+02
1.385997156502756589e+01 -5.378476060250632962e+00 -1.717273923543825447e+02
1.698375858232672542e+01 -5.201202230867943754e+00 -1.276220438906211001e+02
1.644149854534054001e+01 -2.735148829536302589e-02 -1.536977109054438699e+02
8.984959673899902910e+00 -1.351877973673674127e+01 -1.295125036248581409e+02
9.380847216394098353e+00 -9.951420749192681825e+00 -1.643747390062892464e+02
5.974363723716977326e+00 -1.369753999050336368e+01 -1.492874898332860880e+02
1.165673602698582734e+01 -1.334704292790988411e+01 -1.217326873650613805e+02
6.761087717474955738e+00 -1.173843799504556706e+01 -1.621558370687778563e+02
3.761802279075516342e+00 -1.215221605704717822e+00 -2.334737233681792361e+02
1.020132545295512472e+01 -4.233978542083474572e+00 -2.082039268181823388e+02
3.403633352500555986e+00 -5.146991661981506816e+00 -2.404663371561325107e+02
6.957625853082261891e+00 6.634921173876887068e-02 -2.107326393448093711e+02
6.665523414553551795e+00 -8.626138586498083072e+00 -2.247557802665180020e+02
1.337288324322433120e+01 -1.154331321002434407e+01 -9.933466219187046420e+01
1.132721610473029550e+01 -9.473944923962628550e+00 -1.515589567660008754e+02
1.600248225647006350e+01 -8.060326543984333014e+00 -1.146088379103688197e+02
1.301084433431497800e+01 -1.239072835281982421e+01 -1.094282268755620464e+02
1.477369302092073156e+01 -6.623257370566857816e+00 -1.427348512365125828e+02
1.189591033031812906e+01 -1.069046595069443484e+01 -1.370576074963611575e+02
1.013332802524015896e+01 3.437239865300314445e+00 -1.827230289269499224e+02
1.258294289092830631e+01 -4.361414341168820208e+00 -1.927796103917394532e+02
1.366753288788581600e+01 1.184328798716962616e+00 -1.661724363447352459e+02
7.695824385489369313e+00 1.151839982496968506e+00 -2.021135071819112738e+02
1.498196684818858238e+01 -1.620328505520148621e+00 -1.787938462146581742e+02
9.653946038393319995e+00 -4.519792563344294800e-01 -1.988102437509956815e+02
1.834466100599830440e+01 -1.755726349160869337e-01 8.692489002077010696e+01
1.862489588432670828e+01 6.865808092981913191e-01 3.137766588900818832e+01
2.094485237800506283e+01 -2.369204139394805786e+00 8.198419464441559512e+01
1.876027799323715683e+01 3.808540831866771281e+00 7.804298831809460069e+01
1.668959539912529166e+01 -6.772392384808848531e-01 -8.802603150805254018e+01
1.997735381615278172e+01 1.135371848024033126e+00 -3.190884963524433005e+01
1.860818050579586469e+01 -2.491498910873055639e+00 -7.756582607483433378e+01
1.934672661433747010e+01 3.067609017308409403e+00 -7.903163715690013191e+01
1.758555399213799930e+01 -9.345060646902945578e+00 5.253940486692844303e+01
1.626232845032718899e+01 -3.384918580461456550e+00 1.880215282722237546e+01
1.993823315881286717e+01 -5.072977881641521414e+00 6.871402056063055852e+01
1.735988418511367826e+01 -5.613310918559274221e+00 1.797176743521227138e+01
2.012249151857689000e+01 -2.938511442083811875e+00 5.296899805897022873e+01
1.759725432231826048e+01 9.609718546705821041e+00 5.547691985283180571e+01
1.831612964954263134e+01 4.072556766007023654e+00 1.905063969837215510e+01
1.900965975896031779e+01 5.809873785033323301e+00 6.691527310306538823e+01
1.803635588981278559e+01 6.432584806587751558e+00 1.967026856117912814e+01
1.796641083463665112e+01 3.069161132175947326e+00 4.948686874111362499e+01
1.688941376426827645e+01 -8.441632300480915063e+00 -5.323274981428681940e+01
1.720601599002035442e+01 -3.693750507880543044e+00 -1.931881540010457243e+01
1.909398764070916954e+01 -4.872410261960119726e+00 -6.915797916997604489e+01
1.704469096122179295e+01 -5.488618720613941626e+00 -1.834697071014720748e+01
1.893699022972885970e+01 -3.184377290505798985e+00 -4.960414991425766118e+01
1.736661501717212630e+01 -4.893639234514199465e+00 6.952572320749603740e-01
1.948362335867845374e+01 8.414071309476781835e+00 -5.511755178867545624e+01
1.972426427665703486e+01 5.070431934717783307e+00 -2.044606412463648581e+01
1.891066746151093980e+01 6.911595427957338167e+00 -6.683420683926996730e+01
1.905716984505157541e+01 7.291724519120780457e+00 -1.932398566443768573e+01
1.904331977226427597e+01 3.072638825274114360e+00 -4.874206990103841974e+01
1.931204261506659137e+01 4.385816469700031028e+00 -1.217460442720338376e-01
