1.476584609183296948e+02 -2.384920271490859704e+02 -9.708699525995957702e-02
-1.476780163674313258e+02 -2.384596062712178366e+02 1.547221731537325000e-02
1.475652236062735483e+02 2.385027652550245136e+02 8.773678434142140672e-03
-1.474946475567763002e+02 2.385298313670448636e+02 6.071616214675681217e-02
5.335395637701767849e-03 1.490003465576007216e+02 -2.559119922154261673e+01
-1.458456155370202734e-01 -1.491353627107429816e+02 -2.578403446023047252e+01
1.929564960716161348e-01 1.488499260710838428e+02 2.566650661920945353e+01
1.643221391916411811e-01 -1.491470355715598828e+02 2.574473934287739496e+01
-2.388586777362292821e+02 1.357956523770598722e-01 1.569738904171355465e+01
-2.390065873953856794e+02 2.179206679862242396e-02 -1.586464484501052219e+01
2.392168423691816486e+02 -1.434904811817759862e-01 1.585222357289818795e+01
2.392749930655642459e+02 -5.900902992626115388e-03 -1.571807932237298111e+01
-6.233190598178751755e-03 -2.799276818294221130e+02 -8.749143052612562421e-02
-1.877185772812155484e-01 2.803423587720885735e+02 -3.495117428899161688e-02
8.670708888639616418e+01 2.273404432942904236e+02 -1.490488624521369942e+01
-8.678082397161449535e+01 2.274156133334527397e+02 -1.516674667654061537e+01
8.682859432452980286e+01 -2.273542485949087961e+02 -1.504317358217952894e+01
-8.671743398538704639e+01 -2.273775898170887331e+02 -1.500209423659114627e+01
-6.955886481052069026e-02 -7.741364282778231964e-02 -2.941797078412977484e+01
8.672475989794047280e+01 2.271570106891967669e+02 1.497574585547972958e+01
-8.674018586988469792e+01 2.272242889861897766e+02 1.487173873602113439e+01
8.681030418114794145e+01 -2.270862234692828565e+02 1.490102292047119370e+01
-8.675780632309052010e+01 -2.274145049929180686e+02 1.495140426252831034e+01
-2.115872837836362264e-01 7.685161604584750394e-02 2.940404016019322953e+01
-2.264612304892514487e+02 -1.402028143694255391e+02 9.281405459826896021e+00
-2.267236523838397204e+02 1.405028529318562107e+02 9.161007569265803951e+00
-1.415789456191882607e+02 8.714664631024001551e+01 2.442725589463898928e+01
-1.413881592204996025e+02 -8.740811901483736790e+01 2.435724827218791333e+01
-2.266076087632383462e+02 -1.401404931648496586e+02 -9.263513384906907788e+00
-2.267583521576123644e+02 1.402946263765589094e+02 -9.312222003361643630e+00
-1.414974007828660945e+02 8.734368104522286558e+01 -2.450923706506319988e+01
-1.414198639390512540e+02 -8.737549134223976921e+01 -2.456877615340442134e+01
-2.810255175395195124e+02 2.564443633476526374e-01 -1.105560031592921072e-01
2.267074924021374045e+02 -1.403601241753470106e+02 9.335482887099287197e+00
2.267473501433966874e+02 1.404005871012464866e+02 9.188131909095917038e+00
1.415748180180079316e+02 8.725992468971413984e+01 2.460572699878981950e+01
1.416151559875423231e+02 -8.716352670769708766e+01 2.440601705945545419e+01
2.267148790575660087e+02 -1.402702981989380362e+02 -9.225219814352193737e+00
2.268298491854136500e+02 1.401604264215689852e+02 -9.275520487042252071e+00
1.414778517185595774e+02 8.724587042525854486e+01 -2.450420533925369071e+01
1.413324587782385890e+02 -8.718179511380138536e+01 -2.443364125907803341e+01
2.808072501148578226e+02 -2.103827227573743658e-02 -6.034469758756662305e-03
7.671919278573146528e+01 -2.695730979907372671e+02 1.405083773088470003e-02
-7.667493690633671122e+01 -2.696471888670379826e+02 8.013720233436914808e-02
7.674992855544246595e+01 2.696070776405320544e+02 4.870496116728736946e-02
-7.696594664620270976e+01 2.698515667071213784e+02 2.555818005249066091e-02
1.216594728270885071e+02 2.419893216489051895e+02 -7.671861262422337013e+00
4.536322973898410993e+01 1.952756341969215725e+02 -2.121207313708621811e+01
4.534752178604369988e+01 2.662978971787367755e+02 -8.076829345711196595e+00
-1.216139218010215473e+02 2.419311916134306273e+02 -7.856111873464597828e+00
-4.544062197700955608e+01 1.956261008929181173e+02 -2.118163144713662760e+01
-4.547503766447020723e+01 2.662345149271104674e+02 -7.927735276495333494e+00
-2.087961593136271679e-02 2.398936527933979335e+02 -1.582743753487685900e+01
1.216962779403328483e+02 -2.417866970767357486e+02 -7.897159071569166855e+00
4.559106434337400060e+01 -1.955894109373774654e+02 -2.101782252249967797e+01
4.537045251623398912e+01 -2.663528825252907950e+02 -7.919371583810948856e+00
-1.216784175860708217e+02 -2.420894456007078475e+02 -7.769594619115498091e+00
-4.523047109103472962e+01 -1.954959649600118041e+02 -2.094848639903231913e+01
-4.541795487197752834e+01 -2.665214964530964039e+02 -8.046319691070891622e+00
-9.943749083422652457e-02 -2.398107540652379726e+02 -1.590411208223423145e+01
-1.376172373586562019e-02 7.597299618594325921e+01 -2.853508049338455876e+01
-1.790705930926217090e-02 -7.581352032569043331e+01 -2.839047067363922494e+01
1.218294725786628590e+02 2.419874108912142958e+02 7.841028918435525519e+00
4.540721592375022908e+01 1.957209650614096006e+02 2.107429130142700302e+01
4.534230965178668527e+01 2.661971615435487593e+02 7.703900921375888444e+00
-1.218569800084154906e+02 2.420827561571679496e+02 7.876875446589070684e+00
-4.526519082494544222e+01 1.954258190091839538e+02 2.124865253903798390e+01
-4.530127149393977248e+01 2.661735863988056394e+02 7.880746439552885896e+00
-5.468934988577445894e-02 2.399193748309606349e+02 1.581482171226872957e+01
1.217684765974931764e+02 -2.421021518487155788e+02 7.743852881182625936e+00
4.532428570683969582e+01 -1.955315908629931698e+02 2.121531826255634456e+01
4.533742783724636638e+01 -2.662402302284018560e+02 7.788393643998831273e+00
-1.217134536414481119e+02 -2.418756069782907048e+02 7.740793419635513928e+00
-4.535728987194833195e+01 -1.957476130477638776e+02 2.102898906808779600e+01
-4.543899286219206601e+01 -2.661577130737886137e+02 7.957175440830610569e+00
1.129019843891240632e-01 -2.398622800636298678e+02 1.576830453706451074e+01
1.035943211701763761e-01 7.581345413247504439e+01 2.842098901393260846e+01
3.193113677421140217e-02 -7.592078085328134307e+01 2.836673917390493926e+01
-1.946881010998177715e+02 -1.968364581468540564e+02 4.813295333212819216e+00
-2.416979721441395270e+02 -7.273788405597916551e+01 1.287732891393985035e+01
-1.642297192225032632e+02 -1.923872555663408832e+02 1.258322680511209590e+01
-1.947310376778185912e+02 1.969483032996143379e+02 4.842175070462583442e+00
-2.420694141766139182e+02 7.326673931686605101e+01 1.302171653830799158e+01
-1.641899958692204109e+02 1.925268817140654960e+02 1.266896612266358702e+01
-7.323335442748977187e+01 1.225828695220174609e+02 2.606031490228957281e+01
-1.980312037258875648e+02 4.542309245224056014e+01 2.068581606860233180e+01
-1.213173052523379880e+02 1.657247892602869968e+02 2.085024769777725595e+01
-7.487431676465179464e+01 4.266121596363267798e+01 2.813471425815836824e+01
-1.927968760685956795e+02 1.204041582792758902e+02 1.765161640022103384e+01
-7.326330515823471501e+01 -1.225964226798721626e+02 2.597526875687224290e+01
-1.975648956233656293e+02 -4.513556661605598919e+01 2.097137365880702831e+01
-1.212975457735549156e+02 -1.660429432365915829e+02 2.062048073935070391e+01
-7.465592594050035302e+01 -4.249003926512769169e+01 2.801589654932211459e+01
-1.925740596789825929e+02 -1.203746219019399888e+02 1.753804613343888619e+01
-1.452323573059743467e+02 -6.602554278763307638e-03 2.557849488455553555e+01
-1.948141645300375160e+02 -1.966713361009152550e+02 -4.865347219983361171e+00
-2.418557381939228605e+02 -7.310390650712946581e+01 -1.280032339082624482e+01
-1.641870920576516539e+02 -1.923883895022753450e+02 -1.270283304422884285e+01
-2.388926554999903829e+02 -1.473931323323691629e+02 -5.152679405639565974e-02
-1.946874152080480371e+02 1.967487965982388971e+02 -4.802053908858644249e+00
-2.416992127577867109e+02 7.303703711326168957e+01 -1.319865057143123721e+01
-1.643718187512900784e+02 1.923516924106342287e+02 -1.269023682038081269e+01
-2.388897073634702508e+02 1.472904683160533068e+02 6.042228919035291801e-02
-7.341074198237534176e+01 1.226514945665051499e+02 -2.590448136035298887e+01
-1.977557265604906434e+02 4.538005434700684759e+01 -2.095308784883467013e+01
-1.214466765673760449e+02 1.660333656658283417e+02 -2.064372679283411571e+01
-7.487924205413587231e+01 4.247285493892542263e+01 -2.801216865687628044e+01
-1.926437060878227499e+02 1.202708277338956151e+02 -1.739025879638785455e+01
-7.315540682696564545e+01 -1.226896917685082826e+02 -2.614179192911905147e+01
-1.979630460572950028e+02 -4.537800388766774518e+01 -2.076384479499786195e+01
-1.212643051827842413e+02 -1.657290507491042604e+02 -2.078304948096500482e+01
-7.480682955685195168e+01 -4.247624978134706453e+01 -2.820306774774757841e+01
-1.923974642737429974e+02 -1.203558320579221288e+02 -1.747073335777048086e+01
-1.452399811280044162e+02 9.262617477340363836e-02 -2.581390007154627142e+01
-2.697951781010330592e+02 1.118729957697345290e-01 8.167503151336800826e+00
-2.698229470325711077e+02 -1.119525279282505975e-01 -8.126483194228915963e+00
-2.667878606066201428e+02 -7.368179685029099346e+01 4.759047079650057910e+00
-2.670365257535952423e+02 7.373258920166530572e+01 4.724953347267691228e+00
-2.670365225949651631e+02 -7.354326754854449177e+01 -4.819878291870673515e+00
-2.672035299286056897e+02 7.386942112423703577e+01 -4.805817880640237405e+00
1.947425682719361646e+02 -1.967799871309992739e+02 4.705147987648275354e+00
2.419620526830795768e+02 -7.299082236119528488e+01 1.289487236545702764e+01
1.640166569940318766e+02 -1.922868739951232158e+02 1.276365925187350747e+01
1.947092603732495206e+02 1.969665564520827274e+02 4.710840591977071945e+00
2.420463781862203803e+02 7.294462560913579807e+01 1.288943560180755021e+01
1.643491919035889737e+02 1.923283716935734162e+02 1.268786715338553606e+01
7.322638345767614965e+01 1.225749674433079690e+02 2.597079898899855976e+01
1.979355994106972219e+02 4.546848211312460109e+01 2.091216606258004873e+01
1.214293190318892925e+02 1.658898524999747508e+02 2.064127255283983686e+01
7.490737004260573428e+01 4.255946134311763274e+01 2.799599171182418544e+01
1.927599307367773918e+02 1.203071362175221992e+02 1.763462102994695258e+01
7.327423001940233860e+01 -1.225373569118788879e+02 2.589552473583577807e+01
1.979026240885701213e+02 -4.530848790390578529e+01 2.100307670877295863e+01
1.212818948790743718e+02 -1.660009928019950110e+02 2.074157290874142134e+01
7.465763864652399207e+01 -4.258463103197417610e+01 2.823230994260535454e+01
1.927048924085398767e+02 -1.204280288481384105e+02 1.764507364126894373e+01
1.452951494369209229e+02 -5.078716057411059026e-02 2.573737246831110426e+01
1.948677477714142583e+02 -1.971986538041462893e+02 -4.922431162329949039e+00
2.418285345265778119e+02 -7.281848170149613964e+01 -1.305675784392731487e+01
1.641754330306168299e+02 -1.923008927444720655e+02 -1.276936100551027309e+01
2.388830801047262185e+02 -1.474347098991476912e+02 -6.321981950733140954e-02
1.946470615327204996e+02 1.967926829775836381e+02 -4.956139794317248715e+00
2.419674187214814083e+02 7.294985817259353666e+01 -1.290886059012774290e+01
1.638810867870843140e+02 1.921899704357000189e+02 -1.266512433371788404e+01
2.388706361790344772e+02 1.473199577189036233e+02 1.174860592723162012e-01
7.324493782653595986e+01 1.225679545755789093e+02 -2.594831999083513807e+01
1.979891832186135048e+02 4.521712301824969416e+01 -2.082576697697789569e+01
1.212467274243649200e+02 1.658542482804215297e+02 -2.058187314579321381e+01
7.490746379304674463e+01 4.247458966545401182e+01 -2.818286892337458838e+01
1.926041790793422877e+02 1.203105936009864223e+02 -1.772114133109329970e+01
7.344064742732398088e+01 -1.225324407271736504e+02 -2.608607959972206913e+01
1.977082207572667585e+02 -4.529585323737735081e+01 -2.092087202866433415e+01
1.212536110991623275e+02 -1.658875206161206961e+02 -2.054747962313869536e+01
7.490969231730112199e+01 -4.247070211217731384e+01 -2.790570731033976770e+01
1.927845825957269312e+02 -1.203905654156990153e+02 -1.770022673001389535e+01
1.453531558937773696e+02 -1.865749691560823209e-01 -2.570020920335005599e+01
2.698976487695007904e+02 -5.761270991318707263e-02 8.141614735802690461e+00
2.698392277399093473e+02 3.257345750891514624e-02 -8.288041104939786408e+00
2.670291012810677671e+02 -7.370241807732581663e+01 4.802189270163115253e+00
2.670551323417427056e+02 7.366965547965223493e+01 4.934449684049733165e+00
2.668177751677260403e+02 -7.368957541227942443e+01 -4.823679678750345978e+00
2.668211415070061321e+02 7.368126619336226213e+01 -4.836040924175002864e+00
1.131867724748497892e+02 -2.565967819303043029e+02 -2.156349999459125991e-02
3.867566934092166520e+01 -2.776119234707430792e+02 -8.450771992391113707e-02
-1.132337327653332295e+02 -2.564848434060283466e+02 8.386716897277342320e-02
-3.875969654128415698e+01 -2.775636446011877183e+02 -9.804930688129404048e-02
1.132227797312480817e+02 2.566788598851181860e+02 8.116104177319809210e-02
3.860948364564433888e+01 2.777881025993651178e+02 7.514827435479989881e-02
-1.132342567344543482e+02 2.565589517469438192e+02 -6.869741901551352191e-03
-3.883346107296964789e+01 2.776162645351209335e+02 -1.717997105360227761e-01
1.360057625162535260e+02 2.424976650871394952e+02 -3.830466475854375386e+00
1.050285958484945610e+02 2.369890064299505639e+02 -1.162456327447821458e+01
1.006119478353146519e+02 2.590270103709067939e+02 -3.801749751812432798e+00
2.300862922317010373e+01 1.739437815043948490e+02 -2.364783419743599424e+01
6.678039585017425850e+01 2.135039632127576112e+02 -1.821754810758619314e+01
2.277264031887361284e+01 2.767437809850176222e+02 -3.916457774149784132e+00
6.661226150353051878e+01 2.495979453025564965e+02 -1.154599094784449598e+01
6.184289867772453420e+01 2.708148357235736512e+02 -4.070323759713835976e+00
8.459012089934766720e+01 2.569616359573554405e+02 -7.912819551114287364e+00
-1.361923358421258285e+02 2.424232950592030988e+02 -3.977695387215577583e+00
-1.051499994755437797e+02 2.369162845926825867e+02 -1.142957446246001396e+01
-1.004678272381022026e+02 2.592334544210577292e+02 -3.957164791947239912e+00
-2.304833303083909968e+01 1.742409136659939577e+02 -2.370939168259966223e+01
-6.678237485655267847e+01 2.138317644580677666e+02 -1.816082346565638161e+01
1.372361827180825777e-01 1.986566446151591663e+02 -2.142872382145133514e+01
-2.311533054802142928e+01 2.765270664959076612e+02 -4.028548236501162449e+00
-6.664592409330036560e+01 2.495897247198696220e+02 -1.158257107762331017e+01
-6.187448990124391912e+01 2.708504947007410806e+02 -3.879093433135180735e+00
-5.902708106410468197e-02 2.695405754340303019e+02 -8.037607105510550909e+00
-8.429558853815586872e+01 2.569209458162887358e+02 -7.920357101280290912e+00
4.408745108313851091e+01 2.370222563502113360e+02 -1.549558091254646186e+01
-4.400570136545729838e+01 2.369789246800635283e+02 -1.535510547105009138e+01
2.282218627984174830e+01 2.194705908284764462e+02 -1.874495576658582507e+01
2.302706369306573464e+01 2.558948575182606646e+02 -1.174169607361690204e+01
-2.264516121853613129e+01 2.195504995856653920e+02 -1.851221827010930809e+01
-2.302846152150037895e+01 2.556665195890436166e+02 -1.190647382369951401e+01
1.361164617916248858e+02 -2.425540307464072498e+02 -3.856082649690723674e+00
1.052125943435962512e+02 -2.366764760087322941e+02 -1.141114557874583113e+01
1.005492782267073011e+02 -2.591194524048718790e+02 -3.945490349335380120e+00
2.309505611411137949e+01 -1.741352641836881219e+02 -2.361744286728164610e+01
6.683663549482407973e+01 -2.137445257625568900e+02 -1.823801721581324387e+01
2.307306573245598003e+01 -2.766665997550952625e+02 -3.988672251316616180e+00
6.669143925358108049e+01 -2.494871479535916592e+02 -1.175725077658734818e+01
6.182790892903161506e+01 -2.709838722535901638e+02 -4.007800192868289813e+00
8.458288575571519630e+01 -2.571243695319258791e+02 -7.865245057110046289e+00
-1.359923678481909519e+02 -2.425409328446133657e+02 -3.822371032631743937e+00
-1.050547653766827381e+02 -2.370100699426519952e+02 -1.169526783243702184e+01
-1.004814793795400476e+02 -2.593966127892446707e+02 -4.020679598829250523e+00
-2.301713883049155029e+01 -1.741622659975123213e+02 -2.341326582767624132e+01
-6.676790220206035542e+01 -2.133787726865922991e+02 -1.830459892538903688e+01
2.752062458148632484e-02 -1.986569145612687635e+02 -2.135304721126672689e+01
-2.310491811656979522e+01 -2.767870500021573434e+02 -4.009581455567322372e+00
-6.660977427496226255e+01 -2.496450245575066731e+02 -1.156208685934883107e+01
-6.167112511751649606e+01 -2.710146457476515707e+02 -4.009281952778371405e+00
-5.381521029056764160e-02 -2.697652475656982460e+02 -7.981067574918425223e+00
-8.469761211095000419e+01 -2.570676858746079461e+02 -7.903574419280208652e+00
4.390573440828877239e+01 -2.370868984069157364e+02 -1.553195630764175839e+01
-4.406837300450033013e+01 -2.369340273358346280e+02 -1.564066713203344072e+01
2.261496482908541594e+01 -2.196983884386103796e+02 -1.883266240905112454e+01
2.300153715471506644e+01 -2.559020044823370768e+02 -1.205213944826678940e+01
-2.279303193431840313e+01 -2.195425569447222927e+02 -1.859872017383561627e+01
-2.304321380192831370e+01 -2.559247655376859143e+02 -1.197104429109991131e+01
9.627386046504582406e-02 1.129579394742790726e+02 -2.742626773661358186e+01
8.136396526844090482e-02 3.836849906517828401e+01 -2.925962765757773809e+01
1.363403278759708903e-01 -1.128213726498618144e+02 -2.732845396279629924e+01
-5.044222059470167274e-02 -3.823464539723725153e+01 -2.896036760126537501e+01
1.358867597664997220e+02 2.426381766253219041e+02 3.887133675142903755e+00
1.051049024394667271e+02 2.369301305111465581e+02 1.154700597913460314e+01
1.004965734954975289e+02 2.592449033808812260e+02 3.741851274965894092e+00
2.300868362433627468e+01 1.741770616527648485e+02 2.362700913761473842e+01
6.671962210225788681e+01 2.134070630552659225e+02 1.820631737387355997e+01
2.297081230958117004e+01 2.767273833954985207e+02 4.086171214296308918e+00
6.647329428240750815e+01 2.494783408218921181e+02 1.159053229071078306e+01
6.180462571185950083e+01 2.709181548978619389e+02 3.939568561300787586e+00
8.456670039469071298e+01 2.571008448120423395e+02 8.025405678252774067e+00
-1.359580207895732826e+02 2.428257513196660113e+02 3.888892935944451068e+00
-1.052149404946852513e+02 2.370251934035502472e+02 1.153241891735804359e+01
-1.004579048181790171e+02 2.590435974135119181e+02 4.144248392553787852e+00
-2.306854793806819970e+01 1.740050581043109332e+02 2.349636014985925314e+01
-6.679822955124096495e+01 2.133436294347874593e+02 1.818524371688391383e+01
-3.851898406373466428e-03 1.987599874488456635e+02 2.137077124441473686e+01
-2.295679856851420553e+01 2.766367108810580362e+02 3.945202879990572509e+00
-6.654283161521779277e+01 2.496658781896846335e+02 1.164449407310387663e+01
-6.174435159033269827e+01 2.709810279424741566e+02 3.866753052069932917e+00
-2.436873773525220083e-02 2.696451066646640697e+02 8.117609209867277187e+00
-8.462001029823318277e+01 2.569910055041062833e+02 8.108595893082350514e+00
4.386509118675259344e+01 2.370530146528520845e+02 1.553443094110139100e+01
-4.395054054126179466e+01 2.369416190754081981e+02 1.536177149204101866e+01
2.287935648726839588e+01 2.193306110510411600e+02 1.835056754788108790e+01
2.291832156343206961e+01 2.556958035326926790e+02 1.213037482386352650e+01
-2.263918904119244147e+01 2.193752281798047363e+02 1.863377710627053929e+01
-2.301649983382171527e+01 2.559107131762877430e+02 1.183078670157401469e+01
1.359652885473002470e+02 -2.422859273561221300e+02 3.975555638105772172e+00
1.052196279276025450e+02 -2.368511163478992501e+02 1.140543143720923069e+01
1.006412003936538326e+02 -2.588374797825341602e+02 3.966666511479412183e+00
2.308114269743083469e+01 -1.739912530688937977e+02 2.366725308558659790e+01
6.670221503705748489e+01 -2.134447766455367912e+02 1.819473055997103828e+01
2.298501183129003067e+01 -2.765718071006908190e+02 3.867281443895965509e+00
6.639709091562842502e+01 -2.497006912499540192e+02 1.140639032264680175e+01
6.183516163941388299e+01 -2.706867920458068966e+02 3.886353285708956218e+00
8.465890997190408029e+01 -2.571214360893304729e+02 7.843584954437900159e+00
-1.359177422671707518e+02 -2.425935857844266081e+02 3.982933520274911654e+00
-1.052601116155495049e+02 -2.369691044000231841e+02 1.142779449731112607e+01
-1.004477108454691034e+02 -2.590317680757709127e+02 3.975768026360339658e+00
-2.309272173769512904e+01 -1.741549460789474040e+02 2.373773807083469478e+01
-6.690657997678154345e+01 -2.137124915306015964e+02 1.818973341174817548e+01
-3.479318230462557799e-03 -1.984730509880075715e+02 2.142800429115489180e+01
-2.309497652096674258e+01 -2.764250392420896105e+02 3.914770318310097696e+00
-6.659471187887277210e+01 -2.494857503094407321e+02 1.152659430761320003e+01
-6.182067829170064499e+01 -2.707498865554168788e+02 3.857380959677702226e+00
-1.452821378359384630e-01 -2.696654518051954597e+02 8.018781874509048890e+00
-8.453302756506028004e+01 -2.570729557492512640e+02 7.964496030801870852e+00
4.411640923390320523e+01 -2.372092993077963570e+02 1.558287922038665663e+01
-4.397858612584289517e+01 -2.371783647634874796e+02 1.558102362902445215e+01
2.273243340642888199e+01 -2.196246594308443889e+02 1.866399705865267933e+01
2.304330550995593541e+01 -2.559820050185135472e+02 1.200528183259347870e+01
-2.272669995952070110e+01 -2.194335430908023739e+02 1.848172018007005235e+01
-2.283623754268677430e+01 -2.557113735095097127e+02 1.194587876232829871e+01
-8.188876155128449463e-02 1.128901237179784403e+02 2.750129054624219194e+01
-4.036217054735570520e-02 3.831153048587339072e+01 2.920791679696928611e+01
-1.084065052298911931e-02 -1.129717255731011960e+02 2.743163526370246075e+01
-1.827033108146872975e-01 -3.843884264398855777e+01 2.928164074264310202e+01
-1.726997949563177315e+02 -2.195724898962095324e+02 2.518074625891629115e+00
-2.126140161963834316e+02 -1.702398219058031827e+02 7.077456221730714425e+00
-1.600873767898327173e+02 -2.221784272858898532e+02 6.149613255779083687e+00
-2.424541971739508597e+02 -3.679108098223566259e+01 1.445345142617622436e+01
-2.363076936352779285e+02 -1.075422577562234920e+02 1.122849704073296806e+01
-1.266454815986181330e+02 -2.119998842955857299e+02 1.410197402508710951e+01
-1.977185913658412346e+02 -1.682115171848745092e+02 1.118365489725868933e+01
-1.447287805032698031e+02 -2.198397193523096860e+02 1.048133091785378923e+01
-1.813922989236816647e+02 -1.971264217920389399e+02 8.759432252488318582e+00
-1.728730582389213453e+02 2.198122918614621142e+02 2.410017263524428355e+00
-2.129067656167638063e+02 1.703091154894722479e+02 7.279057936832766806e+00
-1.604376129943577496e+02 2.222217668978657059e+02 6.349406439099197108e+00
-2.427481220194636649e+02 3.684567572174511696e+01 1.445628965567126478e+01
-2.365408437919479923e+02 1.077607159252400635e+02 1.114829386251276233e+01
-1.268881293574849565e+02 2.118028804915796854e+02 1.392961669640856748e+01
-1.977866551387153891e+02 1.683280057100514284e+02 1.111093978402036164e+01
-1.448732359143927795e+02 2.200883081505092775e+02 1.027976461721075729e+01
-1.816583465771547026e+02 1.970999267294521360e+02 9.146077096409035434e+00
-3.695832867564649149e+01 1.371130651000027854e+02 2.602476301555393334e+01
-1.082475794628499131e+02 1.061671918285161098e+02 2.547442733443039842e+01
-6.081976111742471147e+01 1.617703607198369298e+02 2.374025655050370531e+01
-3.699993333868165024e+01 9.948650756335405276e+01 2.753910746243076346e+01
-2.206358392950405118e+02 2.286396162566497381e+01 1.848162275598553350e+01
-1.715728068092616070e+02 6.714174767998461846e+01 2.286238754487230196e+01
-2.227274371379481579e+02 6.015211898571824634e+01 1.701296658941210538e+01
-1.053909529178488356e+02 1.991318226408576777e+02 1.791854948298740879e+01
-1.343497919094873225e+02 1.288078421533269307e+02 2.281194596662933094e+01
-8.354676827918871140e+01 1.821335028941029464e+02 2.123493648292825853e+01
-1.438287853579159332e+02 1.810312507729022968e+02 1.697827960228543631e+01
-9.792446870091276878e+01 1.462673754251239018e+02 2.368351922653738484e+01
-3.858313652215785083e+01 2.002946407335656431e+01 2.932612408173508456e+01
-1.094183621978186380e+02 6.483188752679906486e+01 2.668938787898262532e+01
-3.707682587730858614e+01 6.168919225237205239e+01 2.861280839573439394e+01
-7.334436140096981660e+01 8.432483598868211061e+01 2.732993425580202640e+01
-2.121913529656983144e+02 1.317224227168582047e+02 1.351762285533155605e+01
-1.688404646254346915e+02 1.057230593744579608e+02 2.136097432600421087e+01
-2.197679275826893388e+02 9.735740190128186100e+01 1.560414904545126724e+01
-1.803812186482560378e+02 1.582343903247822254e+02 1.543571521636784816e+01
-1.978427011663540327e+02 8.332839669827416174e+01 1.930035556943307995e+01
-1.584338633392899283e+02 1.445414654758057225e+02 1.943070538597379837e+01
-3.713558637015333375e+01 -1.369606099426052310e+02 2.604473760736358656e+01
-1.082274124179615598e+02 -1.060767920445262007e+02 2.543858297052215178e+01
-6.079516014952744030e+01 -1.617629277158366961e+02 2.409204351736256555e+01
-3.702700598217376182e+01 -9.964446993138139419e+01 2.753222875567213990e+01
-2.204317314036615585e+02 -2.293131919012202502e+01 1.842237999440742513e+01
-1.714844765881725550e+02 -6.717548282592916564e+01 2.281513129547257890e+01
-2.225132644863895450e+02 -6.022155181039645555e+01 1.735228377727917959e+01
-2.000012624760290407e+02 -4.787704280458252026e-02 2.117953233663013535e+01
-1.055041888187526240e+02 -1.992800184714204192e+02 1.800618952954737395e+01
-1.342876542053910782e+02 -1.285161046332835610e+02 2.287888358783422760e+01
-8.339216119067984323e+01 -1.821624519459349756e+02 2.119622560144000190e+01
-1.437083877559271059e+02 -1.811820164967503217e+02 1.707116965104890127e+01
-9.807525913422252017e+01 -1.461829805120003130e+02 2.366130234258673681e+01
-3.853596170192705017e+01 -2.012544985708106182e+01 2.912454266409163495e+01
-1.095723866746438233e+02 -6.486312512744856917e+01 2.640641214893587474e+01
-3.721594594396225375e+01 -6.160642680854390107e+01 2.856415744948222368e+01
-7.483851481206752965e+01 -1.871561611315319213e-03 2.845275910468365765e+01
-7.343799869777015488e+01 -8.440539818146680773e+01 2.740422410320443092e+01
-2.120019441796617059e+02 -1.316921987881995904e+02 1.367599682571245268e+01
-1.687152439804441428e+02 -1.057980824698422850e+02 2.115304496481067176e+01
-2.194996543141606367e+02 -9.721027340893044766e+01 1.554708342655590592e+01
-1.804257323137891262e+02 -1.582320976804443831e+02 1.535099779927790387e+01
-1.975586754667075127e+02 -8.333128055486513119e+01 1.965188839692247313e+01
-1.582153701853480356e+02 -1.446428780824562352e+02 1.951014596301414628e+01
-1.440392324276932072e+02 4.379543346622157429e+01 2.536775771112698052e+01
-1.441905788579259422e+02 -4.390709254276249141e+01 2.541195651317893933e+01
-1.758898958984898400e+02 2.277059357894235703e+01 2.352049894511383954e+01
-1.106299538486231313e+02 2.185953594225813390e+01 2.735265894941654707e+01
-1.757452431934683261e+02 -2.272282674232847199e+01 2.349279456230253871e+01
-1.107199607630521569e+02 -2.191187155358382199e+01 2.740276306310146737e+01
-1.730148097880171747e+02 -2.197384163159098875e+02 -2.389168735520087239e+00
-2.126455197484165183e+02 -1.701406911654021030e+02 -7.146719858488018495e+00
-1.602565732298331795e+02 -2.220456562010184030e+02 -6.398104023000335872e+00
-1.974829303671294838e+02 -1.995300273792439043e+02 6.400185908999325712e-02
-2.427402595793903401e+02 -3.681675078668161660e+01 -1.455725739143306008e+01
-2.366132217464465555e+02 -1.077638694958147738e+02 -1.132095157292269505e+01
-1.267697633526708358e+02 -2.120124118081434688e+02 -1.408303364886582365e+01
-1.976145037254415229e+02 -1.684067969811099204e+02 -1.121707099014665232e+01
-1.446857469188648793e+02 -2.197869425154530632e+02 -1.032699347564478032e+01
-1.816216163264739691e+02 -1.971515450594211813e+02 -8.834573154610859902e+00
-2.356970088866004289e+02 -1.454465383415002862e+02 4.724850984827945410e+00
-2.357960798063131733e+02 -1.455110393717261843e+02 -4.750832706865626420e+00
-2.191648925950689204e+02 -1.738498467827909337e+02 2.595030502489823920e+00
-2.191612203249336233e+02 -1.738502799329361892e+02 -2.433230206949498875e+00
-1.728478341528828821e+02 2.198414237135552298e+02 -2.450254190496567119e+00
-2.128527810630322961e+02 1.703481125843973700e+02 -7.269532295099129904e+00
-1.602637051346996486e+02 2.221800485762986739e+02 -6.512744069608006114e+00
-1.974323490618255903e+02 1.994404399029642434e+02 3.092012568097394012e-02
-2.425479810543163524e+02 3.695584879537024392e+01 -1.455474267754400408e+01
-2.364690276782949070e+02 1.075850886988710613e+02 -1.150701888834685249e+01
-1.269916163435057967e+02 2.120137057230463711e+02 -1.400741815248740529e+01
-1.978035189323054794e+02 1.681413364225234659e+02 -1.090992655369919540e+01
-1.447915065034204929e+02 2.198582010022908548e+02 -1.038488972525900245e+01
-1.816276896066978566e+02 1.968457927252514423e+02 -8.763524181424848791e+00
-2.359372829696987708e+02 1.457041564244777021e+02 4.693070130442145604e+00
-2.359146192440590823e+02 1.457031684883938851e+02 -4.672289406877566442e+00
-2.191346369110270302e+02 1.739504661559368515e+02 2.398669704625162602e+00
-2.189772616355668617e+02 1.741097175085627100e+02 -2.537112878096568380e+00
-3.695801659885314194e+01 1.371594979096103089e+02 -2.590463908173186169e+01
-1.084425673549661155e+02 1.061419837134373978e+02 -2.532681178413070811e+01
-6.078267054510135381e+01 1.616657172784920817e+02 -2.385976787911828012e+01
-3.689990599252320180e+01 9.963252260399895022e+01 -2.744037169070637106e+01
-2.203189980186445212e+02 2.293250931935122594e+01 -1.844430844885415155e+01
-1.716152693237597475e+02 6.701852786758770719e+01 -2.286854880046151450e+01
-2.223697066908634952e+02 6.039209793399994197e+01 -1.734455994401824341e+01
-1.055562063524640877e+02 1.993840177726495710e+02 -1.802923265204026038e+01
-1.341954680797761057e+02 1.286277001041300139e+02 -2.290034789684780137e+01
-8.351076283392410460e+01 1.821696476457533436e+02 -2.106014644336561403e+01
-1.439455562371860822e+02 1.810476367679498253e+02 -1.680439923252398415e+01
-9.773357905286218283e+01 1.461327625179362713e+02 -2.360628689153767823e+01
-3.857938687676463729e+01 1.986417451583840332e+01 -2.931964994974275740e+01
-1.097158494511398743e+02 6.489687840811784270e+01 -2.673527936711308683e+01
-3.692508773622047613e+01 6.154194542883089269e+01 -2.855444284379562703e+01
-7.336918721851309044e+01 8.437153038600612831e+01 -2.743284785797322556e+01
-2.121979884782236070e+02 1.318537190959191321e+02 -1.356276171255708363e+01
-1.687898000310862869e+02 1.059453513484306484e+02 -2.125946001974448407e+01
-2.197603003449010544e+02 9.709874247686130389e+01 -1.547928836068403058e+01
-1.805780312909269014e+02 1.582649770050220752e+02 -1.533635191065151737e+01
-1.976466110830200478e+02 8.337544437439076717e+01 -1.922495508506331774e+01
-1.585389887048540345e+02 1.443963064226930442e+02 -1.924646450439630385e+01
-3.684300816589149008e+01 -1.369476023470388384e+02 -2.606691800927824332e+01
-1.081803264592069809e+02 -1.060818718641484537e+02 -2.556634042051583933e+01
-6.065970398685931997e+01 -1.615697413123099864e+02 -2.394113703170059182e+01
-3.696577070458140213e+01 -9.949211540476289883e+01 -2.774478368296540509e+01
-2.205285858230977567e+02 -2.261672542089686999e+01 -1.844243021765796442e+01
-1.715311748826141240e+02 -6.712381048895723268e+01 -2.280454580495959505e+01
-2.226393148502843644e+02 -6.007834323896332762e+01 -1.708942256768592216e+01
-1.999267084909020014e+02 8.576207398116254821e-02 -2.120008515348104794e+01
-1.054141252890524072e+02 -1.990281484498962925e+02 -1.812664583768857796e+01
-1.343475704590099156e+02 -1.286516338941818276e+02 -2.279629069997092117e+01
-8.340262373616121749e+01 -1.818805414164369267e+02 -2.106387133871031381e+01
-1.437361149152604582e+02 -1.811451668735628004e+02 -1.707570649061785772e+01
-9.787635602927466039e+01 -1.460828870681110061e+02 -2.367590514543040214e+01
-3.874640846108570003e+01 -2.015767028372804859e+01 -2.911518606817296728e+01
-1.095644260866438771e+02 -6.475857371898921144e+01 -2.685084668751555981e+01
-3.704901774683702342e+01 -6.192180702160965922e+01 -2.852601464301502432e+01
-7.473556995055773200e+01 -9.077352932220689868e-03 -2.869672440465008023e+01
-7.321970989165276933e+01 -8.417699324845578701e+01 -2.742823996553833510e+01
-2.121906675565712135e+02 -1.319187496843803160e+02 -1.366942741931098659e+01
-1.686134448192179320e+02 -1.057610617617080067e+02 -2.136096659823522970e+01
-2.196892346887217968e+02 -9.706338737057285471e+01 -1.539475247428389260e+01
-1.805563630813329326e+02 -1.581166723640633336e+02 -1.528371836515247573e+01
-1.979961923540855935e+02 -8.325622812627572955e+01 -1.941326755094865675e+01
-1.585166754048400719e+02 -1.445732246577195781e+02 -1.937210087884541210e+01
-1.440716391972084978e+02 4.400221546726081101e+01 -2.541008936519532924e+01
-1.438916830329300751e+02 -4.382921839236733064e+01 -2.512573303925134383e+01
-1.754892440826148743e+02 2.251176909560763306e+01 -2.346999865377194538e+01
-1.106485138431303028e+02 2.178131123763022359e+01 -2.741826347457807955e+01
-1.754483020383043765e+02 -2.266196879658501118e+01 -2.359287179189542272e+01
-1.106651066234795877e+02 -2.191074716185440963e+01 -2.749824501206469307e+01
-2.565947620107524472e+02 3.479285383818520039e-02 1.217063417512267876e+01
-2.780981949402186046e+02 9.702854497021556890e-02 4.080850374540641035e+00
-2.590467755983040661e+02 -3.692125574412258970e+01 1.079749567120817844e+01
-2.592952960471437223e+02 3.699602718951744151e+01 1.074635266075708628e+01
-2.565389273548527171e+02 -2.695374297240616529e-02 -1.197531440858540286e+01
-2.779506781574389152e+02 -1.129134161617950938e-01 -4.239036291043756677e+00
-2.592284648285442472e+02 -3.687470450790773668e+01 -1.081877770399291805e+01
-2.593758335025678434e+02 3.691254372553746776e+01 -1.061623867248736452e+01
-2.500550314252024862e+02 -1.084405183407830719e+02 7.174676937386422537e+00
-2.773515442705431155e+02 -3.729597299088096918e+01 2.466594147608138332e+00
-2.566079789111958007e+02 -7.402606540683817116e+01 8.991733475188604885e+00
-2.562857536767027682e+02 -1.118827245885387498e+02 2.512236881632479157e+00
-2.711250101280373883e+02 -3.718898241503872981e+01 6.530992485583994700e+00
-2.499373807568680945e+02 1.085557928374369823e+02 7.214176867970092388e+00
-2.774482632667232451e+02 3.743634531103914753e+01 2.333282779149605801e+00
-2.568151023946255691e+02 7.410112615568658612e+01 8.873436271536979447e+00
-2.562328467458885370e+02 1.120442945283484164e+02 2.536797093502908940e+00
-2.711193804487381840e+02 3.745636955519430700e+01 6.758988978443546181e+00
-2.500806901220575469e+02 -1.083456247836228101e+02 -7.191741184076163584e+00
-2.772728041550462876e+02 -3.718786492012078781e+01 -2.563376860328749007e+00
-2.568706204185759816e+02 -7.413250484022927367e+01 -8.855318793515630560e+00
-2.561205558794048329e+02 -1.119389001434041262e+02 -2.511943185379683641e+00
-2.710501503941440546e+02 -3.709767565474763273e+01 -6.712024299949700179e+00
-2.706553584076572179e+02 -7.467627199795730064e+01 5.276928028738776810e-02
-2.500201592781106115e+02 1.084077478380965545e+02 -7.031854960045142988e+00
-2.773706703343933100e+02 3.731771722099368560e+01 -2.343177386904156556e+00
-2.569602300968048780e+02 7.396367553778158310e+01 -9.029267573289578408e+00
-2.563461191406607895e+02 1.122033724149912359e+02 -2.468734833038651377e+00
-2.710824346718212610e+02 3.708741012869067077e+01 -6.624786592871529933e+00
-2.706484719232516909e+02 7.465734023402232822e+01 -3.310516657469544932e-02
1.728739621748307229e+02 -2.198616967943090685e+02 2.253436218161637417e+00
2.128655247390013869e+02 -1.702147609886293083e+02 7.034567955550550700e+00
1.602398080673176537e+02 -2.221401145700578468e+02 6.377863531726742252e+00
2.428963687634636415e+02 -3.699123736448190414e+01 1.459759979936584884e+01
2.366793539355757616e+02 -1.077954514116563303e+02 1.109585512978545196e+01
1.267523101597269601e+02 -2.118612208508790218e+02 1.412369460583365210e+01
1.975928521641547491e+02 -1.681913976379906046e+02 1.117393440139700900e+01
1.448119523420586177e+02 -2.197829524580996292e+02 1.026651787753182710e+01
1.814769940098748577e+02 -1.968147303553716370e+02 8.828396063191529919e+00
1.727534260643275275e+02 2.198835267881560753e+02 2.488892049314660238e+00
2.128699581924377640e+02 1.704684529619688362e+02 7.326346741879492974e+00
1.605527818279234396e+02 2.222018724655259234e+02 6.351979579772342177e+00
2.428702902092592240e+02 3.681007393903698954e+01 1.450647451845316205e+01
2.366381457682638256e+02 1.077278534357267716e+02 1.119837370854238934e+01
1.271317659074079245e+02 2.119193012448552054e+02 1.405807476266637224e+01
1.977852870593954719e+02 1.681855260499128235e+02 1.101123333365826795e+01
1.448483900804192785e+02 2.200226561009146167e+02 1.051864992970549828e+01
1.816585409149759869e+02 1.973048724828586842e+02 8.892825075162980042e+00
3.697508604435075341e+01 1.370110473112469549e+02 2.615608590804796663e+01
1.085127454888834677e+02 1.059913094086323753e+02 2.550849086973339297e+01
6.075240355872026043e+01 1.615472182559878149e+02 2.389847145652476357e+01
3.706746287744705626e+01 9.945817107869967799e+01 2.766222342882659291e+01
2.205590894632676111e+02 2.293130483645677842e+01 1.850402089370052039e+01
1.713071068676078426e+02 6.702709271691755077e+01 2.299031266378728944e+01
2.226025469074864134e+02 6.027923138923593172e+01 1.711636630796477476e+01
1.054372908055091926e+02 1.993340864287995942e+02 1.799037541046450883e+01
1.344752021013441095e+02 1.286245438070707223e+02 2.286079880446466817e+01
8.367064878170587860e+01 1.821673812369971870e+02 2.108270023601658494e+01
1.439779491948674774e+02 1.810777586816794837e+02 1.689786203198736203e+01
9.782008946571922081e+01 1.459011912205695012e+02 2.353320085275422713e+01
3.842125809316907237e+01 2.015890015635711663e+01 2.908234727531868202e+01
1.096429371322582682e+02 6.487326050721972592e+01 2.670420694490185909e+01
3.719025258728985506e+01 6.161530547939364055e+01 2.850564951585731421e+01
7.329498542380292747e+01 8.425629819794575326e+01 2.727466486836782522e+01
2.121662241855578941e+02 1.317799196954904914e+02 1.360090558245053138e+01
1.687570048863157126e+02 1.058967521141178025e+02 2.131942507947325183e+01
2.198568099278655552e+02 9.733797390662871862e+01 1.551266788588372414e+01
1.804979837113255314e+02 1.581047038181424682e+02 1.539187255544067412e+01
1.976469143572425367e+02 8.349727416549133352e+01 1.950345043867162076e+01
1.585145839095367535e+02 1.444948442821274455e+02 1.932445282527668695e+01
3.686188510987562950e+01 -1.370974849791308259e+02 2.600324071910396739e+01
1.084511887378098436e+02 -1.062564571497264154e+02 2.545040869748938306e+01
6.086688126711997171e+01 -1.616441627233961640e+02 2.387420941534004015e+01
3.704666691421337532e+01 -9.958644456015177582e+01 2.764143188403606999e+01
2.205295703343194589e+02 -2.288345574381224168e+01 1.859849269420874407e+01
1.716379614305856478e+02 -6.712156899415688827e+01 2.287751486939946943e+01
2.226650265797418342e+02 -6.002854346474126146e+01 1.715694008625045086e+01
2.000225681812321170e+02 -3.991098085022408426e-02 2.121746078190027518e+01
1.053630078198083737e+02 -1.990523418466737269e+02 1.808357797794908706e+01
1.343617414397770347e+02 -1.285496626859748517e+02 2.281714141077679514e+01
8.343150466308401292e+01 -1.819646191589023658e+02 2.116473002142835469e+01
1.438781660209127722e+02 -1.808644022247699183e+02 1.694723244616725211e+01
9.783073679266985323e+01 -1.461081329994125610e+02 2.369054536589429816e+01
3.851101468694262309e+01 -2.014786381089851375e+01 2.903181436128885906e+01
1.092756471090128514e+02 -6.489841238851933269e+01 2.690209024589942644e+01
3.700153006756585228e+01 -6.158363670310946958e+01 2.847318218635749076e+01
7.462037754025777758e+01 -4.130973867738505639e-02 2.833015730664533294e+01
7.332609769349015494e+01 -8.432365031738090977e+01 2.752457428203847556e+01
2.121557708730728393e+02 -1.317508704563937840e+02 1.355399150645278361e+01
1.686910788598846125e+02 -1.058566443609211944e+02 2.119362231667473750e+01
2.199137842548431081e+02 -9.723297901195135751e+01 1.537604294344898292e+01
1.805850826367896502e+02 -1.577646132364655216e+02 1.536712867157663709e+01
1.978458185734298809e+02 -8.347650947253016795e+01 1.929135791982384518e+01
1.585853073114375604e+02 -1.444670422802474548e+02 1.946962694108441028e+01
1.440170619333087529e+02 4.400631374037152455e+01 2.548345225264911917e+01
1.442165475041716718e+02 -4.391519451103965110e+01 2.528978544408272455e+01
1.756975445189656568e+02 2.280051247727667985e+01 2.350935938887564092e+01
1.106028281762250458e+02 2.187773120723068843e+01 2.730560735575327413e+01
1.756267001633664790e+02 -2.283758608903699994e+01 2.359613140924218655e+01
1.105502496771672583e+02 -2.187216646929643460e+01 2.720529894823885542e+01
1.728198189507197071e+02 -2.198929022003214016e+02 -2.474550779968879954e+00
2.128471769291436431e+02 -1.701372309344242240e+02 -7.023837335161782214e+00
1.602376586040610107e+02 -2.221842099765031833e+02 -6.390404644176294724e+00
1.974877933491566182e+02 -1.996603088950668337e+02 -1.044133500833050826e-04
2.426209792507740701e+02 -3.685080639065742503e+01 -1.451191581571718281e+01
2.365894410291480767e+02 -1.076201973641441043e+02 -1.119702860372546027e+01
1.270380088133692311e+02 -2.120228552954772567e+02 -1.401515771491689399e+01
1.976786483436668220e+02 -1.683454266212400512e+02 -1.115510836529153060e+01
1.447079763130933543e+02 -2.199542626583532581e+02 -1.046732779642111666e+01
1.815367908861506123e+02 -1.972007881295666607e+02 -8.936377334142736828e+00
2.357227543723870724e+02 -1.457291334926715649e+02 4.666679877064374260e+00
2.358029653160396037e+02 -1.455841125081508949e+02 -4.568013804847149473e+00
2.189764247544545981e+02 -1.737171032394518591e+02 2.248744504817755896e+00
2.191689656759600098e+02 -1.739818197966582147e+02 -2.213030509177860150e+00
1.727815577373478675e+02 2.197921677886599241e+02 -2.472634475995816761e+00
2.128383738635620830e+02 1.700252282606215601e+02 -7.066192205210572119e+00
1.599851452687119604e+02 2.219324205640930927e+02 -6.408414397228103354e+00
1.974776364938535949e+02 1.993704288744322639e+02 -1.878100981864304006e-02
2.427509317827087045e+02 3.675832301426031989e+01 -1.451634816893398749e+01
2.366992567387350164e+02 1.076296002191177053e+02 -1.114617482391859582e+01
1.266335199222924786e+02 2.118726559969807965e+02 -1.430575885500020128e+01
1.976374340455213883e+02 1.680834681433811681e+02 -1.097831184351544032e+01
1.446328988060682263e+02 2.197642273729915132e+02 -1.041956880580538325e+01
1.813890040799030885e+02 1.969618771663817256e+02 -8.940525241586080085e+00
2.356158189973805577e+02 1.454562871824581123e+02 4.737407712560806949e+00
2.358199717474287525e+02 1.454157823968339756e+02 -4.871550311843989789e+00
2.191219249898557848e+02 1.738393480227027794e+02 2.308152406155496994e+00
2.189981421501927628e+02 1.738958013244585459e+02 -2.454629746608120389e+00
3.707286087894933502e+01 1.370800219854519924e+02 -2.617501636090125317e+01
1.084149820115187879e+02 1.060053690749931263e+02 -2.538732447203686249e+01
6.084577801926715068e+01 1.617478914199833469e+02 -2.391435701732467578e+01
3.718406547400281426e+01 9.958393804738616950e+01 -2.761094717754637884e+01
2.205923877260818813e+02 2.274314389688713689e+01 -1.847403524612305503e+01
1.718163712955814617e+02 6.721521746646750728e+01 -2.285842399657702728e+01
2.227355267239822183e+02 6.000356290809367010e+01 -1.714712418167810881e+01
1.053188838691948064e+02 1.989823262690671584e+02 -1.796506054069227432e+01
1.341610621281913041e+02 1.285403956784325601e+02 -2.296546421060290655e+01
8.337548595563713150e+01 1.820832055810702457e+02 -2.112667672091357574e+01
1.439174013604704783e+02 1.810067467840616473e+02 -1.683758896433079855e+01
9.790862633457643938e+01 1.462975964810235894e+02 -2.354925279101810176e+01
3.858356662274371729e+01 2.017332411273112669e+01 -2.914553231133956857e+01
1.095181384331489483e+02 6.479267108852189949e+01 -2.673190637159943250e+01
3.721873108405941366e+01 6.161271599952446110e+01 -2.853162920333961239e+01
7.348932697572392669e+01 8.422151623890405858e+01 -2.743254507478863502e+01
2.118513098716596232e+02 1.317633038852354446e+02 -1.361079954809508408e+01
1.688392031041421149e+02 1.059531711729879788e+02 -2.130620500930480077e+01
2.199466927384480357e+02 9.708841287888448335e+01 -1.556713740401641566e+01
1.803921950399829086e+02 1.579173167115475849e+02 -1.540260766792182601e+01
1.978205206570240478e+02 8.363999198036370331e+01 -1.964522324749995974e+01
1.583913060739781145e+02 1.445353123288443555e+02 -1.927939617403698946e+01
3.690949208175350549e+01 -1.369192870634334440e+02 -2.621729423473991716e+01
1.081738061406200018e+02 -1.059676260245750683e+02 -2.577946908433938233e+01
6.082502407313829451e+01 -1.617463362086995176e+02 -2.398723028601206408e+01
3.718388792631198214e+01 -9.962204899614209808e+01 -2.764314751939270920e+01
2.203396775595509496e+02 -2.267106187315147281e+01 -1.836789527950819334e+01
1.716335781927251674e+02 -6.727672748433083427e+01 -2.291259233418179875e+01
2.225821292118984331e+02 -6.023275027047492358e+01 -1.719825524301631958e+01
1.999055855993096031e+02 -1.485492961507678122e-01 -2.105738395931892271e+01
1.053642941651025211e+02 -1.995171812938488074e+02 -1.802107642984528724e+01
1.342868026602486395e+02 -1.285080814290871274e+02 -2.276808648640430732e+01
8.341564139391809363e+01 -1.820827439751947168e+02 -2.112924202673406526e+01
1.438378133432583184e+02 -1.813111117617519881e+02 -1.677910450820145982e+01
9.779619158380707233e+01 -1.462009400762685232e+02 -2.372158208539638835e+01
3.857081558966041968e+01 -2.010649399088129030e+01 -2.919159663142337990e+01
1.095267800973111036e+02 -6.472506891881084812e+01 -2.682864784710362116e+01
3.721018916934047382e+01 -6.183356156566828332e+01 -2.852855405129092858e+01
7.463171545179065447e+01 -1.188972903614633619e-01 -2.822766310385350153e+01
7.339652882964836067e+01 -8.428620680583536284e+01 -2.728346602143984612e+01
2.119766206732228966e+02 -1.318152891785897793e+02 -1.374234329578038682e+01
1.688461097340186257e+02 -1.057153148101685787e+02 -2.130473720712589270e+01
2.195337739113948317e+02 -9.729693020289860783e+01 -1.543114318977401567e+01
1.806840434219460576e+02 -1.579244815810843363e+02 -1.554016891060121530e+01
1.975472026002147743e+02 -8.333237716445336218e+01 -1.944230594141959756e+01
1.585184138223602588e+02 -1.446487642719780240e+02 -1.951896874391723458e+01
1.440297852077135587e+02 4.406610151323228308e+01 -2.546134614059818091e+01
1.439062277091331339e+02 -4.381825887793169017e+01 -2.530176924827975427e+01
1.757211415106110053e+02 2.267957907105864734e+01 -2.352095027204114785e+01
1.106043850017545793e+02 2.206217791071875922e+01 -2.732439325799142438e+01
1.755546804395609115e+02 -2.273892613613475788e+01 -2.365851024374745748e+01
1.107630416067072474e+02 -2.195466047465684412e+01 -2.708618138531604203e+01
2.567994875824335281e+02 -1.407557727569705430e-02 1.208976057867422504e+01
2.781782608112287107e+02 -1.460658558876048729e-01 4.319567201460102090e+00
2.591051376183832531e+02 -3.677419706716025871e+01 1.066773981373180114e+01
2.594818348289380765e+02 3.697259655668809586e+01 1.071389188177734120e+01
2.567339758746248890e+02 1.983494844161902415e-02 -1.209094233935543272e+01
2.781123042105243144e+02 -1.070767182321323285e-01 -4.022910695942544912e+00
2.593214440266704628e+02 -3.711944201570076274e+01 -1.065781722254344821e+01
2.594031419850639395e+02 3.692287925410489891e+01 -1.065821086057258071e+01
2.503297237526007564e+02 -1.083788520545548977e+02 7.075590235711841203e+00
2.774553609832197481e+02 -3.752873337411165267e+01 2.458532619406376352e+00
2.570235127791972332e+02 -7.414833499635088288e+01 8.925471127435660179e+00
2.561234455685938087e+02 -1.119798160952173305e+02 2.440971580573527699e+00
2.710826390839167175e+02 -3.724025529478679886e+01 6.490050000246418094e+00
2.501451699752493596e+02 1.085034300863514147e+02 7.188763010031965273e+00
2.773031563220005751e+02 3.724703304157613815e+01 2.460491774776490281e+00
2.568704850898216137e+02 7.390625722077423632e+01 8.797867826432160143e+00
2.561517654092307339e+02 1.120696741882352683e+02 2.434393492809054482e+00
2.711456431689935016e+02 3.719546243748752801e+01 6.750724238609985939e+00
2.501646855971941648e+02 -1.084381948523934938e+02 -7.194215852925079702e+00
2.773417078595634848e+02 -3.734527633214901954e+01 -2.492066950768432765e+00
2.568325818894293207e+02 -7.405111187493153579e+01 -8.995835931961170928e+00
2.563201062610038434e+02 -1.120786885252411764e+02 -2.399168514022842924e+00
2.713056645264003350e+02 -3.758149840076701764e+01 -6.433802057059040180e+00
2.705432735464830785e+02 -7.473151944109037004e+01 1.770597318851762914e-01
2.502237541701603902e+02 1.084481588011815916e+02 -7.194714745025701852e+00
2.772847203291668734e+02 3.712941529850385081e+01 -2.507407677898936260e+00
2.569932548312485210e+02 7.412728488668911098e+01 -8.972158186215605014e+00
2.561850734676043544e+02 1.118880684370110004e+02 -2.399572081673181589e+00
2.711851240323879892e+02 3.711369503541490644e+01 -6.600493927786120096e+00
2.705057390159227566e+02 7.461355305636308799e+01 7.566845195070492913e-02
