-7.502427975746086553e-01 -9.815561817009964551e-01 8.575147296181462320e-01
-2.189739541622658381e-01 -5.212021806483470993e-02 -1.008700719556317571e+00
9.970734654766966187e-01 1.557295417991703568e+00 1.175825998004233347e-01
1.509637309654611459e-01 -1.262641035070487527e+00 2.191033579645525808e+00
-3.654636600176107697e-01 2.026135342968742314e+00 2.130938544275627344e-01
1.435760787152221107e+00 1.463543642856149685e+00 -5.161973770654406657e-01
-1.042513912628521000e+00 8.736490931095985957e-01 9.879091734053533358e-01
1.008826263889472497e+00 5.402525801986580722e-01 1.818353359313667816e+00
3.500704413437225743e-02 8.729553897173908394e-01 1.954099826639774440e+00
4.374753830704832258e-01 1.135756592622191169e-01 -3.449207880371553681e-01
-2.534927021607230047e-01 1.562144048705342625e+00 6.762525574260200845e-01
3.116625641469790708e-01 3.619645661707380224e-01 3.564381824335464272e-02
-8.613509774928089502e-02 -6.289644263637308441e-01 -9.237299688561184663e-04
1.103731998809223347e+00 1.930560151125637169e+00 3.392118466070318528e-01
-2.518646876727466122e-01 -1.144197266450023509e+00 2.197919701507613954e+00
-8.280720706349609106e-01 6.204650207010464769e-01 -5.876161404457406340e-02
-7.327096399725822051e-01 -5.118369070180106735e-03 -1.030822114718497495e+00
1.408982375071208583e-02 1.591778479780295186e+00 -5.762786183178080224e-01
2.276272497484961299e+00 -3.603392990280059327e-01 6.569966674500027359e-01
-2.537113154268576531e-01 -1.416873473061098024e-02 4.113205721679782378e-01
3.749826634431137340e-02 -9.581068801178649341e-01 1.104438917690953259e+00
8.253474376585884231e-01 -9.141384243772527132e-03 -3.176317956467770709e-01
1.871248824298026525e+00 6.041304153704664115e-01 -2.087553815122138445e+00
-2.404260775555949969e+00 -7.957929274042218476e-03 8.789911791741473746e-01
-1.227838995401250077e+00 -7.520286586763648140e-01 -2.368749368870319394e+00
-1.336885448539571142e+00 1.648244239674812317e-01 -1.017499396202388606e+00
-2.508747497517720415e+00 1.049677678659192009e-01 1.538077105294922031e+00
1.670366521644578439e+00 -7.371229441447306741e-01 8.012204008004891742e-01
1.854167512582747535e-01 -1.106215956015976776e+00 -4.349813417499153734e-01
-1.158731815357706557e-01 6.103172621478406557e-01 -9.422617918858752772e-02
-8.740499142459384752e-01 4.009932090461513776e-01 4.086336023150006769e-01
-2.525444746502724769e+00 -3.721463822218628592e-01 4.331345120904099288e-01
-5.821220500609717297e-01 1.279678519152256833e+00 5.586489339979507918e-01
3.439410908156844693e-01 -8.167385974570742779e-02 8.867061956376464105e-01
8.750774808102683711e-01 -6.617133004241793071e-01 -8.402356247592267513e-01
-7.269872873543130609e-01 -1.339200130206492090e-01 1.708538187087547788e+00
2.650802102586202191e-01 -1.282639648103419017e+00 -8.838936180029566270e-01
-7.696967980438375323e-02 -1.016432817530084076e+00 3.690865844628433701e-01
1.036565108080676811e+00 2.551177081576187167e+00 2.641655450052261545e-01
-4.570781731771766387e-01 4.795460381935603977e-01 4.198809586841165120e-02
-1.210970364880872729e+00 -5.736043360826071913e-01 1.616160424000906981e-01
1.854870888676694307e-01 -8.910110298527649242e-01 -1.342967363297671302e+00
-2.315081321078405474e-01 -2.560062688945973441e+00 -2.845140283798219816e-01
-6.355922512772698152e-01 -1.547942018748634796e+00 8.472425485775824106e-01
2.138344627425240230e+00 1.013603862377032039e+00 2.257742129969864120e+00
-1.198319312900486766e+00 -2.056674925746070429e-02 9.521418346566418167e-01
8.065805344719044478e-02 1.692006818878583729e+00 -1.572046091297818915e+00
3.753726418374904727e-01 -1.884662273962973977e-01 2.627329300865965944e-01
-7.993106745401510338e-01 1.593862623260317024e-01 3.180527243652829794e-01
1.177758052965472091e+00 -1.707729156635977352e+00 1.155292223947278707e+00
9.035578907098067436e-01 -1.505114997677656996e+00 1.706623393939848299e+00
5.203511500993226457e-01 1.305641590480277614e+00 -8.869976476802404752e-01
9.491135041243756176e-02 -5.322204602374948079e-01 -1.174998565077420010e-01
1.159702365716069883e+00 6.295755429336676867e-01 3.821644511005102829e-01
-2.335973425005927195e-01 -9.436483533505537480e-01 1.179951224406965871e+00
-2.494703720144617609e-01 5.260337198696783678e-02 -3.095809825603348386e-01
-3.993854307986983154e-01 1.103491638166495363e-02 -2.024634852487590120e+00
-5.263773691908364000e-02 -5.879859375995945270e-02 -2.006963523614179179e-01
-2.106797365321853466e+00 -3.380677573816109893e-02 7.382478836326937799e-01
-8.608400256886857838e-01 -4.886465730638736016e-01 2.503727351689331027e-01
-5.138507896803066188e-01 -1.439979556508902858e+00 -4.211464192824481145e-01
5.659400786411361572e-01 -3.821364623375110847e-01 4.774053524260789549e-01
-1.327836989146979896e-01 -9.242161916647756437e-01 -4.403928458486658926e-01
3.124659628750180662e+00 -7.977779022185436109e-01 4.446040473654316871e-01
-8.083363643702305978e-01 1.177541550875620180e+00 5.121786044998593024e-01
-6.223813473630842585e-01 -2.345780529238728485e-01 -6.504838326142053928e-01
-6.427449726209268910e-01 2.049172201523397907e-01 5.075312887477303470e-01
8.287233600945609346e-01 6.116541921017770722e-01 1.107776095608822321e-02
-1.697957278499002909e+00 -1.028443250542140142e+00 1.070708207186109373e+00
4.907779976265836397e-01 -6.272802579270994050e-01 -4.857925022752753730e-01
-7.419842042830951945e-01 -1.363102454459967083e-01 -1.323861367101569764e+00
2.250583412715147169e+00 2.692763713683213878e-01 -1.765538257921693166e+00
8.671525714236353322e-01 -1.086689899386133890e-01 -8.345800303272996601e-01
-2.926252801945400939e-01 -2.121390053894483818e-01 1.541277497865469082e+00
-6.572307212814978428e-01 -3.432252058587374755e-02 -1.137194350430805523e+00
8.699760182897158245e-01 1.188309605743727904e+00 -7.674019552676469846e-01
2.572599662635123227e-02 -4.968240691762127459e-01 -5.933411619852085872e-01
4.001091768971745677e-01 9.135469196393195546e-01 -3.975941958070342008e-01
-1.583708016531574669e+00 6.282351013305202680e-02 -6.015840039529330996e-01
-7.980593889979638034e-01 -4.485317196187025429e-02 -1.399768514281104270e+00
-1.944306093467757512e-01 9.533994792718070155e-01 8.311951775192202296e-01
1.613330201686498544e+00 -6.426470231401613109e-01 -1.211666287995262214e+00
-1.432913581839743378e+00 1.232807064383095508e+00 -3.117017275570273527e-01
-6.272104549607886437e-01 6.362014362216562580e-01 -1.583522386984319796e+00
-1.574514216154926816e+00 1.081968947682838467e+00 9.104657084569286463e-01
-5.203859611391107309e-01 -2.305875551068752027e-01 -2.828280354049912959e-01
-3.202175425226003735e-01 4.442891379836627075e-01 1.226419279772912763e+00
8.579559617438119457e-01 3.629779897676666534e-01 -1.494567519714400106e-01
1.303416024919676897e+00 1.351776085189975829e+00 5.042519875476385582e-01
1.180704143508598758e+00 1.105283232682225281e+00 -3.153287018015558107e-01
-1.619539038300784162e+00 5.314478179985123729e-01 1.431109639365217290e-01
-1.795761149994119787e-01 -7.263792910280570947e-01 -3.733840318543462655e-01
4.431020430608078632e-03 1.306013093061070940e+00 9.069560989452095656e-01
-6.151846198181029068e-01 9.276778039633329920e-01 9.610741195908034662e-01
-4.626983088826327473e-01 -6.202549266059348421e-01 2.571019541465603964e-01
6.614629194506069787e-01 8.211125365858978897e-01 -1.046038308885987256e+00
-2.676427077326129500e-01 3.082767470727089676e-01 7.583950436177919752e-01
-1.540700899504046095e+00 -5.741841920961509027e-01 1.789639176606866444e-01
6.717704802130669561e-01 -2.128793485426790644e-01 3.475241389125358071e-01
-7.044162862440742599e-03 1.791253962942522260e-01 -3.839127888414948786e-01
1.037064273190149377e+00 -8.128833637577353999e-01 1.271706289481377095e+00
4.289806300325999522e-01 6.207127647456313069e-01 1.423728037453147577e+00
7.052481785418425186e-01 9.301232992028520830e-01 -1.128114223820183559e+00
-2.500091979264985609e-01 -1.178792409566632893e+00 1.154174643403114375e+00
-1.915783449808982963e+00 -3.138533012409073786e-01 -8.977630304596232458e-01
5.456896757941451792e-01 3.691004054051780225e-02 -1.870693024099260304e+00
1.032651864215316850e+00 -9.875997693120476262e-01 7.170362702639371255e-01
2.486771383280418635e-01 1.017625096301199905e+00 -1.817030772427769281e-01
-1.355083970718669317e-01 -3.204075173256876186e-01 2.446911685779799561e-01
1.388498922865346152e+00 2.575780267903813314e-01 3.278256785008366592e-01
-8.747770661580848151e-01 -4.238917811062785646e-01 -5.481807747304130451e-01
2.167313399895204329e-01 1.654131490273865523e+00 4.608512420608030236e-01
-6.659496398369320058e-01 -8.481588068870600516e-02 1.041898656625424247e+00
5.243134930956062645e-01 7.132925065902512296e-01 1.499558346828957722e+00
-1.556961644020806057e+00 1.174022775099078375e+00 -8.805668598345959275e-01
6.862002917464031793e-01 9.162870894502614938e-01 1.554760000267477071e+00
1.070351471570084367e+00 3.093784885286599007e-01 3.395354485879429340e-01
-9.343445369101903708e-01 3.055975282264346005e-01 -6.696036153428559512e-01
-7.412949118002727378e-01 -1.777022843638806082e-01 8.994786512447005000e-01
-2.931794619616495123e-01 1.163391617761391883e+00 -2.034514677460460330e+00
-1.805503545231520665e-02 -3.106354284540849831e-01 2.366923973885998733e-01
-1.429375313703043826e+00 -1.794861268014806555e-01 4.980689883580670663e-01
9.838922945756523389e-03 6.521728035219479525e-01 1.136565612433736439e+00
6.988103076691658533e-01 -1.069951762172558274e+00 -1.115513196397253104e+00
-2.366616844615821780e+00 -8.340013352030162253e-01 1.038860234725466070e+00
9.103444422756148402e-01 -5.410489037394876632e-01 1.694703363395178020e-01
6.935739354150689540e-01 -1.447432850538879823e+00 -1.370335050549999822e+00
-1.356446585689431217e+00 -8.628913083397961314e-02 1.090463025753007464e+00
7.967941561176139498e-02 3.153114058221721111e-02 -1.480613075978955306e+00
-1.180433138209893817e+00 -5.609470740607001016e-01 7.947770258141373390e-01
-1.150773942800501493e+00 -1.110563973249922669e-02 -8.422859466953708241e-02
-6.402005018718034401e-01 -2.151978931172133236e-01 -5.341798261315363616e-01
6.633785787345148899e-01 -1.001896670742598916e+00 9.761355373239342104e-01
-1.736601302020052806e+00 4.393088954219694919e-01 1.724214812013054932e+00
5.475381809317531046e-03 1.061313501021458272e+00 9.438487229248886390e-01
9.556873143291567674e-01 4.599297908084897246e-01 -1.277223252723276303e-01
-1.014038246310989377e+00 8.071325331719012564e-01 -1.989567852066141951e-01
-1.012345176889485998e+00 -1.389755184064090043e+00 9.164414194613604847e-01
3.478221582378138166e-01 -4.314005647602111027e-01 -1.429472934070431522e+00
-1.642248427507398523e+00 -2.564408625238311923e-01 2.882873395228734981e-01
-1.326914906424384144e+00 1.468948775463247425e-01 1.228673467491161686e+00
-1.765133806253394999e+00 -3.488389144039623635e-01 -8.059728158864180869e-02
-1.555968221173111843e+00 1.252797171160479284e+00 3.692070512017675554e-02
-1.914128150405039586e+00 9.695957436761331039e-01 1.245273426948396711e+00
4.834696924549223840e-01 -2.281126516071059207e+00 1.246761951758061926e+00
1.144250558537542650e+00 1.672455325336321130e-01 -1.587021318971755912e+00
-9.013532301393446522e-01 8.668504485779551239e-01 -7.426154287142162636e-01
1.339797451471837375e+00 -9.946754945598317299e-01 -3.381259615482649084e-01
-1.225885700337161710e+00 -6.527070097281827410e-01 -5.813747638059714173e-01
1.443414680962952890e+00 7.337621162983711809e-01 -2.187162265378705395e-01
-1.403535468408538822e+00 -5.671192980440680209e-01 -5.016158655954831014e-01
-3.103364889490765610e-01 -4.962400091147335379e-01 -2.226643405750257099e+00
9.369768880537149291e-02 5.657841173993314321e-01 1.069732069097450555e+00
1.367708536874082670e+00 -8.373267309175479456e-01 -3.433182468811028509e-01
1.297171359545614244e+00 -3.974830835445684607e-01 1.218556705341730995e+00
2.553307918612027771e-01 -4.181499776684604597e-01 -2.853011534146270289e-01
-7.984824406510444561e-01 2.689348738747707745e-01 -6.910683750507871093e-01
2.880377045405344005e-01 1.900589024248724446e+00 2.146765474275671437e-01
-2.660438579873320442e-01 -1.184880699655021380e-01 4.220293952672340421e-01
-9.966858597246583962e-01 -2.831827403543752970e-03 3.386913364870640097e-01
-4.139482648747908056e-01 -8.160045869112028116e-01 4.345881343758987159e-01
-1.043252512133949539e+00 -1.550981006992974975e-01 5.936425138585185168e-01
8.115422017705269386e-01 2.183885181104612716e+00 1.706680202744724761e+00
-4.769449593166214529e-01 5.444097187388976522e-01 -1.426438854091798936e+00
-1.505407512783009549e+00 -1.933617175440937919e+00 -5.708881080213595860e-01
3.821054056991765036e-01 -5.129914230456350532e-01 3.319529603006079910e+00
-6.293136250442895596e-01 6.540494331705966058e-01 -1.078861906657305303e+00
4.032072391810520018e-01 -1.286080678352193640e+00 1.570105402181486642e+00
1.228178268758058023e+00 1.128788630562365114e+00 1.444487511843516314e+00
-2.117958695384191681e-01 1.314668953498622783e-01 1.910532546143172361e+00
1.281063087187773730e+00 -9.173248032832808097e-01 -5.085905134294855558e-03
-5.436342292565234935e-01 -1.889497347822352458e+00 -2.608038621041091076e-01
-4.399267116727405003e-01 -4.054461093380773984e-01 -3.808450692196411747e-01
-6.717438786286632491e-01 -7.371739682338742661e-01 -9.261355388885622597e-01
-7.565455322215189904e-01 -5.450978504391378321e-01 -5.779606007764730852e-02
-1.167608364054579795e+00 1.129028820190788096e+00 -5.354754049067759203e-01
3.958499114523994500e-01 4.588713301014251122e-01 1.385725593597552097e-01
-5.952752302893457026e-01 6.872741415954684019e-01 6.804420752304609632e-01
9.716220042585701488e-01 -2.257992861567397203e-01 -7.529880234421683360e-02
-1.567605545381840215e-01 2.949620523421050966e-01 1.837344780695433222e-01
-5.397473396880484442e-01 1.001460140814824706e+00 -8.968120112179075454e-01
-8.627881021671465755e-02 -5.883369332234408833e-02 -8.759019297127795811e-01
-8.252706807668543920e-01 -1.986221426709045446e+00 2.497100369633346251e+00
-1.314375421399926747e-01 6.006953505191067189e-01 -5.398501323183836353e-01
7.690719461393326073e-01 -3.268521184888674713e-01 1.590395020509115742e+00
-4.445747777418357360e-01 1.281418509356856195e+00 4.219325116944532827e-01
9.761810051090265006e-01 7.032207423601620766e-01 2.102087627896955246e-01
-9.811976520919384326e-01 -1.848483759418818151e+00 2.193423958136758167e-01
-1.098911898171155421e+00 -2.899139225735474223e-01 8.668350043553026962e-01
9.429385425117816147e-03 -1.145320406434799931e+00 -1.071818043228195544e-01
-5.763966825358679547e-02 -2.060121555760712625e-02 -5.120345980196974178e-01
2.980792260873932342e-01 -7.480749681475593604e-01 -7.781550188459591677e-01
-9.114021943943375614e-01 -6.480935767353272758e-02 2.583665828987467550e-01
-3.982885367475563210e-01 -8.113987347893508728e-01 1.607906651356009464e-01
-9.510704220359331718e-01 -1.490511758922137053e+00 1.801742478369101064e-01
-9.703940831904646069e-01 -6.757803951340226600e-01 -1.209275892389698015e+00
-3.723672871647110694e-01 -8.997799498763578985e-01 -8.391559721692264384e-01
-4.617693962089152171e-01 -5.721462598460909099e-01 6.456899668147183524e-01
-9.703076626024430551e-01 1.009403048816378767e+00 -2.045988461452769580e-01
-2.097146459018333076e-01 -9.778936445717067993e-01 -2.525731745036275885e-02
-4.455370503283850314e-01 2.307677776976282402e-01 -2.699948753271295687e-01
4.693439004241564128e-01 1.126907311093090058e+00 -4.918692592929991420e-02
9.665260014303604930e-01 -9.482972120802034555e-01 -1.966146973023778166e+00
-1.611141070222438521e-01 1.219159400732803933e+00 -9.525340667529289540e-01
5.774848238495094987e-01 -1.057040887226506243e+00 -1.318218028787001561e-01
4.434131473654970290e-02 -2.319214398667235610e-01 -5.336261856773969470e-01
3.661078918662979409e-01 -2.837164430357568684e-02 9.984261134279147631e-01
-1.959900478586674155e-01 -2.657435069956880502e-01 -1.699149139982521817e+00
2.266351407253125450e-01 1.269546039414742644e+00 -1.076054783214054344e+00
4.485639398824040058e-01 4.478855636142972108e-01 -1.110627568783310259e+00
-1.084123242022196676e+00 -1.008143016690626004e+00 -1.072894709466966634e-01
-1.251046331895375729e+00 -9.771771879187262089e-01 1.545354428809502689e+00
-2.885891570703851827e-01 -1.611051816784520696e+00 -9.292396798164359595e-01
-1.245074085795652596e+00 -6.898844779150604678e-01 8.486135903450325868e-01
-1.730583178813270173e+00 2.445702305603912954e-02 -3.132210840010695163e-01
-3.606377571107742819e-01 -2.743957857331210115e-01 -2.588642241345632394e-02
6.905262598370838223e-01 1.890780343486542003e+00 -5.982273988518390165e-03
2.129909290717197035e+00 2.386437012605438779e-01 2.688490193358163971e+00
-3.765977683834356715e-01 2.468848397122173355e-01 2.025236014838047716e-01
-9.756760322411004438e-01 7.246481826366959478e-01 -3.404519074082962282e-01
-6.182884311010745648e-01 9.577032495789102873e-01 3.160392685235738353e-01
-9.356353744792874627e-01 1.844356269048157859e+00 -1.192903054667622254e+00
-8.632231179556631995e-02 -2.876013810214469654e-02 -4.336735682348198395e-01
-1.052275830626039355e+00 -9.877410019650503248e-01 -1.812694326878249607e+00
1.555510245821347670e+00 8.955724341214303941e-01 9.636518543471425668e-02
-1.439074892104399428e+00 -8.261870505147531629e-01 -1.697371470298852492e+00
7.270257809950922967e-01 -8.667326157930205222e-01 -2.992340365386821355e-01
1.341634576401387280e+00 -7.796164265916601943e-01 -1.398062151458341562e+00
1.020138602539791162e+00 -5.110885494606773882e-01 -2.279204000201267011e-01
4.756239039353825082e-01 -8.656356905588333817e-01 -6.726376590863240856e-02
-1.325534841934508545e+00 -7.881600957738718050e-01 1.352035440274313993e+00
-2.224495679677096494e+00 -3.931409173007500701e-01 -1.084777902672573235e+00
-3.463462687866621925e-01 -2.436115544758358453e+00 1.428707113956680930e+00
1.137926992915075264e+00 -5.388787656756716116e-01 -1.616759778840345607e+00
4.916143846970392750e-01 4.061942346771861834e-01 5.845694372647557424e-01
-2.026314914440486281e-01 -7.508452210231534307e-01 4.993421960213090954e-02
-1.104619134775219003e+00 -4.283352857365946287e-01 -4.428564127730082456e-01
-1.002303838270333092e+00 1.012024795237853159e+00 -9.883390356860705106e-02
-9.673430470971012829e-01 -2.858960383208232758e-01 -1.076963523860009042e+00
-1.803691619177927752e+00 -3.130739513246276751e-01 -1.846350802483025799e-01
-3.762595270244946666e-01 -2.807458035116424111e-01 -9.369639596170713236e-02
-1.837698889609481676e-02 1.810040501007982028e-01 1.503721397015935102e+00
1.589733241031576982e+00 6.277075992527841874e-01 3.593701776580093821e-01
-8.793576760060392017e-01 3.905049188569569840e-01 7.161412698028922774e-01
1.133352262636578844e+00 3.395520198822408187e-01 -7.028760367920257046e-01
-1.709138659010046135e+00 1.486287988075662980e+00 -9.237763867813687524e-01
1.363856811624294840e+00 -1.345762642336259418e+00 8.919754222549548528e-01
6.554553703161335454e-01 4.033781502753250314e-01 -1.478321250036773726e+00
-1.210095576191615313e-01 -6.586743817722784389e-01 -1.234031954189007019e+00
-2.053482337490938059e-01 1.107897488072052683e+00 6.563043395873061625e-01
-9.969632690551977205e-01 1.062165892156199248e-01 2.059277090773642127e-01
4.465286162722176821e-01 -1.297924891092871125e+00 -1.027804929999732719e+00
6.699471755430808084e-01 -7.602704384125733572e-01 -3.633277339791334271e-01
-7.789841383354909610e-01 -3.518055471934943279e-01 -1.014699344114682766e+00
-3.611951568556432401e-01 -3.123920087128765830e-02 -6.048826922517357429e-01
4.870342514194497263e-01 1.275319467690120001e-01 1.508838375254379360e-01
-4.943300559705700314e-02 -1.306694774887847466e+00 2.080004457419937780e-01
-1.883662148911029455e+00 7.030560665632812345e-01 3.632379362066465722e-01
-8.701717781268633045e-01 -2.018747152703982195e+00 6.688438964943569376e-01
5.859300787792738330e-01 1.092106580020119289e+00 5.524488786364142312e-01
-7.396739461567113372e-01 8.081442430255862952e-01 -4.571105155947475379e-02
-4.574312109180405650e-01 2.728390365230443648e-01 -9.184735967848107752e-01
-4.189458836117626594e-01 1.013868301684659246e+00 4.859948166050744867e-01
-6.853018325725530602e-01 -5.186760938291834488e-01 1.337790513309231155e+00
-9.176273311466878746e-03 1.684419782500089058e+00 -6.608302608667611100e-01
-5.962075773875158413e-01 5.005002525247204126e-01 1.868000340057648090e-01
9.884438047991815912e-01 -2.507992892642397012e-02 -6.163334948272918279e-01
-1.064082620182049549e-01 1.580433910481654769e-01 -1.025704341036072664e+00
2.272895476361445344e-01 -1.865561160992322554e-01 1.329815007749092892e+00
7.121787796069677379e-01 -2.701697856301709666e-01 1.129896232907143527e-01
-5.089826730912337949e-01 -1.285154021873219587e+00 1.620690439721520285e-02
3.842688910895136201e-01 -1.424903077786237038e+00 -1.884870305812969882e+00
-6.577411011409909358e-01 7.881952680072386030e-01 2.349066746203344602e-01
-1.061731301447360609e+00 -1.138754809792189127e+00 6.509270056006253302e-01
9.787665867431661892e-01 1.689097855600311601e-02 2.380118407141181280e-01
1.416455702597356980e+00 -2.466454532191042492e-01 -1.874799653800421018e+00
9.672108892140597325e-01 -1.308444745899729478e+00 -3.548759798786711994e-01
1.324314144552640959e+00 4.237299832084683859e-01 -1.636371458582416505e+00
3.240459763122748305e-01 -6.857619149925124891e-01 -6.289868028285983473e-03
1.879180881992850022e-02 -1.658156620643600032e+00 -1.017313225557955558e+00
-4.932060609225035752e-01 -3.856133046112705798e-01 -1.842937006062626282e-01
-2.308871848057239884e+00 -6.156284018758917398e-01 7.577735244154025496e-02
-1.059793639495806072e+00 -2.018556237320222324e-01 4.633906712203459538e-02
5.535598963228541836e-01 8.478196386318552144e-03 1.444123340473088657e+00
-4.769354414132799258e-01 7.699962451050039736e-01 -6.722585675846181053e-01
-3.798582788032484059e-01 -5.840652572683624477e-01 -7.431398596367755349e-02
5.088885013453577771e-02 8.104211174311816146e-01 -7.760082885382498796e-01
-2.604203461880117976e-01 -1.888662681076587413e+00 1.621892661040830186e+00
6.400046699465531397e-01 -5.700545215446686242e-01 -2.119462253983991573e+00
1.329609160573496859e-02 -2.009189504304169205e+00 4.202049586389410840e-01
-4.228266759784506945e-01 7.370278042724787149e-01 2.050733613048097315e+00
-4.861974217620210204e-01 -1.112944389810756496e+00 1.161206665780872394e+00
1.936082329710748506e-01 -8.470670350057025733e-01 -9.524368037538436527e-01
8.698595064431180468e-01 1.227314610043105381e+00 -5.323082371075474883e-01
1.555118216950483190e-01 6.499999898094789286e-01 1.977703771666942389e-01
-1.577814152335446918e-01 -2.021804172016674339e-01 9.490830900502783551e-01
1.005244864860865617e+00 -1.854435077993189518e+00 -1.554219494027342607e+00
-5.005499762918448337e-01 1.915351464263382208e+00 -1.232765203648987562e+00
-1.188129544115271052e+00 8.977187161568795926e-01 -2.267865962771150601e-01
-9.274013947549430981e-01 9.983795629762503010e-01 -3.510335821064098361e-01
3.973182523554649737e-01 7.293641826660718364e-01 -2.912417253786589444e-01
1.083425642602484196e+00 -1.856441965113522219e+00 -1.471799740386074085e+00
-4.807710549788462573e-01 -1.335511749292551009e+00 -1.150640066461198430e+00
2.271880272620569186e-01 -1.450783590247113786e+00 -1.223567996455730222e+00
8.271095582122258705e-01 1.926301208308068558e-01 -1.087243975083801856e-01
8.375315259701747728e-01 -1.785725943284998785e+00 -1.001187645727250386e+00
5.166530853173050275e-01 1.069137912833048487e+00 2.500219470701766089e-01
1.505516394861410090e+00 8.433118799047234493e-01 3.174567397157195270e-01
-1.728902954125643154e-01 -1.352087095562269359e-01 8.972178996722185440e-01
9.007481657792015817e-01 8.362950685058343492e-01 -1.425855284353381380e+00
7.231019392116839750e-01 5.997088332099591579e-01 7.388500964879697597e-02
2.073586213613745066e-01 -7.609758004226343520e-01 -1.629807965252579871e+00
2.013487143103704913e+00 7.723521850165282476e-01 -2.690266796356656151e-02
-6.063797373383467137e-01 8.763359543194464418e-01 2.168071562893341575e+00
-3.494080202724040851e-01 1.472720653568428961e+00 7.970164296430588546e-01
-1.866065920058177785e-01 -1.788715942953136850e-01 5.702790607170367121e-01
-1.091023714523783189e-01 1.886110483367767210e-01 1.701642325631655961e-01
9.512824055231111631e-01 -1.485820502879585947e-01 -3.003307925740629769e-01
1.819792171325130603e+00 -5.432501148828782211e-01 8.644273225880361178e-01
-2.601528794370209455e-03 -1.805691086744129592e+00 6.411226588572724316e-02
6.103277426871321909e-01 6.707461057010215555e-01 -3.725769633388746893e+00
-6.743603616687757762e-01 2.242364491725332254e+00 -9.965241170997282127e-01
1.375891404250543237e+00 -1.151683659999197973e+00 -1.702659819318243506e-01
1.161769280774445967e+00 1.353888835442998151e-01 1.728525016709762940e-01
-1.106397532955705199e-01 4.145191004585987993e-01 4.656778919238361847e-01
1.031420669010473024e+00 4.847407874297529062e-01 1.596946496736695975e+00
-3.595690849418502893e-02 -2.128715677359081793e-01 4.763426827137883235e-01
-2.542572572006779330e-01 -2.395685337977747853e+00 1.634394480595897869e+00
1.168962794841523323e+00 -9.375617317036978315e-01 -6.871562121957928149e-01
-6.323774651600048147e-01 3.282874484117824565e+00 3.475023983369749381e-01
-6.650703478569547356e-02 1.193238472368133962e+00 3.404193579337373432e-01
-1.106314311746560142e+00 1.177670836758280215e+00 2.373732398297212220e-01
-4.518457183643485031e-01 -4.727947750346033207e-01 -9.108487794655144298e-02
1.748720638413855832e+00 -1.495769636808160774e-01 1.697508477639009944e-02
-1.204952175814308468e+00 6.971399963777197284e-01 -4.729047438988778773e-01
1.143581519049151618e+00 -8.738432260953278297e-01 1.970699211633362591e+00
-2.479012028243556265e-01 -1.424699457433786787e+00 3.108347169362021128e-02
-7.832662871778310887e-01 -1.207356645546065366e+00 8.748083204246533962e-01
-2.223370502295180795e-01 -6.672333632810333315e-01 1.258791403566116074e+00
-1.005232590677792803e+00 -7.363493415430066857e-01 1.085697663530064361e+00
-1.573748199294874750e+00 -1.678712986197412604e-01 5.480003163736874017e-01
-1.946536309820645905e-01 -1.870295896390818391e-01 1.298156536677620876e+00
1.656518042791029321e+00 -4.839640863340041177e-01 1.515928602936214842e-01
7.993628299827696404e-01 -1.108119402042247792e+00 -1.075513370783010680e+00
6.805362231503365722e-01 3.515280203146750604e-01 2.010634222271741045e+00
-1.217760561916874096e+00 1.223662092688434511e+00 8.648814455168843951e-01
-4.103344894871280846e-01 6.649163272687205195e-01 1.081509883870141131e+00
-8.810381375930719239e-01 -2.317996578379407924e-01 4.904046749925209947e-01
-5.840532520880398204e-01 -1.199928175935073726e+00 3.913126238443302984e-01
8.378833191749912200e-04 4.999831255419737164e-01 -1.063256826459617166e+00
1.118898992083527943e+00 4.166059733687603184e-01 -6.554004426781119552e-02
-7.921551227619899604e-01 1.131647706211226234e+00 1.758905724974218154e+00
1.363104143070254848e+00 7.279234835301210405e-01 -1.320366459473543364e+00
-1.299022258446780542e+00 -3.137873733317517289e+00 1.452702488538002712e-01
-5.865614341988438785e-01 1.890268920694050114e-01 9.779964771119504796e-01
5.914870335116377831e-01 -1.865304340476177991e+00 1.399112392014825179e+00
-2.201014080408041362e-01 -1.687513451036160017e+00 -5.319102560026793824e-01
4.166074623293878343e-01 -1.158971785712201941e+00 9.358908252210902390e-01
2.565176849919064583e+00 6.516283203880915975e-01 1.265761759756743432e+00
-7.307456992226346593e-01 -1.258300627203963629e+00 -5.879097736973082355e-01
-1.759528897533614078e+00 6.652946685934905124e-01 1.412897365465465516e+00
2.401642082264855149e-01 9.907629565211203415e-01 2.354649536956002990e-03
-8.615321672824518551e-01 -9.589356909915632832e-01 6.251798261529241119e-01
1.439705354546852778e+00 6.138329432545507336e-01 -9.653136378962127173e-01
9.764613917914691799e-01 -8.950515879367630934e-01 -7.573795203571938028e-01
4.978281291115531637e-01 1.028314772174964364e+00 -1.569875289283295450e+00
3.990457588517460907e-01 5.311521612460202990e-02 6.240702712724458673e-02
-1.721460300430976531e+00 -8.997847626857541359e-01 -7.275413285639267258e-01
-7.963393010815795758e-01 -5.346601746247093834e-01 1.391240365663438228e+00
-5.528654123476323123e-01 -1.523261613299958517e-01 -9.151607589287328315e-01
2.587769073289496458e-01 8.071422466472873980e-01 -5.763017535720913465e-01
-8.126422673742764169e-02 4.713196377691345473e-01 -8.421200208312534796e-01
5.861763791658547440e-01 -4.321039957501074946e-01 -8.654543471679441990e-02
9.085412781844793076e-03 -6.901841143574128923e-01 2.762089814385542130e+00
-1.134625485987106774e+00 1.664784928406261300e-01 1.001858178806478428e+00
5.570281324633828968e-01 8.789954305421011638e-01 -7.480941716742175451e-01
-7.875971956195332302e-01 2.205777153885051245e+00 8.481728039332564473e-01
1.117380435809518957e+00 1.818050891751990805e-01 2.707548128543658117e-01
-8.132152712556901530e-01 1.920906376760989742e+00 5.816466602602523572e-01
-7.946666368653175772e-01 -5.285983984935420654e-01 -7.285777782817793868e-01
2.166181422563096329e-02 -3.359569444246504055e-01 -1.520336419246443693e+00
7.416055014830360559e-01 1.891690073540872596e-01 1.075407400850995732e+00
1.057642567745221918e+00 1.460570431509005340e+00 1.234393836937775157e+00
-4.533432649056988277e-03 6.776025855628585726e-01 6.318735365472464283e-01
5.882973117693829357e-01 -1.126040664577835221e-01 6.519496834519232786e-01
1.865798503513122208e-01 -1.336883621582924730e+00 -5.691319070187800255e-01
-1.547145302809870282e+00 -7.156571696330045196e-01 6.968542990016955707e-02
4.639299801721366023e-01 -6.507086636574175298e-01 -4.918911984247438252e-01
-7.567501546531920642e-01 4.225119095770334954e-01 -4.266275325716431532e-01
5.595236561499611350e-01 2.541158673259822809e+00 6.857448291768096782e-01
-4.189166769913464372e-01 -6.299163768769998617e-01 2.731651813482890212e+00
-1.460011331951902858e-01 -6.392952951331534184e-01 1.211455989128098043e+00
-1.192728820465086770e+00 7.534549664398457747e-01 -9.570757058225357605e-01
-2.359152645443328034e+00 -1.251515563339018033e+00 -6.751015313256796269e-01
-9.985667186946149965e-01 8.255487886907186823e-01 5.617863190518043170e-01
-3.654409948100453831e-02 -7.536014977134304349e-01 -8.559821399534209840e-01
-7.024166865078873556e-01 -1.078120797697932343e+00 1.450304108010015414e+00
-5.007673649357351486e-01 5.919170294980506952e-01 -8.246450531753855839e-02
7.683322208927989561e-01 6.306448320908649707e-01 6.580684794257027903e-01
-3.882126748772741220e-01 7.269354458202869074e-01 -1.787848542075927138e-01
-2.895599408051555690e-01 1.050625980869842602e+00 5.865406953631202569e-01
5.039490606029724956e-02 1.122260717483877457e+00 -9.368366402051063746e-01
-1.766196269759140236e+00 7.568238486539853316e-01 4.982260942507413803e-01
7.385386330471519489e-01 -8.458470806156933586e-01 -4.484464808654743950e-01
-9.919709601749298056e-01 1.138676410215054169e+00 6.329151574624268528e-02
8.524210708288446070e-02 -5.522336228150059867e-01 7.041221860865315429e-01
-5.086427646428476335e-01 2.086855696418581374e+00 5.905713163664065846e-01
1.699344563192118074e-01 -1.008161087198660377e+00 -3.749648185595776950e-01
-6.030850332735494534e-01 2.295021635544929772e+00 -1.068780494235603395e+00
-1.816515797237552021e-01 -2.403885586475643099e-01 -2.100892992530238423e+00
4.246886981814861906e-01 6.885272142280338681e-01 7.685697621335456642e-01
-3.283011949115509642e-01 -1.190325943805013331e+00 -6.865948349351240765e-01
1.129829106694980823e+00 1.086262128333205013e+00 -1.183165496648177495e-01
-2.955795266580217295e-01 -7.984127486496066517e-01 -1.889519451675367501e+00
-1.174092242588608448e+00 -3.364346809554348838e-01 1.010909044651324473e+00
1.104531290723099524e+00 -6.608187183217728577e-01 -2.787667374084894512e-01
-1.646163660213910696e+00 -8.346511209603968418e-01 -9.059397903380198569e-01
1.492977422268881194e+00 -1.931847434139942532e+00 -8.229901759462437960e-01
1.631375683515506880e-02 3.707327560206555295e-01 1.699483465699737739e+00
-7.631480639209623495e-01 6.196741736784308063e-01 -9.779557046509208540e-01
-1.675719853177214391e-01 4.589453127596769821e-01 1.408422104088837168e+00
3.681797561858418666e-01 1.012831508349608889e+00 -2.335677717342449000e+00
-1.068547725338540255e+00 5.510187091491390854e-01 -6.025938392270082655e-01
-1.056320563664465251e+00 2.330136066093811964e-01 -1.947983877153999233e-01
1.254069023162619034e+00 1.323470022435045967e+00 8.740685025630186011e-01
-9.815578540749031466e-01 2.199688605344827519e-01 -7.143017231953664448e-01
4.197776457308245446e-01 8.053087126268034801e-01 -3.065145622176962958e-01
3.274053403784443761e-01 9.620688584023549816e-02 -2.453623630534072439e-02
-1.413367138974444881e+00 8.253853909323755067e-01 1.172801833313653841e+00
-4.618217443352825788e-03 -8.076509133183836786e-01 -7.024944115305498116e-01
2.703594845033314709e-01 4.716713954704927492e-01 -6.283825462662270822e-02
1.151682079941749093e+00 6.300777836669815279e-01 -1.586161000006361066e+00
6.432103204052439516e-01 4.025628281392121255e-02 -1.196505155802883857e+00
-9.319398890705123950e-01 -4.651116180269922462e-01 -1.222149612329741064e+00
2.034351487095437672e-01 -1.340198980655286365e-01 -4.481269374978524844e-01
9.155672736397971745e-01 -5.466765801419269655e-02 -5.040891321774058076e-01
-5.228816051633038420e-01 -1.109499567401628223e-01 -3.731563668530015754e-01
6.990589593962022452e-02 -3.253228336947738275e-01 1.321044682001121684e+00
1.252753573982626323e+00 1.541753104821371290e+00 -6.982771449133060582e-01
1.551818164532223987e+00 6.497866597871509997e-01 -7.317925476066714507e-01
7.916733438478817941e-01 1.460998998334921861e+00 -1.065922743906736692e+00
1.439217803866018386e+00 -7.505585142816532107e-01 -3.811671578088021151e-01
2.120786186217595404e+00 1.161638570938875681e+00 -3.383239214956443308e-01
-1.837941980712527679e+00 5.031877911421201999e-01 -4.071489456597001677e-01
-3.138990092899406892e-01 -1.155058104333813285e+00 2.120129069751948592e+00
1.543707850024970130e+00 8.524678865038779474e-01 1.522143929273583711e-02
1.172442410245714939e+00 1.323734839510757322e-01 6.703426044472852174e-01
2.254383751901744226e+00 2.245975063085662790e-02 1.086676975858996030e+00
1.647695020732328486e-01 2.813044712487487775e+00 -5.485081532588621522e-01
1.208954604019883305e+00 1.604248712842207270e-01 -3.970790494025333017e-01
-9.521637001759716279e-01 3.352530175918586042e-02 5.065865647995004828e-01
-3.404355917832563860e-01 -1.739721338086863245e+00 4.544797927875223742e-01
2.963500916875584923e-01 -1.700365595634711069e-01 -3.201574455926583518e-01
-4.047912992213487104e-01 1.039207293318374914e+00 9.616726952556012842e-01
8.468123754168829093e-03 1.597524786520074569e+00 1.005696227481487348e+00
-6.639619707262730541e-01 -7.060863290329700837e-01 -6.426573076115946540e-03
1.567398302210344818e+00 1.686189085519017583e+00 -3.809661291301437158e-01
-6.884395795627942238e-01 -1.410606612653051650e+00 2.106744995187118885e+00
-9.507568980021662008e-02 1.270795972688897546e+00 5.777626611760250386e-01
-2.238994006949433846e+00 1.240411905660836256e+00 -1.297854860946748401e+00
1.002992302528051827e+00 2.566940254886943329e+00 2.001941349372525103e+00
-8.364206317837670213e-01 7.540247871065139940e-01 -5.928673852368266939e-01
-7.510216925673549593e-01 -5.592325322275724098e-01 7.496154765965857836e-01
1.281127203033481932e+00 5.543429736405997010e-01 2.337987114417372503e+00
5.449396888558051266e-01 4.149327810339309419e-01 1.777417245819029948e-02
5.772799790759656213e-01 -6.883409846781283203e-01 1.685372025197676704e-01
-1.776599313856210616e+00 5.129229930845982111e-01 -4.046987438848778096e-01
1.033270258252886764e+00 -2.258007226559812508e-01 -1.546184615353091818e+00
-1.201754235885887256e+00 -4.658755146607357345e-01 3.093875858244065635e-01
3.772917029306272485e-01 2.571681610546031616e-01 9.212419022987303752e-01
1.383570736719015537e+00 1.577413510058638946e-01 4.053518005042623384e-01
-6.068290085648442300e-01 5.212174220192092866e-01 3.841774449975275951e-01
8.365170835622451895e-01 -1.610488973965489734e+00 -2.517974018894368338e-01
1.785303758600995438e+00 1.289765245663269777e+00 -2.013742818435214854e+00
-1.944882436332127318e+00 7.372708970342876922e-02 -5.876832450673797129e-03
-4.082490619750835381e-01 1.174078080176159944e-01 -1.717306293373857540e-01
-6.861968779152091136e-01 1.435263463299739417e+00 -5.418888424806775905e-01
-1.649965351791906620e-01 -3.389746589438074470e-02 -3.719956860861191039e-01
2.115064990519292809e-02 4.286724318046565840e-01 3.989803299524908864e-01
-1.695999615554588891e+00 -7.044774926480716903e-01 3.283963412343381960e-01
2.294636530777456954e-02 5.263025541342018082e-02 -7.285622370473208986e-02
2.127474790352990031e+00 -2.027915168266690937e+00 4.738640762013944796e-01
7.611093810862561426e-01 -1.170353913083034825e-01 7.701477433590923072e-01
-1.109848094965516063e+00 1.488023241509950356e+00 -1.123158555876927922e+00
-6.940692817202123166e-01 1.165684546323690896e+00 -2.616703200105626959e+00
1.458516508482325669e-01 7.533143455544529798e-01 1.969987827868569241e-01
1.106684233751882074e+00 -6.582680026142364582e-01 2.012765823219470729e+00
2.145831600307222420e+00 2.542149854096148687e+00 -8.010230067826960010e-01
5.877633826127481864e-01 -1.881629762203458067e-01 -2.280238134907543734e-01
4.469894465098122049e-01 6.147307352480491094e-01 6.569828443957255182e-01
-5.251474818263829336e-01 2.660070111509247326e-01 2.325727393357968076e-01
-1.062095184782057666e+00 2.587225826525855199e-01 -2.389513576689995533e-01
-7.780273742658594394e-01 6.696351982810810899e-01 7.203401132926043893e-01
1.614605711456335024e+00 9.732584086408629931e-01 1.038542543632402726e+00
1.144017305021400643e+00 4.652193146232870280e-01 9.928731572364420943e-01
3.183709934507741868e-01 -1.273539200469123167e-02 -1.181252205413023532e-01
6.653651780793927717e-01 -1.546817482190535387e+00 -3.189340870859592170e-01
-1.279724135756440950e-02 -2.504385187150900416e-01 6.377826284809232638e-01
-9.242860391427702993e-01 -4.235319358509758714e-01 1.557650263757729858e+00
4.138539660969590139e-01 -1.638337252846354397e-01 1.271638001149487440e+00
5.432810137349387558e-01 6.850930813969867694e-01 2.307666598143894632e+00
-1.675199681193307866e-01 -5.215365806968267348e-01 3.269482186675582991e-01
-2.567202609448366424e+00 -5.303707437121214507e-01 -7.478673845427303846e-01
-5.120397155846422299e-01 -2.510188791477397707e+00 1.924585292296773775e-01
1.121957319566409650e+00 2.392248280454967180e-01 -2.801055464780710658e+00
-8.902059454809100325e-01 -6.911383642248114523e-01 -1.403133786732585209e-01
2.354165592232476900e+00 -9.050348154344547424e-01 -2.125386427394919675e+00
1.817619330799534472e-01 -3.367873970855566612e-01 5.444643719335042764e-01
-5.109921538991203382e-01 -9.389365028554993442e-01 -2.449808983535933127e+00
7.975739733321165481e-01 5.486281969660817825e-01 -1.246148816507941515e+00
-1.053032649885165206e+00 -1.266407941084872757e+00 -7.522289921701587334e-02
-2.206462379572444732e-01 -1.961588329837827549e-01 1.728035324805305528e+00
-3.277779887089171673e-01 3.011189719952799271e-01 3.286204778294583018e-01
-2.311243230988119013e+00 9.353786574242447527e-01 -8.318044020734087773e-01
-4.468056287803248705e-01 -3.625006234109597880e-01 7.698155490417935010e-01
2.126067769721568190e+00 -2.007555729879572759e+00 -5.967099040289793738e-02
-1.676078451580213846e+00 1.339373349312691364e+00 -4.463219687615854192e-01
9.427128066739284273e-01 -5.823275091213842014e-01 3.179109348913681382e-02
2.657492934901810044e-01 5.971366535716797763e-01 -4.499179170889683332e-01
-7.456267382060106919e-02 6.329383089411192431e-01 -8.243486589868738168e-01
4.216063863046438653e-01 -1.835512759521095161e+00 5.645026381326037068e-01
8.993473526222189873e-01 -2.396091071375496373e+00 -1.109013733253925160e+00
1.672222187780645491e-02 1.328691939790604126e-01 -3.649778356956229208e-01
4.161888716059748416e-01 8.537013098004424261e-02 4.019003030680815547e-01
2.053565886007246544e+00 2.706357489548567585e-01 -1.240474766098157294e-01
-1.163985081533098764e-01 -1.287207054554732499e+00 7.744106229256446650e-01
1.722533184172861720e+00 1.006991546764688383e+00 3.192917720659283476e-01
1.254884053063026195e-01 3.513103317367042289e-01 1.192273110137228143e+00
-1.897688317632318933e+00 -5.131046935028102940e-01 9.865583365719708953e-01
-5.685797661766706090e-01 -1.882748373049465629e+00 -3.302731663928453743e-01
-6.909372027148207307e-01 -5.617918014694226470e-01 9.683038955093801192e-01
1.172415335474126241e+00 3.229234063517241182e-01 -2.797923516565024582e-01
2.091872883299854990e+00 3.965800678464956874e-01 -6.103443624972966219e-01
-5.012214729203433583e-01 -3.785195307791316965e-01 -1.173763616051765935e+00
2.653395272073899025e-01 -1.836580492801469289e+00 4.329949901620317454e-01
-3.771427682953629734e-01 3.628013603148159127e-01 1.241630364309187939e+00
-9.375286511315633620e-01 1.808895105946220494e-01 -3.444454068153470772e-01
1.113901128549883657e+00 -1.028376032122692241e+00 7.311782905352497419e-01
2.211452388459210994e+00 -5.926081563654013173e-01 1.360817105281977968e+00
-9.509644721980767823e-01 -5.767278546194245514e-01 3.559675232392938149e-01
5.200853595514353112e-01 -2.509067207275821332e-01 -2.836253048264879006e-01
3.817633538052087605e-01 1.082066807053319701e+00 9.535814669114385245e-01
-1.238107782589618733e+00 2.656200317196711902e-01 -3.897135253759174273e-02
1.227393702194402136e+00 1.152157937666377641e-01 1.361564957765792339e-01
1.291226950194089840e+00 9.121800122375823827e-01 6.013406957443934164e-01
4.864727372979031905e-01 6.392886472314059931e-01 -1.208918032677070986e-01
-8.599647377787470459e-01 6.905208151032636854e-01 -1.255111982902243906e+00
1.105096192522665222e+00 -1.857393980770036812e+00 1.051017704220444049e+00
-1.841802265469363986e+00 6.237085048996544590e-01 -7.931074157612807429e-01
9.853810712750445955e-01 -6.785415184087646712e-02 8.238970536448706472e-01
-2.331403443170141920e-01 2.660736685254038836e+00 4.271689651147306255e-01
-2.027864014411627114e+00 -9.392203676407756552e-01 -1.802419619098572651e-02
6.135622398721972681e-01 6.226900907609349556e-01 -4.154772927983442776e-01
2.048345613514435115e+00 -1.497833586750254853e-01 2.545444246936683363e-01
-1.049291583247601967e+00 -1.760962050886865082e+00 1.357403199482507331e-02
6.103505110043707660e-01 2.222874398299144461e-01 -1.140169036654488238e-01
-1.456107330437770742e+00 -4.688150410061583950e-01 -8.355244097951173288e-01
4.478589098584430661e-01 -4.800920579955823553e-01 1.822508779168669824e+00
1.177667317717102646e+00 -1.499463450294193090e-01 -7.601601559525129614e-01
-3.832402233195809083e-01 1.436914675349791670e+00 1.189329332638904280e+00
-8.519329126238192051e-01 8.360619747627049403e-01 -2.742796056605991128e-01
3.167214021473369279e+00 2.325036801444151924e-01 -2.208548710540268190e-01
1.034706890047507377e+00 7.557358191088934252e-01 1.249101214813812755e+00
-1.906033027216206488e+00 -1.833118971343333792e+00 -1.040220401707665776e-01
9.232518501083020190e-01 1.444538936852007183e+00 -3.267828127021025209e-01
-5.170815247091959943e-01 -8.517866682470289774e-01 1.588493994918956653e-01
-4.618730491557628826e-01 -8.727111845244605037e-01 -3.334964768533275059e-01
-1.143640253789254935e+00 1.639655944134745802e-01 3.740623372844819605e-01
1.310782124466150611e+00 4.335564647974793351e-01 -1.267370599584612123e-01
9.854779277905086898e-01 1.357931075972446111e+00 8.113094727552055963e-01
-6.393935043854664935e-01 6.509478232134008335e-01 -1.937839566350904597e-01
8.590733254265215946e-01 1.184560217431249868e-02 1.600788908367576591e+00
-2.894251773491521296e-03 6.078436226191684666e-01 -9.644813178650084584e-01
9.509081362817426442e-01 -7.124014962954730024e-01 9.248532174326755673e-01
7.130501990691978653e-01 -2.486629109144880279e-01 -1.131802387828126921e+00
1.033120347525033456e+00 -1.698719453134207857e-01 -4.044812050416792260e-01
-2.509650598823475742e-01 -7.694196587895648642e-01 -4.782630103213806327e-01
5.685536238282551391e-02 1.331178143881902365e+00 1.067062399038124498e+00
-5.095626820431938819e-01 -2.527143241248525629e-01 -1.150583287545275502e+00
4.124781274683901322e-01 -1.336105127779712687e+00 -1.508568734303460945e-01
-4.156657010517458284e-01 -1.145946264378385093e+00 1.164676679147069294e+00
1.759875119642126284e+00 -1.594837313977367277e+00 2.035423908870298559e-01
1.127784114182851516e+00 -3.468950698658588294e-01 4.833931114485331970e-01
-2.088481910079590664e-01 9.906398584154435527e-01 2.073549366604221511e-02
8.329561266541681830e-01 -2.002132653107617788e-01 3.388623036413259543e-02
1.772070267318324843e+00 -6.702903712753026655e-01 1.540111941648373506e+00
1.198722410623546258e-01 1.299349979510284081e+00 -1.137994474739942863e+00
-5.476321778909206683e-01 -9.305421755913955151e-01 4.685795736835631220e-01
4.624155147105316055e-01 -4.298204386722016546e-01 8.288033031430706021e-01
-1.084733356279815597e+00 4.263683187859163004e-01 -1.723268994317241232e+00
-1.298079197273502849e+00 -4.755409127710008010e-01 -1.843725516607493065e+00
-2.733125794533217134e-01 4.589293567383393446e-01 -4.999574862443009055e-02
-1.214587324421172454e+00 3.256756594650135894e-01 -1.184670448547737731e+00
-1.363973227243527653e+00 5.892144485799934994e-01 -1.082302085791739810e+00
1.720861937894687943e-01 1.280600730890873451e-01 1.593626642702466123e+00
3.823165087198241441e-01 2.283913123001664047e+00 1.613232008600075318e+00
6.381121931289107652e-01 -2.740162271777649150e-01 6.622470963482285367e-02
-2.132014898222148513e+00 1.342538240844060482e+00 7.756268815164043540e-01
3.784752178078747836e-02 -8.988851455432166349e-01 -2.457503155259004729e-02
1.164388304278125341e+00 -1.749049538672249049e-01 1.158183570755568104e+00
5.822104261844954776e-01 -5.847954336249872043e-01 -2.286903717554603643e-01
-1.146617959803447828e+00 -1.223140717904961372e+00 3.309391023075999305e-01
1.153604211324294804e+00 -3.540453587373075250e-01 9.684905421158575001e-01
-7.050026754816980379e-01 -5.104363065117286657e-01 6.190550568753618865e-01
-3.339996292764015329e-01 -1.168209836669087676e-01 -4.058932153688760147e-01
-1.399220400501151484e+00 1.239528387871479564e+00 1.555553685873022340e+00
1.400865656518463176e+00 8.814500648027104313e-02 -1.380698516886388338e-01
1.660498416156781953e+00 -7.197059670483683114e-01 -1.680171394153834319e+00
-5.245258365584498650e-01 -1.058413346208876282e+00 2.011795311812801870e-02
3.829776960795102658e-01 -1.458747802669117188e+00 2.143410402337100784e+00
-4.721920265635811548e-02 3.101008889510555311e-01 -1.080579780571739423e+00
1.122521299619561735e-01 5.653282387292792865e-01 -1.894581123730729177e-01
-9.212148201200249797e-01 1.419091974342273910e-01 1.179877708209616127e+00
1.772156640931040306e+00 -8.283993426638540658e-01 -9.914602582782985341e-01
-8.176964216667489405e-01 -8.315140312156822366e-01 -9.734004036704198004e-01
1.352623589238924451e+00 2.138081752968245264e-01 -6.273874501702927375e-01
-2.445070038767109266e-01 2.319298725513078419e-01 6.956705882031183341e-01
-1.181881265386452579e-01 -5.155381790354313098e-01 8.516075076719694659e-01
1.370818474179217983e+00 -8.810768797052624668e-02 6.196111457913626719e-01
-2.165710673640142137e+00 -1.557739739818448377e-01 -1.254441355764955635e+00
1.018736168513654089e-01 1.376252145843953389e+00 1.151306776342006621e+00
4.668092394539665180e-01 2.738847949398205639e+00 -1.081671509541489717e+00
2.453364299763539369e-01 -1.835129720794486941e-01 -2.855119272134334363e+00
-2.407977089230560086e+00 -2.014415554024771460e+00 -8.843326688161371463e-01
6.057637730326428382e-01 8.620340009920013369e-01 1.378332801931049678e+00
1.259617438659089483e+00 1.882258980588223662e-01 5.068202652361581961e-01
-1.098710913363767638e-01 -1.051651968697628448e+00 -6.564700586006648741e-01
-4.316789530585540824e-01 8.351992724376776644e-01 -4.493077014326826157e-01
1.046248721736692033e+00 1.492798552230155396e-01 -7.423856655885672229e-01
-6.086461399636002856e-01 -1.982753334505438003e+00 6.801272170131048567e-01
2.034039744364411373e+00 8.475961369327467132e-01 4.549211642381995602e-01
2.068966701769957339e+00 -4.626256470105400420e-01 8.221982468295111479e-01
-7.089481535191410888e-01 1.409024196473702140e-01 -9.819357797447132441e-01
1.246111721815362117e+00 -1.088213645754641856e+00 4.775049417922782036e-01
1.581343660055554642e-02 -1.586838551751234894e+00 6.822083767980238189e-01
6.768246310314377512e-01 -6.119039911498683759e-01 6.583321296874170558e-01
-1.009618003336133052e+00 6.267263206640627526e-01 -6.145870147318968080e-01
7.378852894165173204e-01 -1.003359581402224032e+00 7.278119551578506874e-01
-6.022562987240972499e-01 -1.381394057652373775e+00 -1.962433275127922316e+00
-1.061236980704745037e+00 4.257020878143341625e-01 1.812549559088361351e+00
-7.448377979207506661e-01 8.849426159645275014e-01 -5.866409083899948307e-01
1.676182837733274367e+00 -8.156439532008128435e-01 8.951712541320530070e-01
