6.836917315192890499e+01 -1.126139936594994282e+02 -1.320266431610285229e-01
-6.901652629061705113e+01 -1.119403715297381581e+02 6.199479594675114417e-04
6.841830893249537837e+01 1.122817271138103763e+02 1.491700022919003332e-01
-6.857824468509157612e+01 1.129508330427344447e+02 1.041839045454542034e-01
-5.952363656564366862e-02 7.113748560543467647e+01 -1.143758243629340043e+01
1.405955482402157508e-01 -7.078576906752734033e+01 -1.145275023216257892e+01
-1.409254535590011292e-01 7.082678893443110724e+01 1.155958312688278333e+01
6.575090248384225788e-02 -7.088124388210167126e+01 1.158469461443353410e+01
-1.120661877558197403e+02 4.938882007259128015e-02 6.517464966502041435e+00
-1.121310135982533893e+02 -7.134152241100510938e-02 -6.824520642997970121e+00
1.124043609924198392e+02 2.781265104865823096e-02 6.670911820661133085e+00
1.123588702516975388e+02 -3.606826288175323802e-01 -6.573568505169850695e+00
-7.794672793630756658e-02 -1.312083919149396536e+02 1.019954505248269888e-01
-4.309388980727491547e-01 1.311808626678463554e+02 2.109725594982523045e-01
4.171963171715074026e+01 1.062404309635259949e+02 -6.433438396261656145e+00
-4.217910837524193823e+01 1.063886287156154111e+02 -6.173619412098823922e+00
4.184416897877355268e+01 -1.067586243015867069e+02 -6.510540830834710135e+00
-4.205605344043592453e+01 -1.064509550157559516e+02 -6.566226665852744837e+00
1.169963605107982724e-01 5.593214394876686590e-01 -1.325393062952919898e+01
4.190901290713501481e+01 1.063380705478744659e+02 6.351936654550305761e+00
-4.207155473949386959e+01 1.063462818220796891e+02 6.143197581022064035e+00
4.151271962323011167e+01 -1.063835788256295842e+02 6.191734120618701098e+00
-4.240077613375466825e+01 -1.063893832887671209e+02 6.554067394182570894e+00
1.271408276191111908e-01 -1.137562928149953440e-01 1.354595489040153566e+01
-1.079443755378232055e+02 -6.442823727129172084e+01 4.251462359377664590e+00
-1.077911237145343080e+02 6.511483670159205417e+01 4.519628252781944688e+00
-6.669800516628751552e+01 4.107147079518850319e+01 1.067402952868966537e+01
-6.642480946957709875e+01 -4.112677836675131715e+01 1.050994597088516436e+01
-1.077685113190653681e+02 -6.474278753534673569e+01 -4.303815556974330825e+00
-1.077401283400240288e+02 6.512281089800696066e+01 -4.380926917168474155e+00
-6.680017171398471021e+01 4.100114767551130512e+01 -1.074029778037573557e+01
-6.629566753202885820e+01 -4.117681505874264758e+01 -1.057222572128605620e+01
-1.320301954948766081e+02 -1.450849198250731831e-01 2.675636132756387814e-02
1.079162825134883832e+02 -6.501266440145616343e+01 4.339730278977103062e+00
1.077748875151436607e+02 6.462382242229017493e+01 4.356202582711143911e+00
6.668734112662222913e+01 4.125708693585979603e+01 1.066613277711699048e+01
6.663455234308688091e+01 -4.090689042256101260e+01 1.043911834653272130e+01
1.077174279941024935e+02 -6.485585491364517452e+01 -4.264236325254192828e+00
1.076517416298653984e+02 6.508493900344790006e+01 -4.180573609135853630e+00
6.681821141640206463e+01 4.071749259036324986e+01 -1.048148247284206036e+01
6.645125115130745996e+01 -4.128970984199236227e+01 -1.043112365006628472e+01
1.323115691756533465e+02 2.771858592686488043e-02 4.989159529126756948e-02
3.606736295452251539e+01 -1.256443804350131472e+02 1.823404629666732640e-02
-3.545181963373227063e+01 -1.257533281877302898e+02 -6.664008696588762104e-02
3.599681104644345453e+01 1.255249723594748019e+02 -1.638305260827507825e-01
-3.684655790395180475e+01 1.253727367372519694e+02 -5.662555198349299157e-02
5.765962285425661094e+01 1.128327154805395622e+02 -2.903981105917483596e+00
2.179555516257268621e+01 9.241319608966824717e+01 -9.204137836068008838e+00
2.179151043559605228e+01 1.244226325740775962e+02 -3.616978888341771281e+00
-5.768560781255401793e+01 1.129444321260051112e+02 -2.712657326549680281e+00
-2.183936664017227613e+01 9.260499004714985460e+01 -9.246407449259468336e+00
-2.213958443909917406e+01 1.246104298611291341e+02 -3.585200861693659480e+00
-1.609137135424453802e-01 1.126651236830329736e+02 -6.952667748123729119e+00
5.781515555281070817e+01 -1.128998342589121933e+02 -2.832716848027530876e+00
2.201470401451394920e+01 -9.242668503540967606e+01 -9.227344806156770218e+00
2.190389752845437954e+01 -1.247323544674921862e+02 -3.633544854738653296e+00
-5.832121061371877602e+01 -1.124731759247945035e+02 -3.217924167743760666e+00
-2.171372488316881544e+01 -9.243472034914285018e+01 -9.284844271489596679e+00
-2.194894398260793267e+01 -1.248727537548869009e+02 -3.556594709289400580e+00
-1.798630064422708785e-01 -1.127604264934559666e+02 -6.967315034462789214e+00
-6.410031814824269925e-02 3.793657728462041945e+01 -1.300962033961556585e+01
-1.393799606528346897e-03 -3.724827386538573393e+01 -1.316147573563716655e+01
5.782640856768363591e+01 1.129090132248933287e+02 2.748968199726819606e+00
2.178629208036049292e+01 9.250212989017391862e+01 9.193441422465426172e+00
2.180504819387644133e+01 1.246048473119039812e+02 3.384917984146618597e+00
-5.801764485122950532e+01 1.129022971669324278e+02 2.919046763093628094e+00
-2.184260416034306829e+01 9.251239306428722386e+01 9.182443103376854765e+00
-2.204971345359184198e+01 1.248334409871370951e+02 3.537757464074287928e+00
-3.725405224651678893e-01 1.128461034071290499e+02 7.001988664127672735e+00
5.749508938603499786e+01 -1.127420471733694711e+02 2.903774591948656170e+00
2.200302642642207118e+01 -9.236568917443757698e+01 9.174340500098123741e+00
2.173961233906176815e+01 -1.247369836165729851e+02 3.549009288132581652e+00
-5.818785294445964951e+01 -1.126824748052573284e+02 3.232506615147860085e+00
-2.149686540932009748e+01 -9.263450584287582501e+01 9.230736650341500038e+00
-2.212391860240530050e+01 -1.244708887714175773e+02 3.663563967886794170e+00
-1.117152646185410186e-01 -1.128694092906097097e+02 6.948922773746702752e+00
-1.940399434349580898e-01 3.772719135057295148e+01 1.314363519597300467e+01
2.051359011647960195e-01 -3.748812856045477560e+01 1.304608900672134730e+01
-9.204666239206959233e+01 -9.284507269932005613e+01 2.008170103708456722e+00
-1.132183911663712479e+02 -3.392702467085651108e+01 5.441927883097723573e+00
-8.015389210065151815e+01 -8.952146214964643889e+01 5.598410015634590842e+00
-9.062232918476546217e+01 9.464456477719339489e+01 2.059955282919612163e+00
-1.135497486336068818e+02 3.400850542510113428e+01 5.546935080628940362e+00
-8.046431216832800715e+01 8.972188427006187794e+01 5.790669106657072795e+00
-3.596874081760338271e+01 5.930725022027925775e+01 1.171588591045813033e+01
-9.235373753052121515e+01 2.064475245528244329e+01 8.705967046496294159e+00
-5.802457864190932213e+01 7.848850795422382021e+01 9.119302282227135237e+00
-3.408559022204872235e+01 2.251093252169367531e+01 1.276185848858705008e+01
-9.156893543671857572e+01 5.497298158135109958e+01 7.273520657813961066e+00
-3.592629930562473817e+01 -5.930056677526184927e+01 1.174493751438647848e+01
-9.230030403748028789e+01 -2.080390728657312138e+01 8.745969089713719669e+00
-5.762931490314800698e+01 -7.849743833828931372e+01 9.326679512888375712e+00
-3.407832553379882512e+01 -2.254911364940562990e+01 1.263680491622959146e+01
-9.119205902336560143e+01 -5.512816156510739063e+01 7.387749558462145316e+00
-6.844581105621421102e+01 2.751075263570711485e-02 1.095120618189104889e+01
-9.164863976929477474e+01 -9.302433236842581721e+01 -1.879109796225643558e+00
-1.134784937797305560e+02 -3.404243756125401177e+01 -5.471071145600335583e+00
-8.030598408018128964e+01 -8.962628520128752996e+01 -5.598537018565769685e+00
-1.104165899223323777e+02 -7.254770019536748293e+01 3.438400694898756660e-01
-9.079661546030705210e+01 9.426153792771390272e+01 -1.853651041277865508e+00
-1.135409284912487493e+02 3.391269909579952468e+01 -5.733967054227870008e+00
-8.049479879356157142e+01 8.977986062046377924e+01 -5.643458083793624347e+00
-1.095362056474654935e+02 7.389626461880469321e+01 -7.205565547993381288e-03
-3.627290180180371948e+01 5.962224932564482316e+01 -1.182821258006167042e+01
-9.250089156776888899e+01 2.086840494486291675e+01 -8.869410228056512580e+00
-5.830001578660816364e+01 7.845861632520534101e+01 -9.297792679745409572e+00
-3.405991416432547680e+01 2.287301834022555269e+01 -1.262685109746634815e+01
-9.160567447475588665e+01 5.517826177150202938e+01 -7.510999359246817164e+00
-3.548156435219724614e+01 -5.938010659869758001e+01 -1.146531934195035696e+01
-9.240806257341250785e+01 -2.096231691592057800e+01 -8.772924656551978728e+00
-5.759854957997023917e+01 -7.851836598007214718e+01 -9.097880853683614433e+00
-3.403452850251496642e+01 -2.222987696293988336e+01 -1.275107457756321239e+01
-9.135046165591458589e+01 -5.494028580533166917e+01 -7.594688385980350454e+00
-6.863018818273732791e+01 -1.320182807119391621e-01 -1.072515329718173405e+01
-1.266764779563884815e+02 7.250600666607156901e-03 3.205489286763050227e+00
-1.266647958633917597e+02 2.627590710038286148e-01 -3.314091090954631724e+00
-1.255824348110825355e+02 -3.339505303894308952e+01 2.301248759381667508e+00
-1.254715779887754081e+02 3.353357938662706061e+01 2.521647296041613640e+00
-1.254908881580417699e+02 -3.312830417176684250e+01 -2.130075487125428602e+00
-1.254868915072667477e+02 3.378493222188575373e+01 -2.424717859536899667e+00
9.083701471779184544e+01 -9.374833758107497772e+01 1.963958467211289083e+00
1.138798940538583508e+02 -3.354445992042563063e+01 5.782860462275572822e+00
7.982694376438728057e+01 -8.949255024351951704e+01 5.699733197326056100e+00
9.105107633235056142e+01 9.363776902034348382e+01 1.927131359079919504e+00
1.139944915606785116e+02 3.370485082080143258e+01 5.576511206943243870e+00
8.013631696685455097e+01 8.945579865094951799e+01 5.686379241237142779e+00
3.579067083028611762e+01 5.938084314247061002e+01 1.180429631406347291e+01
9.252963936332530182e+01 2.077011362850366183e+01 8.856967397272716980e+00
5.793572994656808106e+01 7.813982266653891884e+01 9.292555092409639173e+00
3.387490381642989234e+01 2.261640054893923590e+01 1.261938997681767027e+01
9.175851128236779175e+01 5.487798451986348880e+01 7.429667290566178472e+00
3.585187068024508505e+01 -5.948357474496941677e+01 1.173795707489442997e+01
9.255748413894994542e+01 -2.063706464873949997e+01 8.960802323297848204e+00
5.810661820449914927e+01 -7.817213415405451826e+01 9.200790223620405328e+00
3.440287442753731284e+01 -2.250057142751931849e+01 1.271165946287423942e+01
9.206786923970295788e+01 -5.471375983762771256e+01 7.404950549408677141e+00
6.862115717885588140e+01 2.862513489350456686e-01 1.104821437069262835e+01
9.087414742915643728e+01 -9.353664061613230274e+01 -1.817927328589057367e+00
1.136845874316654061e+02 -3.369937741231397865e+01 -5.657994057527813148e+00
8.034094244857945455e+01 -8.961287636714637017e+01 -5.517215893951972205e+00
1.095420865130277832e+02 -7.399047038353218397e+01 -1.119810816708538825e-01
9.130270479480518020e+01 9.314132793686961520e+01 -1.939554621565493298e+00
1.137588088527497803e+02 3.368618406670333343e+01 -5.508718582341204595e+00
7.972713501178905915e+01 8.987733887842523473e+01 -5.719806682225391903e+00
1.099830910409065439e+02 7.327670188415007146e+01 -3.164481231188843308e-02
3.611390485759504543e+01 5.939772615975800107e+01 -1.182081729960142447e+01
9.270738838906841295e+01 2.059979370487540962e+01 -8.856621947224336822e+00
5.810220108354948110e+01 7.811933651056152428e+01 -9.354388239766771918e+00
3.410955489822136855e+01 2.272236674463121275e+01 -1.276892144850164357e+01
9.175989401268724066e+01 5.487207509681719841e+01 -7.579804841848738484e+00
3.581230035134905165e+01 -5.944961293002501179e+01 -1.190615105011274366e+01
9.229626827128176103e+01 -2.082738720500492846e+01 -8.797815304924997193e+00
5.792008065875445055e+01 -7.859359355799517743e+01 -9.200808533594610594e+00
3.396976846568661301e+01 -2.218183400476197775e+01 -1.266797363912858998e+01
9.157866161019293827e+01 -5.502820292317814221e+01 -7.277948413604081956e+00
6.870588703159214106e+01 -2.599832434768669098e-01 -1.095977247268111121e+01
1.270027682826478781e+02 -6.986104650601377385e-03 3.406047943839152659e+00
1.270809605409843073e+02 1.185105897117375989e-01 -3.409629053827660794e+00
1.256453654673514393e+02 -3.370058670547705049e+01 2.353562277546001891e+00
1.256087383415976717e+02 3.379925236657884113e+01 2.572612399397463001e+00
1.257183536364914005e+02 -3.371532128922499538e+01 -2.450809110762845577e+00
1.257944274394276931e+02 3.409711833598156261e+01 -2.297986037716427177e+00
