1.689743071630871230e+00 1.315182678326624721e+00 -4.900822983701657032e-01
-5.139484281357527967e-02 1.606863808403534693e-03 -1.320661029646642004e-01
7.352739986119943838e-01 -5.906858952648056382e-01 1.426133528200240752e+00
6.627419935426567266e-01 -5.924270261505626411e-01 -4.694258236206302892e-01
-5.252893869709296393e-01 4.138989980310058270e-01 -4.567151797947832659e-01
1.921385502867942963e+00 -9.273017380833709078e-01 -1.198397726851210487e+00
1.006479946535156822e+00 -1.519831603661830011e+00 -7.085264413328516975e-01
4.603359697481533286e-01 -2.019795710371053155e-01 -4.707414436716086392e-01
-1.157747198244442943e+00 2.143607089596443416e+00 -3.962437876250025637e-01
1.061400817461836565e+00 5.757848238331668700e-01 1.336958296727693396e+00
-1.873503191390483158e-01 9.449857370121439448e-01 -1.489224373435800164e+00
2.314585347360433865e-01 -1.168724449053346603e+00 6.320839259809106492e-02
-9.725692253640494389e-01 -7.545784730164214471e-01 -8.341024849176466027e-01
8.985976548196461522e-01 1.560108452809992219e+00 1.030848538272551851e+00
8.033093811322293831e-01 4.096548347195768658e-01 1.380590100394680997e+00
-1.885072034273317099e-01 -8.859295708376818679e-01 -3.666127618067135940e-01
2.115477278758090551e-01 6.371350876262255047e-01 -8.990342173372796175e-01
6.035388477367004123e-01 1.480744332080214720e+00 4.342154050954920019e-01
-9.476590726575950807e-01 7.791243973386926536e-01 2.731932825128919440e+00
7.450372161983543906e-01 -4.487203027118056853e-01 -1.439283846621533525e-01
-1.116980942275200617e+00 2.205939545546363456e-01 -1.963234846126269861e+00
5.174137870929856539e-03 -1.152801163107164628e+00 9.533608223549733252e-02
1.587261905185777922e+00 -3.128499991956916748e-01 -4.269855675643829396e-01
-1.273381626046406589e+00 -8.367156642935460464e-01 4.494775534071255851e-01
-1.091015963770328584e-01 -1.884425395915214629e+00 -1.379121500782740650e-01
-4.817119186027810085e-01 -1.161628064311365005e+00 1.900126025995995949e-01
6.471417780486613536e-01 1.156320064350740084e+00 -7.897054804066091505e-01
-4.494556161376740966e-01 -1.817308276470005923e+00 -1.042658282305801265e+00
5.475957763978923643e-01 2.507317367440871705e-02 -3.173582314496648515e-01
1.792345087956323801e-01 -5.320643569386650507e-01 -6.028685561381135205e-01
5.913622378389292722e-01 4.912919180545294306e-01 -8.621315456436942082e-01
-1.753356573100459892e+00 -1.007289893863604568e+00 6.590551161596436280e-01
-5.708009630088839437e-01 -2.255034564284354726e-01 1.171390157954828593e-01
-1.606784918303207771e-02 -4.989713107007215931e-01 -2.940460838453811565e+00
-1.729197546917476069e+00 -2.781461729760556501e-01 -5.275695207699785394e-01
2.539248659531044172e+00 1.827905785879951450e+00 -5.740622848125966904e-01
3.930549039639182340e-01 -1.079691006347975213e+00 -2.892687081795952686e-01
-1.134035162156895371e+00 6.995872904517835833e-02 -1.234768054268511772e+00
5.214815048973036049e-01 -1.807874423414157494e+00 -2.954437936906942896e-01
2.447795717148806560e-01 -2.278410951748478241e-01 -5.486026122211021816e-01
-1.325907025623260325e-03 -1.037230383254261312e+00 -4.270931540805208981e-01
-9.272085226782545986e-01 6.314061728121090900e-01 1.642350775576189026e+00
-1.525143012843894086e+00 -6.783296585231074483e-01 3.606125424030376947e-01
-2.115864003620089306e+00 -3.355928365184042694e-01 8.115666738398259472e-01
-7.411465738975984152e-01 -6.822574625371586876e-01 4.868502146223683269e-01
-8.948907362994509285e-01 -3.810841156826902942e-01 5.948934126122707999e-01
-8.041690511927684915e-01 -3.304089327079038352e-01 -2.204912196453113343e-02
2.542573741909521789e-01 7.897250207146201406e-01 -6.580642610694663608e-01
8.476955611425759929e-02 -1.469099430152673413e+00 -2.053521448904411351e+00
-7.505274850018812671e-01 -6.914807263425608586e-01 2.335313994086644918e-01
-4.683937957720533951e-02 -5.373349617010251267e-01 -4.881201647793775855e-01
1.870268431575192070e+00 7.889283078017620410e-01 -4.354484103707133569e-01
9.263297264717477164e-01 5.435088620290684513e-01 -4.267730224938381389e-01
-1.429758909421527058e+00 7.259898964065057969e-01 -4.684613994016532945e-02
2.152607224846900813e-01 2.093055204676247616e+00 1.578051181514224188e+00
-8.151219851781918990e-01 2.945557358995760655e-01 7.739135873209688210e-01
6.135478158695485407e-01 -5.726055433435700559e-01 -2.029598476049927935e+00
-6.333113938343252203e-01 -9.485818993128859455e-01 1.417853864902399286e+00
1.215995517817922700e+00 3.286331807575836317e-01 -4.646141143875994750e-01
-1.015337100604280396e+00 -3.051049701735654082e-03 -2.248685842432031901e-01
6.584528107007322495e-01 -1.234809272099153948e-01 -6.771714655301577790e-02
-9.754455983803589358e-01 -8.813746614672720581e-01 4.850181933358243547e-01
-7.843435677482436530e-01 -6.403413344103813243e-01 9.384461787047091441e-01
-1.073096777662523982e+00 -2.530202067604948035e-01 -1.129393774435886622e+00
1.375840184317101700e-01 7.235057722756618181e-01 -3.885108978995303192e-02
1.750940466266713846e+00 -4.910795021874420074e-01 1.487928047732709480e+00
2.985831280943590293e+00 1.097025115056383227e+00 1.210364271493845845e+00
3.874735017686729011e-01 -3.971287958887321778e-01 9.567835386971678124e-01
-3.757707800257610864e-01 1.731614951155543147e-01 4.830047907031376209e-01
5.157364082550355278e-01 -1.427029556967333690e+00 5.982098973721590163e-01
-1.293428510138027399e+00 -5.986171338736803182e-01 2.050999440037816868e+00
-1.254775553496526141e+00 1.654665483381327462e+00 1.469313330092260728e+00
3.510760995020384412e-01 -1.476350726614329201e+00 3.057937366276057209e-02
7.434232137295391230e-01 4.350732476455310138e-01 -7.132248038747658336e-01
-1.051721176068915797e+00 -4.242644698062479347e-01 -6.732956213911664989e-01
1.257583340499266233e+00 -5.506210977805608975e-01 -4.741119706809508449e-01
6.143307824725721122e-01 1.113328481251138813e+00 -5.873435889296377832e-01
-9.451478602608329727e-01 2.138193727303550618e-01 -2.224505589611083421e-04
-8.493834623805639472e-01 1.480713897745800089e-01 8.269369313247303399e-01
-5.558685864426045342e-03 -2.345449967432897131e-01 -8.578032582725453326e-01
2.346865536209743475e+00 1.862221732067883551e-01 5.657787740500621609e-01
-7.699193263660556452e-01 -7.933475089586887463e-02 -6.014301959228585126e-01
1.837562367540129582e+00 -2.344183667817779648e-01 9.276102724891903684e-01
-7.528265541521865778e-01 -1.005550602780354241e+00 8.159591103611688045e-02
1.687398048690254670e+00 1.165794580057786911e+00 -1.404917742238677159e+00
-1.119960289093684835e+00 -1.126163478025310472e+00 1.485571678087360958e-01
-8.185099458350210133e-01 6.629514128092102165e-01 1.471033534855006319e+00
5.352440630048891368e-01 2.740393030736365532e-01 -1.872266432238798781e-02
-1.550471399277519591e-01 -9.024442262804347470e-01 3.730952877094059206e-01
2.786210568989898051e-01 2.679789654981223346e-01 4.176929244719048695e-01
9.448661607248467487e-01 -2.882564277489968463e-01 -3.721984876094426853e-01
9.589234817751743356e-02 -3.303089733639910097e-01 1.735463485353067714e+00
8.812096287468809130e-01 -4.256482565283491448e-01 9.634343036762358370e-01
-2.255235052618180872e-02 9.912030498678335855e-01 -1.217618315476870716e+00
-1.689925230299309522e+00 -3.950625552214479530e-01 -4.538898468404448661e-01
4.684916215164702247e-01 6.320235260840465497e-01 -5.079794445355079180e-01
1.245794187491336080e+00 3.586418857639367408e-01 1.019405175438639510e+00
-7.256687955924905342e-01 4.780108769240726807e-01 -1.003266600489259419e+00
1.162720043754250865e+00 3.667617683570234544e-02 6.879657682499951132e-01
6.443785204898994090e-01 4.388158306454794655e-01 -1.869544511152456234e+00
7.298781406778903635e-01 -9.128437319595764099e-02 3.900281683875818639e-01
-1.570639853428765553e+00 -8.109192048238369477e-01 3.040553638169828932e-01
1.898618888288543527e+00 -1.240737206564582751e+00 -3.072170003074545797e-01
-1.267887297698240934e+00 1.952419125428417779e+00 3.464703387519790789e-01
-6.296064761391956255e-02 -2.461703069200716631e-01 1.764783772553792929e+00
7.710118923967110849e-01 1.384340295678161414e+00 2.773721236887033079e-02
1.027803716608661100e+00 1.807560741295995310e+00 4.304420376981017982e-01
-1.753394140083618602e+00 1.342218653461058508e+00 -1.808078689978292797e+00
3.332974794299062848e-01 1.245851004092216385e+00 1.080146344569276051e+00
3.551753945279824132e-01 -5.728540145393506977e-01 5.177986332899856547e-01
-1.380498771593845042e+00 3.572812626777963629e-01 -1.076039497812167456e+00
8.994588516263218869e-01 3.156935934175448266e-01 -9.067244498951331222e-01
6.778844292660239912e-01 -1.819408143605959260e+00 2.005998481070835233e-03
1.540036832783749698e+00 1.286578615396642977e+00 -2.444553145353806356e-01
8.303933293049555742e-01 -1.018998587610093987e+00 -3.161940252160471143e-01
1.109546030831909835e+00 -3.992395317242881103e-01 1.938362896456341966e+00
-1.469126140760965260e+00 4.739311427119203834e-01 -3.932493217696586552e-02
9.689096603100444405e-01 1.291390633847214975e+00 -1.108207281881208983e+00
-4.164024333752879836e-01 7.871544334896016792e-01 -4.320469179583062980e-01
-2.660570868658793109e-01 4.983346679333434115e-01 -4.034590351944559727e-01
1.402673985806715873e+00 -4.563087135228966473e-01 -1.550912907987255673e+00
6.155382268217780561e-01 -1.029217348019785927e+00 3.617341611887872621e-01
-9.757207882653211595e-01 2.890616969936471992e-01 6.052395377654149478e-01
-3.070475783578496265e-01 4.415472568827161215e-01 -6.991951340850072194e-02
-2.394479055942553836e-01 -1.283697800169886882e+00 2.006431430528420989e+00
1.038989845431975700e+00 -4.601021337009565948e-01 -2.661850521634675282e+00
4.154462164165284577e-01 1.784491905389903099e+00 -9.436358492854577396e-01
-1.200610204131168812e+00 -6.895909532501923178e-02 -2.945983896361801246e-01
9.690354780992249673e-01 7.042019170624362612e-02 -7.214610514472598046e-01
8.037510914616670388e-02 1.478547410732640399e+00 -8.564165368653728350e-02
-1.196311228182997288e+00 4.299650321264576469e-01 3.471518675827242051e-01
-1.349679265823959806e-01 -2.293077640202520751e-01 5.439321457020299677e-01
-3.820864522552707143e-01 8.574011152930350876e-01 -7.963113642653452118e-01
-6.475731600292109480e-01 1.518404418828787517e+00 -9.833481326706503545e-01
3.702981357315679456e-01 4.059782881688239081e-04 -4.610282998391720954e-01
1.742406233630027779e-01 1.784009659825274596e+00 4.797645836179277867e-01
4.994359830469558559e-01 1.231082520286580939e+00 2.464658255196770786e-01
-8.896046497127831909e-01 7.639677948530052554e-01 -7.205931348605010278e-01
3.516211406142377704e-01 -5.580192369256353757e-01 9.269819673007104743e-01
-6.941875473054348600e-01 2.722772706735572812e-01 -1.183356851035406665e+00
1.566928956717772783e-02 -2.351646882847797659e+00 4.539148904505047044e-01
2.390490372887185688e-01 -7.434368358795145904e-01 1.095246319174043359e+00
9.600621716073253209e-01 -8.487422685514679488e-01 1.015414028834795923e+00
-8.731773455504308057e-01 6.004369687118855659e-01 -1.126447269201140244e+00
8.220969493805613260e-01 -3.864124207208702311e-01 -6.696364921176884977e-01
-4.920857422113652513e-01 6.564341362655656820e-01 -1.241695757433262381e-01
9.184476370127334643e-01 -9.541793799585706060e-01 -1.017613727852577421e+00
-3.391990899103463630e-01 -2.533761626644299159e-01 6.845313601586779928e-01
5.446352461370006504e-01 -2.295696362347138475e+00 3.319829596403457983e-01
-5.664380719700027322e-01 -1.105417708697883361e-01 -1.410887297000372298e+00
5.290069614106764906e-01 -1.607931224934506131e+00 7.917699652739448313e-01
1.166242432551765962e+00 5.248184166298975883e-01 2.293794509712268948e+00
9.025561862676515501e-01 1.157870078462791330e+00 1.293411319133258575e+00
9.078417720320773876e-01 -4.131591299408522988e-01 -1.176745414234733111e+00
-1.471975645218669415e+00 1.334737924054527403e+00 -8.227740767004805278e-01
-1.037676599813331046e+00 -1.656058013840747467e+00 1.493489256942071020e+00
5.181328712084734001e-01 4.014134145237063245e-01 -1.912944918813681117e+00
1.027741984213248028e+00 -1.384379148921462521e+00 -2.006313334167285356e-01
8.292481895266932135e-01 -3.767462282524785544e-01 -4.084514959034287740e-01
-3.227009918370404851e-02 5.691661355362284125e-01 3.437548027893165270e-01
1.047796171868501602e+00 -1.772416510538142642e+00 6.777656836034290366e-01
1.259800691309677090e+00 -2.248993877609302139e+00 -7.819311323019692006e-01
