1.486031365806334548e-01 9.296128089296190958e-03 -4.146806740638815658e-02
3.947238832523351781e-02 2.267927326313347036e-01 -2.387603074124121372e-02
7.543037095150424698e-02 5.139359308982067998e-02 -2.406758021471002568e-02
1.394920641765881875e-01 1.988560355688902548e-01 -1.039440557525502101e-01
1.048273094213978268e-01 4.001879752303336840e-02 2.715589073531538694e-02
2.675667634098252354e-02 4.000436397748261541e-01 -7.277220533535024016e-02
5.991211403724658324e-02 1.960620306863960216e-01 1.623612990357357899e-01
3.335629941552916561e-02 1.174014767806916548e-01 1.130077430777276931e-01
-4.594930503889287088e-02 4.842632676370100531e-01 8.161786277116397925e-02
-8.185417858338193964e-02 2.646920833557135921e-01 4.072763959522042176e-01
5.020134686193505197e-02 3.627894610587040214e-02 -1.641926927010649573e-01
1.717853910520880101e-01 2.087038117087767208e-01 -6.465908304828134334e-02
1.710885258174388648e-03 3.368664455888428777e-01 -1.770381625904016154e-01
-1.696770289528855974e-02 2.670917100751309392e-01 1.319262354907246859e-01
9.230677791752225914e-02 2.302323909825429449e-01 4.497230531948994137e-01
1.782745559458555062e-01 -5.352960037800023191e-02 1.293430377528641817e-01
1.118356497341630035e-01 1.316550467969517524e-01 1.107397893051033644e-01
1.450354043589882277e-02 5.282491685847547774e-02 -4.033342742312560625e-01
2.539482625410286465e-01 2.284177562328722211e-01 8.621381263022469266e-02
1.838974239053693671e-01 3.185052836875633120e-01 -4.931532754254347450e-02
1.847885798917256739e-01 1.549729479557510337e-01 -7.131810478022773681e-02
2.087364144032941571e-01 1.746160948042954283e-02 -3.744939772483343865e-02
9.977636777233958587e-02 3.103371228059006448e-01 -3.971392552464635822e-02
9.081428178441815213e-02 2.089042818348028352e-01 -1.728771577284094266e-02
5.891356445098608341e-02 3.087658058737343669e-01 3.878757963343381077e-01
2.270829388643614069e-02 4.110327258926856353e-01 2.358910537303383903e-01
6.269062480874670884e-02 1.139487094699099118e-01 -1.098030988845862949e-01
4.823715341094812065e-02 1.822467032769338122e-02 -7.611314807078008171e-02
3.361051892888832215e-01 1.084106581681447273e-01 -5.340063876648304397e-02
1.728647583610035399e-01 1.937722437564501077e-01 -2.377424658875764915e-02
5.261066628765334596e-02 8.883485053275788634e-02 -4.227521467445225639e-02
1.762529894536235542e-02 2.755184116663004223e-01 -1.394621297224436229e-01
-1.500159576555772090e-01 4.923917244274240296e-02 8.943519669741503697e-02
-2.208121488672881161e-01 -1.583306035881753837e-01 1.403395141441400595e-01
-1.004264810398403790e-01 -1.637543070043414872e-01 1.752055241395618912e-01
1.264427081758572879e-01 3.688469779878959520e-01 1.579190361550092958e-01
6.380923696146789670e-02 1.517675250206246829e-01 -2.791397987493374755e-01
1.410381762836441510e-01 1.735513025577817975e-02 -1.069216177955501501e-01
1.963176435116100182e-01 1.830740181902295594e-01 -1.202303869199645159e-01
-1.845301258726495253e-01 -5.000708102108716163e-02 -1.893334744156577668e-02
-5.862704361317720020e-02 -1.667556849229534788e-01 -1.464221075664804139e-01
8.942185961499505079e-03 -2.293755203485129401e-01 -1.461379693385663481e-01
-9.292919140901349795e-02 3.213639566521894753e-02 -2.518223447116661740e-02
-1.754202045044203628e-01 -8.777570837682024951e-02 1.451890435431331394e-01
-3.936916192800554715e-02 -1.091447083777032506e-01 -3.036853072267085493e-02
-1.577558088609231635e-01 -2.643995350498395264e-02 2.469475704318840892e-01
-1.627492118472020910e-01 -9.650211179333301192e-02 1.277477766780579782e-01
-2.185943403825154896e-01 -2.361949590535231819e-02 2.453277761274576252e-01
-6.745785812722583652e-02 -1.503275859462904207e-01 1.461360764904373055e-01
4.274753647676381337e-03 -1.027313787234467868e-01 2.712521811460701371e-01
1.510152250899781390e-01 3.487042067181430616e-01 2.634436947187572264e-01
4.688548710478516318e-02 2.205486815725271887e-01 -8.520288795148622807e-02
6.451603244384583602e-02 2.026967407446672587e-01 -3.784919937223075320e-02
1.380244812152693970e-02 3.668445410223297731e-02 -2.475438528065040389e-01
1.140104504075597769e-01 8.813628769328479828e-02 -2.448549340511053593e-02
1.023505001611293985e-01 7.272123871372417059e-02 5.512524571955960268e-02
1.750855769297134934e-01 8.425675413958316762e-02 8.570296719328757140e-02
2.172550792296986180e-02 4.937052996055428522e-02 -2.697312023770402634e-02
7.878632477929375932e-02 8.882848062365296393e-02 1.489091166333263716e-01
-8.361557769524553818e-03 -1.878889482554852719e-01 -8.501577923965003558e-02
-1.482232073946574413e-01 -1.457550165804516462e-01 -1.125764521670023360e-01
-1.588563040678125649e-01 -2.338711804149875284e-01 1.610248354164701967e-01
-9.854246999277671559e-04 -3.279331445624016905e-01 1.822884604530005670e-01
-1.414105151095644830e-01 -2.414844715871716785e-01 3.920268912786435411e-01
1.422627206556320578e-01 1.656608998063551774e-01 2.901228276457527011e-01
1.316229912016986525e-01 6.275234990187075201e-01 -5.928632634706262027e-03
1.187259867514400963e-01 1.368007632733860557e-01 -5.700724098337803941e-02
-1.092314879477783995e-01 -3.293742324054253160e-03 -2.032589547114680983e-01
-4.060606797409128943e-02 -1.361296078022328215e-01 -1.516279983152506172e-01
4.263994720098419206e-02 -2.055781167562692191e-01 -2.853071710386235749e-01
9.644596971272825781e-02 2.657913869993026590e-01 1.433750326344745141e-01
-8.163342925384871329e-02 -5.909884118125348362e-02 -2.280403447738800216e-01
1.650271869469954189e-01 1.904217375316538674e-01 -3.831939730661137328e-02
-8.017071862147008565e-02 -3.892392799952645865e-02 5.254863740218861795e-02
-4.839007258442069859e-02 -1.025382860955570581e-02 -1.265327005811353878e-01
-1.129068391001421395e-01 -1.346499829332701015e-01 1.190461187763154766e-01
-5.966352082678316737e-02 -2.349824868084623986e-02 5.282726762191892328e-02
-5.722802156707129662e-02 -2.700010030249975768e-01 8.475926131570904465e-02
-1.113106127835044451e-01 -6.411439523114297219e-03 2.080293188126169091e-01
-9.523736638562214918e-02 1.686379794901571305e-01 1.328895379002066890e-01
-6.254238522234654984e-02 -2.019889896369565785e-01 1.985057359662203147e-01
-1.120624222450457841e-01 -2.598795367647801502e-01 2.097702227851777901e-01
1.895113954622082153e-01 2.838833975450837377e-01 3.578859611340172442e-02
6.946776204176931258e-02 1.982713251428992463e-01 1.326337873650873522e-01
-1.251274555676623046e-01 -1.579099219154222467e-01 -1.641557769191461791e-01
-3.118217550413016070e-01 -1.188386282560907614e-01 -1.345067467656662075e-01
-2.465715295897271675e-01 -2.569909201322067571e-01 -2.414114898312179000e-02
6.430749764612769814e-02 6.052402127156586431e-02 -1.526220509686468108e-01
-2.541116712287384005e-01 -8.805661169501283192e-02 -1.677278147233237510e-02
-6.002936041136573697e-03 1.973772740644409163e-01 8.253755529782237643e-02
2.198503948614900505e-01 2.032556222511947286e-01 -2.958023428499715890e-01
-1.247733362444129052e-02 2.486969917909733485e-01 1.487974739233591526e-01
-9.139093628219666088e-02 -3.075856803576590415e-01 4.990030058939306373e-02
-3.827479312085715207e-02 1.690663132977693051e-01 5.464162924711760683e-01
7.823599859705951398e-02 -3.393931127941422488e-01 1.833520942831965428e-01
-2.301228754845086044e-02 -3.722537403757248953e-01 2.250420126592198589e-01
1.561507710440054354e-02 -6.034747927399873868e-01 2.857158821607683197e-01
1.209916522122160970e-01 2.744525426538347856e-01 1.484114228286750360e-02
-5.630032986798898242e-02 1.851704576177687356e-02 -2.966392275042555385e-02
-1.838816129015117817e-01 -2.029395890273054393e-01 -1.091541370962460927e-01
-4.313519727218271399e-02 -7.056888052524390442e-02 3.737947877479984998e-02
-2.768102112003613738e-02 -2.820759345582681335e-02 -5.463182103114409133e-02
-8.611316812965408296e-02 -1.885250299445932753e-01 8.618542671367680763e-02
-1.397011863867856363e-01 -1.648618665294097341e-01 1.903481448798358677e-01
-8.071686573333125558e-02 -3.851966138867025102e-01 8.953706795883713265e-02
-1.443912205611813104e-01 -3.366963103159991144e-01 3.665008176520944683e-01
-7.066247698102216812e-02 -6.556656639766732519e-01 2.322668700943848752e-01
-2.325920098515925002e-02 4.214153249559732251e-01 8.607874901652569355e-02
1.758486561394276282e-01 -7.334003296592768971e-03 6.942779023584082221e-02
-4.197598202763998254e-02 7.786802576346795596e-03 -5.234520035112801223e-04
2.003627093540797377e-01 1.129429271821422442e-01 5.100997339327909691e-02
7.197746743397752389e-02 -1.448827311990628641e-01 -1.655487999468740479e-01
-2.705550815223664932e-02 -1.219506539319218652e-01 -2.230362147913931836e-01
9.450643177874802625e-02 1.019826194228620614e-01 -3.470485773791476963e-02
1.743676027114084426e-01 2.213923230707376122e-01 -2.121416735922969643e-01
-2.614405302585344204e-01 -1.492779041767675063e-01 1.473264539006885997e-02
1.877967966983675463e-01 2.737402959780863565e-01 -5.834105402018793275e-03
-1.221463800554590945e-01 6.740384175633571361e-03 -6.893155165794138950e-02
-3.167999480408547480e-02 -1.035294375317241528e-01 3.153484776564365738e-02
-9.258353962522335168e-02 1.198573101954029663e-01 4.688177539841352492e-02
3.369191383772076470e-02 -1.220296422054627655e-01 2.098182544009738748e-01
-1.867596213225611659e-02 -1.665945171161606064e-01 2.498475056304390873e-01
7.711592581175150118e-02 4.833385672287734969e-03 7.834728216526956612e-02
-4.352690508061991120e-02 -3.442661530451908425e-02 1.054990553398071906e-01
1.810265429928636580e-02 -3.360986851759899252e-02 5.763657391451250389e-02
-9.644714792533157222e-02 -1.920225901054497530e-01 7.470846870713807042e-02
-1.069481339200171327e-01 -5.945132172645284374e-02 2.593375902262128885e-01
-2.394533364365732456e-02 -6.883105750764766106e-02 -5.075698062966844254e-02
-2.653608865992099913e-02 -5.509394260318053460e-01 5.313121557459284938e-01
3.020867939126234761e-02 -4.479445921534818686e-01 -3.826683218643873313e-02
-1.483402566256120658e-01 -1.299486267113729443e-01 8.092685409550756659e-02
1.874948406318930824e-02 2.945008382845195616e-01 2.814276899252337594e-01
1.777446935104064485e-01 4.161282716335529819e-01 3.689008100250061595e-02
-3.912253911684721031e-02 6.901571397167818173e-03 3.493761418132020069e-02
1.280137165313311176e-01 -2.278662433792789238e-02 2.045287364127084187e-02
-1.535789571448027968e-01 -1.964061821599419055e-01 1.079230837120807585e-01
9.735364880386493391e-02 -2.671104229617693795e-02 2.371388866675037260e-02
-1.842527850595878291e-03 -4.667617226530934582e-02 -1.747139290809151257e-01
-8.247064846670125460e-02 -6.587895512281541355e-02 -8.172309911952509165e-02
-1.015431065663790905e-01 -8.442439447295038701e-02 4.395944766628071682e-02
8.203942278071769956e-02 -3.417307173993771457e-02 -6.872677323823501994e-02
-2.457035994688681890e-03 -6.622568212045498726e-02 -1.315778005593735145e-01
-2.865153478155044731e-01 -1.773820107155957559e-01 9.691158065838191560e-02
-1.966628965495626213e-01 -2.136182635905672089e-01 1.371345953361614856e-01
-6.200276474333082932e-02 -2.398581823904101518e-01 -1.490575492822674569e-02
-1.625056945028152955e-01 -5.066332558840767053e-01 -1.245736125389974996e-01
-1.362643059712104476e-01 -1.727611410753239207e-01 -1.991118231966422791e-01
-8.111499395648598398e-02 -2.263261669424606604e-01 9.598930906965523480e-02
6.323467140714360279e-02 -4.171790614367227312e-01 1.894401303563080508e-01
-2.924584809294991303e-02 -5.484286633411771666e-02 2.695604061717998268e-01
8.806108560487064738e-03 -9.345183947896054666e-02 4.128607361678107157e-01
8.000622767184102646e-02 4.348272754895227132e-01 3.212292716859681541e-01
-2.457833716236055774e-02 -2.693616271088437042e-01 -2.534232799526997537e-01
1.352107968891603784e-01 -1.472105063904217415e-01 -5.840340130999142898e-02
6.006234442174020194e-02 -6.176105050019264908e-02 -2.032472477543293410e-01
7.257842886970851393e-02 -1.815202303520872529e-01 -2.528988908954427073e-01
1.596362821589746572e-01 9.339083291530136943e-02 8.175599863486292251e-02
4.241044340226374221e-02 7.246089840909684943e-02 -4.813004068573561306e-02
9.932046077893492975e-02 -1.549767276680052430e-01 -7.829790857996624109e-02
1.083938568878845959e-01 2.412328497484440837e-01 4.364828791455515992e-03
2.865679942125248444e-02 1.236380813146240477e-03 4.922586741023224355e-02
1.835924747404701352e-01 -9.141515041874324898e-02 -2.620467807148474382e-02
-3.246564225248627783e-02 2.384652355006417201e-01 1.523736210923919976e-01
4.183027700902965107e-02 7.227550049593620130e-03 -3.205819260014277500e-02
-3.099104356782636516e-01 7.090321247499321855e-02 1.520480082370015695e-01
-8.238995393334856698e-02 -1.628714999223483395e-01 -2.653999607939644401e-01
-4.204363261370163384e-03 -1.429297609219279397e-01 -1.850978297997712269e-02
-2.204625001889727043e-01 -8.661231309241232412e-02 -1.172289188755939321e-01
-1.675598230488567486e-01 -9.615299351334168076e-02 -1.981817773527047022e-01
-1.007236713621063873e-01 -1.831026967548594619e-01 3.675629749502120069e-01
-7.158315534848541661e-02 -4.620715949511540188e-01 7.599132569338536147e-03
-1.134316173122438681e-01 -1.448281825215827767e-01 2.703394155016519140e-01
4.559248398522377371e-02 -2.125653219800996696e-01 2.684422325651503183e-01
1.377786886031845404e-01 -1.317355719306696482e-01 -3.389076923135070861e-04
3.961684872470776220e-02 1.103120971372172077e-01 5.416019862201064405e-02
2.070050846085702279e-01 1.590032994597731508e-01 -1.316997331534590920e-01
-5.222841470056706348e-02 -8.496359149279099354e-02 -9.308241740122072394e-02
1.482475843380008304e-02 2.768729662473668959e-02 -1.367253991317841644e-01
-2.550342216456412126e-01 -6.796154173826023104e-02 -9.378873076230416495e-02
-3.714964991823925811e-01 -1.243998597339515955e-01 -1.280703142809704875e-01
-3.144270993917178125e-01 -1.018630383042128974e-02 -2.222737344513009417e-01
9.656159523232502040e-02 -2.202926316611153110e-02 2.561131281505592272e-02
7.612003581429566124e-02 5.009948772826316142e-03 2.661890446661794099e-02
-2.136241709666535094e-01 -1.099624888965026887e-01 6.632264887206072712e-02
-8.248041229219679749e-02 1.963604942729881009e-02 1.095456675498954618e-01
-7.818780500792128774e-02 2.019729904954120983e-02 -1.297684228286471453e-01
7.021305935595149872e-02 -4.693822472768555826e-02 7.265400635711148636e-02
-2.176019462333064758e-01 -1.124367829811948882e-01 6.470696096848523038e-02
-1.917884364615379811e-01 -2.152899952625773050e-01 6.986661510744401893e-02
-4.059377267242730153e-02 -3.203987349552615549e-01 -4.005632510823149417e-01
9.946736279019098570e-02 4.687252317233553053e-03 -5.512654811969289886e-02
-2.024090772121359405e-01 -3.333970323051965168e-01 1.310166862011944156e-01
-2.168801201125682698e-01 -3.620259742942548709e-01 1.345413891047753940e-01
7.832278950440949017e-02 -6.240692700895212885e-01 1.891007697888853478e-01
-1.024384745948816178e-01 5.121938954760397733e-01 2.583904036874342114e-01
8.205508907165216803e-02 2.010879719309197344e-01 1.433893967380875656e-01
1.030916414459125546e-01 2.334731735813824205e-01 3.498828036111636397e-01
-3.374104350296381338e-01 -1.976198461699779640e-01 -1.968737975232302123e-02
-1.704434464810984373e-01 -7.290805525621087135e-02 -1.154383268167016342e-02
1.109269478005066728e-01 2.684319050367787174e-01 2.077337633436480632e-02
2.124434414730911810e-02 -6.915210439744533255e-02 -6.191101424629432554e-02
-1.726515398441613725e-02 -2.816790445906008564e-02 -3.724282969127148957e-02
1.993361635775836582e-01 -3.812281204923811690e-03 2.809464411958113254e-03
-2.031174790695986221e-01 -2.229544511624989289e-01 3.751040381264889728e-02
-6.623773035771157724e-02 -1.387266335634702820e-03 4.101625698077439840e-03
-1.297215479826414330e-01 1.054141167385226618e-01 7.481700710642158469e-02
-6.954412963522281499e-02 9.185886245296898123e-02 3.811329469146408633e-02
-9.104428013076447390e-02 -2.199111435425273042e-01 3.320653719071264276e-01
9.096663418407432977e-02 -1.735699404094206977e-01 -7.159168515662296672e-02
1.593403850461382609e-01 -2.130883417444509875e-01 1.912433216287756921e-01
-5.968020140093687614e-02 -3.627293521831770895e-01 2.116159277943310268e-01
1.238923966304246865e-01 2.839020409792935573e-01 1.037906828032549439e-01
2.265657786053399680e-01 3.413688740118878684e-01 1.510002750781833381e-01
1.433498695506748022e-01 1.166372217800185351e-01 2.114938379380015276e-01
1.049666455215444161e-01 2.840045363036508008e-01 2.586323243344519351e-01
9.464744264499495852e-02 1.816477536196905440e-01 6.993294274945409394e-02
-9.697577944345683876e-05 -9.545922435898298447e-03 1.142088143759381197e-01
-5.094490211644365357e-02 -1.265282605202199817e-01 -1.406539677643593445e-01
-3.427792836394293330e-01 -1.691189549707654005e-01 8.790424679668343289e-02
2.117459078696421471e-01 1.878459681744924503e-01 -3.085351699732944569e-02
9.781721224026106165e-02 2.146098113406839647e-01 -2.795790297343986666e-02
1.249353734371307367e-01 8.573047943214243127e-02 2.546854457164465443e-02
-1.668469521113424281e-01 -1.958599938338629054e-01 -1.499076663003501009e-01
3.717113154631224853e-02 -9.706003253786407714e-02 1.068032755483121626e-01
-1.205412127133781951e-02 4.778777619798644377e-02 -4.831671351044746626e-02
2.000145659673543269e-02 -7.897879269666910340e-02 5.945440207530278826e-02
-2.893115633227570371e-01 -1.854579958375601467e-01 -5.766045717056114163e-03
-5.618927154072764218e-02 4.963454160704271895e-02 5.630176548678752363e-02
-1.191202662512797633e-01 -7.497759825658056876e-02 1.182774176438427388e-01
7.820578483898107947e-02 -3.962045236995859754e-01 -8.695942765295089361e-02
-7.986919495313715700e-02 -2.801123860047462499e-01 3.283437944725588475e-01
-2.383819228485325840e-03 -3.394684907032179955e-01 2.940471471123121128e-01
-2.003028482385231512e-02 -4.641744354591457733e-01 9.330539569747169082e-02
7.689332578166906129e-02 -2.826718101717777265e-01 2.221672134386326047e-01
-3.920070112154061537e-02 -5.364138380934109218e-01 1.981210049856476363e-01
1.645618219411284222e-01 4.089233828638657031e-01 6.214298617091454369e-02
1.140022505388057078e-01 4.035006772871777558e-01 3.854106521838775445e-01
1.307487371781128338e-01 4.391528548792247161e-02 4.087421326742940453e-01
1.559289597383809456e-01 6.710736198362835837e-03 2.456909652533146582e-01
5.647152146040501641e-02 -3.777720690201066128e-02 -9.326702888766907895e-02
-6.385686576058620390e-02 -5.353220431391898793e-02 -2.386645928977561559e-01
5.446134884701460399e-02 5.226070538855346476e-02 -3.824611219623915565e-02
1.942419609607073105e-01 1.503365783025156222e-01 -6.269499361673071258e-02
-3.006783015490994693e-01 -7.454538890796921780e-02 -1.803096784655628115e-01
4.394953324446303211e-02 2.012886955467047545e-01 1.353347284866444067e-01
-2.767908745992906511e-02 -3.430792963660329042e-01 3.097233197129798943e-01
-2.636667985261645919e-01 -1.748845959243041925e-01 -1.265387842291705589e-01
-1.199040633193083627e-01 -2.029623185336283109e-01 -3.012738354030386478e-01
2.366481150731968019e-02 -1.760442303042980897e-02 -3.902380302245985616e-02
-4.470894584856256737e-02 -2.618382125080502276e-01 1.982735217160661312e-01
6.026279096988396838e-02 -3.288967496115422495e-01 -1.869012649043556504e-02
-1.254093576792273124e-01 -2.052202156845155112e-01 1.047320928043902061e-01
-2.417186874566995547e-02 5.568472417837224686e-01 -4.030035771376137554e-01
7.893808091905495095e-02 -3.951634997783087799e-01 -5.667367895099652969e-02
1.067652571507173437e-01 5.849330837259774096e-01 7.090720191965522723e-01
1.549961443181252785e-01 1.204735179055393818e-01 2.021952541656822366e-01
1.417856873871529699e-01 -1.343987065215406507e-01 -6.042924668115943337e-02
-9.579517217428673570e-02 -2.910825319319719218e-01 -1.192419898692083369e-01
-3.923175679957573991e-01 -1.546772246142408824e-01 -7.216715866984568795e-02
-1.307785002045651346e-01 2.508180379069444715e-02 1.042359400164660360e-01
-1.042305854678992616e-01 -2.300085662569090195e-01 -4.006730568542625215e-01
-5.995183385615770327e-02 -1.081820994818273041e-01 3.431927119521725467e-01
-1.248261081487971741e-01 6.806982277759961175e-02 -1.294624365123812626e-01
-1.142408869717026487e-01 -2.706893932509505940e-01 1.169512034938813561e-01
3.772999909631957749e-02 -1.477266437581582423e-02 4.273292293552592713e-02
-1.467150426337737734e-01 -1.205655314470498729e-01 -1.270849205575295786e-02
-1.086202292637872685e-01 -3.389762525308316898e-01 -2.823062724513668575e-01
-6.400709485444265601e-02 -2.086351436955862226e-01 -1.485892377106118149e-02
2.745757717439795131e-02 -3.532600375886166821e-01 2.823581153418248252e-02
3.698827266666820240e-02 -2.819172173137649562e-01 -1.174963926765542066e-01
1.508585177088375140e-01 -3.894125548117201574e-01 3.892671741241169464e-02
1.906298286327873515e-01 3.070770164666106750e-01 1.646148733535429398e-01
6.883569461768644648e-02 6.503924103471723228e-01 -1.453694711708739817e-01
3.354701435825546696e-02 3.403482332767398533e-01 1.234200404866089285e-01
5.277233367428806748e-02 1.548638661710774467e-01 1.608834643198249759e-01
1.035391594191047426e-01 3.959756815923033968e-01 6.183647017690242775e-02
1.373268440537188662e-01 1.257818924913301217e-01 2.047624111599979368e-01
-1.596801336901675916e-01 4.224741007398564313e-02 -1.490960155922635699e-01
3.673463897951324830e-02 3.246932671566782336e-01 -2.322415992244783456e-02
1.139889237322119497e-01 5.712134338793932453e-02 1.330550622185637522e-01
-1.731167256039107816e-01 8.200166637368125344e-03 5.646663960220946882e-02
-2.862431149236626671e-01 -1.281292652386354092e-01 -3.046076016248283613e-02
-2.727021168118376471e-02 1.097428820570211655e-01 -1.577507583826466900e-02
3.810802943089287159e-02 4.134796680067170938e-02 -1.528555536169945994e-01
2.900696844669518274e-03 -1.248920835063959262e-01 -1.524897232633234678e-01
1.686390682081654116e-02 -1.356503633129033104e-01 -1.997112273714367336e-01
-1.642218223611294214e-02 -2.541957594030140252e-02 6.691787158885263709e-02
-2.405775801842489903e-01 -2.269454601955515349e-01 -1.797837309064683753e-01
1.762639580508426618e-01 8.377949649842991731e-02 7.558515571239533826e-02
-1.884385381310416108e-01 -2.953107876464207693e-01 7.441221947345300070e-02
1.438914947533856230e-02 -7.857161387563893831e-03 1.092361547059823579e-01
8.193514029658030551e-02 -2.992772884429139579e-01 2.140778199297100615e-01
7.082723912825959756e-02 -1.807140067913408643e-01 1.285589312006457929e-01
7.062663670240261482e-02 -3.481527177256089067e-01 -1.037616427595083324e-01
5.396522324138980364e-02 -3.496635032659763942e-01 6.391131182571960223e-02
5.507472132568133616e-02 3.281695678055501775e-01 1.681366914819720226e-01
-4.654494894014284817e-02 5.999106049429890897e-01 1.696435302184074179e-01
9.910033584654437400e-02 3.708428823872131908e-01 6.210778430619334767e-02
2.647103515450842104e-01 2.221337171523175003e-01 1.172262784456745005e-02
5.301484317483410452e-02 2.739240528615060621e-01 3.181124747252725427e-02
-8.461609924392553272e-02 -3.577706624237981387e-02 6.900883903361863803e-02
8.343948822047414504e-02 1.157402186388091503e-02 1.863670353199427532e-01
8.337013390612961483e-02 -1.397195961996461622e-01 -3.411598215543075463e-02
1.891295890320064954e-01 8.036943215113651062e-02 -2.001064926578234940e-02
1.025520942111714934e-01 1.592991066049500859e-01 2.939272199102248573e-01
-1.776179379180841122e-01 -2.081699224134438420e-01 -1.279343912332922828e-01
-1.805490891497541217e-01 -1.110749340528215806e-01 -1.891862251264403716e-01
1.701137125103285574e-01 3.133035776667775218e-01 -4.639910896215756683e-03
1.279042945680650308e-02 -3.680034049746214730e-01 -2.232648193858648156e-01
1.628550168444626023e-01 1.730179824873213090e-01 9.589337791506458153e-02
-1.859566478025292680e-01 -1.123490410458744850e-02 1.510260816564550773e-02
-1.828095862042768182e-03 3.772649794857460548e-02 2.728111807270123396e-02
-4.252615397097112698e-02 -7.237389685880495083e-02 -1.059269478888721638e-01
-6.825664332196221262e-02 -2.755530624929802275e-01 -7.923769853326337320e-02
-4.461287046356200714e-02 9.785230571046445169e-02 1.068251723438393141e-01
-1.586938214022303242e-02 4.590915302185981373e-02 9.995505626186182435e-02
6.354161350265272179e-02 -4.783912661352224260e-01 -2.651632355408393704e-01
1.638134463387542483e-01 -3.259443674176838446e-01 -1.191538706997243569e-01
7.348720294605839282e-03 1.158106207835319923e+00 -3.321820399392929613e-01
2.656647361634361659e-01 -2.376857451590282805e-02 -1.299157263739726675e-02
4.697899484174181822e-03 -6.620223307126016365e-02 1.261347449032889159e-02
-2.312927307623388051e-01 -6.529859210964553129e-02 -2.395595912668902275e-02
-1.575836299764107606e-01 6.458896139087663690e-03 -3.166405883388251352e-02
1.480511740509937724e-01 3.373459006305037922e-01 -8.555255249760332359e-02
-3.145370968280473134e-01 -2.374165662096581197e-01 2.186538540923146923e-01
-5.472224269859601864e-02 -2.962963749966927574e-01 -7.740821772419272107e-02
-1.913716279871006398e-01 -2.217788541879594788e-01 -2.264085303933393301e-01
-1.145301512827997248e-01 -1.993077444584475111e-01 -6.931721750077471378e-02
-2.172504938488266091e-01 -3.227076979312920590e-01 2.185741429343647513e-02
7.178465560540130130e-02 1.241775155728431362e-01 3.453535447483130350e-02
-1.742104821500161105e-01 -3.562632903905442183e-01 1.016875368399899338e-01
-2.284119970697177093e-01 -2.371486725781584148e-01 2.376061820223199228e-01
2.580859631569384915e-02 8.822839704061971600e-02 -1.561327223054688462e-01
1.092612221286680049e-02 5.291258353845754159e-02 1.556925053665778880e-01
-1.963230969323064012e-01 -1.803953944137186016e-01 -2.581416253195661231e-02
5.598011057773506771e-02 -2.021193447494064599e-01 2.455759282707279095e-03
2.173023470306541867e-04 -2.719324511083591189e-01 -2.061779716477309121e-02
-1.379435393226240321e-02 3.709943554370268709e-02 3.186260879894679821e-02
-3.205878505897694509e-03 -2.607792928331489346e-01 2.513619727719702546e-01
9.173290650838439309e-02 -2.379469784637281149e-01 -3.354423270482630864e-02
-1.263981660334119184e-01 -4.513004344605766049e-01 1.775505233322647869e-01
-6.693226496092084810e-02 7.285052604862087833e-01 6.722625532385700931e-02
2.453076584119936662e-03 1.045758791302458107e-01 -1.087341665377628691e-01
1.060400251270918609e-01 2.107230862273366256e-01 -2.448199695492549871e-02
2.296621326017200121e-02 3.952983985571939529e-02 1.641442979466279928e-01
-1.704258508897309177e-01 -8.621507305459198689e-02 1.063494669922532831e-01
-5.726608487987865787e-02 -1.002743789991521195e-01 -7.341008928518305554e-02
-3.615299855823960740e-01 -7.188345413975602560e-02 8.217210515929704306e-02
-5.575392951177840506e-02 -4.234821709622906827e-01 -1.778868573521473762e-01
-2.018056816154401023e-02 -1.646803715918403188e-01 -1.857648937929761435e-01
5.588874904583453207e-02 5.503205242808847930e-02 -5.985744136474549504e-02
1.116051179430773473e-03 8.742927912200056106e-02 -6.505661146036985365e-02
-7.363309236570275695e-02 -3.931834364467975407e-01 -6.379973452417497803e-02
7.960066336028123746e-02 2.911803174292324631e-02 2.364567757005848481e-01
-2.504748862633519035e-01 -3.092317423415380864e-02 3.261971744155294645e-02
-1.037621042546035821e-02 6.118688862164821662e-01 8.052744361992097977e-02
-4.781017442936259104e-03 8.467663134490466259e-02 2.794091786706120670e-02
2.689039895351081344e-01 4.097147539690498830e-01 1.384894422676449244e-01
4.870254449692108106e-02 1.488294089843135160e-01 5.747527441944697696e-02
1.729579098891187439e-01 -1.600271187094585712e-01 1.777885508435662620e-01
-6.421172708500145002e-03 -7.094561088421139430e-03 9.829502041040971694e-02
1.433087583410528332e-01 -2.261348172850342342e-01 6.107446538202901398e-02
-2.786166082346898110e-01 -5.612925517520780949e-03 -1.973007640774594174e-01
-1.835136893282853232e-01 -1.630963792987695782e-01 8.421783407989383297e-02
-2.134247336667778883e-01 -1.215276151272136063e-01 -4.069255518946204159e-02
-7.590567461331251820e-02 2.019554669968887384e-01 1.885119558481634372e-01
2.615626110427153594e-02 -1.768343548541766730e-01 -2.050020485635947465e-01
6.605660901904626681e-02 5.436876695663418052e-02 -9.713878682705405498e-02
-1.997883634975100853e-01 -1.872390750255213954e-01 1.699834627239984741e-01
-1.224702883231686967e-01 -3.441473573024338428e-01 -1.337507405598618582e-01
1.487491810109081158e-01 -9.156786383974309038e-04 9.859670564066737308e-02
-1.510188122827370860e-01 -3.329266871822220697e-01 -2.031817003299119656e-02
1.031796284346083586e-01 -3.499858918142541020e-01 -7.867708535880243992e-02
1.034857855059952286e-01 5.012740226088991946e-01 7.054664392940719619e-02
1.010111157684245725e-01 4.309963382732576731e-01 3.500929796547926354e-01
8.966022814552193632e-02 4.445157180828950283e-01 -3.348817206678539327e-02
7.994495530284465024e-02 2.602222776800400816e-01 2.803396113042228577e-01
-2.159856619935662803e-02 4.474452982547251767e-01 -2.366537213171792386e-01
1.108263421448267422e-01 5.280092713166636975e-02 1.791542663341406938e-02
1.893547122340392963e-01 -1.375587558726198631e-02 1.346044633673463831e-01
7.993620866835454697e-02 2.902307364436181383e-02 -1.231591819353309025e-01
-5.042279684204509921e-02 -9.454075844045937982e-02 -5.043163256717002330e-02
3.165417846249875267e-02 -1.497114293288608899e-01 1.729882000622053884e-01
-3.301418352300212744e-01 3.337386236180214100e-02 7.841710483388637798e-02
3.985205326149412336e-02 5.002349047731520226e-01 2.672210038468651461e-01
6.443567206034017669e-02 3.551105889295782525e-01 1.574863017552915745e-01
1.864244840901292388e-01 3.692192516824830406e-01 -1.086946050851478156e-02
1.661332657694194470e-01 1.923722297071286669e-01 -5.550252659368672820e-02
-1.811012530018437372e-01 -3.603480459867287600e-01 -8.884349562469856867e-03
1.360038940060076251e-01 1.288331163300549254e-01 -2.465452425032451100e-01
-1.429164930627717933e-01 -9.808200093995052271e-02 -7.184790749391610498e-02
-1.489437676430185702e-02 -2.157626386450497979e-02 -4.649146904073434873e-03
-2.110459688060995626e-02 3.432081945860428474e-01 1.585241777466360191e-01
1.465414638971231920e-01 1.970142822189634157e-02 6.642642810363048878e-02
1.350363453097863375e-01 9.012945695957161329e-02 7.091905866177145024e-02
-1.123448098008925505e-01 -1.627806380121410157e-01 -4.245538002045380344e-01
-7.748276066187964606e-02 -1.252229636673396207e-01 2.151653944506227295e-02
-1.532910611887350893e-01 -2.016307439091985787e-01 -4.765684452519140107e-02
-1.305298335230413616e-02 -1.890223283823931899e-01 -2.433029172850506225e-03
1.136806292325789752e-01 -5.448911405724022883e-01 1.709709805262748794e-01
-1.321014267708659762e-01 2.620700036453213477e-01 1.404221228539455704e-02
7.532045560072259116e-02 1.903776637123062720e-01 2.062922876216182755e-01
-4.729741672124761209e-02 4.002586126396309729e-01 1.764112008405826770e-01
-2.788931897790681846e-01 -4.495386550097925371e-02 6.905259997776100334e-02
-1.335773017316096989e-01 1.484531633783151561e-01 -1.340212948373825652e-01
-1.416303490423285183e-01 -1.164691153668120371e-01 -6.353006873690923706e-02
-1.960262062710794451e-01 -1.393322683906812465e-01 7.644202886247322692e-02
-8.658238021124280148e-02 3.156923489072224753e-01 3.447373643283007522e-02
-7.542776422757345445e-02 -3.155305374090342507e-01 -1.305412843842928827e-01
-1.023447711407577815e-01 -2.014234754520304038e-01 -2.333870950997819216e-01
-3.051361808485894556e-02 -2.982721335037838428e-01 -5.164483707464109091e-02
-2.819954804456415998e-01 -1.486145805380379159e-01 -2.422678848567698939e-01
-9.592253680544428340e-02 -3.881783317759892049e-01 1.632950687782449006e-01
-2.395411023252858873e-01 -4.240033110796729288e-01 -1.941094492261305482e-01
2.655347499154109975e-02 -8.942822645042346197e-02 1.020574984677458802e-01
6.298430591896790609e-02 -3.398294795444656291e-01 3.227445732798372990e-02
1.988406297243984489e-01 -1.160376293599199027e-01 1.691830843688995334e-01
-8.746791099466588726e-02 -4.623317402446325830e-01 -1.060618908558972340e-01
1.172435470829985421e-01 -5.273830485108145227e-01 1.318894413373407348e-01
2.232177714174371774e-01 4.700618987750818656e-01 -9.280067263533124666e-02
6.097318199344614609e-02 3.568924872617286193e-01 1.079359314124438557e-01
1.702312556815654410e-01 2.208031821854656573e-01 6.856589178618931191e-02
1.366020049012303672e-01 1.739936130504813813e-02 1.090199208740442599e-01
-3.260599583078530039e-02 -1.450745637847495884e-01 1.804747678105805553e-01
-3.116860176018274031e-01 4.862308651382863528e-02 1.604898592671063773e-01
-2.832458640191183874e-01 1.178119990918015531e-01 -3.215702056930012931e-02
4.686275468668704702e-02 2.247705268519165078e-02 -3.419374860574480035e-01
-1.457329844355355342e-01 -9.764470398410704521e-02 1.142587333872299160e-01
7.499845755008435755e-02 3.093356302797972690e-01 6.918806642584914013e-02
9.702973594690550430e-02 2.397212767766065122e-01 4.706751016515572927e-02
6.181724637290239577e-02 -3.987670998239752768e-02 1.181657465810233114e-02
7.425139020723654781e-02 -1.173655510673295571e-01 1.037398437035677301e-01
-2.011424045878448252e-01 -1.652383882914478797e-01 -1.242165456355546344e-01
1.623824771254415295e-02 4.174024321134800486e-01 1.337376261512153719e-01
9.184887575594445630e-02 -5.755640243769891140e-02 -3.714589757070944909e-02
4.631807304866709246e-02 4.090156301499424107e-01 -2.625443768830464791e-02
-5.148325568932587970e-02 -9.327081232631692642e-02 4.221672848883373241e-02
1.781423075208339590e-01 2.220870803644339753e-01 1.822938882547020783e-03
5.538944540366681074e-02 1.398289150865786590e-01 -3.233641576103446491e-02
-1.576806401993811613e-01 -2.539350090347873568e-02 6.281108751023242731e-02
1.135869427113030128e-02 2.413173429968051009e-01 -4.556726694714830633e-02
-9.183055687291455382e-02 -2.255251158156329205e-01 -6.916037173975062013e-02
8.775812330603265099e-02 -3.662670921361020349e-01 3.422104378613263775e-02
1.190150185521053200e-01 -4.448317202751864152e-01 4.463670565136996365e-02
1.034632458022971130e-01 -3.294579733442103420e-01 2.574808713055463105e-01
1.562807481160513878e-01 3.143936219051531311e-01 7.685466398836038326e-02
2.270272786867507664e-01 1.944906927788077056e-01 6.530706740074820882e-02
1.244892297656117891e-01 1.932673242725822527e-01 2.135920533503282426e-01
3.726895525842780638e-02 3.220466513367902395e-03 -3.419835095781758455e-02
1.021853592269218319e-01 2.520400575800991749e-01 -1.234460777436796192e-01
7.904250868317268253e-02 8.578874621290982772e-02 8.262999154417956238e-02
9.694462858844582476e-02 4.337443445372203554e-02 -7.878096106922788389e-02
5.163316201876598510e-02 -2.708930468187358276e-01 -5.425434936427685206e-02
-1.994196899180140578e-02 3.257244004142178517e-01 -9.895336870070018873e-03
1.292354321790033511e-01 1.228432062530474683e-01 -2.218137456459406617e-02
-1.915969940391246407e-01 -2.065047722324260537e-01 2.331542974933704937e-01
9.181247368054043512e-02 3.027530768284537599e-01 2.685571661905600260e-02
-2.777009670813231912e-01 -1.578356717303949497e-01 -1.944834291197329312e-01
-1.584729407711488527e-02 1.373940892025054539e-01 1.506670497937605546e-01
-1.101717793429626280e-01 -2.266849770031420519e-01 -3.399523260880515929e-02
-6.283189517603661456e-02 -4.307798623674617966e-01 -9.877629392104206318e-02
-1.099470922170382309e-01 -1.124500856042958824e-01 9.117447685006281610e-02
-3.226154498102711682e-02 -2.191101864481943551e-01 -8.306123438607271314e-02
-6.897897390206768342e-02 3.832984456981515520e-02 -5.733118394978941462e-02
-4.901237406667053459e-02 1.468588177217818869e-01 -9.889457000063578418e-03
2.989551945519500209e-01 -6.735901592681436956e-02 -7.819751230446657375e-02
9.714876340884141120e-03 -2.865939576416709489e-01 -1.410361438308541278e-02
2.575499083134235451e-02 6.061021113893115819e-01 7.264167339100729981e-02
6.753573203353405163e-02 4.748396160883527339e-01 1.058510258372603596e-01
2.937976326693108597e-01 4.042026829497456508e-01 1.924378268613326781e-01
-8.652155583232215563e-02 4.055415844992863450e-01 6.298732547442779939e-03
6.057058072242511859e-02 1.737495006269416387e-01 1.860950817006980229e-02
9.846610863292931670e-02 1.496987602925724803e-01 -5.075362376674806553e-02
1.244835962931659379e-01 1.953154075619077112e-01 -1.726943807008767817e-01
-1.317686224003515941e-02 -5.589400565367268203e-02 -1.088920922387490026e-01
4.449073688050533132e-02 1.343762902300211504e-01 2.782814205577285316e-01
9.267104391118476114e-02 3.155211136960850427e-01 -5.681655211197070288e-02
-1.732889100766313584e-01 -5.781481314383409842e-01 1.834223091131249039e-01
1.073692563272005216e-03 -2.468059542761343039e-01 -1.096724459532662926e-01
-6.429877227635509562e-02 -2.998322724967392716e-01 -2.725589229795544188e-01
-8.415349324952055288e-02 -4.184568943772719596e-01 -4.016667957871911804e-02
-2.314617294341174136e-01 -3.402834893565440666e-01 -1.437582653053734970e-02
-3.930908731021971747e-02 3.020077647633944151e-01 -9.098141282768612559e-02
1.194162055891303392e-01 1.645558108041541567e-01 -5.937984481820809263e-02
9.458773734344982573e-03 1.878475412859580140e-01 8.399707566456983410e-02
7.934557981950515759e-02 -4.437842834767560807e-01 8.982445363341610978e-02
-3.718258704340413751e-02 -4.650588505204141243e-01 1.700455062527867767e-01
3.633412963220974262e-02 -4.745696444526677493e-01 7.752526585433919259e-02
6.955064107164778131e-02 5.018327122663361894e-01 5.121561089191815214e-02
1.143551740793786603e-01 5.868557426399504395e-01 8.440979541033555300e-02
1.083572001024915299e-01 2.917749016726332578e-01 1.073573818683867115e-01
2.269534866945829010e-01 2.362348053649996338e-01 -4.587700844513484949e-02
9.195735394782550420e-02 1.109049232951212355e-01 9.652092748643038844e-02
9.672630104424982667e-02 -2.049730238746290678e-01 1.226853309804558784e-01
-5.754697878686916568e-02 1.070817267555999007e-02 1.156855638429248045e-01
-1.783975296712657366e-01 5.555359259615202938e-02 3.176218744630781576e-01
6.121840120226493265e-02 2.541995046357893306e-01 2.766410018437917909e-02
3.578712598609801870e-02 3.406545309363168683e-01 -8.879693084053419394e-02
1.262289475098761493e-01 4.865750392749506048e-01 -4.119527428218748566e-02
-2.125038764834339677e-01 -1.371376636323220211e-01 2.497315100955584469e-02
-1.350903065288206265e-02 -2.424580834689163689e-01 -6.568058159037944155e-02
2.762356633365866676e-01 2.424721237359895309e-01 -3.984504843851990191e-02
-1.143715115985771136e-01 -2.443494723491914100e-01 -5.984925312455524615e-02
2.543246520415252607e-02 -9.569729040789741459e-02 -1.327169764502115767e-01
-2.709739010948683524e-02 1.996608828341431552e-01 -2.169878844410920993e-01
-2.342561305810868799e-01 -2.060905972765960381e-01 1.801138225386869282e-02
1.818631609793135498e-02 -3.270833018984362628e-01 5.401307171361791233e-03
3.245264760067140264e-01 -6.655144639573276621e-02 -1.995491137283894045e-01
2.083545869087297941e-01 -5.126374798662387822e-02 1.748261503559731672e-02
-7.644248459241222149e-02 -3.385578939069618931e-01 -5.135033918670756786e-02
2.569364480808807027e-02 5.466451442095420221e-01 -3.193135258211118183e-02
1.319536181201906577e-01 2.011693236258018658e-01 -1.212449982743810245e-01
9.015196714419619617e-02 2.503039937112631064e-01 1.258566512715663943e-01
2.087504968564621866e-01 8.276874300286046759e-02 -4.514834151755565961e-02
1.029833160567843464e-01 1.246065034924778991e-01 -4.321435144506743931e-02
7.317425011056749584e-02 -3.281884603561296271e-02 -4.074903740134432073e-02
-2.194029872521251756e-01 3.349548117441505934e-02 1.129388374172398957e-01
1.191096494677535145e-01 3.497562140920402185e-01 1.363618894694093864e-01
1.287423759535628043e-01 1.321722060558525869e-01 1.282684973522742753e-03
-1.287611038909235346e-02 8.167403356169924966e-02 -4.086884217951756298e-02
4.439670253382270448e-02 4.253828037875384549e-01 -1.733167750681330332e-02
-1.918813323966739315e-01 -2.087760674674023487e-01 -1.236339986208872255e-01
-2.882256934655689357e-02 2.314507406637923981e-01 -7.086767471046752365e-02
-7.700487991760065348e-03 2.959822178439552171e-02 1.166551178773884839e-01
-3.471034682958718236e-03 -1.471317232812549003e-01 -1.320143140568201534e-01
-5.471932159006610841e-02 -1.221341122620653030e-01 -3.570318681215432777e-02
-3.277781329578646208e-01 -2.907211233380527782e-01 -1.062031609222062467e-01
-3.404320778847851753e-02 6.986500596996587931e-02 6.205685593535065908e-02
-2.818699312445386435e-02 3.115791265135945884e-02 1.393912800288902090e-02
-1.402024457889270437e-01 -2.905644397979994520e-01 -1.072524188825399183e-01
-4.703411902279459877e-02 -1.270537356108579208e-01 -1.983737498228431428e-01
-1.881933968628513587e-01 -2.655017289014836024e-01 5.803307685078786665e-02
-1.626167296694210063e-02 -6.924123220490853436e-02 2.025902948450863383e-01
1.586036559949889060e-03 -4.278161065011675257e-01 1.933080390166857371e-02
8.574619479585447734e-02 -2.377895962720537604e-01 7.188408182267136404e-02
9.574071203323884782e-02 -4.380549935520831606e-01 1.308115825488986028e-01
-1.123022321605493534e-02 -5.650300487029511487e-01 2.884436485820701113e-01
1.034031328831010732e-01 7.021288590968746135e-01 -1.367083709888734511e-01
9.323795630211482999e-03 3.190763313891278874e-01 2.460456065503948686e-01
2.102658199974412612e-01 5.614522888863301420e-01 1.491605597801344829e-01
1.185215833807534008e-01 4.335893316403913178e-01 -2.372493036713586422e-03
2.005647025080523893e-01 1.255310968572680153e-01 -7.883496863921550524e-02
-1.904752820209115183e-01 2.678401109467175301e-02 2.839359599818602406e-02
-3.607802519690173765e-02 2.320509173693135752e-01 5.743221058397657286e-02
-2.351855071836508049e-01 -2.662619914556810241e-01 1.435468031644121512e-01
-2.985814607818783328e-02 1.904541734392049476e-02 3.304933754804185719e-01
-2.444591316289654870e-01 -2.225888931499275802e-01 2.665628605240456112e-02
-2.240555686251118339e-01 -2.627532107835668373e-01 -4.469213602815909347e-02
-1.470979774354558289e-02 2.592356414292182332e-02 5.616664258851729319e-02
-5.556098483073229621e-02 -2.476656876850195088e-01 8.735268260972502141e-02
1.400727564711050088e-01 3.657675813673273990e-01 -2.094601414997917035e-02
1.616358553096935713e-01 7.271180844778774022e-02 -1.157857157388916397e-01
-9.680804162333888838e-03 -5.195232761119484843e-01 -3.179504082496840273e-02
-1.044241011244756573e-01 -2.532130457490907038e-01 -9.697227924851007513e-03
1.141781847157089663e-01 -6.856845482109668044e-01 8.023216123265801414e-02
-9.413672750401146094e-02 1.834877694733307307e-01 -4.401153546592864729e-02
1.619787635943333304e-01 5.709678773460219459e-01 -3.844727393894228212e-02
1.533336723438018245e-01 2.207004943652078888e-01 -6.324098669767767855e-02
1.234625266567026813e-01 6.804180139320904763e-02 -2.400779564506982239e-02
-9.401270956791937805e-02 3.139486544912321181e-02 1.106275374509084336e-01
1.033999067864399407e-01 -4.589489530098635889e-02 1.929729538227022423e-01
-1.625004018335478584e-01 1.254983049848269923e-02 2.292437038198444910e-01
-2.126980181064973621e-02 1.673221372784493566e-01 1.630658822887943171e-01
-2.991683533303200471e-01 4.800888669241644424e-02 3.984114363243249635e-01
2.190073092076498529e-02 -3.669165282474567968e-02 1.501294602969173719e-01
-2.197526219968136685e-01 -4.688347696058038638e-02 1.182234806456852888e-01
9.626123167925663970e-02 1.977227928217858421e-01 2.058375527288657664e-02
9.847551463527885740e-02 1.519250560031477071e-01 1.462204392781926432e-01
-2.865150543818053425e-02 2.037401674780276450e-01 -2.850720244513857415e-02
-4.556322701045725787e-02 -1.933928215354948354e-01 -4.136825021172312045e-02
-1.036577521935961622e-02 1.243478268492134303e-01 -3.461465120799495088e-02
-1.805988323402228091e-01 -4.462937979759007967e-01 -1.429183732968831444e-01
-8.985211927567079981e-02 -4.544869205074552054e-01 -3.243582673045543839e-03
-3.086384255843011570e-01 -3.501245216584281672e-01 -7.629714104448030720e-02
-5.961674992578733234e-02 3.344559897844140428e-02 1.257992416894865573e-01
-6.125009481331067374e-02 -3.919012053386202593e-02 -7.097125228736951563e-02
-5.524196279902577472e-02 -2.303084164759714170e-01 1.548085254680899303e-01
1.916873595301177846e-01 -1.642881376272205540e-01 8.243255973819313409e-02
-5.595922421619307918e-02 4.731042710592012757e-01 2.960693071677144572e-01
-2.359404839154067429e-02 2.504000413138429137e-01 -5.437252703757451677e-02
1.310026573119475457e-01 4.730338223261839614e-01 -5.892312294635301123e-02
1.941137333708476131e-01 5.418269025201754019e-01 9.153998918417267580e-03
1.542802323229418571e-01 6.219258864655327068e-01 -6.602732920720640053e-02
8.794500345373652828e-02 1.971173452393455705e-01 -4.829429558256395638e-02
-1.273640271339926367e-03 7.233291312024396624e-02 -2.217001676826141007e-02
1.328283252204111031e-01 5.419940266128513151e-02 -1.827504659214713653e-02
-2.627417709403370716e-01 -8.965840893635520711e-03 9.179952226497475887e-02
2.582072886206505588e-02 2.535931371867642947e-01 7.672486200532617484e-02
-2.604297476853777438e-01 -1.061606329460575288e-01 1.476970389476531254e-01
1.358490779546125959e-01 3.522381382745113920e-01 -8.205600124274431417e-02
-5.594638466139978394e-02 -1.722161736329946569e-01 -9.914714204459799951e-02
-1.708572917670561631e-01 -8.878953712440527946e-02 -3.989454121838566930e-02
-1.435398493607089980e-02 1.774534986911153744e-01 3.333403195623001192e-02
6.760775487481976431e-02 -1.649213004962105655e-01 -1.038612138150074859e-01
-3.413079236411576955e-01 -4.654994651636304437e-01 7.518517437052749108e-02
1.338992335612497475e-01 -2.330798128657048801e-02 1.375077024370235934e-01
-1.160496912753269244e-01 -1.380353749579333322e-01 -1.015185956693849013e-02
5.370340237056894089e-02 -1.435141470431053612e-01 1.780678660029013372e-01
1.279983772134347664e-01 3.770979984660738915e-01 -4.588125210991319397e-02
-8.676172429240132378e-02 -4.068403528737128683e-02 -9.072149287203921941e-02
-2.118821277149773585e-01 -2.454971893068942645e-01 2.236219020476766170e-02
8.252006132398538585e-02 -3.829588014732937529e-01 2.109215131255346709e-01
8.903536206876642989e-02 -3.152796517200267545e-01 8.035131429626704569e-02
1.619848558168139885e-01 -4.139097473623140067e-01 -4.584405684168653405e-02
-5.746980494487113206e-02 2.537729240386006890e-01 -1.443417353084271715e-01
4.764404235792493031e-02 7.414200216946239541e-01 -7.469701804689724001e-02
-1.017690853662134992e-01 4.547457925342951457e-01 -1.924817809748317898e-01
1.002057954645999699e-02 4.729484765701005289e-01 2.243402784775663794e-02
8.008631917904197525e-03 2.047607922516480050e-01 4.221001743990094451e-02
1.223062362594452973e-01 1.116205086635297522e-01 -7.765524951798634390e-02
1.643343892290473895e-01 2.224225603343878838e-02 4.425030106828103937e-02
1.901314800354303794e-02 6.125663119397245504e-02 -2.189017985592209281e-02
-7.529770946244380980e-02 7.502673250181725317e-02 1.201307476461294932e-01
1.007756260821263683e-01 2.416100071747655786e-01 9.557374753526966943e-03
-7.062289494284194891e-02 2.719808099519036571e-01 1.353108175986679762e-01
-2.431367236467015056e-03 2.242105487345809681e-02 6.991772065729265351e-02
-1.708671275324550598e-01 -8.752068687510554390e-02 -4.790183395080167134e-02
-1.958234028831732088e-01 -1.366002030817100033e-01 4.181730784641229937e-02
-1.629246063717116888e-01 -3.435954009961968980e-01 -1.202475513600835683e-01
-1.416650309807852316e-02 5.036352950584393334e-02 8.363249898771163426e-02
4.002113996194397311e-02 -1.647810999408656774e-02 -8.766252446255279329e-02
-3.280724460679040333e-01 -2.984955665099650601e-01 2.682662504852498936e-02
1.026926155553500516e-02 -8.994971153406389197e-03 9.144229179702237365e-02
1.061236105496724327e-02 -1.376317031708445549e-01 -9.016547822515518992e-03
-9.929353213252771482e-03 -3.614673294062081266e-01 -1.006762195458722337e-01
-1.198086199815053543e-01 -3.407362563937226252e-01 -7.579787330970143289e-02
-4.697021339585452648e-02 -4.454801557761156605e-01 -9.894684723475523358e-02
-2.009933478396934703e-01 -3.638700997652236646e-01 -8.371122030298680516e-02
-7.119830808457294768e-02 -2.447845905539559608e-01 -2.579260471133039412e-02
7.179016156080986200e-02 3.179014741932472687e-01 -1.309208220681501722e-01
9.630272495733074867e-02 1.342417259176416355e-01 7.970395454174733496e-02
8.928381393153519974e-02 3.047165511208719257e-01 -1.260623428821978642e-01
1.192821552992518463e-01 2.876329338632557277e-03 -7.743924799652558699e-02
1.034648299377140396e-01 -2.381657021008047881e-01 -3.527394302769745055e-02
2.028550021929489411e-01 -9.479896070127351651e-03 -1.816138105997511520e-01
1.367495274513328696e-01 2.831133296633408514e-01 5.177682491871139596e-03
9.078853536595482554e-02 2.669023894639623862e-01 -1.596765526500668053e-02
1.613280705131835968e-01 4.341392414558217783e-01 -2.129810818269135264e-01
2.015576243575301074e-01 3.646453312155095161e-01 -6.300566159927117882e-02
1.492625428720663616e-01 1.725032843357948431e-01 3.505787686189244107e-02
5.126639678127140921e-03 3.875596909580172889e-01 3.164945064199305852e-02
-1.591115210886453191e-01 -1.410434256810128711e-02 -6.443992520908647936e-02
-2.110223514870605555e-01 -2.742232329966091675e-01 2.644313105277447049e-02
-2.711188126916306076e-02 -5.440114638347454991e-03 -2.421060680469780749e-02
-7.329962373422513333e-02 -2.070858860349180375e-01 -2.649219015762995233e-01
-6.502507551764087623e-02 -1.183484967491937462e-01 3.772653806684036493e-01
3.121097169766899083e-03 3.316598773833939057e-02 -3.116706859010890882e-02
4.825997827486543969e-03 1.530856497541081308e-02 2.550373205296487325e-02
-1.260399009129404245e-02 -5.644689235940799632e-01 4.674764878877553098e-01
2.059739806085499059e-02 1.822678257030912186e-01 1.062616543395254326e-01
-2.337469420877317725e-02 3.806660579612241024e-01 1.216773678957481543e-02
-4.354187018495718486e-02 1.477710954739362426e-01 5.074313320036907826e-02
1.915795806026324155e-01 -1.076391488512045162e-03 2.553189139048681611e-01
-3.804442621112143208e-02 1.124501115474198787e-01 -6.924187192550011749e-02
-1.119967252357564370e-02 -4.393513571960993257e-03 7.026377517276752305e-02
-2.064025788231002856e-01 -1.067488293864963210e-02 3.052840072265059490e-01
-2.846518448235804688e-01 -2.946629826923457748e-03 1.374243896598695280e-01
5.058886834262271703e-02 1.160460169987200391e-01 -1.263091879953933960e-01
-2.359492141220556616e-01 -3.127528465793125156e-02 2.215207438387375161e-01
2.121789426754007793e-02 2.233034457465879752e-01 4.032382540266892662e-02
1.079456285074128011e-02 3.797822697929631452e-01 1.049388328264789921e-01
-5.310492701939913823e-02 -2.312546231590713319e-01 1.327803067361090772e-01
1.195038240702826424e-03 -1.966054160630028858e-01 2.142722201863148934e-01
-1.434125973446645774e-01 -4.076307303455649067e-01 2.236706041194778394e-01
-5.962952696180027351e-02 5.647871783628534426e-02 -8.920791533101342374e-02
-3.281998730953323423e-02 -4.664429560311884049e-01 -2.325636691117898280e-01
2.608016459244320503e-02 -2.709769111735355063e-01 3.255170519212374856e-03
4.862461273219891023e-02 -8.557489085770769721e-02 -1.149612173626770317e-01
1.993629884031755672e-01 -2.147753920513033876e-01 1.601891453421252498e-01
1.328372927774079948e-01 -2.094068908050156497e-01 -2.969805489947659888e-02
1.198610926129795723e-01 -4.584630542182960844e-01 7.909227507205466440e-03
-1.073369481722793450e-01 -3.585191346028417936e-01 2.053279647121910856e-01
1.061740974401552129e-01 -4.129595217659859929e-01 -1.662868372248204468e-02
-3.485077699862058204e-02 6.261021056866288292e-01 -1.846059166687895048e-01
-7.215092734636807670e-02 4.828094923019445317e-01 7.300829233658113690e-03
6.344284336206143515e-02 1.385693108459754574e-01 -4.205496577834584304e-01
1.388406192085103741e-01 1.351342200823567596e-01 -2.265962928803331167e-01
-1.117659369244510675e-01 1.611307186817889370e-01 8.994198587317274451e-02
8.236490744521830776e-02 1.705788248369664861e-01 1.697184852443236747e-01
-1.581922638945939819e-01 1.037655412375160929e-01 8.755949968136314543e-02
1.889120305061377791e-01 3.088610181742418304e-01 -5.905606712771019340e-02
-4.408460738476307345e-02 2.374584302019774884e-01 3.031505195681201588e-03
2.983345844784771397e-02 2.176755497832737196e-02 8.937476745296200897e-02
-1.343081695352603411e-01 5.055995498517154373e-05 -3.578738334023096740e-02
5.670691897850636126e-02 1.973240858714844226e-01 2.379163115198348541e-02
-2.017203928710025185e-01 -3.320759148264212923e-01 -3.298540135712751259e-02
-1.504634639993292569e-02 3.645384718897969889e-01 2.667710275983114013e-02
-2.044955874097290627e-01 -1.330945381758937562e-01 1.254281582751786694e-01
-1.367957517526968980e-01 -3.155074045596223398e-01 -8.150369599093788830e-02
3.706233767779681249e-02 3.192502648918678632e-01 6.158688087779630171e-01
-7.650425640254936155e-02 -1.830469194295250013e-01 -2.257437666108319876e-02
3.559854941521027605e-02 -2.545264604486534021e-01 -2.841987459495105145e-02
1.502865686182957954e-02 -1.751242333613503843e-01 1.038717137337397262e-01
1.161365014704455328e-02 1.966606506962489676e-01 1.203289365399719396e-01
3.328715226570943403e-02 9.920375381487225863e-02 -8.332583074516985988e-02
-1.253370856533339572e-01 -3.574985159614960106e-01 -1.309885927157430074e-01
-4.537283860503412564e-02 3.542097184387243414e-01 1.261522067776410343e-02
2.142498687154805181e-01 8.722551082616541995e-02 -3.854814502338096277e-02
-1.887115245671664235e-02 -1.373785746651183248e-01 3.829222234842694778e-02
-8.371986770691074164e-02 -1.997721228698775831e-01 1.761573886453819127e-01
-9.929345152218027604e-02 -1.638593732367675526e-01 2.429306956376534737e-02
1.230996684571559752e-01 -4.375183710089899369e-01 -1.584685869147247073e-01
8.314982120772182461e-02 3.141849613438720337e-03 7.998030424975441713e-03
2.543564122517689707e-01 1.236722335677713919e-01 -1.062400240659323175e-01
1.202953978673040741e-01 3.279353223348236979e-01 -3.401931989527429839e-02
1.977596196460376932e-01 4.678498860962066463e-01 -1.628017613430003119e-01
2.847471120666510060e-03 2.533688706785491296e-01 7.533749372790693455e-02
7.986754942360539677e-02 1.205465755262689065e-01 1.718988717229901486e-01
-2.615242308909685419e-03 2.245746317651895196e-01 -1.296486670586679824e-01
-9.596174049217465196e-02 -1.509988989359918876e-01 3.450819108141531255e-01
-4.469945971525404044e-02 2.058044639105099938e-01 8.724377724486076513e-02
-1.708363572778488215e-01 -2.766421058879857675e-01 1.085823354689480630e-01
1.164548737804402823e-01 8.117530086205122786e-02 -6.198459189461708041e-02
6.647111792942451969e-02 1.342096365357465203e-02 1.093388318466917836e-01
-1.437225638537958095e-01 -4.368407300747438327e-01 -4.465166578027619099e-02
8.528280592652745518e-03 2.660593651911148383e-01 -2.127023927261227909e-01
-1.422028839510251219e-01 5.301067904260659686e-02 9.356084433182354498e-02
-3.561592853874547687e-02 -2.725739315720219214e-01 -2.397136787172597649e-01
2.574306916509120496e-02 1.525198967819935136e-01 -1.539303632269652944e-01
-6.079308149727896682e-02 -3.400089880550721255e-01 -1.092332586700449637e-01
4.944222538723740124e-02 -3.945973608819720035e-01 3.968753296592501117e-02
1.052904511388085274e-01 -4.686123510778006374e-01 1.095778687364043838e-02
2.305820392118975923e-02 2.571382213704183073e-01 -1.265075864010297216e-02
7.144724013124389983e-02 -2.893148755681115500e-02 -1.969105769550489882e-01
4.861624797202900722e-02 2.797450266846189249e-01 -1.700150020931887329e-01
1.226355714600686347e-01 -4.437611390654636612e-01 1.451138338637426028e-01
2.515973001821746879e-01 -3.109220156775420185e-01 -7.298155439015638476e-04
1.773057797532098523e-01 5.902952598216718583e-01 5.819222676190904248e-02
1.900408952216121189e-02 6.274235242375710842e-01 -2.280925321770134115e-02
1.673057144099532878e-01 3.159938722122799803e-01 -1.412459024160278853e-01
1.808628657879716717e-01 4.444523268797028193e-01 -6.464173020053255725e-02
-4.514403556056172107e-02 -7.239859877953500229e-03 8.055594233509920377e-02
8.755985770293753245e-02 2.378699574050015253e-01 2.112982273191072423e-03
-2.077982136305857874e-01 -1.725778209215321768e-01 1.697975876366722980e-01
-1.598903745325898698e-02 6.965140543314485289e-03 7.928987249820503014e-03
5.682931997205110941e-02 3.926126863708700454e-01 -2.813079470605837074e-01
-3.027745397834962215e-01 -2.058925460211890324e-01 1.126831260783392880e-01
9.546312337185600128e-03 1.401052275566818106e-01 -3.053407941311312920e-02
4.804445292660128081e-04 -1.406549454796311160e-01 -5.831445498473128430e-03
-4.843709072597848775e-02 2.529544761978706480e-01 -3.959328001947953757e-02
7.417127716041885255e-02 -1.010966236111796729e-01 -3.752865502409894610e-02
-1.284115611283024871e-01 -1.482014254036679302e-01 -2.293583535489126801e-01
1.644288893400110488e-02 3.705818453821041469e-02 -1.242043573929024758e-01
-4.310793905640064594e-02 -5.571825368606533324e-01 -8.630593763929586548e-02
-2.088097414392604267e-01 -1.952760295329227652e-02 1.815764824763641538e-01
4.511303612044145067e-02 -2.180285421221546949e-01 -6.532123160643063531e-02
-2.318193374338854348e-02 -5.950429467788019566e-02 -1.250002715787836283e-01
1.445308868271743263e-01 -4.304414590819120590e-01 -1.399265355055289220e-02
2.833800928686764503e-02 -5.979172351102414185e-01 1.863392516940077792e-01
1.880709559743670711e-01 1.997161423847012840e-01 1.914502960453617897e-01
1.411438013578631134e-01 -1.756325103876704430e-01 1.321615606744741718e-02
2.001460094455062289e-01 4.445729691988659638e-01 -1.428714004051310771e-01
6.215359719888170070e-03 -1.394483779388613343e-01 1.233102903688306218e-01
1.044020964671239227e-01 1.254960287494639171e-01 1.959993293100987383e-02
-2.469834536885549825e-01 -9.364485719212604919e-02 2.471262612039590301e-01
-1.822361404560029485e-01 1.740503163063778294e-02 9.503475769272123896e-02
-2.503338580676378045e-01 -3.486377907898478151e-02 4.732239112991111496e-02
2.276633905219109869e-02 1.492124278418785477e-01 -8.762248402531568059e-02
-1.186259584055776584e-01 2.156826792030015760e-01 -2.225414684125119058e-01
-2.071451934133953510e-01 -1.155701904172703742e-01 -6.906872850718505374e-02
1.318438407016233466e-02 2.186392653479348192e-01 -9.069812088423943874e-02
-2.195771099533756210e-01 -5.783666561220477398e-01 -1.639483381724406441e-01
5.909409202747687578e-02 -2.848713936929637702e-01 -1.496182736586624262e-01
-7.447126724702141098e-02 3.708902315780120834e-02 4.996508856030437012e-02
-1.003828474726874975e-01 1.956327377446020754e-01 8.521765714347112608e-02
-1.499593791109515295e-01 8.857417719068229334e-02 -1.974324787102891554e-01
-3.668896200429438287e-02 -4.213132029588050331e-01 4.988734723452199066e-02
9.006420791925538738e-02 8.975630177733334714e-01 -3.599161046483298487e-01
1.510718917600410993e-01 5.912878770883952528e-01 -1.005020203550998081e-01
-9.227258556949523294e-03 2.400271307999898018e-01 -3.376451562909257853e-01
1.503402430780975685e-01 4.712235317306103233e-01 2.010540729218157283e-02
1.563612415527322885e-01 1.513998948817850687e-01 -1.028074626973034082e-02
-2.513264067374660349e-01 -3.748593800120987585e-02 9.906670409173461145e-02
4.537543943979480826e-02 2.787293528296693190e-01 -2.176683229340755157e-02
-8.669341292546926467e-03 1.543864213430851395e-01 -7.704155315268751934e-03
-1.943775901996966371e-01 -1.190437528605651218e-01 5.814794130905114738e-02
6.794047496010281739e-02 1.522789494283884326e-01 -3.412462375558027172e-02
5.779989071653173979e-03 9.479665834556086357e-02 7.495923527027438527e-02
-8.862193215249308809e-02 -1.351015880034639460e-01 1.948716584451824496e-01
-7.776654272372389431e-02 2.589699497913546811e-01 -2.637314963445758220e-02
1.250118334369272610e-02 2.639202353320959094e-01 -2.734509365334767891e-02
6.833443860938009061e-03 8.202913372539236136e-02 -1.507800249052998198e-01
-2.503536853742935886e-01 -1.519291724357308415e-01 9.902040780252555074e-02
-1.102460832789022488e-04 2.593183101758433917e-01 9.645779265695833549e-02
5.252242628584489342e-02 9.242095218794506295e-02 -1.870370262008813345e-01
-7.956129545635558242e-02 -6.852486697120535597e-02 -4.932959279788467349e-02
-1.540170278200054350e-03 -4.457625354029735587e-01 5.647906415438200961e-02
1.119060444602754806e-01 -1.105561569793056670e-01 1.251175451225273461e-01
1.120617889811214019e-01 4.569404719276891069e-01 -1.246857394978262840e-01
3.895780807486041997e-02 1.824763724298043011e-01 -1.393003560954650388e-01
1.397611294563644024e-01 5.593497234020491232e-02 2.221544984088395513e-01
2.276220696629183138e-01 -1.145212221978167133e-01 7.535565616127616606e-02
2.666225183477689831e-02 -6.287673724960224364e-02 1.326601306361574195e-01
-1.218697611276410298e-01 1.900640137201919933e-02 5.187085806626646339e-02
-5.450485712440092390e-02 1.755426067111016120e-01 2.305191155824917390e-02
-7.598366652910899799e-02 6.620661574236545374e-03 -8.125541863847779780e-03
-6.275737858376187472e-02 2.803372151802342449e-01 -8.981999422080597095e-02
2.882033754522125846e-02 3.325274601904802396e-01 4.512679687238197596e-02
3.724265420140569771e-02 -1.046304650112931181e-02 -1.734644610585960034e-01
6.003239944608127626e-02 2.630386882040031682e-01 -1.101723647225071046e-02
-2.108509462394325129e-01 -1.026534425174723680e-01 -2.415938085767504462e-01
-5.581588133442774713e-02 -1.519554265976449069e-02 -1.100596566296074483e-02
-1.689692528515611691e-01 -2.275371407766355603e-01 -2.133444953442213965e-01
-6.271417472844550978e-02 2.051561747054509166e-01 3.053056223883588438e-01
-3.835801925382756328e-02 -3.316559064802947904e-02 1.551022798817649389e-03
1.230031046648675103e-01 -5.376164086814448906e-01 2.486759815808712304e-01
1.390058880393781615e-01 4.940647592275896338e-01 -1.817782658415756925e-01
5.128575482004433389e-02 3.442461037426203241e-02 -1.089941980671182142e-01
8.390253933897508232e-02 5.738088373927805602e-02 -3.044187657516009629e-02
1.944974089281167606e-01 7.794772157005958046e-02 1.001414885822369538e-01
1.393743044314934287e-01 2.579498302509627972e-01 -2.759639265927906968e-02
-9.072173968742956729e-02 1.131019628752048672e-01 2.463600456947158679e-01
-2.997277309772139464e-01 -4.383340606298151768e-03 2.092581841132165055e-01
1.655248248930074328e-01 1.105903311211979129e-01 -9.081029123825669347e-02
-3.191297701249394825e-01 -2.833336686328338794e-01 3.094248886041519805e-02
1.231261910058339820e-01 1.567098672921636571e-01 7.088013505867550579e-02
7.205970844438354395e-02 4.308599670818424182e-02 1.792584354514956124e-01
-2.165522537124009439e-01 -1.349451035144423050e-01 8.790678547273510224e-02
-2.222335801200206185e-01 -1.024222740920523178e-01 4.035064517413457924e-02
-2.554084894306277720e-01 -5.693911798323280510e-02 -1.265623834835803881e-02
3.570581272844606472e-03 3.190249565609343252e-01 -8.023752843455016215e-02
-2.440780352758084304e-01 -2.537996532517421411e-01 -9.570293106317365184e-02
-1.049960023711078022e-02 -2.496758218787606121e-01 -1.785553172693035429e-01
-8.003591140924123937e-03 2.750521125054454230e-01 -1.611622608818679692e-01
-2.679404193915830082e-02 -5.921944013417322628e-02 -1.516468946281487873e-01
-7.786147348895385012e-03 -1.205162989448132355e-01 -2.382797839387248429e-01
-7.387856515533011703e-02 1.358864049282993425e-01 1.376733004533795823e-01
-1.749471137020743583e-01 -5.075664004738317248e-01 -2.861711332628482651e-01
-5.813687803859707987e-02 -2.818223272046572192e-01 -2.025326719005060838e-01
1.127136927933327648e-01 -1.887375501941613090e-02 1.039949383171191594e-01
-5.157893190656116095e-02 8.791568851334409518e-02 5.827635386781294946e-02
-6.492499342312629818e-02 -7.081748876510846231e-03 -8.920696851930124197e-03
-3.880216697896710781e-02 -1.731799859747848447e-01 -8.124727904899400888e-02
7.873427756702799929e-02 -1.432557780339014653e-01 -4.647857001138888666e-02
-1.007400331780607533e-01 -1.269185986831023460e-01 -1.263866448482186058e-03
2.196159053005366374e-02 -3.321265832577097871e-02 1.790908287192155002e-01
-1.577031151376883170e-02 -4.062407978156402089e-01 -2.965777358165683220e-02
-8.331251805308827196e-02 -5.532694161331935812e-01 1.731032538564464540e-01
9.305424151321277371e-02 6.384232026897120882e-01 -1.490518690241724176e-01
7.357495288544441125e-02 6.018152198456091506e-01 -3.967348180398036495e-02
9.867655804355332516e-02 4.933770670549165738e-01 -2.703850170434778377e-01
-1.299068730583355646e-01 5.328485953669264141e-01 -3.347111625751830188e-01
1.002193057981052848e-01 4.044026351040476697e-01 -1.137382126783408921e-02
2.307224209885745947e-01 2.551029723580663933e-01 -1.359303606550012478e-01
1.260903747315050283e-01 -4.376987773354583389e-02 -1.557952848078608954e-01
1.566768483487948893e-01 -2.422684426925362719e-03 1.307831004811677578e-01
1.892779580806072115e-01 3.774099836263047902e-03 -1.960558756756918819e-01
9.218694849594263885e-02 3.823407565952912507e-02 5.799105742780766987e-02
-2.726294357803643043e-01 -9.772734188854784176e-02 -1.871090852789027426e-01
-1.319060459443687217e-01 -2.526424061047035097e-01 2.191864813265486100e-01
-7.706478973257479929e-03 2.393963859213419920e-01 -2.170069722294661330e-01
-2.204137192450935645e-01 -7.144306607614239746e-02 1.548215762752301883e-01
-1.023549891575072368e-01 2.109154898810003120e-01 -5.705063127883761021e-02
-2.625129822068618668e-01 -2.822506231204858218e-01 -2.807045723057458586e-01
-1.161849993922170060e-01 8.948985095469430551e-02 -4.394263547453410024e-02
-2.752259905141504204e-01 -4.028555559199265557e-01 -1.254957386980384004e-01
-8.007295529902853579e-03 3.306726859666061502e-01 -5.352652132700853188e-02
-2.470447834760244876e-01 -5.277787892793380786e-01 -3.037395582814170769e-01
-2.015871173742294631e-01 -3.313518306241557410e-01 -4.959920403559504587e-01
-1.688690860402094762e-01 -1.057023259127608111e-01 -1.095083365826604038e-01
1.308001784117330812e-01 -2.273109314836350980e-01 -7.187571411640904240e-02
-7.851963929245665830e-02 6.422772376103808023e-02 5.959057036243246147e-02
-1.457886481829497594e-01 2.882757607455303517e-01 -1.146470840144565156e-01
-9.817978106284765139e-02 -3.378617460143555906e-01 -9.444075833828846633e-02
3.684550123922171738e-01 1.793782535202679274e-01 -6.258609228542146019e-02
-8.326965153300376621e-02 -6.948975721037266295e-02 1.967987881749051482e-01
-7.700434279339035681e-02 -1.859697670025125399e-02 -7.063594195174868751e-04
-6.739322114565796801e-03 2.182105876648230969e-01 -3.713436699010890657e-02
-4.285924626892435862e-02 3.681343521922792461e-01 -2.641648348516224040e-03
-6.812112260399058594e-02 3.221045159679011838e-01 3.437647520293385384e-02
-2.221859043777936471e-01 -1.549761064924272125e-01 9.790300149800712504e-02
-1.830316135732200644e-01 -3.916645575791695144e-01 -3.335553389344205200e-01
8.406749127368999541e-02 2.803484758432739105e-03 7.599073230577167715e-02
-1.174242975203040051e-01 -6.566304625873893575e-02 9.553428261959963363e-02
2.634319302517246220e-02 1.898711055805692716e-01 1.646733889030339501e-02
1.398067809306156595e-01 2.191721201627511769e-03 5.094816745089335124e-03
-7.780451002276264627e-02 -1.456744231030361603e-01 -8.195845249078688444e-03
3.605125682909007378e-03 1.295373558032074379e-01 1.219731346971606872e-01
2.654062229977143320e-02 3.438445576557694339e-01 1.555406623109920616e-01
2.329771424851390105e-01 1.773266682207118028e-01 3.340860848804912409e-01
1.709770172692306467e-01 1.315269473570328772e-03 1.005821461420268043e-01
1.462587888049721452e-01 1.301426706878399120e-01 -6.194347114787811248e-02
2.549121500503476745e-01 1.805361734152141351e-01 -1.502023974322956937e-02
4.299956953338576748e-02 -1.386015991029243555e-01 -2.376649667088171214e-01
2.071778462871225971e-03 -1.600380755826067702e-01 -1.038057954268552102e-01
-4.340330457400540243e-02 1.920565994184791625e-01 -2.390961238827493326e-02
-8.431310288726270863e-02 -1.752670386632145250e-01 -1.255947177990383856e-01
-7.583443425912782254e-02 -3.704525683350481935e-02 -1.488192914000443512e-01
-1.103732457749956875e-01 -2.869622981198797773e-01 -2.609036195819710025e-01
-8.967411695770661356e-03 1.191797291221394911e-01 1.237931704088505169e-01
-3.021491659547419217e-02 -8.448507709585370562e-02 -9.480830900438015629e-02
3.833899327127056333e-02 -1.651370835223338884e-01 -1.138924892801979061e-01
1.712008318310867805e-01 -2.169986760494915512e-01 -1.086431900023331343e-01
3.631591848810006989e-02 -9.793379056339604483e-02 1.403435694064309736e-01
1.147470231738368929e-01 -9.098631520183936283e-02 2.869381541565541732e-02
9.709833963220404485e-02 5.196964133368201511e-01 1.040727931048842508e-01
2.228028665228144745e-01 -6.783308031771476676e-01 1.457533668676362984e-03
6.102692890458295827e-02 -6.582485851526681531e-01 2.227635794417569537e-01
-2.077992871981480805e-02 -6.923008919962833074e-01 -6.528074989835810915e-02
1.260672459323170791e-01 3.749860187178516990e-01 -1.185321117001246344e-01
1.576634235416189134e-01 2.141415236188592974e-01 -4.311068164893334942e-02
5.974171132936709899e-02 1.922848583846733794e-01 -3.601048396191139922e-01
2.195064703063209222e-01 -5.223875813536488222e-02 -1.523753494705087641e-01
1.639658265348217445e-02 -1.238846019950942956e-01 -1.221527799160705835e-01
-3.526122979982973527e-01 -2.130673273330296533e-02 3.007385573554765545e-01
2.372642428169617346e-01 6.621652840951849917e-02 1.751799952345999556e-01
-2.091361902837871600e-01 -2.031106699081943190e-01 -6.943786182612364521e-02
-5.300360415241331391e-02 3.233615511184380620e-01 -1.612098819665695459e-01
-4.481574804203911772e-02 -1.632075899864210422e-01 -1.057129749887744108e-01
-1.638509153848127231e-01 -2.570562593672847118e-01 -3.516657296487523676e-01
-2.140956547372741825e-01 -6.799020188362335515e-02 -1.642391018629422716e-01
-1.576503113438204040e-01 1.966888378301834620e-02 3.323590081808330821e-01
-3.929415164356723222e-01 -4.290422079445037062e-01 -4.596162020208962584e-01
-3.303112803746010573e-01 -2.584023692906001757e-01 -4.512035108873297395e-01
-2.218180692251526809e-01 -4.129149873118507542e-03 -2.539389169113763847e-02
-1.228133064816776671e-01 -1.015661665860855120e-03 2.177110908814956780e-01
-8.906305107171347268e-02 7.114718043401448144e-02 2.013846365862225971e-02
-1.333723339118299267e-01 -3.694887053210537675e-01 -4.088107449788727643e-01
1.157475766880416423e-01 -1.126934779107577889e-01 -7.464426370224291896e-02
2.187501697170419687e-02 -6.095529111262332905e-02 4.125839063576520332e-02
9.722953238072624960e-02 2.701593124495446988e-02 5.946919953824006400e-02
-1.948888997922692545e-01 -3.271435956276287915e-01 2.390587245920855475e-02
-1.640826413080170854e-01 -3.462136738445522610e-01 5.703217216490765601e-02
-1.321901670621640768e-01 -3.106737264756838646e-01 -6.985914038052251640e-02
5.532306697962123543e-02 3.636080434481932522e-01 -2.516247734848628403e-01
3.940079463427649531e-03 9.228496645981078272e-02 1.931428728385722405e-03
9.568307595372524399e-02 3.286303701655679532e-02 -1.573280785796729864e-01
1.556497300315725640e-01 9.477754405088990863e-02 -9.482725205754853615e-02
5.450730569874946696e-02 5.380834787144369441e-02 -1.489510046417197031e-01
2.039570117465574761e-01 4.444483856046008846e-02 -1.166003160420336082e-01
5.205204852690185208e-02 4.843410720480252618e-02 -2.890032345058899700e-03
-5.464280309507347361e-02 -2.256374632747320808e-01 5.244654061223653907e-02
1.005625990874552261e-01 1.287698831488400530e-01 1.574965500563759446e-01
-7.967403384959442780e-02 -3.705852701547801553e-02 1.243530316094021773e-02
-3.015255707796837825e-01 3.306500806384949677e-03 2.491197723630400318e-01
-1.291506977269873402e-01 -1.588926118889559813e-01 -4.614508509885038162e-02
-1.553383950884285603e-01 2.195299828162780298e-01 1.371820491564152422e-01
9.491849196788296195e-02 5.069897807170282295e-02 -1.019915655658869547e-01
7.360175425538471872e-02 -6.406504166060957017e-02 -2.267152821923496264e-01
-2.594730540222246473e-01 -9.926024081268043642e-02 -5.064097930997592430e-03
-8.143386459569600111e-02 1.409601450468709327e-01 2.315482126669351701e-02
3.729647039140138870e-02 -1.687361797498909133e-01 -5.978908363443122959e-02
-2.280679793475697825e-01 -2.621610744827412298e-01 -3.501659115351596907e-01
-4.750405381760554324e-02 1.268269539386850664e-01 2.460386656759402102e-01
-1.009172582455981210e-01 1.241092026237911039e-01 -1.759356244711051676e-01
1.547207844385135693e-03 -9.184305071089374217e-02 3.630805968939922190e-02
4.266292248477928511e-02 2.687167967661531764e-01 3.699126104574471802e-02
6.162581452052177944e-02 2.128826896489386666e-01 5.530122982298839307e-02
3.539118942880626478e-02 1.956854440135575024e-01 -3.323129581644220648e-02
-9.793804668178633654e-02 -6.691629798763102377e-01 -8.426396213272919350e-03
4.577277177015047493e-02 2.475143268056334001e-01 -5.394639555732541059e-01
1.263120494139787497e-01 4.457356261904936723e-01 -2.005887837495146375e-01
1.514218941483722047e-01 2.075288465278134764e-01 -1.292640845259541149e-01
8.881600850594896512e-02 9.972495018087680629e-02 1.031090667496116775e-01
2.221893211743650454e-01 8.329681500644221803e-02 -3.793508519849100175e-02
7.680740938098500059e-02 -3.888274845643292787e-02 -1.114338252705964760e-01
8.230654322311091453e-02 8.223644545767107294e-02 2.070613749432772752e-02
9.317310734387221349e-02 9.441128931419810744e-02 -7.124432062400572196e-02
4.031056920115812930e-02 -1.278918774374096512e-01 -1.859183613739256724e-01
-8.265773754923887856e-03 3.531674817370979158e-02 4.594912618963344075e-02
3.766301309038984357e-02 9.893970151691590387e-02 2.407377182013288319e-01
1.064607590779289778e-02 2.685882467281147656e-02 1.046651004837691051e-01
1.293359563077185748e-02 -1.593832838772551996e-02 2.060843086456495485e-02
-1.005266656406699349e-01 -1.774911303870964699e-02 6.865739387465355503e-02
3.223691577439979222e-02 1.609459864132281592e-02 -5.959107981219582267e-02
-5.701725450837732967e-03 -8.721099468328689930e-02 9.758449139663914751e-02
-1.871163935790513266e-01 -1.016348905949740755e-01 -1.356313229180067803e-01
2.409071296111342086e-03 -3.038515788340925838e-01 3.988802371262707008e-02
2.351692543303074701e-01 -5.203243717534078439e-01 -6.352993261172093509e-02
-1.025293298633735972e-01 4.007784791966071958e-01 -1.432855524233482558e-01
3.017228219284258661e-01 -5.376204119303125140e-01 6.595009515176450399e-02
1.213384427898952650e-01 -7.151188051147705504e-01 -4.279196070597245105e-02
1.147185806035366656e-01 -6.487345257551082600e-01 -5.966406710448863421e-02
1.718891911260810312e-01 -9.989234541246505561e-02 -3.778916560315093154e-01
2.606472240875010171e-01 1.976457894811663729e-01 3.514238990809635116e-02
1.106201947843099692e-01 1.565932050510690510e-02 -5.906848278810625935e-02
5.335295791615318056e-02 1.884675116902651271e-01 -1.975136222167309941e-01
7.982413632826029781e-02 1.845199221112940602e-02 -1.946642297644782527e-01
7.253184506550994226e-02 -6.868646228941915899e-02 5.024892536094666476e-03
2.690977360797715615e-02 1.224279790960216413e-01 -9.137925349312141232e-02
-7.005071302039908576e-02 1.584074929768345130e-01 -5.682506541613157464e-02
-2.005211137437336866e-01 -9.369323881819557887e-02 5.557633895157502307e-02
-2.397893693973226215e-01 1.077255503904376299e-01 3.581084110234306617e-01
9.466899717332025177e-02 5.230691735463113140e-02 1.188335877445521604e-01
1.729778858283820553e-01 -1.897788116599501695e-01 5.585629775106752161e-03
1.133260118470440642e-01 2.311166397906810055e-01 -6.822976765071983585e-02
2.355746668965760793e-02 3.211289376752172187e-01 7.813457410015210713e-02
-1.214032203526670128e-01 -3.607942122648856442e-02 4.803965702489775003e-02
3.057482578606481732e-02 -5.623809904293989095e-03 1.745356447097166364e-01
-1.090325316294914748e-01 2.303991619949130321e-01 1.030150201344083860e-01
-1.424069656016604957e-01 1.298286108606847566e-01 -1.927627283802874417e-02
5.238409344981206223e-03 2.351586508870365244e-01 1.839359193957184821e-02
1.176010014986008170e-02 -5.415809171498631169e-02 -1.073010518773082900e-01
2.801484605657367927e-03 8.064975944288692300e-02 -2.720633155549908588e-01
-3.569552273402090692e-02 -1.464515162534558712e-01 1.423061871721967853e-01
-4.126730892068895123e-02 2.690087561082428191e-01 2.527771915807754954e-01
5.297496785995398083e-02 3.026938697409525467e-02 -7.800686207902939040e-02
-3.989083490290916412e-03 -1.876335987101616365e-01 -3.560673300996518298e-02
1.808733024436538495e-01 -3.612298892443387421e-01 1.330668122057009350e-01
1.086795929076292966e-01 -3.624607254697359560e-01 3.447551521828443044e-02
-7.573267078828746501e-02 1.127049814736869882e-01 -1.503059165907648896e-03
-1.297772625421109854e-02 -5.669423094555274822e-01 -3.692691727226780213e-02
1.113738597476703757e-01 -3.816638731185025835e-01 3.922908521127101145e-02
2.545114830952429491e-02 -5.970395272675296239e-01 -6.950316698921567282e-02
-5.051181081834477116e-02 1.400475944146946372e-01 6.499599018584610588e-02
-6.672333673341475369e-03 -3.702377646490586510e-02 8.731691828511792264e-02
7.612659523419008922e-02 -3.846570621364737985e-02 2.441359704270304812e-02
1.407687240192317946e-01 2.739305926311012135e-02 -1.400049287240788809e-01
-2.911780804030393299e-01 -1.237617579258681877e-01 4.263087482750814450e-02
-1.645854258280281257e-01 -1.064855006915869789e-01 1.809690209663393223e-01
1.012169361207124196e-01 -4.043110525589173332e-02 -2.179803497313634042e-01
-1.355347122111778824e-01 -2.722804971209901934e-02 -1.634926006237837626e-01
-2.220952436404685995e-02 1.589323514400833859e-01 2.538609624705110424e-01
1.829235920327406187e-02 -1.683279649203878459e-01 -5.703948348566079997e-03
3.941379623883919936e-02 -2.315075671168928539e-02 5.558559340477858823e-02
-2.012329025591176879e-01 -7.981328680552850219e-02 1.954210368151523131e-02
9.664103580400161542e-02 -3.583250204575194053e-01 -2.395916007434778505e-01
-7.945907112773145653e-02 1.776693173551585347e-01 3.351567441876261016e-02
9.084646717439016916e-02 -4.323036311975439472e-01 -3.077300951763286552e-01
1.362986005673758882e-01 -2.055376670636623604e-01 -1.197305193685423708e-01
-1.188720680436949756e-01 -3.426297953506617922e-01 -1.778178175893305457e-01
1.815698567109456929e-01 -3.035915614359240289e-01 -2.363754962121259254e-02
8.842697872178255369e-02 -1.168407497599575386e-02 -3.719449728511532993e-01
7.983124823737025588e-02 2.562356245607873562e-01 6.275648863830678159e-02
2.230663075237384330e-01 1.108511480313455894e-01 2.188803879388207321e-02
-2.084397248128672109e-02 1.380716927785180237e-01 1.741361141040892457e-01
3.385162773677487247e-02 1.131484541850544395e-01 -6.476841061849197834e-02
3.543646478122667448e-02 -4.350880538292143523e-02 -6.963678266555005381e-02
9.040332833520352274e-02 3.535808400012989405e-02 -4.007384989598514191e-02
1.802508255406352622e-01 1.922117500718304173e-01 -1.065221534615516386e-01
-1.006567727888811464e-01 1.775187466926746727e-01 -9.217946694105525959e-03
-5.867316072807758978e-03 -2.321880625796275410e-01 -1.025039367619116626e-01
1.729730754185592190e-01 -4.957112413375975440e-02 -2.928023952030714763e-02
8.101260439879330588e-02 -3.508319217538515000e-02 -1.927116418144544929e-02
1.113181856222079415e-02 -5.678034158708719636e-02 1.676650300358595580e-01
-9.861553026876854200e-02 -2.780759876183253390e-02 -3.440764334787249808e-03
-9.976886102830734293e-03 6.852520985795042263e-02 4.923829237826848199e-02
2.018942694016497563e-01 -3.623470035246088017e-01 1.430182798899050367e-01
3.655369730744886109e-02 -3.373576713810915173e-01 1.991519761110340306e-02
1.011466741914200523e-01 -3.600743738325750121e-01 -1.841910815716993333e-01
7.216123184334456708e-02 4.120499103105888516e-01 -3.827370904899648485e-01
1.732530655975959150e-02 2.500365500978589672e-01 -2.417107697450086301e-01
1.527475817017292792e-01 3.223345030593122162e-01 -9.050751574979067071e-02
8.224888872479096946e-02 1.104682608807009275e-01 -3.088774810503750468e-01
7.748541168740016860e-02 -1.538247277627530774e-01 -2.062496443115936773e-01
1.287240963074125777e-01 2.785465012666450413e-01 -2.758826440833068161e-01
1.369846846986464139e-01 2.245027631736890017e-02 -1.874125618546101935e-01
-3.123449970842050172e-02 -1.500099484445774171e-02 5.900273444898193609e-02
7.064836466955980165e-02 8.105252486845026388e-03 1.011136163894928303e-01
-1.123250663401363925e-01 -1.958583732463399785e-01 -1.370358709859965662e-01
-2.320368067948212210e-01 -6.085487213237865400e-02 -1.023363509661260294e-02
-1.608573145245824898e-01 3.469749099899439165e-02 8.401093477661511488e-02
-6.271324719221267607e-02 -3.559794339915439143e-01 -1.518262126198505202e-01
-3.535270608287804928e-02 -1.785800818425709591e-01 6.390277860408181965e-02
-3.312521835864148945e-02 -1.081380036139893003e-01 -3.622791176539245234e-02
-2.098055341800116047e-02 3.229056710137273578e-01 1.835885716690788955e-02
-2.368464597769585206e-02 1.892364048458042569e-01 -7.312757374438228278e-03
1.213960940073516709e-01 5.783778752823317409e-02 9.747788592569660293e-02
-2.366953178642669173e-02 -9.006032351255080504e-02 7.635651979122295985e-02
2.323848924273758804e-02 -2.759714467710193062e-02 -6.893597815161513209e-02
-1.016821212534958080e-02 -6.958168492457474097e-02 3.135383118833610927e-02
-1.125791478924687838e-01 -1.937520082017834405e-02 6.582962167429712297e-02
-5.642280086613848944e-02 1.472892252549346248e-01 1.466455007376800679e-01
-4.188984376497492668e-02 6.685951016481724019e-02 -1.704341221288321051e-01
-9.592639914929891598e-02 -2.683132244333912356e-02 7.551576027853970641e-02
-8.606346051365433569e-02 5.464008444636046791e-02 1.416227477617697933e-02
-5.026390022854148459e-02 -5.188275804323173174e-02 -8.424643650243507365e-02
-1.652179673641895191e-02 3.103090597191757172e-02 1.680354401563861899e-01
-1.102504074549033042e-01 -1.454079061213513213e-01 -1.413308837652100525e-01
2.648135352951077048e-01 -2.117326006148586570e-01 -3.151658857349010079e-01
-1.253302299363432681e-01 -1.939169056709389438e-01 -2.342558741656569354e-01
1.668711092558033959e-01 -3.934853470032637635e-01 -8.763774992599418501e-02
1.749742298239428118e-01 -3.535912615875476117e-01 1.584537631733082264e-01
5.122054027260294906e-02 -3.385462432559194768e-01 1.279942480665346438e-01
1.634880569732837796e-01 5.287342154997272115e-01 -4.451039616007134159e-01
1.380548251589830688e-01 1.953833166104456953e-01 1.909206546012539307e-01
3.121344251538733100e-02 1.223144108387039242e-01 9.290426947054385501e-03
1.368664973899665072e-01 1.898643442951838400e-01 2.018024975890644196e-02
1.055208242633473986e-01 1.913504694286236041e-01 1.051323025161818581e-01
2.170628182885112056e-01 1.922602382248922992e-01 -2.091793589430799849e-01
6.150672804239715186e-02 1.256512919694104391e-01 8.517748256789919523e-03
7.802705259482699274e-02 -8.032880448427356934e-02 -6.978926505695361160e-02
-5.139272824282860135e-03 1.159054097523669891e-01 2.333412367792474240e-01
-2.208076166644233271e-02 6.022328098395386686e-02 2.090565670552353011e-02
-2.464652328476270304e-02 -1.487872707041529019e-01 3.701285563336880607e-02
2.235365647825271126e-02 -6.771398573442136137e-02 2.636486543221422743e-02
-8.080413390344090563e-02 1.101464341829259952e-01 1.291859601758452714e-01
7.921173301154568747e-02 -1.643236899185318567e-01 2.746322953076366091e-01
3.436836692019520911e-02 -1.170851164835098532e-02 -1.361012120946177885e-02
-1.037714087770065102e-01 -2.007354772331606252e-01 -3.047947800130544893e-01
1.040984073016937572e-01 -2.637730443771154065e-01 -1.327469209758992408e-01
2.067057660528364704e-01 -2.530064737845453826e-01 1.900882395001352865e-01
5.995620181397319504e-02 -1.722051475600719361e-01 -1.140482825907599695e-01
3.357774000604843434e-02 -3.308644480210288230e-01 -1.553998956769327621e-03
1.047276048815178884e-01 4.489606306587438089e-01 -1.196586279920577173e-01
1.606532579964894680e-01 1.240782476283299601e-01 3.888976064112372594e-02
2.227098778206805171e-02 4.147350227064557776e-02 -2.108435237892194170e-01
-2.555479938125027398e-02 3.943145446361432521e-02 6.547658479050312563e-02
5.438375764001201346e-02 -3.272654282701632500e-01 -2.142376893187920295e-01
5.231874875515590828e-02 -2.072040504606209241e-02 1.524574925529890990e-01
5.919623634456939315e-02 3.402392231550713242e-02 6.373707722964418523e-03
9.955992079160985372e-03 1.783494055079284935e-03 1.610615169288074355e-01
-1.030637290302794870e-02 -1.494557261242140112e-01 -4.217491742343068388e-03
1.078312456287563170e-01 -4.414701087101499666e-01 -1.735057947239738718e-01
1.112827319637068740e-01 -7.451218040086542149e-02 3.570549459295592476e-02
8.235365290210846373e-03 -3.895592411868561977e-01 -1.108159777803322255e-01
9.572512612466597959e-02 2.658362588652405378e-01 -3.961100256836813105e-01
1.232092016715803234e-01 2.585511398481918910e-01 -1.033916916461873614e-01
4.134163619730244627e-02 4.889058033318054164e-02 -2.054583981407571147e-01
1.054565278815759871e-01 3.037697751391916778e-01 -7.703849283656850899e-02
-4.635968967282192571e-02 1.044698367553696661e-01 -1.268779257694424567e-01
2.009137176254242596e-01 5.449678228687405285e-02 -6.465279517042953061e-02
8.170791561258329561e-02 5.692330970887951591e-02 4.949895289987202296e-02
-7.064550849797902876e-02 1.815976216936078247e-01 -1.496817566071272088e-01
-5.253463725305058084e-03 2.940257541856723320e-02 6.784982631461305980e-02
2.700342117333261530e-02 -1.105098312907115271e-01 -1.111073352036110878e-01
-3.879005542829351387e-03 -5.230915371588728581e-03 -5.408346196528966698e-02
2.842866298767546263e-02 1.391574581497694862e-01 -1.135145656999597685e-01
-3.526498153852973202e-03 6.615963456974206791e-02 -5.164756729727840168e-02
6.393769179733922725e-02 -1.287164760359937529e-02 1.552185639384495164e-01
6.475316279428713906e-02 -7.209713909839463031e-02 3.180900719682400735e-01
-1.954805735709060077e-02 -1.466704901394410565e-01 1.646279127697480513e-02
6.135847184509023861e-02 -2.504020247699264012e-01 -3.002470765438805533e-02
-3.735003541737665078e-02 -1.937455992527958581e-01 -2.428357407653965461e-01
-9.254159277442487730e-02 -3.408724724465352768e-02 -9.485323620606635198e-02
2.317916510799829521e-01 3.005339078458930668e-01 -5.471601904928364846e-01
-6.997945010331431230e-03 2.551413222818554316e-01 -3.674391957324177338e-01
3.669666118525671122e-02 3.861734860468996750e-03 -1.503524883159428338e-01
8.979604840909218011e-02 3.610769356492972426e-02 -9.353476928570433890e-02
1.097877658105476661e-01 1.482024113792199393e-01 -1.638545779425845117e-01
1.474439404974990653e-01 -7.593529764206361291e-03 -1.782891689414596859e-01
1.992293955197642075e-01 4.390671202373730431e-01 1.828965753028120589e-01
1.527693246106664147e-02 -4.907664219089158397e-02 -5.031766359718968518e-02
1.017988076427490396e-01 7.354960877119649798e-02 -9.621959135935120866e-02
1.039513296580665824e-01 1.143333000831159851e-01 9.623534354962536355e-03
-4.149322536243945508e-02 1.353103226358962630e-01 1.223244919372243195e-01
6.239503800993112526e-02 6.810368431240441944e-02 6.896135770406677801e-02
-4.018173813449392451e-02 -1.019601271013483301e-01 -3.938360268678015030e-02
-1.458492797349368875e-01 -1.565239145221149764e-01 1.615034734147116069e-01
-7.855991060897679623e-02 -3.448332195259539157e-01 -1.046419178319174664e-01
-5.658507076429602350e-02 -2.297604622227310545e-01 -1.316784227928348427e-01
2.525957270073953681e-02 5.914550127634995991e-02 1.189713158345028984e-02
2.054129317323322990e-01 3.747195176001418271e-01 -7.798801157380726677e-03
9.365803713298372080e-02 2.451679202910289068e-01 5.206423868058242949e-02
2.772129999899615102e-02 2.624374290050050518e-01 -3.654303641163934857e-02
2.151395142904410918e-02 1.028245930910281075e-01 2.558813702790115052e-02
7.219332210578664755e-02 1.189551864714929325e-01 2.003655653910006995e-01
-7.377991597338436069e-02 2.217317388018214541e-01 -5.515909037794872877e-02
2.075847471027800553e-02 2.005161765977703514e-01 -6.519139673073895414e-02
1.091006004876003826e-01 1.513847899093636595e-01 -7.957656205344761091e-02
1.066298127085390235e-01 -2.333226490769564065e-01 -3.551859013969697020e-03
3.879129570498313778e-02 2.803193907665874063e-01 -2.726348165434878124e-01
5.432577407434564798e-02 3.115217864723724972e-01 1.795843840773636568e-02
-9.519428811374549063e-03 6.347234764999717949e-02 -6.650375881969386449e-02
9.405197136817446124e-02 1.201642606335955876e-01 8.147118047614107517e-02
-1.104028885533014787e-01 1.099543084257256637e-01 -1.656555070905737365e-02
1.756615565379661056e-02 -1.196147699614662357e-01 4.485090907880528999e-02
1.897953597674794102e-01 1.841405709680386249e-01 -8.241266359830899668e-02
2.617572820660198085e-02 3.081650520627636780e-01 2.780288127795443182e-02
-5.407695960208196151e-02 1.732481708220564298e-01 3.153894730888076592e-02
1.321305813768927084e-01 1.913218534983767150e-01 1.387989215205657871e-02
-2.000695254102393197e-02 1.256858564393769084e-01 -2.799688858203177450e-02
6.975434701661865911e-02 3.163471738918455789e-01 -2.627381925091288872e-01
1.839540604382605693e-01 3.130226632373630524e-01 -2.959429603847921197e-01
1.721482449252671743e-01 3.369235482532200732e-01 -1.293762438474891918e-01
1.567599798008817991e-01 2.611023584250451446e-01 -4.893428913258690560e-02
3.488563638030513919e-02 -4.353446399063210827e-03 4.758589861486636763e-02
-4.041981164398433801e-02 1.375735539118744244e-01 -1.242819326056551904e-01
1.458617468187765054e-01 9.874845921421973594e-02 -4.485108363520071140e-02
-5.264470804097767104e-02 1.187213521865766175e-01 2.563439264005138579e-02
-1.589795034799567144e-02 2.373523666809110033e-01 -6.730785204903287633e-02
-1.022650497500835198e-01 -2.534997997393942382e-02 -8.753859516270731667e-02
-6.223197204387617004e-02 -1.507946564386040689e-01 -4.135630290183229807e-01
1.641677261227133533e-01 3.343417611329059236e-01 6.973321318699429033e-03
1.225773770723696116e-01 2.196545412849374157e-01 2.467103935130136871e-02
1.637370335314704273e-01 2.300821729575110997e-01 2.410436083655061873e-02
1.166054475276642188e-01 8.343750622999029920e-02 3.736448335356579858e-02
-1.717755344788915797e-02 5.278348580600087520e-02 2.834612264970976306e-02
1.198058874406032898e-01 -8.590707443720915770e-02 -6.096896417069400109e-02
5.032116138883779149e-02 -2.273004322880087524e-01 -8.531685373272884787e-02
-1.223884862715915803e-02 2.596681448456934493e-01 3.893861478826503991e-02
-5.888406802042700158e-03 1.059256071403973931e-01 -3.738462150029573522e-02
-6.168558105581926909e-02 2.420447362598699970e-01 -8.036687100861959754e-02
-7.068179145938449648e-02 -7.313967654005405772e-02 -5.395708793274824056e-02
4.286839079833282273e-02 1.789272203236399184e-01 3.571248741351299577e-02
