1.389194801120337708e+01 -2.225388838920410350e+01 -5.487180268841192199e-02
-1.368185298625044410e+01 -2.219642759273123289e+01 2.316591104871927875e-01
1.378322301798067961e+01 2.223599819314913617e+01 8.049456617001107817e-02
-1.444692289198967572e+01 2.336815027940100009e+01 1.705470870057318733e-01
-1.370087674989019233e-01 1.387841391670403191e+01 -4.128485060779234317e+01
9.369673813462225942e-02 -1.340148886758140456e+01 -4.003532908255942147e+01
5.715503115087577218e-02 1.331504638663953877e+01 3.970377285394340561e+01
-5.353550442977483143e-02 -1.358397797253898354e+01 4.085271048693232387e+01
-2.222810577932551368e+01 1.335873290935586932e-01 2.049557578424726501e+01
-2.170276915331582757e+01 -5.378054323325223707e-02 -1.970874494612585437e+01
2.324089945534210599e+01 4.861367483927325067e-02 2.083857369568491080e+01
2.278409242202913276e+01 -5.174009165520691150e-03 -2.031164364750135931e+01
-2.712584224504823935e-02 -2.495326788869668988e+01 -1.581074703068802711e-01
3.854449795931692152e-02 2.471710135183740675e+01 -8.006011900963738714e-02
7.697464641780888961e+00 2.046905251561051031e+01 -1.882022662956265435e+01
-8.054376520641154613e+00 2.112145005803521158e+01 -1.930526937718846625e+01
8.041106493298824986e+00 -2.100447980766447031e+01 -1.936347423900542353e+01
-7.930769056814646056e+00 -2.076292901553645720e+01 -1.846154085846831805e+01
-7.583454910399645144e-02 1.568095647890588029e-01 -5.104205228120353155e+01
7.825883424515453157e+00 2.068789963854902680e+01 1.911778301930321078e+01
-8.032528487272482920e+00 2.092782878497814991e+01 1.906616007581526162e+01
7.742707466770240465e+00 -2.030077998092714608e+01 1.883864947202262385e+01
-8.315416178308154826e+00 -2.186834759360781533e+01 1.957967346860218427e+01
-1.352301715964488171e-01 7.755618597644386991e-02 4.936216692454415522e+01
-2.019733030278935004e+01 -1.249311436680398479e+01 1.065875785385033758e+01
-2.199105175683149582e+01 1.360999788922610243e+01 1.107142365961548514e+01
-1.299788689132907216e+01 7.898371971341902942e+00 3.701259939526038778e+01
-1.247692386466600745e+01 -7.759393141739222344e+00 3.561155615481077064e+01
-2.071568726038199770e+01 -1.284714324350109571e+01 -1.086926428708361314e+01
-2.178599860619458894e+01 1.344583959774887383e+01 -1.114744170179246652e+01
-1.286857183068812915e+01 8.055524168006822805e+00 -3.689333237326443538e+01
-1.241528691798161965e+01 -7.763699351664971715e+00 -3.584567635117066686e+01
-2.604718913389204715e+01 4.255841867258719491e-02 1.248384353486856196e-01
2.182559607983979433e+01 -1.347453070766944982e+01 1.109997728320667854e+01
2.127979369470732962e+01 1.318291277727567312e+01 1.112220213929322199e+01
1.264167703799385833e+01 7.739277737474522745e+00 3.582398541112650747e+01
1.288068847140183237e+01 -7.843845651848665668e+00 3.685303453188205225e+01
2.186282060128361948e+01 -1.353121656552790597e+01 -1.109780923520530749e+01
2.082935817592318273e+01 1.277145987500920832e+01 -1.090191404436904854e+01
1.282322119175448272e+01 7.890407872869661610e+00 -3.684079393725929918e+01
1.243697811902263872e+01 -7.689043310823285182e+00 -3.563763095738851661e+01
2.641211229431948837e+01 -1.299995963970254978e-02 1.386104529261781571e-01
6.785721382434626747e+00 -2.395475733615099756e+01 -1.717372122205666762e-01
-7.265320542461220832e+00 -2.539360439086530619e+01 1.241274222236461583e-01
6.983009405223150168e+00 2.487473396444432083e+01 1.068981384464118695e-01
-7.130817660593623764e+00 2.475454253359495382e+01 -1.008528427399787847e-01
1.111386219812126797e+01 2.206418997974027008e+01 -8.937896844928147289e+00
4.035132494591964658e+00 1.792521125526284820e+01 -2.975005546925845579e+01
4.147284466814739723e+00 2.390432738555643155e+01 -9.388802953090825909e+00
-1.160940780195705813e+01 2.286416176054630611e+01 -9.242362567831534648e+00
-4.240896890291866228e+00 1.822741764223515659e+01 -3.027974742439269562e+01
-3.997964633739628848e+00 2.348577697476322612e+01 -9.390837112978745793e+00
1.273775002997518460e-02 2.146165866451558557e+01 -2.075390434499844261e+01
1.125311350823461432e+01 -2.231232122151591923e+01 -9.360388048490255741e+00
4.280202201902993053e+00 -1.820524681090721941e+01 -3.000235587490229960e+01
4.099606289651622326e+00 -2.376357487249738654e+01 -9.487218539583471610e+00
-1.128982672336606186e+01 -2.257648162936798286e+01 -8.949203574757158108e+00
-3.928046693731332528e+00 -1.776362221688095033e+01 -2.922704427735164501e+01
-4.332361427016280686e+00 -2.464805001848380783e+01 -9.510866343938811696e+00
-6.389013014990512114e-03 -2.193411745714698569e+01 -2.078223481425782637e+01
-1.617800204317658246e-03 7.225987135042821308e+00 -5.056753300853144850e+01
1.081552293985534874e-01 -6.639694479666094828e+00 -4.626171655065758159e+01
1.128689749085336302e+01 2.243823525192219037e+01 9.324590060238092448e+00
4.067939328540373545e+00 1.777954798859623509e+01 2.942009338599374857e+01
4.116228682414575069e+00 2.360943414171518384e+01 9.192139314180758802e+00
-1.186956013117539932e+01 2.324488608524262290e+01 9.275840364662846227e+00
-4.131374630208275001e+00 1.783972078073622214e+01 2.950057798724747826e+01
-4.012664966885793660e+00 2.338535518277261716e+01 9.158531343713061545e+00
3.566937430121741234e-03 2.076329566097108525e+01 2.014018936925643288e+01
1.100343867400302855e+01 -2.167616040478312911e+01 9.044366258229826983e+00
4.112250448901940914e+00 -1.795902804034856715e+01 2.976190913676301264e+01
3.981548596834303400e+00 -2.313280135111899938e+01 9.181470651672210437e+00
-1.158323337380169171e+01 -2.317359817762457297e+01 9.556883165278822645e+00
-4.312008395746725675e+00 -1.837204523415191204e+01 3.016806048564364318e+01
-4.142466742264314661e+00 -2.380574921697561308e+01 9.271586595526933650e+00
1.496791129078792366e-02 -2.126068204964812125e+01 2.061442464306411182e+01
-3.588067523356402999e-02 6.464305697477739088e+00 4.586267387662078221e+01
-1.860937211152289758e-02 -6.745872920595863853e+00 4.813060340369921164e+01
-1.710411380487702715e+01 -1.729423656819965771e+01 5.497270484139252567e+00
-2.106094437987686163e+01 -6.341610059781901398e+00 1.579862320754037697e+01
-1.489553271799548639e+01 -1.751175681732554779e+01 1.593050838071378905e+01
-1.899696246941206823e+01 1.918077184878297459e+01 5.599234664326683486e+00
-2.257029183710356079e+01 6.796478402721120915e+00 1.644984014880476764e+01
-1.601710156280006458e+01 1.877343234236839464e+01 1.593847774473981715e+01
-6.735312243006442046e+00 1.111749419841734010e+01 4.138790639087613243e+01
-1.858223682118642728e+01 4.209259640405345948e+00 2.922646456585248842e+01
-1.108945963635994936e+01 1.546678615818307279e+01 2.897488616439233411e+01
-6.553477833507841410e+00 3.927843526919307937e+00 4.662564941941850094e+01
-1.818822779273191514e+01 1.115668572365316003e+01 2.357070848684081810e+01
-6.570141865084051958e+00 -1.108901812562839773e+01 4.111689286311006697e+01
-1.771456852551340688e+01 -4.004409190686653019e+00 2.858772480308924813e+01
-1.102837495659053246e+01 -1.553379780773280849e+01 2.898949164899552500e+01
-6.297628540420753929e+00 -3.916689994832672550e+00 4.671403172414479599e+01
-1.698985083930314133e+01 -1.042972529218777211e+01 2.240299131238642261e+01
-1.326396249695242524e+01 1.421834193172793470e-01 3.990226163535344028e+01
-1.710789706794695419e+01 -1.724360470517095223e+01 -5.376123792214421826e+00
-2.218294367320026694e+01 -6.744668148773995675e+00 -1.567925009611090381e+01
-1.458629130990203038e+01 -1.714020746174009702e+01 -1.549200048745006697e+01
-2.207029962700307379e+01 -1.363435406239590897e+01 -1.059072135303242707e-01
-1.853054436912455927e+01 1.877480327502975399e+01 -5.452570626344498628e+00
-2.244314306269287229e+01 6.773698204611762641e+00 -1.613083599927422895e+01
-1.532551243436584265e+01 1.794442603267950531e+01 -1.581801851045070428e+01
-2.341261617734649647e+01 1.445457946212639833e+01 -5.064452444243747187e-02
-6.694846735715190178e+00 1.122845172652040446e+01 -4.155103100523685811e+01
-1.783206118637042437e+01 4.146635023015179833e+00 -2.886216872251678112e+01
-1.126289290350200289e+01 1.548541994134528466e+01 -2.908073574222521529e+01
-6.820098321021379029e+00 4.230954375491447372e+00 -4.884913037636302846e+01
-1.823534195290885762e+01 1.111715529198258245e+01 -2.347867631591360293e+01
-6.362858629183638648e+00 -1.080198748401787867e+01 -4.003122027962669449e+01
-1.730184284365472536e+01 -3.987568785221928813e+00 -2.821476589944667879e+01
-1.066761074402753984e+01 -1.479523629781134986e+01 -2.784009090248741458e+01
-6.727061710514367299e+00 -4.284379094816208600e+00 -4.842508498783034554e+01
-1.741287816946179845e+01 -1.061038653564202683e+01 -2.270470213485601363e+01
-1.328544449511804970e+01 1.471855732760161406e-01 -4.001436557048381104e+01
-2.497199996708847181e+01 -2.549857837922633874e-02 9.724938988134191220e+00
-2.470699150158858970e+01 -1.040325922168113849e-02 -9.465513498979778007e+00
-2.485478422738177429e+01 -6.811172554485644071e+00 5.257080105981925655e+00
-2.553716521865879585e+01 7.009718578809138734e+00 5.590010779469975155e+00
-2.520429683006140564e+01 -6.989759365267954827e+00 -5.621966112873844956e+00
-2.578237599780508660e+01 7.128515170480927310e+00 -5.501876547420356367e+00
1.849473762839883406e+01 -1.869484188915038203e+01 5.502461871500764268e+00
2.263454564486611176e+01 -6.736059330723430882e+00 1.638431422056133613e+01
1.543652601890714493e+01 -1.811793638463557343e+01 1.578157919433775369e+01
1.840897692610229086e+01 1.868577947119921845e+01 5.791310405362444236e+00
2.330741350244106158e+01 6.956678034938895472e+00 1.665136804394963832e+01
1.532149269050801976e+01 1.801159278858596124e+01 1.578987710788432608e+01
6.526090930325883832e+00 1.090238018868209480e+01 4.062678029857705297e+01
1.859690541652508600e+01 4.233526444743291428e+00 2.924422531896635746e+01
1.093329115112996952e+01 1.508666149183401828e+01 2.853582625317829979e+01
6.140873673608849614e+00 3.852129001106154416e+00 4.507619082786754205e+01
1.795365208303861237e+01 1.079895569565681690e+01 2.311502848190142956e+01
6.601751915735598608e+00 -1.109194392623430936e+01 4.133809824350989715e+01
1.855673440830648957e+01 -4.147699210534320891e+00 2.916596694637237164e+01
1.099134862843780525e+01 -1.516482826807688156e+01 2.872192567671098118e+01
6.579504580213971998e+00 -4.158149818916279550e+00 4.697420403768443720e+01
1.812452428153204664e+01 -1.105024279367181883e+01 2.349669766324657871e+01
1.299343680662462397e+01 4.556863363557180774e-02 3.939649446464076732e+01
1.833482955353442279e+01 -1.858218419640434504e+01 -5.404030236782345398e+00
2.253432526769991640e+01 -6.738580743650838478e+00 -1.605454430524508780e+01
1.521865186276640003e+01 -1.786598016681575274e+01 -1.593416894790893856e+01
2.327191846994580970e+01 -1.450210039343504675e+01 -5.059313046138900344e-02
1.793911805666274262e+01 1.813007559886200681e+01 -5.344708370810404396e+00
2.284462291733133910e+01 6.854805691791532318e+00 -1.649819925680737498e+01
1.452056715379004537e+01 1.689555783386561671e+01 -1.529802012305757053e+01
2.219616042476146944e+01 1.374457911330769022e+01 1.088546835622704462e-01
6.613894806461188658e+00 1.122605705803260534e+01 -4.155510740700967176e+01
1.835878608727097472e+01 4.222584174366521559e+00 -2.916754568493412236e+01
1.067767178910828285e+01 1.480971247237847344e+01 -2.841040501911892235e+01
6.906930624982977385e+00 4.181211067732694353e+00 -4.850353567008926348e+01
1.753102863007163847e+01 1.060564043667859124e+01 -2.314427177550262371e+01
6.480326192598638180e+00 -1.079022101397085009e+01 -4.016978970572706942e+01
1.779821998523799920e+01 -4.137316107938780796e+00 -2.828255860512565789e+01
1.117840112779771111e+01 -1.544621016049145013e+01 -2.866981174186561887e+01
6.423620063792919943e+00 -3.850312302226540861e+00 -4.549748632660761416e+01
1.812925542146307478e+01 -1.115557009300015245e+01 -2.322223648627525705e+01
1.315128057975806009e+01 2.345854178426985334e-02 -3.953094197506771224e+01
2.581729253466624030e+01 1.843836286859551823e-02 9.886264266536265666e+00
2.555798533747242729e+01 2.310862972119694103e-02 -9.696845408584039205e+00
2.553546752712134804e+01 -6.966445688836839345e+00 5.558111020577377381e+00
2.506862690339901789e+01 6.908931750155849372e+00 5.650993443484109591e+00
2.581870647672267793e+01 -6.990400042164381489e+00 -5.455674680314122504e+00
2.490825679946328108e+01 6.928113359182242803e+00 -5.570575889972729122e+00
1.031825934204641548e+01 -2.325123896417119695e+01 -2.168458551670251755e-01
3.357881380092549772e+00 -2.450551829457454289e+01 -1.690826872474119891e-01
-1.073252454187006322e+01 -2.452181004375676210e+01 2.785371684551770644e-01
-3.564884481222318602e+00 -2.508392124170877580e+01 -3.642573136507860909e-02
1.041511776331392092e+01 2.366456020713692610e+01 2.854604770676940143e-02
3.577260268011197564e+00 2.499634802699052472e+01 -9.489926243353420665e-02
-1.086043266249717654e+01 2.447249871953836120e+01 -9.739036182022663135e-02
-3.471723641894679968e+00 2.452528487990588602e+01 -9.384155256087681196e-02
1.258795155097272556e+01 2.241636333634102130e+01 -4.284184092996704329e+00
9.509787554804480791e+00 2.155001446103999285e+01 -1.381206653763092973e+01
9.225601233791598688e+00 2.385368451014856461e+01 -4.470833048118688424e+00
2.057724324431217333e+00 1.591271904345109256e+01 -3.553870571055001903e+01
5.926160330747125116e+00 1.928696118598247011e+01 -2.393039206967526766e+01
2.105998320161067916e+00 2.464311854934058843e+01 -4.636605249138635365e+00
6.136959675430527561e+00 2.263650871801896614e+01 -1.419208153260408345e+01
5.671167467322813849e+00 2.461477694719616949e+01 -4.571671617585256087e+00
7.728636723670744502e+00 2.343417065894312401e+01 -9.263785464027346706e+00
-1.323147359225727016e+01 2.349394277274565823e+01 -4.422990112800099460e+00
-9.656119496636280886e+00 2.189801217342641593e+01 -1.412038658687182036e+01
-9.459581333988619889e+00 2.437475950726479468e+01 -4.415145421844250961e+00
-2.195808100984959488e+00 1.611076248515836440e+01 -3.579163360603131849e+01
-6.257444914485511767e+00 1.979220468078830919e+01 -2.463467361661905031e+01
-6.811869200552737869e-02 1.827362835360733229e+01 -3.086771915465947558e+01
-1.972070520029774787e+00 2.422856939814207777e+01 -4.617982330750133535e+00
-6.073187319715525945e+00 2.248698943489917568e+01 -1.427389735000220661e+01
-5.644203632264567894e+00 2.448538519612918307e+01 -4.534331741876070687e+00
3.769692395689600711e-02 2.338320546464133542e+01 -9.549438280031498749e+00
-7.742965220689350225e+00 2.364278439431882717e+01 -9.353551910824720039e+00
3.994154246219054905e+00 2.141218055390373820e+01 -2.015365031693003317e+01
-4.007414401362759726e+00 2.127831936743399410e+01 -2.040161220146011090e+01
2.184952097325981057e+00 2.024133705301118979e+01 -2.534151518043121243e+01
2.081756446945120853e+00 2.245727655051803140e+01 -1.484142159429873509e+01
-2.112721102021469122e+00 2.010596601591417709e+01 -2.543493071571844411e+01
-2.050575007037792385e+00 2.249978919772344454e+01 -1.498148249929479903e+01
1.272582680893436269e+01 -2.254859243734583529e+01 -4.491208844984168280e+00
9.697804724794981013e+00 -2.181370733288776620e+01 -1.427221813817770091e+01
9.082269525695528145e+00 -2.349668345884288101e+01 -4.555857600387541950e+00
2.169533832633044224e+00 -1.593774458233701807e+01 -3.507395866029359865e+01
6.222563300049618107e+00 -1.981871764159702209e+01 -2.452405190767753851e+01
2.144080646066508500e+00 -2.467780118595738159e+01 -4.588404796591491142e+00
5.986649690427380932e+00 -2.257507824362605930e+01 -1.442162605712108991e+01
5.543185255718910298e+00 -2.407111855873649020e+01 -4.588749550848199910e+00
7.610740361575137669e+00 -2.316238623168768385e+01 -9.414009467553505317e+00
-1.264666720819375456e+01 -2.258549268094065354e+01 -4.163377576323820328e+00
-9.819872803212096102e+00 -2.201838274428443398e+01 -1.373937925090097778e+01
-9.641977124012152345e+00 -2.479301260051176214e+01 -4.379622177830597707e+00
-1.936406135896585390e+00 -1.567942887045861511e+01 -3.473303645897279779e+01
-5.947579102326986167e+00 -1.931111382576855107e+01 -2.354676334171998775e+01
2.098693782184095358e-02 -1.834038699638170655e+01 -3.056095446312734154e+01
-2.071566357972356442e+00 -2.499973050769482086e+01 -4.653971667904986731e+00
-6.372240001080331950e+00 -2.358968608676293854e+01 -1.411821781429080325e+01
-5.875128375309297546e+00 -2.529106324625456992e+01 -4.528847455769051678e+00
2.119952135322426476e-02 -2.424638470627255415e+01 -9.660048752817395723e+00
-8.035081893774259854e+00 -2.445105684113553579e+01 -9.368498050028666313e+00
4.021338796206413768e+00 -2.146140327521192148e+01 -2.035355982318263557e+01
-4.094830916122008446e+00 -2.190814165789064916e+01 -2.012236368636521888e+01
2.121613596431343396e+00 -2.027731440468680546e+01 -2.532304053812183042e+01
2.118145222084415025e+00 -2.306413295797154106e+01 -1.502134626803808892e+01
-2.098066976890705426e+00 -2.040055865618061048e+01 -2.522963439116159279e+01
-2.089300928574472138e+00 -2.336068312211798670e+01 -1.498473185708248323e+01
-6.216218406946093060e-03 1.074532511857860761e+01 -4.717272642402773641e+01
4.345665200133379952e-02 3.499701914726712548e+00 -5.237486129088063791e+01
7.386613859359345002e-02 -9.707444999973489530e+00 -4.347724938201656641e+01
-7.146038038738800058e-02 -3.357787979872814521e+00 -4.815427494292548971e+01
1.271858322231545735e+01 2.260658897905692655e+01 4.488167771682685547e+00
9.669393917054843968e+00 2.170668973272006497e+01 1.403312202240845608e+01
9.252933370440381111e+00 2.400163503322688996e+01 4.438817669597598048e+00
2.100519322388975763e+00 1.570155110929564124e+01 3.465031482910058713e+01
6.024612180971942621e+00 1.931871882707998722e+01 2.404125845535861572e+01
2.089714563307960127e+00 2.446094110640908426e+01 4.360363544243901046e+00
5.981215982345795545e+00 2.221517091635145746e+01 1.413481316717824221e+01
5.681039410486794061e+00 2.478158062856490318e+01 4.381736577010562961e+00
7.775629077735839445e+00 2.367025819245819918e+01 9.262560152897993504e+00
-1.339058487073980430e+01 2.377135540539226000e+01 4.508793556859957974e+00
-9.866084330483026577e+00 2.216522252183894182e+01 1.414904310839119006e+01
-9.535557233851980286e+00 2.425223874197851259e+01 4.438697347352945854e+00
-2.027005268549175732e+00 1.573323715994959571e+01 3.470537620899957432e+01
-6.232676887944838207e+00 1.955951753046408115e+01 2.414389365766459861e+01
-5.182158495169925799e-02 1.772761311138111395e+01 2.996698271273585235e+01
-2.094786892436889758e+00 2.421818393819161841e+01 4.374473959211747420e+00
-6.069502511783555931e+00 2.219467856433847786e+01 1.398607813227575392e+01
-5.680360960800193482e+00 2.439608415959347809e+01 4.414536152720214268e+00
-5.125624464405883346e-02 2.316755574780432880e+01 9.238821333520888857e+00
-7.762751117573627901e+00 2.355106362327403247e+01 9.287249926682612511e+00
3.922211976526498223e+00 2.074762420548991315e+01 1.989458870851730765e+01
-3.945940957010521277e+00 2.080662780228762188e+01 1.985360518541973107e+01
2.133064369087490864e+00 1.941363726384137323e+01 2.473669587368834044e+01
1.978269839442140521e+00 2.200464881457442701e+01 1.450328728279393786e+01
-2.134588456889832564e+00 1.953802193314695756e+01 2.480506130855548719e+01
-1.980553417885272394e+00 2.194547404063547447e+01 1.452960530022095220e+01
1.255398166973279572e+01 -2.222255742629254982e+01 4.276506922027220270e+00
9.307756918888300035e+00 -2.103733565733121935e+01 1.381791794905158710e+01
8.949709424868059315e+00 -2.308995480704898640e+01 4.353802651432559401e+00
1.992248200914499057e+00 -1.595364550490099376e+01 3.534985924642253963e+01
6.028010274674389990e+00 -1.937428838040287360e+01 2.409797416572513029e+01
2.018410662878431960e+00 -2.423223910905108269e+01 4.497296536772109832e+00
5.856707473272995124e+00 -2.178283919348583098e+01 1.400910433663266019e+01
5.452664030579896348e+00 -2.379101836935980074e+01 4.404875573089598539e+00
7.412985901331401450e+00 -2.250633103376373256e+01 9.144587972300165291e+00
-1.283261829996836312e+01 -2.299025279739262828e+01 4.681017986191734259e+00
-1.023211884546928019e+01 -2.292543175374362718e+01 1.454895882381431882e+01
-9.638298394803172187e+00 -2.481709673842700425e+01 4.759841806133975339e+00
-2.225318989344879483e+00 -1.617130080835876527e+01 3.536952070145473925e+01
-6.370541394223051768e+00 -2.028807706612629502e+01 2.475587205597448914e+01
-1.640012488298899507e-01 -1.823770843316311030e+01 3.062323364172615570e+01
-2.060289611171886914e+00 -2.449440204790302289e+01 4.389189426831613616e+00
-6.213820588954956925e+00 -2.303261186780051872e+01 1.436797367127388902e+01
-5.685596798317491540e+00 -2.495731871379792466e+01 4.464512041609054016e+00
-1.181573878566255335e-02 -2.323179106164091579e+01 9.317473818499950156e+00
-8.068019862268799969e+00 -2.444838699055841857e+01 9.386770155134529503e+00
3.878773879367678923e+00 -2.099494228534414830e+01 1.995249744530670100e+01
-4.067165364021054330e+00 -2.148443975189401556e+01 2.035096416529386687e+01
2.150852194022251584e+00 -1.990474062221126772e+01 2.510295452955249473e+01
2.009469749790417481e+00 -2.215666639992715758e+01 1.475461952384065434e+01
-2.187976580366381985e+00 -2.012321154633215059e+01 2.529848313105350144e+01
-2.011018322524703805e+00 -2.228847297768701452e+01 1.480343572995783141e+01
6.701888061343637404e-02 9.692669267204017558e+00 4.324323925659281542e+01
5.734781529277440011e-03 3.333006292324818709e+00 4.785279620344341822e+01
-3.263121885648272158e-02 -1.017292944923574893e+01 4.536561625854848501e+01
-3.793122892114586531e-02 -3.369623798737387599e+00 4.852269226062112750e+01
-1.517026463031801242e+01 -1.942079967553086917e+01 2.910078593640430977e+00
-1.877831114039076255e+01 -1.500700286371901626e+01 8.148286886173336185e+00
-1.436723637820510646e+01 -1.991867396175572580e+01 7.642287363587043636e+00
-2.136697718654523825e+01 -3.195211387439249151e+00 1.830684501174480161e+01
-2.094519829733159000e+01 -9.525299731794563129e+00 1.322394196378309950e+01
-1.193670497674545317e+01 -2.022291837237313317e+01 1.828242914931948704e+01
-1.768144684854303605e+01 -1.502550951930097689e+01 1.336095990559079816e+01
-1.327611883551312388e+01 -2.024589787570410238e+01 1.292822349393635406e+01
-1.612948214348196885e+01 -1.746864220014599667e+01 1.052655948904454952e+01
-1.692568253745720952e+01 2.152682098175258574e+01 2.856340896705817478e+00
-2.069313707332396035e+01 1.645547386037814874e+01 8.520764149651672170e+00
-1.577082999355026516e+01 2.194990325790085350e+01 7.632046696313621759e+00
-2.266922425036366207e+01 3.415953171601577854e+00 1.880117045931356756e+01
-2.223080771488771390e+01 1.006959306900491846e+01 1.374897911456629451e+01
-1.201258652347389244e+01 2.025903193141951419e+01 1.779671251181697045e+01
-1.943485070052181740e+01 1.640637383479377931e+01 1.379013857289634437e+01
-1.410566606069172479e+01 2.155932091809686924e+01 1.270725208849185961e+01
-1.774172833917832293e+01 1.928931917183836475e+01 1.061563905133317220e+01
-3.323277965367328335e+00 1.229260807782816300e+01 4.142114252236556382e+01
-9.900137922141347246e+00 9.700296512244330316e+00 3.986287901998277050e+01
-5.566281090543655274e+00 1.478776823380210814e+01 3.570527957269430885e+01
-3.161599370622170113e+00 8.806265631143421757e+00 4.509009475308727133e+01
-2.071430177603901512e+01 2.142639172215248244e+00 2.491003871663456692e+01
-1.583013296172651785e+01 6.115524139527458658e+00 3.313306372848320791e+01
-2.089402463815147826e+01 5.576192717212388850e+00 2.305374772020650553e+01
-9.705094905544566330e+00 1.860376496059965490e+01 2.405022289886703390e+01
-1.223170373980009984e+01 1.189120160859333097e+01 3.334780151690468841e+01
-7.711760744738588080e+00 1.686805215229401611e+01 2.975690773985506254e+01
-1.357024057055255462e+01 1.714415787475747521e+01 2.231960449143864622e+01
-9.004851041163917102e+00 1.337282315607181360e+01 3.503611675673538173e+01
-3.261945899333492438e+00 1.871098699567291357e+00 4.742505555859654010e+01
-9.861088361113219847e+00 6.062068540322143484e+00 4.354519788569087524e+01
-3.149140674065801004e+00 5.184234574449412492e+00 4.639615101167284905e+01
-6.651891083506616731e+00 7.614545723499776209e+00 4.556925984401267726e+01
-2.015885317970142765e+01 1.234258835540255461e+01 1.711185659347383492e+01
-1.578555670280011825e+01 9.632601302419072198e+00 3.004115469899760882e+01
-2.052621822300145027e+01 9.091345153111058508e+00 1.988983345970564187e+01
-1.737756443983909449e+01 1.514180085194966985e+01 2.002239660535568078e+01
-1.844369476196857249e+01 7.688074225189517108e+00 2.645805779250037304e+01
-1.488100142827104655e+01 1.351536537669999483e+01 2.676187115392979621e+01
-3.427537716183518768e+00 -1.235626787482419786e+01 4.143129358836969800e+01
-9.581687172483880133e+00 -9.462759799370470404e+00 3.878437713135987508e+01
-5.532678180036668891e+00 -1.499257033412664342e+01 3.614095066399254108e+01
-3.291844443540467235e+00 -8.938025145604026278e+00 4.582766656185666676e+01
-1.999965964818950326e+01 -1.956246464776183913e+00 2.449738185649581723e+01
-1.523624709861083026e+01 -5.860197315241514993e+00 3.222868944189327323e+01
-1.948117489286080328e+01 -5.108973339306950301e+00 2.214688378981157157e+01
-1.855613173019250439e+01 4.613910464865363104e-02 2.966573673580469261e+01
-9.864470100999087165e+00 -1.910342766475199738e+01 2.455190697328097471e+01
-1.197422561124378149e+01 -1.171665987863757152e+01 3.257532204706024714e+01
-7.941929164275858710e+00 -1.742036121221682876e+01 3.012415069180291738e+01
-1.328786901892485695e+01 -1.688510053651616971e+01 2.237592022143536497e+01
-8.935914624181380717e+00 -1.357154695857545157e+01 3.515866593165408460e+01
-3.337069187420672378e+00 -2.031474054289499342e+00 4.830238304638284319e+01
-9.508706557075127463e+00 -5.820638659445631191e+00 4.188190186807364768e+01
-3.228858411721512223e+00 -5.351905756051932528e+00 4.743188326556555268e+01
-6.565261027247665027e+00 -4.229283526265735504e-02 4.703105971083894588e+01
-6.488862375673754457e+00 -7.508845367687314365e+00 4.468765918314645091e+01
-1.861225491715289238e+01 -1.147808620939498070e+01 1.639311488280585394e+01
-1.501469829764045372e+01 -9.209978753233999171e+00 2.863010858916213408e+01
-1.905453783650100874e+01 -8.489533934121752168e+00 1.911532468325455980e+01
-1.628651307591433195e+01 -1.423474182002864907e+01 1.944592765338142470e+01
-1.735799205608580209e+01 -7.169810771282143946e+00 2.552277662550740445e+01
-1.436585491060024822e+01 -1.306009182527919599e+01 2.589206450805851389e+01
-1.321370454652482529e+01 3.943712949636321241e+00 3.901633554527742831e+01
-1.305048828981344400e+01 -3.837287657730756418e+00 3.849322037091717874e+01
-1.606175636012615371e+01 2.223792773653431976e+00 3.483779207798222899e+01
-9.807986336020487528e+00 2.045629015973683185e+00 4.384503692596521063e+01
-1.590158516065768346e+01 -1.995230758838838048e+00 3.448851147400193184e+01
-9.898239323294772518e+00 -1.897840676879624100e+00 4.426047265026442545e+01
-1.510700887194817277e+01 -1.923154137121862206e+01 -2.797399369352870924e+00
-1.879012750971339685e+01 -1.503724884976079856e+01 -8.280574890268452393e+00
-1.406565194049932899e+01 -1.954466216258652622e+01 -7.174036526809286052e+00
-1.739152152781154470e+01 -1.759878679382107691e+01 8.544802534024704965e-02
-2.180683189154063939e+01 -3.269515521531213054e+00 -1.784986401904432896e+01
-2.220305260088280264e+01 -1.001032133050125594e+01 -1.349189258587770190e+01
-1.136452196883477228e+01 -1.916022288476000668e+01 -1.710240820775951320e+01
-1.750692548173987362e+01 -1.491303917882766861e+01 -1.337635413569413245e+01
-1.276429468231547837e+01 -1.950641998800804799e+01 -1.211255488867404928e+01
-1.584963877522865161e+01 -1.724148956374192565e+01 -1.028052280248540207e+01
-2.151170440960065022e+01 -1.332951339079850683e+01 5.117351518195314419e+00
-2.176694792896472919e+01 -1.344596706189633117e+01 -5.340178071166376661e+00
-1.952332969739504520e+01 -1.555302783826907564e+01 2.739749135451448048e+00
-1.954332467400581663e+01 -1.557051417391605064e+01 -2.760881263248649908e+00
-1.681115721803726970e+01 2.145978371908952198e+01 -2.722448552174908443e+00
-2.027828371199987245e+01 1.628131386477215869e+01 -8.329475645903473335e+00
-1.531871773096465184e+01 2.111342726084424015e+01 -7.355064710938302497e+00
-1.904004713742654431e+01 1.929173545753062058e+01 2.008303480346849135e-01
-2.258409886274579392e+01 3.397900988726342497e+00 -1.824298666538993174e+01
-2.208490688613248309e+01 9.994815160777905660e+00 -1.372520660030042450e+01
-1.165206951358948650e+01 1.963666907890274871e+01 -1.787010130196663482e+01
-1.874207441848791689e+01 1.609327984035906312e+01 -1.370221293875389357e+01
-1.339658299200336877e+01 2.037444954503374461e+01 -1.256971308855750458e+01
-1.696871173340547401e+01 1.844780227556684693e+01 -1.042827234423456417e+01
-2.320213340344728081e+01 1.431673095688380570e+01 5.404887998918233016e+00
-2.296757188919567838e+01 1.418913086644598032e+01 -5.292223157784478715e+00
-2.105113274677070834e+01 1.675670187450407411e+01 2.818513353581731717e+00
-2.095371345321926171e+01 1.674144123630105696e+01 -2.708716645819810420e+00
-3.542751741762498963e+00 1.273447220597507901e+01 -4.238885057040154436e+01
-9.854224873448227839e+00 9.734156262177062757e+00 -3.956335248551276607e+01
-5.588396046507089210e+00 1.509817030962577888e+01 -3.642658661800123099e+01
-3.485533959763301048e+00 9.297247234815555927e+00 -4.675139570319991833e+01
-1.995181492553668434e+01 2.141969859209978289e+00 -2.406616194330298697e+01
-1.552091132949906616e+01 6.104295742081784937e+00 -3.318733052218918544e+01
-2.037562643840846377e+01 5.446822615974395987e+00 -2.232672590519307221e+01
-9.739734358539665848e+00 1.870323588308687590e+01 -2.421715491692009081e+01
-1.218514661485958150e+01 1.184513333455417161e+01 -3.309530486051967557e+01
-7.906773607079220945e+00 1.719455577476130870e+01 -3.010855850594568750e+01
-1.337798995519543510e+01 1.687414083640400619e+01 -2.230923746257731821e+01
-9.026965166707828558e+00 1.357416900699269569e+01 -3.527293746084217219e+01
-3.499289894269338230e+00 2.053699254654912210e+00 -5.204778256341820253e+01
-9.870897833917219089e+00 6.258928545556161183e+00 -4.376064797481834745e+01
-3.318060719518536317e+00 5.585296927097077813e+00 -4.904544896533921872e+01
-6.599244795598393054e+00 7.819030303493111234e+00 -4.516834005999868396e+01
-2.015315103369636418e+01 1.238464230202013816e+01 -1.713672819399618774e+01
-1.582212072954041560e+01 9.729629337028931957e+00 -3.004029415194329644e+01
-2.017547300398828725e+01 8.873312152392012209e+00 -1.967709671567708796e+01
-1.710442952976404030e+01 1.491099969360959498e+01 -1.985187715829372834e+01
-1.824771776358241837e+01 7.626450464983230759e+00 -2.640227222386294059e+01
-1.481849913181667766e+01 1.349738248285403053e+01 -2.643429997190123615e+01
-3.259435127540244004e+00 -1.214315449864062124e+01 -4.055879012854703802e+01
-9.390053458512770845e+00 -9.333873977558210910e+00 -3.833934860736130190e+01
-5.268355246107211620e+00 -1.433251646710434279e+01 -3.471451782311032019e+01
-3.199598339461515284e+00 -9.019154010711478264e+00 -4.519205691293135629e+01
-1.945725528648365454e+01 -1.953340043588504882e+00 -2.372500084978856805e+01
-1.500300962509605185e+01 -5.866915665695575655e+00 -3.224969694869331249e+01
-1.967192444489570136e+01 -5.253081406561262767e+00 -2.169160783976749585e+01
-1.768547455587931339e+01 7.364492815292038308e-02 -2.897053975794990777e+01
-9.260144494914616331e+00 -1.772957550465358523e+01 -2.300846237901892621e+01
-1.174890888204265238e+01 -1.142190681584622425e+01 -3.226624360287810589e+01
-7.235876445750411001e+00 -1.621435013987088070e+01 -2.846652708701805068e+01
-1.290460288332348782e+01 -1.634846750798022441e+01 -2.152333069654043030e+01
-8.545180001063663155e+00 -1.289038126826654285e+01 -3.389784312636158603e+01
-3.581063721099881025e+00 -2.006800037707677564e+00 -5.054753452738407304e+01
-9.585275845989981391e+00 -6.162478343439903306e+00 -4.286687660946364531e+01
-3.397232696722979561e+00 -5.509159963431246254e+00 -4.851213742707449939e+01
-7.069025552467983253e+00 1.633225970186869339e-02 -5.077136206098516169e+01
-6.434265580896307846e+00 -7.523643505815349464e+00 -4.459225459889422183e+01
-1.932007143051011155e+01 -1.187365237658076822e+01 -1.665341010965763147e+01
-1.510913706844484317e+01 -9.308364673840385350e+00 -2.897135465036607016e+01
-1.979716983791486129e+01 -8.744994829195935182e+00 -1.921149733071676735e+01
-1.624644899816287591e+01 -1.410474020138958018e+01 -1.941332228884226296e+01
-1.749362884394337669e+01 -7.403219747676884843e+00 -2.547728368642743035e+01
-1.427103678845130119e+01 -1.299596659142214783e+01 -2.582800582067034156e+01
-1.326499088487388711e+01 4.126908103486430335e+00 -3.940642593898764545e+01
-1.302988864513687695e+01 -3.991593464215421605e+00 -3.871660693970525102e+01
-1.560826948341122034e+01 2.144364206868508482e+00 -3.445566642994486273e+01
-1.037914740444889006e+01 2.301747790044090358e+00 -4.602647761720123754e+01
-1.548852312303776024e+01 -2.015681939926645239e+00 -3.401657286275226255e+01
-1.027155503384986979e+01 -2.136860715837875624e+00 -4.575602682312336356e+01
-2.380483158207157146e+01 -6.319711694687748724e-03 1.502381418348446473e+01
-2.572358822822676672e+01 4.051669569241199420e-02 4.799391365484092731e+00
-2.299647476717082384e+01 -3.306660047010433257e+00 1.297646774705594552e+01
-2.409865197609396859e+01 3.349495220198432932e+00 1.340051362912488031e+01
-2.340194201470615099e+01 2.781537595548833411e-02 -1.443415138956722465e+01
-2.567298812171181410e+01 2.417228060814030979e-02 -4.490282450267864434e+00
-2.369674677529707552e+01 -3.415256676787800316e+00 -1.286634734056186957e+01
-2.462549815079103510e+01 3.506502196612346633e+00 -1.302270415471945952e+01
-2.331276087429307609e+01 -1.009275896018397845e+01 8.044247897456147101e+00
-2.569244869497520156e+01 -3.456614990400471044e+00 2.803568006426655046e+00
-2.314759617891041188e+01 -6.585135386247578104e+00 1.037617199383758404e+01
-2.441143034462060513e+01 -1.070780292261549249e+01 2.532088505221526287e+00
-2.471838905356592520e+01 -3.376624786883365203e+00 7.671803812915372944e+00
-2.388926789476517953e+01 1.043282516260980053e+01 8.427088515708648586e+00
-2.623855090163149129e+01 3.511251989463589851e+00 2.828611810386928216e+00
-2.404622165121146438e+01 6.948295438945383040e+00 1.084612738958173672e+01
-2.483803184914762596e+01 1.091361441482646022e+01 2.854576541764727526e+00
-2.534420719356411666e+01 3.444978544824241151e+00 7.726961617875118371e+00
-2.395408344190500571e+01 -1.037716876378058650e+01 -8.448714436247939830e+00
-2.591585505251162758e+01 -3.542384801931468097e+00 -2.912057414554987567e+00
-2.417238972513186823e+01 -6.940916123355838074e+00 -1.068446130238245928e+01
-2.465665049334110037e+01 -1.077906953993066530e+01 -2.980634502709017308e+00
-2.525267421590885419e+01 -3.478345662452277498e+00 -7.734408035642458934e+00
-2.549736559747720577e+01 -6.980833983123369002e+00 -1.552219761477299509e-01
-2.398778136687157314e+01 1.028544485740657422e+01 -8.351673875278340375e+00
-2.631660473599154670e+01 3.548880290201013921e+00 -2.780947122098877511e+00
-2.444045899964453739e+01 7.019990464223477389e+00 -1.068968075687819308e+01
-2.487154074056060082e+01 1.084283741159061343e+01 -2.786143720110348276e+00
-2.570135430725789760e+01 3.551369677642746137e+00 -7.717771635615145343e+00
-2.606946852666828107e+01 7.232164962983702594e+00 1.196648021215624691e-01
1.637254570727537839e+01 -2.083085492471424160e+01 2.725450014011620681e+00
2.046510825647554910e+01 -1.637880521790693678e+01 8.503559303320630036e+00
1.494190925322453900e+01 -2.082828818710353147e+01 7.440046341816761277e+00
2.281208496106774675e+01 -3.440850729495414040e+00 1.883254426133820658e+01
2.220344375006609638e+01 -1.011114770846566913e+01 1.374914189139721721e+01
1.171249298338623746e+01 -1.951305594741491589e+01 1.758765737666973195e+01
1.911539918691245177e+01 -1.617813817154897293e+01 1.381187352628321996e+01
1.336354777066549460e+01 -2.035584335753503638e+01 1.245928824594910189e+01
1.715850873820756206e+01 -1.862766840579560323e+01 1.046488093981372991e+01
1.621517795001359730e+01 2.076970224869370085e+01 2.947566136727559627e+00
2.001212299380028270e+01 1.612157833192566869e+01 8.444932671562753512e+00
1.526214565092791986e+01 2.111464733192626753e+01 7.641627635560936049e+00
2.365834187374113640e+01 3.530483535468890377e+00 1.903336196164343619e+01
2.233465056758677392e+01 1.007592030495511182e+01 1.385436264221858771e+01
1.174190686598277189e+01 1.969455790525816852e+01 1.779711493562596658e+01
1.844363811255442798e+01 1.567057483571053034e+01 1.349105923897867143e+01
1.364144026263322829e+01 2.084018256349419573e+01 1.261580698236789111e+01
1.727586590009208223e+01 1.868961957065396717e+01 1.064640376824544887e+01
3.327823650510322029e+00 1.224010840960694502e+01 4.104706662024340602e+01
9.646582666044746901e+00 9.348492755133410270e+00 3.875102056206931422e+01
5.443261372617318905e+00 1.469336794964559445e+01 3.548866455280023047e+01
3.110408410523969991e+00 8.575571128497893270e+00 4.396142632741999989e+01
2.129785041097994380e+01 2.174512084905823706e+00 2.516062315239906866e+01
1.563847041566230089e+01 5.961749614247660922e+00 3.245821086498919783e+01
2.132803349619107536e+01 5.679274668065491305e+00 2.301864713834395459e+01
9.439727592039385939e+00 1.810179875806912264e+01 2.390094951815130031e+01
1.199086600670804792e+01 1.161455106588809372e+01 3.235991157151335074e+01
7.611431827853751386e+00 1.668559330225662407e+01 2.951161506714873539e+01
1.304272443592216746e+01 1.658933723434187968e+01 2.207357840409187233e+01
8.994733847872891985e+00 1.322533120424503217e+01 3.458100358697193855e+01
3.053995689010327919e+00 2.136736997434843577e+00 4.772434422354161399e+01
9.369455046090505945e+00 5.786477010199588378e+00 4.168928832442247057e+01
3.138786160218633103e+00 5.326184587125077030e+00 4.684809153635627865e+01
6.366767072258155302e+00 7.204653718031314824e+00 4.332208361081062975e+01
1.985612353292044219e+01 1.222618341542658982e+01 1.698185866009710310e+01
1.556092482711917135e+01 9.348146439859263523e+00 2.918017059751727516e+01
2.070258437930949569e+01 9.146113842457873844e+00 1.982116833555404511e+01
1.655650288939450476e+01 1.433197649594476886e+01 1.950804233396219090e+01
1.835376238425968509e+01 7.670650566582423835e+00 2.621434463054863429e+01
1.451056593742092993e+01 1.308159125620726293e+01 2.603502481163078031e+01
3.311197114035139055e+00 -1.241818107361054224e+01 4.188822457458820736e+01
9.937189968358259407e+00 -9.647310779271956349e+00 3.970975734106249888e+01
5.463438959439139708e+00 -1.467650251879324408e+01 3.581362501134860565e+01
3.330530069584242803e+00 -9.063336655416145859e+00 4.621387316733687101e+01
2.110853867877627366e+01 -2.104017475082253341e+00 2.504189813246572882e+01
1.580201265063706551e+01 -6.010978684125107385e+00 3.297266830991699749e+01
2.096653966538601921e+01 -5.562246391372551280e+00 2.300595705127302537e+01
1.898642163905319080e+01 1.710181082044275394e-02 2.979456219534416661e+01
9.426830908317201718e+00 -1.806948431405026056e+01 2.373947592032074994e+01
1.213986013368216632e+01 -1.173342518989134398e+01 3.322115387458128311e+01
7.473649319575903505e+00 -1.663841051068579802e+01 2.945305634740030598e+01
1.329460863625535261e+01 -1.684662466153545779e+01 2.209139668749531538e+01
8.865834752099653215e+00 -1.328691436433626372e+01 3.489505560762736991e+01
3.210195284395363391e+00 -2.023415932582565802e+00 4.950617138765485947e+01
9.951311123848276097e+00 -6.103117120103167537e+00 4.342605185935155987e+01
3.360537068095535318e+00 -5.546622729806323981e+00 4.860550513477851808e+01
6.284403939034229225e+00 1.549040094557073942e-02 4.558256556612256105e+01
6.715224098257135843e+00 -7.631383708339749106e+00 4.555239799433882553e+01
2.008875151032804496e+01 -1.229482090705499076e+01 1.712461342763745620e+01
1.576957347854723146e+01 -9.667816906566551793e+00 2.992496528793813937e+01
2.055036700140967909e+01 -9.057215232715060793e+00 1.988488814478250433e+01
1.728512040574750586e+01 -1.501906877283087027e+01 1.992334737092782859e+01
1.841309499040337272e+01 -7.678287944838387169e+00 2.643747635146170083e+01
1.487593046820277287e+01 -1.338474686106335909e+01 2.664651404211526042e+01
1.290621902297988477e+01 3.825742980751278388e+00 3.819249851186143019e+01
1.324531703230292656e+01 -3.800730592485939585e+00 3.886793995631585119e+01
1.609494471499065327e+01 2.065890411893802625e+00 3.465067187439522201e+01
9.383517438743663064e+00 1.882666483168997873e+00 4.175535087477113905e+01
1.622676621954117593e+01 -2.076879068705631326e+00 3.474866647435908362e+01
9.781625188134189131e+00 -2.016209422981935617e+00 4.289037124874769802e+01
1.630872827208219178e+01 -2.088261037499689010e+01 -2.683656294928547847e+00
2.022907200320894816e+01 -1.627564464964152791e+01 -8.386106355683550007e+00
1.499296825384787191e+01 -2.073390573064604325e+01 -7.449330194236098102e+00
1.866275937906285520e+01 -1.897460334231909229e+01 2.770497925213053977e-02
2.271587760666796996e+01 -3.407181859932399970e+00 -1.837987585409387492e+01
2.216998562860308652e+01 -9.973498316758961479e+00 -1.369195001825067948e+01
1.167120237344653155e+01 -1.964778359450288292e+01 -1.793486237264847105e+01
1.879343527459340990e+01 -1.605147938064556001e+01 -1.362946754300094199e+01
1.325056952746951922e+01 -2.009832429998956016e+01 -1.268648539826529564e+01
1.692065118787800060e+01 -1.837514473932837333e+01 -1.047596013721490493e+01
2.303708479063191206e+01 -1.427191569224557632e+01 5.320821228170045991e+00
2.295942847606078629e+01 -1.428530339623641865e+01 -5.351297113104942049e+00
2.095586944756788128e+01 -1.664547858796888491e+01 2.791998273464001201e+00
2.083724874535851868e+01 -1.654758400421439646e+01 -2.784877848023586289e+00
1.615507996172962280e+01 2.050175809754589551e+01 -2.542519179078974734e+00
1.928111128042629829e+01 1.538503712969069959e+01 -8.114229330679119556e+00
1.458803299169324319e+01 2.012797205926629474e+01 -7.186952909259676225e+00
1.843775040334082860e+01 1.876290796204581568e+01 1.766144776624069268e-01
2.309480937831859393e+01 3.446449870370241531e+00 -1.870191695475039495e+01
2.191349817343028761e+01 1.002673191416359977e+01 -1.368623292554168991e+01
1.109913382877799570e+01 1.875927483530853124e+01 -1.721039376970875878e+01
1.754574776466650832e+01 1.481749481189227957e+01 -1.315437402406200995e+01
1.274414112677559530e+01 1.939228599371142892e+01 -1.200203728269997683e+01
1.620807538440152129e+01 1.758327807753841654e+01 -1.021842143822007998e+01
2.197815523209297695e+01 1.369304166667510181e+01 5.476323394871008610e+00
2.172032161308403531e+01 1.338861265504946374e+01 -5.271795426970737886e+00
2.046504372046523201e+01 1.635517631650722592e+01 2.977343078761313766e+00
2.038003011219008798e+01 1.619192090999574773e+01 -2.630560589272167515e+00
3.297367812462640657e+00 1.250000342379627227e+01 -4.200472541541523697e+01
9.886979990643535388e+00 9.541819193559831547e+00 -3.967848398778742336e+01
5.381801390222650916e+00 1.476798695835108255e+01 -3.583052662151476397e+01
3.469021424864946912e+00 9.412589631871467688e+00 -4.765230652562939184e+01
2.066718679585428120e+01 2.147506616310866256e+00 -2.471015074994047112e+01
1.569256463669263191e+01 5.952864914542972841e+00 -3.302037833897734487e+01
2.085028465388841212e+01 5.548858313778992191e+00 -2.286583603593382108e+01
9.150399808119283662e+00 1.769902720466631862e+01 -2.338760396587561274e+01
1.191510468511604515e+01 1.145114772505440470e+01 -3.281788127386285225e+01
7.400670604802001229e+00 1.645782301802994851e+01 -2.933818256405417912e+01
1.271139065349059649e+01 1.603539739276001441e+01 -2.163582317223694673e+01
8.816139748464768999e+00 1.318165822548045796e+01 -3.484512743157227277e+01
3.500406051738365054e+00 2.123893644421644744e+00 -5.124435790826532156e+01
1.001260383323444358e+01 6.039822157948187886e+00 -4.369880901206366275e+01
3.494647196067797168e+00 5.864950210813789866e+00 -5.137525602330018160e+01
6.917451057744658627e+00 7.826911274759687842e+00 -4.677315724423387167e+01
1.931028391626332663e+01 1.180599711551379549e+01 -1.686794762206514520e+01
1.543876032252033781e+01 9.360731563866115934e+00 -2.974244441196337974e+01
2.050102280521399223e+01 9.062189841497154674e+00 -1.981432452825384516e+01
1.606401340156072166e+01 1.401725083464407362e+01 -1.920512733813919581e+01
1.823238477467723229e+01 7.641590369154354079e+00 -2.636050697488899175e+01
1.418291599533076663e+01 1.279801913219635523e+01 -2.600895874589993539e+01
3.278442563028701517e+00 -1.227075061556117319e+01 -4.107630765454771904e+01
9.455370934440985309e+00 -9.329954694985334029e+00 -3.827891685364210872e+01
5.536913428070945109e+00 -1.481643379376248149e+01 -3.565494436848861426e+01
3.134503831046507205e+00 -8.475636190547692905e+00 -4.360287685634621369e+01
2.032014773163411903e+01 -2.077874954794654894e+00 -2.427035016690829394e+01
1.514177648979145374e+01 -5.928944658087733188e+00 -3.197392983639623765e+01
2.031150283070224560e+01 -5.415717126632280554e+00 -2.213804203660415126e+01
1.829491460092609145e+01 6.699086101308891761e-02 -2.923541487423223373e+01
9.785654476911698652e+00 -1.861332409159430412e+01 -2.426002194254824218e+01
1.196295868328728851e+01 -1.172000260035567010e+01 -3.236755544241693627e+01
7.771343981221249919e+00 -1.705887970546246990e+01 -2.977774121888673164e+01
1.332911857668981348e+01 -1.680953104605267612e+01 -2.228880829302560684e+01
8.884731007736792918e+00 -1.331351429752422355e+01 -3.453615495490304710e+01
3.329365271709981755e+00 -1.984582737958554111e+00 -4.827619726520183008e+01
9.378147005961551486e+00 -5.880135693608724345e+00 -4.177198521609150816e+01
3.103569005797678582e+00 -5.222945171885194249e+00 -4.561683210550358325e+01
6.756175196120347337e+00 -1.535619630097819210e-01 -4.754027276632545806e+01
6.178232719721593824e+00 -7.225314917122598324e+00 -4.258248312658299994e+01
2.009436741976107399e+01 -1.239607009870544729e+01 -1.711419615033027597e+01
1.557965688345445976e+01 -9.576314603938490322e+00 -2.906453201635201111e+01
2.011059428355037682e+01 -8.835309084997701845e+00 -1.943644640388877676e+01
1.710867885127832722e+01 -1.488035379286322701e+01 -1.983903409579911070e+01
1.800595254983761961e+01 -7.491483045348789283e+00 -2.571554799701323901e+01
1.481108905042554014e+01 -1.340978815355510356e+01 -2.607904685198682060e+01
1.324186173338072869e+01 3.838709483332939598e+00 -3.913978559881543617e+01
1.263997490424342018e+01 -3.861972603721761210e+00 -3.783195631243930279e+01
1.598828651458408068e+01 2.102410581969340164e+00 -3.465067845113386369e+01
1.000365112191215822e+01 1.996228966102242541e+00 -4.398006236649748502e+01
1.558962465787915797e+01 -2.084222956224355272e+00 -3.385398843191462248e+01
9.842926989396644899e+00 -2.019142053231032463e+00 -4.394864678925454626e+01
2.473261211682179095e+01 2.353922389717008276e-02 1.537724868769764974e+01
2.621992301897866895e+01 1.565442162090145001e-02 4.800722259373143785e+00
2.423199742461969208e+01 -3.439808339466518206e+00 1.344911040182559780e+01
2.523191237386602026e+01 3.619689565856899716e+00 1.360019884346572283e+01
2.460074032358157226e+01 -4.734495379559302414e-02 -1.493213374798491344e+01
2.623633351269565495e+01 -1.200006220388149733e-02 -4.590902128156691298e+00
2.479793648137528450e+01 -3.523803055530504214e+00 -1.314458370601697546e+01
2.481951881417987238e+01 3.586620474390003643e+00 -1.329516764740858825e+01
2.397006303734564625e+01 -1.043263277999074390e+01 8.272236049602863517e+00
2.627809710272639165e+01 -3.543817108583485531e+00 2.869231605665092388e+00
2.409276959436319387e+01 -6.875603996589086719e+00 1.085304256048306115e+01
2.483899094577200017e+01 -1.091243889918866650e+01 2.808163269611995361e+00
2.541834920223447725e+01 -3.506139363353039773e+00 7.706461983348845912e+00
2.328405452078175841e+01 1.006742245876105279e+01 8.620285429422686718e+00
2.617286631202827962e+01 3.509430585089262866e+00 2.928405396248505710e+00
2.458577043672334028e+01 7.073616555784188797e+00 1.107591308860201451e+01
2.369374179692190552e+01 1.034361074392728241e+01 2.892133900404067148e+00
2.589761622843803934e+01 3.591233970136133991e+00 7.792667590793311838e+00
2.398715254317769308e+01 -1.037283896422716545e+01 -8.352788055795853595e+00
2.635240336422145546e+01 -3.510222627171678322e+00 -2.851405006147067489e+00
2.446712912737831402e+01 -7.026056561691658153e+00 -1.070109571678470672e+01
2.477924419882235085e+01 -1.083957420223830503e+01 -2.691530580521388050e+00
2.581755798234855348e+01 -3.568289540882931821e+00 -7.714462590521721452e+00
2.607483486933856653e+01 -7.219940899531928302e+00 4.206430861392949916e-02
2.309652476605396387e+01 9.995503069979440269e+00 -8.527412542030056386e+00
2.601926664807067624e+01 3.520936834721134279e+00 -2.760023157990250109e+00
2.422508428226784005e+01 6.994622029788359896e+00 -1.090131389228199055e+01
2.357569898323698965e+01 1.032125711739117513e+01 -2.774547589382251100e+00
2.560036232354690355e+01 3.510138129044838351e+00 -7.617463696027082953e+00
2.528369372127633241e+01 6.930409885249533275e+00 2.201499959561636563e-02
