1.577621174652070124e+01 -2.552077826224117985e+01 -4.033917996530088194e-03
-1.577207310366305215e+01 -2.551202823101737494e+01 -4.640370365699251695e-03
1.577074210286150979e+01 2.551413886723402058e+01 -1.715880404174009288e-03
-1.577718244583129703e+01 2.551629227553097934e+01 -1.464008393688725693e-02
-3.345087160954040521e-03 1.577281567711555432e+01 -5.104271378826273775e+01
8.711597712635490293e-03 -1.577079056218989095e+01 -5.104606700770423799e+01
5.503206879143127291e-03 1.577304448856784447e+01 5.105483381235841733e+01
-1.497734335137340667e-02 -1.577635259102268783e+01 5.101300229356982641e+01
-2.552552074547930872e+01 7.637653839416065626e-03 3.155741191359542341e+01
-2.553707090201453767e+01 2.590104303500592470e-03 -3.154334261363919722e+01
2.553829835847002627e+01 -6.908074716272362761e-03 3.154537805017867669e+01
2.551676532802261832e+01 -3.191092169438113253e-03 -3.153867154684852636e+01
2.324575576207296452e-03 -2.998634047701287386e+01 3.180865698713679530e-03
9.583334189772760650e-03 2.999856342694003075e+01 -5.114457644684904623e-03
9.257809998588065525e+00 2.425191146345782656e+01 -2.999446165531685438e+01
-9.275668582789785788e+00 2.425354709192869151e+01 -3.000185425533011596e+01
9.265052858656773083e+00 -2.428663822166257091e+01 -3.000073473504952304e+01
-9.275395132854864499e+00 -2.426945331354076529e+01 -2.998187391779173439e+01
-3.136258024551303106e-03 1.296828392067951238e-02 -6.000579903892371192e+01
9.269644745177277656e+00 2.427082364880837417e+01 2.999981451505002994e+01
-9.282619626200739660e+00 2.428366993839742705e+01 2.999281322304547714e+01
9.260549925959843165e+00 -2.427749044084285046e+01 3.000120021862626274e+01
-9.263243836368037165e+00 -2.426980824008042248e+01 2.998525872033705042e+01
2.631721403742770179e-03 3.143046331633166275e-03 5.999645178620399832e+01
-2.425707701190332344e+01 -1.499727737146668716e+01 1.854779665711217973e+01
-2.426548197504235205e+01 1.500299871635737325e+01 1.853948279885563721e+01
-1.499483629267332141e+01 9.264998922337923659e+00 4.854072188535011634e+01
-1.498327196384620663e+01 -9.265033989178617091e+00 4.855522719722122815e+01
-2.426571755597608160e+01 -1.502081784468654924e+01 -1.854200539888649502e+01
-2.426354035344654747e+01 1.499092099453727833e+01 -1.854057157766774111e+01
-1.499567963580420127e+01 9.269998397467073659e+00 -4.854352129429017992e+01
-1.499181320557107533e+01 -9.265582704555910709e+00 -4.853221227686609041e+01
-3.000334938942181395e+01 1.062013896342871300e-02 3.881002397050976448e-03
2.427685240721309512e+01 -1.499467274539511052e+01 1.854623089061272623e+01
2.427607470689007840e+01 1.500901448514856718e+01 1.854662558708259468e+01
1.500478221390883071e+01 9.270765334792701040e+00 4.853281384929475450e+01
1.500739174417381783e+01 -9.264300012379731442e+00 4.854359938778351591e+01
2.427248012602081317e+01 -1.501346217457139076e+01 -1.853708053520105281e+01
2.429241614716968201e+01 1.500360459170853211e+01 -1.854896072429927045e+01
1.500823091846835844e+01 9.260196367902253201e+00 -4.853354241172154815e+01
1.500313402939485918e+01 -9.266428130331052060e+00 -4.855788319947127718e+01
3.001279723073613326e+01 1.752119932360892210e-02 9.027920164997616306e-03
