1.179956652904651801e-03 1.147139782724382107e+00 2.284009060614475839e+00
-3.781030275809026120e-02 7.148600944660012946e-01 -1.864221597382898610e+00
4.685345666386828700e-01 1.638569032487420696e+00 1.190179618262084960e-01
4.919038646686098581e-01 1.066051800010406891e+00 -1.281015803145774345e+00
1.253841987766860511e+00 6.752089817408278849e-01 -4.907337187588314831e-01
-2.139055791752416447e+00 7.846597127702712449e-01 2.982526656175769619e-01
-8.698064288148496526e-02 9.640998226650785430e-01 1.898087500541854877e-01
-1.239829952838899380e-02 2.011929627091502415e-01 -2.794335871460111864e-01
-7.039321944067817860e-01 -6.683949761105646425e-01 -1.335483659674051360e+00
6.939185205706037696e-01 -1.791734765161438148e+00 -7.211855054589572100e-01
6.852153022506006774e-01 2.539971850997456704e-01 5.870670413606599025e-01
-1.016466756293775697e+00 1.321846945107144844e+00 -5.597217497321389512e-01
1.351824589260708587e+00 -6.286793871881831697e-01 -3.070106394845489306e-01
7.542051343946801767e-01 -1.949592035675780377e-01 -1.776786938121715398e+00
2.579366740118308465e-01 1.460721784700881987e+00 -5.895800024490290836e-01
4.793346708391695854e-01 -9.214230318149265742e-01 1.039301198629813960e+00
7.668026709128199503e-01 -1.137358744527324106e+00 1.369010355550182245e+00
-1.107624893745253303e+00 -4.693903698500336286e-01 -6.020210233071281447e-01
-4.113235838199392758e-01 -1.899608134337743004e-01 -1.189982223577292997e+00
3.830948670562140390e-01 -1.101250215585396708e+00 -5.506688802759358847e-02
-1.778379284665944970e+00 -1.156547092391912862e-01 -1.133788926986178724e+00
-8.074437580688900162e-01 2.527005594657423249e+00 2.890972018450258529e-01
-2.561843941738444763e-01 -7.070417344207765575e-01 -1.785139207411920448e-01
-3.708130129085163151e-01 1.136997296151807113e+00 -8.712998575388254674e-02
8.484104691603665538e-01 -2.595738096199344258e-01 3.466626113098200679e-01
-1.584858564797704705e+00 -6.582314477306334954e-02 -2.816348852968328931e+00
1.072209880929645281e-01 -3.860982137816423299e-01 -1.584956556419728990e+00
1.443581987715863435e-01 1.615126313191985297e+00 1.045790158760049104e+00
2.088550208241274353e-01 -9.764450466962861785e-01 6.236230994953557982e-02
1.540803352505290547e-01 -1.008923059241891851e+00 5.822217354827113889e-01
1.415065137904620407e+00 -7.609349036314961845e-01 9.823630207353930555e-01
1.856251028261395097e+00 -8.605316634661741571e-01 2.367311397890694835e-01
-1.238037765244917487e+00 1.929716565471900624e+00 3.111139645588010816e-01
-1.794456430324742890e-01 -9.262357829895681016e-01 -5.025525468136661233e-01
8.706276681714963939e-01 -9.515728881211191759e-01 3.007594190382811838e-01
-4.455276745221848911e-01 -4.325932229210963653e-01 7.804109041103857169e-01
1.289989032184899020e+00 1.598199277179143563e+00 9.587673570637459397e-01
1.997269308888443673e+00 1.444433599509848398e-01 -7.413238821463438155e-01
-9.158323193061594925e-01 -6.052540812961180183e-01 9.490084464097258143e-01
3.401978738382600009e-01 -1.833486208946841778e-01 -1.797225196574594175e-01
-1.122736973627783824e-02 7.048914966019436124e-01 1.374956594096150786e+00
-1.526056322609749882e+00 5.113732026572437306e-01 4.930525937125677938e-02
-1.021125774066250713e+00 2.678750063466980524e+00 -6.860165587119340103e-01
2.435015892980210150e-01 -1.387100308793005832e+00 3.011076030171150331e-01
1.602877574007124384e+00 8.749638452631361973e-01 7.951175654055286923e-01
-3.720128392960395103e-01 7.265948731106204317e-01 5.640738034519375832e-01
4.512102953455832677e-01 1.991488849131175742e+00 9.302530639543755697e-01
-2.484967821925024301e-01 1.368141669119232962e+00 1.291062788896729430e+00
1.563824727344459431e+00 9.059644581280338338e-01 -8.531372525098490645e-01
-5.022031770620969393e-01 -3.854895032095591034e-01 -1.327072553501629448e+00
-3.924085115561878889e-01 5.318576975934140583e-01 7.411530931245742526e-02
-7.527573505878155657e-01 -2.117816301994018158e+00 -8.990477196472571597e-01
-7.258067422964959992e-01 3.255404261495317697e-02 1.312391862327028536e+00
1.265806783501814747e+00 -1.248090099615113857e+00 1.239764790935692140e+00
1.347179539836061757e+00 5.616867264011784489e-01 1.489175116621066275e+00
-9.610227385281057133e-01 3.038683734995160646e-01 1.189541807503045334e-01
-1.006297756831831203e+00 8.076322357756849923e-01 1.196162242904916573e+00
-1.873658580234051962e+00 -5.584492418166685512e-01 -7.352263244174664925e-01
-8.266262672918469612e-01 6.033234735536697757e-01 -7.548750178908324171e-02
9.167150739662355274e-01 3.945292681881752972e-01 -8.918611597515270495e-02
-9.757417928969578380e-01 1.046157331633940535e+00 -7.697268793082493454e-01
-2.281627541460421238e+00 5.236592032661721019e-01 -2.590963437231725841e-01
-3.824596340406136719e-01 -1.972585540468718979e-01 7.763630233080266452e-01
-1.393988632293047036e+00 -3.816435466606484805e-01 7.818906049755808274e-02
1.689444963764310526e-01 -9.143064364969553104e-01 -1.328678669290788594e+00
-1.145623573514756854e+00 -1.752845739725774898e-01 4.128382177455418994e-02
8.074111681985899347e-01 -1.077256679595228306e+00 -2.657883504978423850e-01
7.230574537447954642e-01 4.003655165236392199e-01 -8.158720598954795067e-01
6.289807750099972727e-01 1.554839799795180166e+00 -3.236331299506089443e-01
-5.142052467613557054e-01 1.034340807006961738e+00 3.450769749695289934e-01
-9.539827902305316742e-01 -7.254726185420157236e-01 -1.369184725844487138e+00
9.094749267852684227e-01 1.752163057668469692e+00 3.313677062515073095e-03
-6.363940264218630460e-01 5.940267091409863198e-01 -9.844642438149237007e-01
7.989541680219012232e-01 4.691185485512168740e-01 -4.422653320851230863e-01
1.074767209752871100e+00 4.483309953092228239e-01 -1.307002417772753722e+00
6.568295044701344398e-01 -1.832119159054125535e-01 2.308545386953212916e-02
3.435025816788467856e-01 2.823876227295933974e-02 2.499113440042544376e-01
-2.595805181656808625e+00 1.943743871810203805e+00 -4.829604642938903347e-02
-9.245348368979957598e-01 1.369955652434320381e+00 -6.065647155314243255e-01
2.111838056200862623e-02 1.302369810544713680e+00 8.686290908154219170e-02
-1.227540123079136514e+00 -5.886210246251802891e-01 -2.986503838226525764e-01
-1.524587570003815173e+00 9.760110491712902236e-01 -5.327704086139536943e-02
-1.306144641762532754e-01 -3.249206948702570985e-01 -4.763475941500276423e-01
-6.575647565321496302e-01 1.724340196986260620e+00 1.119892869464252039e+00
1.622872410532892884e+00 -4.537725775819837493e-01 -5.227545156311880908e-02
7.043876818154776176e-01 -2.051359371712992097e+00 1.499726528410688209e+00
-3.102505804068274031e-01 -6.558700144391562681e-01 2.591427701959976293e+00
-1.116178609704295832e+00 1.922287348326450651e+00 2.859167267360480658e-01
1.157162243531666190e+00 -5.762025489889763818e-01 1.187980068566916875e-01
5.934193963517219172e-01 9.196604984461473897e-01 -1.738127615359047196e-01
-1.604455981896081296e+00 7.793075139202235713e-01 3.109216977360591827e-02
-1.755616139751729199e-01 3.416194363759122443e-01 -5.990240529599167862e-01
2.986132440350252812e-02 8.360578268166742877e-01 -8.469234085941642620e-01
8.727133796461247206e-01 9.427549651205612280e-01 5.184198469048789670e-01
4.446389299378591953e-01 1.712970292347927304e+00 2.910310747061280456e-01
1.800863058769535341e+00 1.407897097101764139e+00 -7.276792646160495925e-01
8.926020120521794832e-01 -2.870056696395814066e-01 -3.727930110150209919e-01
3.916504872344152011e-01 -1.175795285352798092e-01 -5.033299871200210829e-01
9.447339833234899009e-01 -1.624485891707256657e+00 1.448061100301863746e+00
-3.002427658994873960e-01 -9.480657478511841929e-02 -9.315443838407104771e-01
2.285819573371279112e-01 1.707164449928633698e-01 -2.190735082088212868e-02
-5.217825422048436579e-01 1.655395457357491606e+00 -6.093269530850851101e-01
-1.387230922556293156e-01 -4.035159793281053453e-01 7.355601638892305116e-01
8.592901507654658599e-02 6.312132953303716265e-01 -5.919187520837001504e-01
-4.492799681084871377e-01 8.753983319360807147e-02 -6.927577804263557182e-01
-6.535986741772352726e-01 1.029479788318860667e+00 4.140678339496636079e-02
7.645512093258262087e-01 -4.980381789164239348e-01 -3.876730304996765519e-01
-8.424848244545067866e-01 -3.595984146736737330e-02 -1.045300383329568206e+00
7.963554269079373693e-01 -9.067317255012604660e-01 9.631784590831165005e-01
-1.668109411152361166e-01 -3.903834750317707325e-01 -1.186567095945504802e+00
-2.080587805236345234e-01 9.684863111809198788e-01 -1.063509859351498554e-01
-1.160117142230057352e+00 -5.982230313075708183e-01 -8.054567353350278180e-01
-2.924279416123601316e-01 -4.689691026827680909e-01 -3.208967331154942704e-01
-6.020329075515916673e-01 1.137162258742535181e+00 -9.203848664378799782e-01
6.609525243382120552e-01 1.085334015203081037e+00 1.292794834212106281e+00
8.151017079203548565e-01 9.110405335895320755e-01 5.347490590725701987e-01
3.116244726849802249e-01 -1.908541539834275991e+00 -3.526099986860733310e-02
-9.679434810058518135e-01 -1.196753744628747285e+00 1.702234381933334095e+00
-9.653125202269998706e-01 2.139888828035107160e+00 1.110313959777724957e+00
4.030423489928652847e-01 1.948880457091279217e+00 5.677694187592938202e-02
9.110713596355363153e-01 -1.160355066991745343e-01 1.776071772957896311e+00
-1.091029758082787682e+00 -4.264130610541780886e-01 3.090256682143239786e-01
8.604079881566428778e-01 2.776454881528288565e-01 1.866028379376637181e-01
-1.987216283408176631e-01 1.424615989174617958e+00 8.500816755071434194e-01
6.540655764164472474e-01 -3.860768883866650542e-02 1.007901470861228277e-01
2.309862426462404861e-01 -4.145704980551323526e-01 1.439190919859381745e+00
1.792114903555757754e+00 -8.768046386187408059e-01 7.339298086419119294e-01
1.280027860225324110e+00 -7.964473648277038687e-02 -8.750774670857893733e-01
-6.221721201227076170e-01 -1.707058936894358114e-01 3.892282940307633665e-01
1.546744807593258830e+00 1.054560930883030601e+00 8.772441379191936450e-01
-4.562813542248819187e-01 -1.322716134228013818e+00 1.487959425836805183e+00
9.305818829198175823e-02 3.219539695490288289e-01 1.995598323833390753e-01
3.240585411684535240e-03 -2.475802163163327158e-02 -9.921356394770661780e-01
-1.853671100432393581e+00 -7.136186123476417897e-01 -6.409252858382291640e-01
3.454685905659718448e-01 -8.998389159444137864e-01 -3.949277161526479896e-01
1.292386164513515401e-01 4.863487972564863870e-01 5.381363456404559820e-01
-1.917430714838247729e-01 -4.217172692180085614e-01 -1.426796779434364559e+00
1.724429663333517659e-01 2.865570177542031693e+00 -5.208935813830574135e-01
1.381024525431485683e-01 -1.848091816334979764e+00 3.082716991113592653e-01
2.520945084229654354e-01 7.362990567609997150e-01 -2.183776845902560271e-01
-1.375608740595835489e+00 2.552690845509303884e-03 -1.502401700358394709e+00
9.916607953867696557e-01 1.371467259153306695e-01 1.035659899265714834e-01
-1.235205334325446991e+00 -1.271178281276914346e+00 1.350635642755291910e+00
5.048498841516145808e-01 1.280246355785160349e-02 -6.867749734576575893e-01
1.546759614592095045e-01 -2.817740536415851427e-01 -1.418721805398028002e-01
-5.003251422184906705e-01 1.695753055549608979e+00 5.877015233010811635e-01
-9.661738601814168215e-01 1.590343208025902719e-02 -5.925042524487349471e-01
2.345210843405299006e-01 -6.500861411828527670e-02 -2.023757241775928861e+00
3.076529752946138840e-01 -8.220183249287087435e-01 -9.931904287190307379e-01
2.263262412847462379e-01 1.950005362741620840e-01 -2.945276430068445306e-01
-3.484138917050175754e-01 8.379706906359039031e-01 -5.039855365701589873e-01
8.444415425339767411e-01 -3.915527220735797731e-01 8.341117645306331818e-01
-1.408713824885249100e+00 1.263089541575139085e+00 -3.862042641216214545e-01
1.122835800858287270e+00 7.167240904999250262e-02 1.349431520049357291e-01
-1.930422173801208952e-01 9.167456036508845330e-01 -5.292248744477805467e-01
-3.507995201173883526e-01 -1.354342669020836221e+00 1.120051034352408159e+00
1.318499664757638357e+00 8.784226562037414920e-01 -1.623139156937437155e+00
1.869304324902669068e+00 3.499519876075752878e-01 1.877827998156671174e-01
2.153464787191404772e-01 -7.438059428667306849e-02 -7.306918844029310911e-01
-4.494499075561966817e-01 -5.411350941104811074e-01 1.759576969202177599e-01
1.917254558199398717e+00 1.234080772458409303e+00 1.411560719358628591e+00
-2.215157827008874758e+00 -7.937417713784536977e-01 -6.516134118663957642e-01
3.383563752678957481e-01 4.341367195761844378e-01 -1.017950851760832942e-01
-3.791632128902074350e-01 3.522718206865969003e-03 3.711552165279924931e-01
4.576441814813449471e-01 1.712450350612997330e+00 1.108600337927425072e-01
-9.532097808009113438e-01 5.905331285648037776e-01 -1.028629763638101657e+00
-5.192202123459133123e-01 1.933342595833040356e+00 -1.859981220260762624e+00
-4.199027755722141708e-01 1.083393190612765011e-01 -1.837843778729434385e+00
1.302951625586175888e-01 -1.257374468540579215e+00 7.088213148207127556e-01
-1.139420644442892927e+00 1.306360191392013093e+00 -1.013042782423052568e+00
1.431730316481280685e+00 -1.440820154261522434e+00 -3.155828072431736131e-01
8.597772318846088613e-01 2.825361282407484742e-02 1.706030035651771248e+00
1.508506016495360369e-01 6.701424936499157381e-01 -2.074092945727613324e-01
1.144889729252888344e+00 9.382595877998440529e-04 -2.465073798807873029e+00
-3.706456429530038399e-01 3.869308074865286939e-01 1.622244767065756932e-01
-5.998801256706761675e-01 -8.274691878607390860e-01 2.791660567191502351e-01
-5.496119457641305273e-01 5.635506238738289264e-01 3.391654681242611269e-01
2.024719363407601946e+00 7.282211992020284352e-01 4.184355826615582807e-01
-3.268311810325593564e-02 -5.648851291744697578e-01 2.238896285385687801e-01
5.683048569010116235e-01 3.529261408541930489e-01 6.346114900708594853e-01
7.376407096633889049e-01 -7.915080756306098753e-01 4.378238434885920460e-01
-1.101532526007324986e+00 -1.978207446127261404e+00 3.772108440759282533e-01
4.724594120188711777e-02 -1.099208046173626885e+00 -3.037074442761909798e-02
-3.459398984767592805e-02 -2.562786637440816584e+00 8.276608307115121965e-01
-1.471107426691179443e+00 -1.811309425893224967e+00 -3.784604150703627101e-02
8.952399324926397783e-01 -1.604387230303040868e+00 4.307317354319630254e-01
5.455440058569176465e-01 -6.648220590936131380e-01 9.923450169181488034e-01
2.464360419111759626e-01 1.405607027774459006e+00 -1.426096592411569164e+00
-2.314547210627022622e+00 -5.927574394739116848e-01 5.769731526575077041e-01
5.411278528481784644e-02 5.484750131247347893e-01 9.642029017560882487e-02
4.530581885826138744e-01 -2.509963076675128524e-01 -2.625338891270120323e-01
1.346526975264196180e+00 2.221923878009580910e+00 -1.407330817166130843e-01
1.819433866820602708e+00 4.911153999183299201e-01 -4.280524006265907788e-01
8.525899848789417201e-02 -3.263748687294588668e-01 4.635666236967564413e-01
-1.984684737551974387e-01 -3.789136735139366219e-01 -1.586539127376126235e+00
-7.455955118527642922e-01 4.166732906068266740e-01 1.989193118889928558e+00
1.014041389205357468e+00 -8.674671509222306454e-02 -7.041568978134460366e-02
-1.628847813686069290e-01 -1.369818983923165034e-01 4.733379206815416795e-01
-7.235728943930631596e-01 -4.107156036188669979e-01 -5.642715802096019972e-01
-1.500663645021819703e-01 7.023272983891929444e-01 -3.052543783942737177e-01
-4.984802898662878401e-01 -9.065721168577741684e-01 8.540802653144228263e-01
1.144481503579031001e+00 -1.595960771629368447e+00 2.288744660715782142e-01
4.535951074777695990e-01 -1.574874603534967554e-01 7.970141124523570930e-01
-9.032280421242595558e-01 -2.100788211000099159e-01 -1.809948400628311083e+00
2.384323628993425051e-02 6.174870855461257468e-01 -7.383709363959620742e-01
-2.856963408491634548e-01 -5.978519964491000316e-01 2.528753450004692094e-01
-1.192635532357880335e+00 7.153690063711180824e-02 1.267376988303640539e+00
1.918824189750403530e-01 -3.233166908841315079e-01 -2.617454726765736650e-01
-1.996673412221612043e-01 -5.353667405701775239e-01 1.368130264502241400e-01
-4.500522907371851677e-01 1.794845009488390986e+00 -7.721673221425523481e-01
6.266418259115043021e-01 -4.327158681077101776e-01 1.467934641475904023e+00
1.626754645761006479e+00 1.089017202284770502e-01 8.873015934721395492e-01
5.330233868796495633e-01 1.402318858102987065e+00 -2.449930282653490554e+00
-2.746324711591757728e-01 1.930878018669960339e-01 9.146507673865642007e-02
-3.235077802563658400e-01 2.267196620955163819e-02 7.622513699934456433e-02
9.319106689309520908e-01 -2.181482965444637157e-01 -1.497433102043519426e-01
7.173967775505464273e-01 1.053917166175225129e+00 2.078852937627043040e+00
-4.985246452728416267e-01 -5.243045489886623001e-01 1.511697585805871387e-02
-6.972706621959785522e-01 -9.147729870963172694e-01 7.422746011632165297e-01
2.033773497023302346e-01 2.815253251875602380e-01 -1.566296438603200336e+00
-2.283186462943835038e-01 -1.820940089378016546e+00 1.323909711438858050e+00
1.177794233448624661e+00 -1.316934855886748412e+00 -1.323671675654993551e+00
1.054113755008492026e+00 -4.544421907616241763e-01 -2.834960572406655110e-01
-1.444907975547718104e+00 8.443690410168337435e-01 -3.794432524033595766e-01
1.166125394137310423e+00 1.276473410063830860e+00 7.070479097622449638e-01
1.868202990193799540e+00 8.439360689350052791e-01 8.369310800753027024e-01
-9.230808819071041338e-01 -1.386922506295862334e+00 1.002372705525550606e-01
-2.070215637594575164e-01 7.826531541661396751e-02 8.755474075732616601e-01
3.636156183520636298e-01 3.954057118382989233e-01 -3.030186043277559582e-01
1.077696801441504038e+00 1.803539227371061052e-02 -1.013866503388509976e-01
-1.256438122500162180e+00 -9.070515036025080802e-01 2.322196509860978419e-01
5.048560146589041731e-01 -1.687222559401059696e+00 1.507522772473433692e+00
-4.506032546616720036e-01 -6.604832173700940778e-01 6.077192800302246845e-01
-8.321917852395604998e-01 -1.338083819276141062e+00 4.330073436359999639e-01
1.008940224452198997e+00 -1.265094219023672473e+00 1.881071247407295033e+00
-4.674173752586084918e-01 -1.572921881739752337e+00 7.441330853704969384e-01
3.659955679025962416e-01 -4.267870007481713301e-01 -3.670502597863704586e-01
1.269437710184839752e+00 -2.399314120131348371e-01 -1.610679137787664195e-01
4.107030776666105165e-01 5.181892818357043407e-01 -9.250508498184044637e-01
-1.285006578179495040e+00 1.351027364151539789e+00 1.474366096042650787e+00
-3.260514308570566233e-01 8.973634922186379814e-02 -1.174033540762510208e+00
-6.675580825605583746e-01 -2.782411661432884417e-02 -1.626763963351262499e+00
1.399292864019549554e-01 -7.752714780935626715e-01 2.039491370082973098e-01
1.880179638825123067e+00 -3.544288507164716218e-01 2.492545972456252201e+00
-9.893375068168221986e-01 6.166709506389922435e-01 8.119128683237103461e-01
-8.921504550886912854e-01 2.656788022982671249e-01 1.458761351328268008e+00
-9.737192489085588765e-01 4.800990645533441126e-01 -4.182406584769691738e-01
-2.806371688803063758e-01 -2.842722197362014102e-03 1.958525486054890630e-01
-5.998354059597229559e-01 -6.005332305376240853e-01 -1.357712223073427982e+00
2.418094791331403676e-02 -2.601497088750522879e-01 3.780882326432766782e-01
-1.570327605799499482e+00 -1.223845748690919610e-01 6.888134370600944578e-01
-2.243433381504483570e+00 -9.594657527728434054e-01 -4.888462043197421281e-01
-2.520118098020201480e-01 -9.266720276826717617e-01 -1.450672267340844090e+00
7.129775118753377550e-01 1.408618423119297081e+00 -1.207099999925544953e+00
-1.852892984695224399e-01 -5.765264869248349910e-01 5.254958277689056878e-01
-6.120758907881047595e-01 -4.167564681961301587e-01 3.310302335306963273e-01
7.921695812640178191e-01 -1.529408368272412222e+00 -2.154290782716413444e-01
-1.156464816896743963e+00 4.384366856638333837e-02 3.466777271275967576e-01
9.846210873207195124e-01 -5.951321687899548962e-01 7.458413939709656049e-01
-9.632492169878421606e-01 -1.427896453211283945e-01 -5.946374301504044890e-01
-1.865942877473549533e-01 1.708352398461364663e-01 5.448217336564141755e-01
3.444160552127959463e-01 6.795560957309931815e-01 -8.914133022858357347e-02
-4.913130472103573454e-01 1.069030031087178645e-01 1.191029238936391010e+00
4.889654568792073941e-01 -9.843078096670478949e-01 -7.858278375584594189e-01
-1.089181377085411268e-01 -1.331269477006129520e-01 -1.535594135039018315e+00
-7.174695231862795453e-01 4.142255616502142357e-01 3.182522949090980102e-01
-1.617105794643229622e-01 5.812756147346365143e-01 -1.688183637684669058e+00
2.166168418646071681e-01 -1.703063207373929633e-01 1.303201176590643273e+00
-4.570876137947039175e-01 9.314799214663371796e-01 1.811079234592543719e+00
4.547450908832103567e-01 1.479847520379863779e+00 3.489242222459741916e-01
5.686469417544399718e-01 2.010120507718000660e-01 1.142783691786715128e+00
1.959536692000877434e+00 1.102353152911761253e-01 -9.072981778044143519e-01
1.603709588665884311e+00 -2.730409272444086349e-02 -1.085618446899402567e+00
1.171674258014887338e+00 6.764714734733447976e-01 7.965556681229255531e-01
-4.207167224482112333e-01 1.451489313764039002e+00 -1.911030773353813439e-01
-1.352222403727867395e+00 1.046249859611924515e+00 5.955186697718015676e-01
1.220596209517878783e-01 4.876029225327264682e-01 1.653425954315330682e-01
-8.011678387438618820e-01 -1.332271401350423323e+00 -7.740511433558909804e-01
-6.548953252314286821e-01 5.877559865234914804e-01 1.068936806336836076e+00
7.290482698691316266e-01 -3.482737140956206762e-02 -1.356852051289904937e+00
2.407717132553569339e+00 -3.248103962211281726e-01 -8.695014990587563997e-01
8.480749338225030964e-01 -1.055370076313410177e+00 1.294867806119457398e+00
-6.253885986906505545e-01 -1.106463277995082484e+00 4.801692202276436339e-01
-3.240793713336043158e-01 -9.984004276063641603e-01 -1.118030376343905230e+00
1.522423682747979568e+00 3.656454760589014641e-01 9.399928710124021425e-01
-1.505207379477446095e+00 -1.291521851098050178e+00 -1.360336708207913636e+00
2.130615823043644497e+00 -7.127929072039282943e-01 -3.632766690272987153e-01
-6.940910105992035284e-01 1.760602169473853840e-01 -3.194985127544430203e-01
-3.589023927526004409e-01 3.844262044728243288e-01 1.145856616599967515e+00
7.568930739490470350e-01 -1.340361997146976680e+00 3.531991990357536415e-01
1.202822022703080806e+00 5.964565516242058552e-01 -9.608755771185909511e-01
-9.488337900208708708e-01 5.874962257338162130e-01 1.286484661614687441e+00
-2.609694471649252057e-01 2.013938860907563022e+00 8.263879429085696504e-01
7.682401318845700766e-01 -1.698108066941936001e-01 2.639137329725768123e-03
-4.856623175139783144e-01 -5.115880140083679528e-01 6.822949640085180789e-01
1.107825233990791025e+00 9.100538431939937389e-01 -8.032347169554586719e-01
5.929730183726376058e-01 -9.295189901003575450e-01 -4.959619992656141840e-01
4.139958840534151419e-01 -5.820635535456660792e-01 7.749768942077307488e-01
-3.495235324288847312e-01 1.917528091324220751e+00 7.833434317350940201e-01
1.692718783482906719e+00 -3.266353162285123152e-02 -4.192847810015583321e-02
-7.760842501228827350e-01 -1.363213396962826285e-01 7.685686557343985870e-01
1.023234874749904488e+00 8.619616498124005322e-01 -7.024368665612893414e-01
-1.043455210243951603e+00 3.570736257258820268e-01 1.224545664142160151e+00
9.394571426515940793e-01 -3.981821872850809796e-01 -3.941562227091649495e-01
-6.199460589543046574e-01 8.244370199032485802e-01 -3.338411640658274782e-01
8.789168649252027121e-01 -1.535094381206138392e+00 8.862649031795440113e-02
1.999576218535813188e-01 7.785401071774149528e-01 -1.600737743779120592e+00
-8.590533131720481386e-01 -9.111494923289433778e-01 -1.587975641765339674e+00
-1.498326340157769110e+00 -1.425944937170447124e+00 -5.320490203926248052e-01
-3.804064797078882121e-01 5.308902058999245277e-01 -1.155836799475578269e+00
2.163158948656874525e+00 -9.688059372119154355e-01 -1.522080244221737155e+00
6.802970431356719638e-01 -1.921808587157552095e+00 -2.652086871143836122e-01
-5.152824115842433716e-01 -1.390228651965632167e+00 -2.215566902937650351e+00
-6.855115758367017476e-01 -1.140105544862638265e+00 3.328732256160583103e-01
-1.242654446216997277e+00 -2.476099494093981779e+00 -1.794108068647394028e+00
-7.860915389830782640e-01 9.111752698578648446e-02 7.744722651127173840e-01
-7.830862707441849091e-02 2.672177844229065014e-01 1.403058198936969037e+00
-3.844224147252274237e-01 1.004862939535926536e+00 -7.003961497055433139e-01
-1.071202005992532236e+00 -9.568723283825422143e-01 2.383763509455634644e+00
-6.929680945810076098e-01 3.532515663769612013e-01 6.761128559789779668e-01
-1.834367559039799811e-01 -1.139263665026614136e+00 3.157349829642482897e-01
1.270305980781498145e-01 -6.525641625628479658e-02 4.025596854094907195e-01
-1.897403444600537226e-02 1.874050492469419460e+00 1.858125638169684679e+00
1.853373385709917276e+00 4.379461290014500553e-03 -7.197603896932001089e-01
-1.484460653491158633e+00 9.508687834439604192e-01 -4.120841030908081182e-01
8.041453787579799783e-01 9.494071330027217259e-01 5.576065485724482351e-02
1.561145606493028248e+00 7.017941232535688245e-01 1.229650769028852508e+00
3.476242336458493787e-01 1.190919785754689819e+00 6.308089809357092514e-01
-1.994480418549315348e-01 7.199585458062657262e-01 2.866781450702852396e+00
9.805970120891082109e-01 -1.022713427960112220e+00 1.519686691829504888e+00
4.715178648310396764e-02 1.167069791981192761e+00 9.061690017140043574e-02
-7.023346367059332129e-01 -4.321361607868807742e-01 -9.709979185812392943e-01
-5.229197669743194249e-02 1.813753934864854145e+00 4.683599267024908253e-01
-9.156352963908334086e-01 -1.675819028520317167e+00 -5.360008551533537169e-01
5.112455871639903782e-01 1.710903523419633032e+00 1.607051376021388256e+00
-9.792383807991195122e-01 1.381394631038446397e+00 -1.835028155026705021e-01
-1.797070987277193943e+00 -9.577680527622117745e-01 8.639660878661796772e-01
6.966472681798226985e-01 -9.823812173072753451e-01 1.769712772429375136e-01
-8.216045842903146879e-01 7.208108366589545124e-01 -1.440614210787753091e+00
-1.628390702255813727e+00 -1.157845097186647049e-01 -3.589364781437238139e-01
-6.589101322039554454e-01 -5.166568665518087577e-01 -2.816842918390041750e-01
4.373202134572433675e-01 7.749507442298814164e-01 -1.342942738853206697e+00
-8.628223488200571500e-01 6.432777601754371410e-01 1.278620573611736422e+00
5.204981947757296723e-01 -7.620296579476393273e-01 -6.761165933774154757e-01
-1.255998699169535104e+00 -5.460368759086667856e-01 5.634539191579036599e-01
-2.701537040336459139e-01 -4.167335692165125005e-01 3.160645526290042362e-01
-1.412905471443401728e+00 9.956182609077283141e-01 2.722459343530942433e-01
5.451430247347235913e-02 -7.253591877362282059e-01 8.027891696963297408e-01
-9.031355696656390153e-01 -2.180572570330024593e-02 9.240008446686470700e-01
6.818754170429680572e-01 -8.300035134187613295e-01 -7.995506591886057945e-01
9.177064090403491692e-01 -8.803926005852735770e-01 8.389958465318688718e-01
-5.830249616320566375e-01 -8.298575745053654584e-01 1.113377091429250676e-01
1.059420818056300950e+00 -6.333720450976600969e-01 -1.105191306316165578e+00
-3.828833267337215518e-01 1.572158562623499733e+00 -1.547228557861805465e+00
-1.104062184712300443e+00 7.687852937858241642e-01 -4.166148505450127937e-01
2.443206027709383110e-01 1.814858601301926333e+00 8.283466803591028604e-01
-6.839319696096528289e-02 1.279458107411962642e+00 6.031644367024411313e-01
-6.987802328861770773e-01 2.975156966506373735e-01 1.158806300605599526e+00
-5.675494868008370553e-01 1.795057445848702304e+00 -1.432541727126913911e-01
1.334255315300080458e+00 6.597379026245017708e-02 -4.244881251916961529e-01
-9.590247831951695945e-01 4.162704592978685447e-01 -1.252009536754657759e+00
9.104114599551660358e-01 1.612390227249937080e+00 2.751379757843794294e-01
-1.179642342247237519e+00 1.269360886466265992e+00 1.976262074740801900e-01
-2.256203884884949051e+00 -6.807955573423070117e-01 1.121729610861883719e+00
-9.905712230145033437e-02 -4.049928262835797432e-01 6.563626517925422732e-01
1.408898899460310217e+00 1.448492143437273505e+00 8.531513061479258919e-01
-5.499070292617964928e-02 3.041102825950071642e-01 1.621101853649171420e-01
-6.084248015755608918e-01 1.516183280094148600e+00 3.722733616228499770e-02
1.062884333731599185e+00 1.411840415816647321e+00 -1.933253044390903730e+00
5.449631043481278914e-01 6.417677453074989158e-01 -3.374544113393816436e-01
9.108668425180625750e-02 -5.185183576901725155e-01 2.535741762436782398e+00
-9.048394499179854833e-01 -2.564811259759600670e-01 -1.506162052137539842e+00
-1.256924798673310972e+00 3.054802257130305454e-02 1.131538682662965867e+00
1.037658615850787364e-02 -1.112985825972845788e+00 3.699411385795454699e-01
-7.820863167329777932e-01 -1.877844573623271840e+00 7.293240617613587495e-02
-8.709829282511717674e-03 -1.519035476072259527e+00 -1.009345012579109246e+00
2.443669472114400609e-01 -1.622686406133000636e+00 1.109259258246648283e+00
1.134641778325511385e+00 1.684350721125941752e-01 -5.177508764563795163e-01
-1.811753434747845337e-01 -5.315066448487804768e-02 1.078203665467707850e+00
-5.983348358259352739e-01 1.100992671127981160e+00 -3.771155045222222002e-01
-7.480062366884153713e-01 -1.273319406530479592e+00 9.522182648170324226e-02
1.592326210648430385e-01 -3.868553617760270291e-01 -3.294299029754274577e-01
3.454272376758252272e-01 -2.485984755556233661e-01 -9.183599279543640526e-01
1.890530733612145464e-01 6.373635338851173504e-01 -4.711569911826397616e-01
1.355321534133032552e-02 3.479051488483832499e-01 9.758351767089703532e-01
-1.072433278210585872e+00 4.683690898588533935e-01 3.594184198671647457e-02
-3.407724023431240590e-01 1.092368408073869812e+00 8.773059381227444886e-01
1.840517279009520613e-01 -9.125520398777700048e-01 -6.220074170423418591e-01
6.589476300365193495e-01 -1.751607585301179493e-01 -3.223849608503231989e-01
-5.330526822134068476e-01 4.426309264603948690e-01 -2.497120701468236170e-01
-1.768569506188875928e-01 1.122957555035089955e-01 1.276819277624058557e+00
1.459954410298933025e+00 -7.801338057039818308e-01 -2.344606974432613677e-01
-1.059485766566565235e-01 -3.475493191289900086e-01 -1.789439455390442690e+00
-2.798238462932102877e+00 7.004006923418075736e-01 -5.810774247511821811e-01
-1.607998881266496483e+00 -7.935677571800749952e-01 2.034820042556382713e+00
9.365487634776614723e-02 2.926411350769633213e-01 -1.716812743473600245e+00
2.577113580737643295e-01 -8.977870663135228968e-01 1.004385599746610902e+00
1.115454455497572939e+00 1.980129081429461868e+00 1.071940137752384614e-01
-1.436437197653180009e+00 4.866965712494258356e-01 4.159918484039824005e-01
5.538948955174298749e-01 8.414452091182783589e-01 -3.420473165101259871e-01
-5.667105707888747679e-01 8.415341849943690500e-01 -7.231562987347938121e-01
1.130621139702848721e+00 1.552812618169007175e+00 -1.788033161661702342e-01
1.087816968933890127e-01 -2.781547822780122692e-01 -1.856564227293009128e-01
-3.250095330947949113e-01 -4.100067173430255729e-01 -1.024416357539660982e+00
-2.693694112731102042e-01 -3.937470473168095952e-01 -8.010167947986547576e-02
-2.392264085757946634e-01 2.660020793789899529e-01 -4.120442036594754720e-01
-1.035171085803181512e+00 -9.473591274482079383e-01 3.633822856292244774e-01
6.760275399701806132e-01 -3.767316950402392339e-01 -3.476882330588988990e-01
-2.525236921792476164e+00 -6.614273299110892124e-01 2.357814330318234453e-01
1.289455372494141550e+00 -1.965555764903528790e-01 2.176431290304982280e+00
4.277501939973083478e-01 -1.467671704959768508e+00 9.585928874793111509e-01
-9.968889390566091357e-01 -6.939050645595981059e-01 8.302833274152473519e-01
1.061873010869723022e-01 -1.592947347331912678e+00 -2.579311867305576489e-01
-6.366730076431065255e-01 2.142143390891326327e+00 -4.576626055574437579e-01
6.604032341444434628e-01 -1.922495487799281477e+00 1.075031414466545154e+00
-2.793737174627036524e+00 1.112843152000982938e+00 1.021491708780197794e+00
6.067030430637176952e-01 1.323422598862530331e-01 2.982294728518233295e-01
-3.197298392850020377e-01 -7.227313511241808541e-01 -7.310194697533070052e-01
-6.248536099535278998e-01 7.662029974632736939e-01 -1.339053778550147067e+00
7.335766079046427413e-01 1.023523109948312193e+00 -4.633638137505343563e-02
-3.233331008583831268e-01 -4.567268101878051156e-02 8.809057053904358892e-01
8.080979628502543699e-01 -1.496867156007854804e+00 -1.296339782537689667e+00
-8.957238715919124683e-01 1.092497249358202360e+00 1.092202068507501567e+00
6.284337224491917118e-01 -5.726633001901774156e-01 1.061296833903029452e-01
-7.106134799062210350e-01 8.410163145658795525e-01 2.495611435322906690e-01
-1.573330725612315933e-02 -5.949928758055889055e-01 -4.981878576099753597e-01
8.871392523901857619e-01 1.199619478856873034e+00 -1.357695913512379171e+00
-4.527486738491507956e-01 2.053476296482085850e+00 -9.506774105013688914e-01
-1.379880973112766585e+00 -4.209964734609073500e-01 -1.129243426469426215e+00
2.200558433517271761e-01 -1.138286829787316323e+00 3.708954245429106344e-01
-7.713869392389897106e-01 -4.371976942016616019e-01 -6.858986557188354594e-01
-9.543291936146571786e-01 -1.354547023910295023e+00 1.486724691217374383e+00
-3.465680654550118978e-01 7.079897798248032670e-01 -1.491552745465494434e+00
1.313056222219902258e+00 -8.179882335152189876e-01 4.453197373294267569e-01
-5.406280870652822035e-01 5.404250237458287781e-02 2.179819271146307691e-01
-4.167047986431873241e-01 1.007747577511471704e+00 -1.043650496209850731e+00
-4.496039928074786751e-02 -5.647304133534027104e-02 -1.364454921071836191e+00
9.189488473128769319e-02 -5.303568578110926524e-01 -1.037082420077491740e+00
-1.016349487543019459e+00 -3.827593515813657588e-01 -2.815202601473082211e+00
6.843359297621807169e-01 -8.718431783123296031e-01 -4.152902817127924751e-01
-1.319834950272818830e+00 1.546954220554866699e-01 -1.040301228995196503e+00
9.969794325318942496e-01 -6.697546188188295835e-01 5.536790770834105341e-02
6.395486988767290493e-01 -1.556657104669420644e+00 -1.335842918994532003e+00
-1.734895114403511407e+00 -3.338751815791988764e-01 8.820826660136220632e-01
2.468074244450787713e+00 -6.923259636751865065e-01 -1.060124798654037637e+00
3.053935250830503434e-01 9.679196501251516871e-01 -3.946365078973048668e-01
1.051150049218922078e+00 -1.766357781471044053e-01 -1.458851533761465757e-01
4.622463330046141516e-01 -2.988181721954679196e-02 1.756666998131328317e+00
-1.138914648530363172e+00 -6.398654428650623061e-01 -8.566000602750593051e-01
-4.856323127734969991e-01 2.571227423065650664e-01 -4.421620626357908312e-01
1.114138992344707368e+00 -4.692048236781537485e-01 -3.804454742634551523e-01
-2.351725083118583748e-01 -1.146470369396618283e+00 3.887289199963666064e-01
-7.924930361146172997e-01 -4.621948033391470867e-01 -1.678734616785927836e+00
-8.214861452097818040e-01 -7.620811987850972802e-01 -4.214390890917775190e-01
-4.246629094768765711e-01 -1.678782404463506683e+00 -1.423306145409198864e+00
5.585627413089164217e-02 8.247204676439157112e-01 -1.431104153832017944e-01
-3.760379369496918978e-01 1.056169680633165381e-01 -5.269096636415279145e-01
1.243326782706098754e+00 -1.578089852975621543e+00 -1.719689306702727016e+00
-1.163847614733335423e+00 2.473958910418810331e-01 -1.362988714252871825e+00
-7.063102714250392156e-01 -8.390312357703151314e-01 1.826189629261745884e+00
-4.339512600776147533e-01 -9.899609236039063065e-01 -1.019954334422742859e+00
-4.039757626250495975e-02 2.433647021779340724e-01 5.799855393096700062e-01
-1.433210710299341883e-01 1.847340581683680094e+00 6.513882010269677059e-01
-5.340351798696868491e-01 6.797899874585906776e-02 -1.795459445440070523e+00
-2.038913744280100637e+00 -2.796216042505773047e-01 -1.085572485866529574e-01
-1.951332439526825890e+00 -3.944531352174803773e-01 -3.974484364752140508e-01
6.258279231013369470e-01 -5.226047654093195494e-01 -2.523175084056291095e-01
1.693803117854825624e+00 1.226672573955196688e+00 -1.691168880038331546e+00
1.723959212260215701e-01 2.406529519799983419e+00 1.086440385365059269e+00
-3.670876434438684055e-01 -2.080227302296056902e+00 -1.530676782971848615e+00
-1.162397419674348287e+00 8.143207865945712998e-01 5.938238236649127089e-01
-2.570382688757749112e-01 -1.136326624568872345e+00 -1.757028073735764861e+00
1.300143229209202965e-03 6.469814995752711795e-01 2.133972943720198856e+00
-2.721491367156640973e+00 1.433455468492028373e-01 1.492085042165773645e+00
-3.634452292900157699e-01 1.353545207096969127e+00 -1.005916193533856307e+00
3.049193942752405628e-01 9.174666953716473228e-02 2.219636881978669374e-01
-4.433922593152040403e-01 4.814520845984451847e-01 -1.229969103549708676e+00
-3.027380678082397525e-01 2.693600329628179857e+00 4.374722787101286148e-01
1.394754044274668869e+00 -9.506794229153603393e-01 2.069455247483893423e+00
-5.127040626821186553e-01 1.826736182357041050e-01 -1.423437930859266842e+00
-1.210159958983897388e+00 -5.455470426066664213e-01 3.090263213792902169e-02
8.155108962201298439e-01 1.182802258263915496e+00 1.162318881027665923e-01
-4.095197475942294330e-01 7.204460283099340945e-01 -1.228992632660298234e+00
5.888322100940480697e-01 2.040986733145327747e+00 4.730264526865082808e-01
2.739134963781560822e-02 -1.306181581575808492e-01 -1.197731204478329481e+00
1.196449595490638229e+00 5.976366245274808975e-01 6.198554419865689447e-01
-1.060673642730896482e+00 -6.657252232655547219e-02 1.921278156370374468e+00
3.231450215657263314e-01 -1.849651960852802590e+00 -4.528085737171635428e-01
-1.427660639554271915e+00 -1.201623797651875991e+00 1.759491993198052162e+00
-5.305132207323302040e-01 -6.223578110640995975e-01 1.046535903683783353e+00
-9.154865743002243983e-01 -1.099134940098619451e-01 4.773089854560885192e-01
1.236792700130799671e+00 -6.955579082121585710e-01 -7.095572016420608197e-01
-9.054085313122863798e-01 2.230352698270733347e-01 1.063610710328871667e-01
-1.609269510491028177e-01 9.473204609669155785e-01 -9.007392557055063920e-01
-9.523923848729966279e-02 -3.259031062191042882e-01 -9.592014664794670242e-01
-4.562715943005999919e-01 -3.706819759080317578e-01 1.215317058756875124e+00
2.539972325815842424e-01 -1.554761440660961946e-01 -1.730887131516257726e+00
1.665130552037986433e+00 -1.539134635693129027e+00 6.047420243070563695e-01
1.710584434618044325e-01 -6.060066697632613408e-01 5.439531193288584809e-01
1.697427762908071402e-01 2.164732921020176448e+00 3.231256656104114500e-01
4.428324997555732612e-01 3.800536190158159688e-01 1.732885053891606075e+00
-5.206389704000162766e-01 -1.817371724009386069e+00 -5.880498463056852906e-03
1.133011067095921615e-01 -1.067401252383130883e+00 -2.633308659004587327e-01
1.233658715642861781e+00 -2.010865613063077539e+00 1.346727620744458731e+00
1.435073618099748372e-01 -3.858893288942652489e-01 3.813546883407818999e-01
-4.739944273742555114e-01 -1.147001254888105670e+00 -3.894427842390074113e-01
-1.375180844698811411e+00 -1.061103273549566905e+00 -1.823032681271063105e+00
1.710884849948500486e-02 -6.857941638019987574e-01 -1.358393044249879056e+00
4.278092504416321495e-01 -1.391479254338906513e+00 1.665079535737178151e+00
3.066641061705176474e-01 1.107387249862511691e+00 -9.647647538391872502e-01
-4.450301968776833594e-01 9.519182697915972158e-01 -5.023421557895205725e-01
1.230791287631517683e+00 -1.797840142130248398e-01 -8.864460607267882208e-01
5.059003750178746595e-01 2.780744903268247636e+00 7.645008694976498376e-01
1.704965221598191416e+00 1.582575414505387190e+00 -2.121007704113822279e-01
-1.203021003747720696e+00 1.321812553723617500e-01 1.979726751136341723e-01
-2.731209037910924953e-01 2.589742710765798872e-01 5.630820641416720562e-01
2.625134783072315958e-01 -1.454218234414117683e+00 -1.406300443562028546e+00
2.568989870326507940e-01 1.251653515515720683e+00 1.257795223283409536e+00
-8.758354746531289425e-01 1.016895753556063431e+00 6.837968837733043870e-01
-4.163825056703051031e-01 1.575980484615639776e+00 -8.236453194092459018e-01
-1.583903596447734652e-01 -4.584709446602319161e-01 6.250314017916203113e-01
-6.750033274772718750e-01 1.197211289031138381e+00 -8.423364377202267050e-01
-3.242177777502713631e+00 8.489969711994581336e-02 -4.129323475148171108e-01
1.180877756624922892e+00 -1.242619858064275551e+00 -1.582616497333102779e-01
-3.027954092082967286e-01 6.767363803623164253e-01 -5.006071051892560519e-02
3.362921503092179965e-01 -7.162506548205619383e-01 7.808963053530515452e-01
3.560674357971679860e-01 -9.655213015594181492e-02 -2.960863465838975417e-01
8.031636026358934810e-01 3.548729914835799942e-02 1.720022143657650160e+00
1.069150140919543635e+00 -1.243861495639309256e+00 -4.666297267616258404e-01
-1.572644680404515771e+00 -1.738530707670942643e+00 -5.118009353528990557e-01
8.090300718342214870e-01 2.648698140204233997e+00 -1.104819550522667226e+00
-9.624768861773408402e-02 1.333744435525766048e-01 -6.903522640026765744e-01
-3.060960494125084530e+00 -5.136306795920480422e-02 -1.224033374522094819e+00
2.435191101691575710e+00 -3.213715141585514190e-01 -1.527852138872646703e+00
4.140363899550428828e-01 -6.608720425882262939e-01 6.756103959889283583e-01
-1.436378037331489832e+00 -6.815884617676203350e-01 1.463668076746367896e+00
6.374320718217075799e-01 2.914192576929465761e-01 -2.002547412806919558e-01
4.749798794000641144e-02 -1.578793415806183931e-01 2.723739002574832591e-01
1.194713370788526463e+00 2.049354164435247261e-01 1.559486292834888932e+00
-3.738310429363437271e-01 6.854764772190459210e-01 5.081472416453635121e-01
-2.301676947978533949e+00 3.322365674113351153e-01 -1.416382040723213276e+00
2.653511107827232207e-01 -9.042815816692886810e-02 -4.660209867159514352e-01
-7.302097993814653520e-01 -1.986542209796277048e-01 -1.333447394488875837e+00
-3.636431093709622253e-01 6.233074223420043136e-01 -8.782712089141639922e-01
-1.222198814915381959e+00 1.446148937378068711e+00 -1.947797085948325346e+00
6.720440969363102868e-01 3.585300318580097456e-01 4.128700050365651797e-01
-7.882503216280271063e-01 -1.883585908738677483e+00 7.449903504698601742e-02
8.714111785439209168e-01 9.460307749835178415e-01 -7.841684067459510077e-01
-1.816696747917816712e-01 4.199118801186227379e-01 8.290767867277185621e-01
1.333996200521581355e-01 8.666792037363627577e-01 3.997169474553579488e-02
2.067260647947357199e+00 5.729429167898076880e-01 4.303549061548983534e-01
-8.992541806052933850e-01 2.267950185897466553e-01 -2.035454696281215448e+00
7.020778223236027182e-01 -2.957189248564282003e-01 -1.480066891497757053e+00
1.468072820641905585e+00 5.536984350990986625e-01 3.397191870043394513e-01
5.799943330449107703e-01 3.295477457018072820e-02 9.128177411053459700e-01
-8.024994731050643093e-01 -8.177135285243606333e-01 -6.885980755709284473e-01
-9.363977800328444623e-01 -1.545303281889679470e-01 -8.593375834814530601e-01
-1.059286520292490874e-01 2.591011235378368749e-01 1.110249305625213151e-01
1.134959062784791639e+00 4.827160256021425511e-01 4.587912180817252938e-01
-5.106716228707369742e-01 -3.634314219289154768e-01 6.989061910156796342e-01
4.654913714752538234e-01 -7.030802491882676142e-01 8.559627478420430702e-01
-1.028200009768009515e+00 5.824223623992824672e-01 -1.011942210064917802e+00
9.579504477196632006e-01 -1.063397853454021824e+00 2.766449125395562536e-01
-2.282807538634485045e+00 -5.554913202242610648e-01 1.094151991323617068e+00
6.489330599643641229e-01 8.908619332820698622e-01 -2.785246128723721237e-01
-4.969385187432857620e-01 -1.750668339178886423e+00 -1.508406698687097425e+00
1.394262152652268882e-01 -9.296873781959329452e-01 7.415066996025585500e-01
-7.438978919563701275e-01 -7.397590534831477438e-01 -8.742618413168624647e-01
1.444138522163652683e+00 1.010019952618387729e+00 3.426025623882700266e-01
-1.385920957177922741e+00 -2.962608545326231302e-01 1.080654624337915370e+00
-4.276113350220615006e-01 -1.185657833026177999e+00 -1.139340642250295188e+00
-5.989459429856444084e-01 -2.485840522344412162e-01 -1.172242911162002105e-01
-2.785551634684153566e-01 1.864392385716898415e-01 4.890838912065394450e-01
-2.605088582779069295e-01 -3.057638300216847238e-01 -9.894722290621204008e-01
-6.795384963373346521e-01 -4.079138726691725059e-01 -1.214571945184167029e-01
-7.126432075084393469e-01 -2.160877868424258441e+00 5.558761537136253095e-01
1.419884023008657570e+00 -9.860192567040761968e-01 1.434411376194034249e+00
-5.579387695720897655e-01 -5.989770927878784734e-01 -1.616263403973120742e-03
-7.835542707713419874e-01 2.245208078071732949e+00 8.560144535701410540e-01
8.740334650045484821e-01 -1.267149329086305176e+00 1.736376858959199687e+00
2.307346593400478429e+00 -4.043023842622231467e-01 -3.148375405378739944e-01
-2.451875147192856375e+00 1.870286012558929345e-01 1.337465229431548774e+00
1.779234536043477144e+00 -6.273158521268515364e-02 -6.817425183243508435e-01
-6.541144212952415549e-01 -4.200856110531209220e-01 -7.133153468788577811e-01
-1.680524550180927390e+00 3.824590507218101898e-01 8.408462109940457729e-01
1.511778472091086511e+00 -1.131904246783336454e+00 4.940824895580905318e-01
3.899393085119828295e-01 -1.611378311030217780e+00 1.104153677169702696e+00
-8.243238777244006610e-02 8.923626395740846817e-01 1.998785976265473385e+00
-1.685605561575577171e-01 1.253096595971046279e+00 -8.937556609965612298e-01
9.371603524309223276e-01 -7.159822118737355634e-01 -2.630265957475047323e+00
-2.781113136829710952e-01 5.120440985776731901e-01 -5.138245273825081672e-01
-1.539775366991421590e+00 -9.497561926820238254e-01 -1.579886413249370403e+00
-1.187405700591747326e+00 -1.700791436846533333e+00 9.291580076765246776e-01
-2.008830081541097989e+00 9.469956047746620476e-01 -1.361351761952440675e+00
-4.506328561740441385e-01 1.249855801975755520e+00 -3.788446713458465953e-01
-5.585962808967463028e-02 4.193247190613084152e-01 4.638061854573072851e-01
-1.898411687708325413e-01 1.305786256146231894e+00 1.531965640270110063e+00
4.250485436629322655e-01 3.940866690888083501e-01 -7.229301166922008637e-01
-1.412770927211384864e+00 -5.896904144623454913e-01 -8.713299791765457547e-01
-6.793916827168210160e-02 5.091268905552163160e-01 -1.638351997897701473e+00
-9.699194878637615869e-01 3.328407729557230632e-01 -4.549965526422430351e-01
-6.550194527357763863e-02 -1.726797021320112924e+00 -9.988774765865173766e-01
5.115283861965171930e-01 1.639755999705465372e+00 -6.210007365425433690e-02
2.049157578233412380e+00 -2.961951771549541368e-01 1.106229275070818030e+00
-1.121994914021322121e+00 1.255586270347486488e+00 -1.429730991941538187e+00
1.290890358157801732e+00 1.849274725827797228e-01 1.905035090087243921e+00
-1.656249507110495456e-01 -4.348020696686921149e-01 1.411734461758436643e+00
-1.533840179061422004e-01 -1.311738031460654597e+00 -2.652126866955580309e-01
5.384490326561667921e-03 1.083513386356022012e+00 -1.565813799098465520e+00
-9.721252169468416748e-02 -1.843792619015178991e+00 -7.200585370354182224e-01
5.207077629221980031e-01 2.660756632146814016e-01 -1.254968723997456292e+00
9.571313906697481722e-01 1.240156705366208145e+00 3.793489991499527370e-01
1.759285290117424072e+00 -8.016841973193075122e-01 -1.514990340916711142e+00
-3.422309141367523289e-01 2.582469934615993501e-01 4.751701020823488886e-01
-1.042168552804225934e+00 -1.452655011028129106e+00 -1.315145763309868210e+00
-1.452990603638878664e+00 9.821192116440145004e-01 1.187127527714336717e-01
-9.922324545431078224e-01 -8.305954187461864757e-01 -5.646659581686538365e-01
5.889597925761390629e-01 -1.789584230119509067e+00 -2.481060702750420011e-01
-4.247571217812186606e-01 1.472262598309695969e+00 6.662504079552993286e-01
-5.805716012289672268e-01 9.854841743658421249e-01 9.325116799225334763e-01
8.350732314543124479e-01 6.395086099968139148e-01 -8.444986073144792327e-01
-1.394777915768596444e+00 8.071539517403468755e-01 4.045806326313416412e-01
1.105122672451298582e-01 4.858613341500891414e-01 3.700851158488775439e-01
1.954939373173369299e+00 -1.091937101687705303e+00 5.614204832594141825e-01
-7.060898867370509757e-01 1.139218966916321490e-01 -1.019130769591747976e+00
1.229624996297537659e-01 5.437817821332352475e-01 -1.245050619006184078e+00
-3.498340136132853662e-01 1.053601338295975465e+00 1.850506352645729491e+00
2.189209423069934934e-01 1.467418871574545536e+00 1.230581400824670268e+00
1.075799246601699233e+00 1.381299474627964707e-01 7.028742717018413577e-01
1.813567682096372813e-01 1.885876993417673619e-01 4.694628141400200017e-01
-3.555006682546946184e-01 2.922364533790169361e-01 6.628031312121922536e-01
5.989279626984460592e-01 -8.189271876869110844e-01 -2.005334290421274812e-01
1.554483084536132598e+00 -8.909839234901251181e-01 3.680532372788243300e-01
-5.408137505866467132e-01 -1.400588134956485264e-01 -4.406651716983900902e-01
1.263167340418750673e+00 2.958533159740781016e-01 -1.140286529014380018e-01
2.611391450251664970e-01 -8.457514989023193208e-02 -1.245554819600269258e+00
3.680093116893609073e-01 -1.032924181557014265e+00 8.926621054172073633e-01
1.633733381635716020e+00 1.435202206580989071e+00 -6.704250919468650594e-01
1.942292329969008469e+00 -1.336140838779463547e+00 -1.063571879733559822e+00
9.526815822294416591e-01 -5.292419373489769541e-01 3.180620640165382484e-01
-4.313093493881629548e-01 1.252463776848484200e-01 -1.054253151374222153e+00
-9.754103311731383563e-01 9.211280978188143287e-01 1.717130953308308117e+00
