1.148052262437294502e+01 -1.943601520543775507e+01 -3.642656692458557943e-01
-1.138267647091313428e+01 -1.841926554231774205e+01 -1.483249508115818370e-02
1.114493439086741944e+01 1.812614118277723918e+01 2.126464859172232380e-01
-1.044689128821846680e+01 1.838737836452006391e+01 7.908191963629951360e-01
-5.117164284360178339e-01 1.280624744303852935e+01 -1.895559097824481967e+02
-4.352326821809759383e-01 -1.240156074153547827e+01 -1.909246839033301057e+02
3.068228420460489825e-01 1.275609844576851160e+01 1.966295580882242575e+02
8.375666546345408303e-01 -1.275341603463525608e+01 1.881508115253699600e+02
-1.899817637761879041e+01 -4.314999750765984854e-01 1.211197392213065456e+02
-1.968127722168147997e+01 4.333792689437157564e-01 -1.254550181622524150e+02
1.855624476996968042e+01 4.668115004501713905e-01 1.174032849200899591e+02
1.952491414950123882e+01 -1.149204682380821962e+00 -1.181075248779782072e+02
-6.112920023695708194e-01 -2.269273306396972956e+01 2.188713976375282311e+00
-7.654693554250092680e-01 2.106122983676367966e+01 9.611499337347202410e-01
7.382986908940275761e+00 1.732592158343490851e+01 -1.158030573025305756e+02
-7.236058408398391428e+00 1.568832895732629851e+01 -1.098689395822400741e+02
7.317296003578128705e+00 -1.748661459229855453e+01 -1.097851826275023228e+02
-5.818309556752246259e+00 -1.646682112040298662e+01 -1.113517635819906957e+02
6.951771801260965278e-01 -6.819930105093946482e-01 -2.216599882767137615e+02
6.925598180922349911e+00 1.593421051208935779e+01 1.119302631532021906e+02
-7.406568244441927185e+00 1.738244946329312057e+01 1.106097034254467246e+02
6.046090540727385054e+00 -1.858258088785909834e+01 1.152584330625095248e+02
-6.475321678994122365e+00 -1.680699118125862412e+01 1.072480604251304186e+02
-3.586662358333124190e-01 -2.979132624527943696e-01 2.294414474031071052e+02
-1.780273066279305283e+01 -1.125772084577953436e+01 7.465000877252661837e+01
-1.592779066974532398e+01 9.538828093413583176e+00 6.821854299518010123e+01
-1.128067327666468422e+01 7.174911581600473376e+00 1.704861084270984009e+02
-1.153107916556663248e+01 -7.497662619684222207e+00 1.810081656534863725e+02
-1.732892505654871584e+01 -1.100257129138326917e+01 -7.286085275871548106e+01
-1.591930895878479646e+01 9.765567384180629418e+00 -6.759410615629253982e+01
-1.027331399481910168e+01 6.452207574954044844e+00 -1.726905251017163323e+02
-1.213672585337530130e+01 -7.058177027090710709e+00 -1.797981443162539961e+02
-1.974133274173139085e+01 5.645809358270427181e-01 -5.181714467887399422e-01
1.607044414400253629e+01 -1.183563886732518533e+01 6.998325219800422303e+01
1.596258176767622849e+01 8.882864757424883351e+00 6.697736743144446336e+01
1.100178462973257076e+01 6.733758355769820625e+00 1.745745490868800402e+02
1.198366212390233976e+01 -6.793364021093007743e+00 1.706866506864810447e+02
1.611355586411010776e+01 -1.109854031701435062e+01 -6.661640512259137381e+01
1.744132812144053446e+01 1.025569673296480033e+01 -7.071342804272953231e+01
1.110207940185752129e+01 6.749498870278436868e+00 -1.714357150346992853e+02
1.066966122831380837e+01 -8.310299466868452001e+00 -1.803116731599271532e+02
1.902043907214530805e+01 -2.927621349220813074e-01 4.292734983390988357e-01
6.616203768678597719e+00 -2.090053208303213594e+01 1.567660755110253934e+00
-5.524000795830811050e+00 -1.952180898488637695e+01 -7.210893209389479530e-01
5.798562623371520175e+00 1.929596678230292994e+01 3.235253027269363035e-01
-6.255554434540806064e+00 1.912038795229171484e+01 -5.148312252260323074e-01
9.691551332354601200e+00 1.967354268752374225e+01 -6.310341327688146151e+01
3.436768753692869272e+00 1.525596994266678053e+01 -1.569893647584889891e+02
1.632530205692078740e+00 2.139812094403665199e+01 -6.415001266013516101e+01
-8.920187106799875920e+00 1.915349141292100299e+01 -5.981829394563706614e+01
-3.632434045395735556e+00 1.458540906851414043e+01 -1.486492452705242044e+02
-1.624793224023738381e+00 2.188535631209898114e+01 -6.458699159615095198e+01
-5.843381859870500072e-02 1.791566348187347302e+01 -1.181960674916675771e+02
8.133147882638176895e+00 -1.803285473840315234e+01 -5.891972309265820940e+01
2.813517716990072692e+00 -1.437228317249730303e+01 -1.478964985643975183e+02
2.056808838441187337e+00 -2.068933003100145740e+01 -6.135170425625629775e+01
-8.361331336141425652e+00 -1.847998949185064532e+01 -6.061671313507927294e+01
-3.213082371155375316e+00 -1.554801232930226362e+01 -1.558106973909232238e+02
-1.260779482264810181e+00 -1.855568053355063896e+01 -5.866231727934977869e+01
-8.233202806810983043e-01 -1.829185744984064144e+01 -1.176371434178333715e+02
1.619314696008586463e+00 6.711297802874982565e+00 -2.040408875158434228e+02
-1.916256058168459564e-01 -7.502324848931196222e+00 -2.313131978884579496e+02
7.776071014780744584e+00 1.740434717866772019e+01 5.786121671007887102e+01
2.416923225279171028e+00 1.413882303715572242e+01 1.495675715250891926e+02
1.112222186754559194e+00 2.109622451289971679e+01 6.304695508294362583e+01
-7.052883308734474888e+00 1.825887353993473283e+01 5.972874913317594547e+01
-2.759217500364907316e+00 1.513156626833366580e+01 1.516395919471219429e+02
-1.136400920650937563e+00 2.115639789157414796e+01 6.538080959964804606e+01
-1.218072929923518677e+00 1.799287584538862106e+01 1.259931950414448636e+02
9.158803064760434154e+00 -1.965768126182975806e+01 6.469044670234792704e+01
3.501260187744604568e+00 -1.467080327639563642e+01 1.495991911857343837e+02
1.951628155423410060e+00 -2.132586362398178892e+01 6.611796581635763914e+01
-8.510848859787774501e+00 -1.810381109717707915e+01 5.816813994457303494e+01
-2.377974761796981085e+00 -1.394434484400613705e+01 1.473485211608951033e+02
-9.706369038809470329e-01 -2.120312955713126257e+01 6.431844354803914143e+01
5.916564745193113595e-01 -1.892308170920902199e+01 1.236680058456977775e+02
3.585652995292009648e-01 7.282444410749021380e+00 2.250251408348825635e+02
-1.849952741352788310e-01 -6.033422493367435635e+00 2.140954992234167094e+02
-1.606959067889495429e+01 -1.450285280563535295e+01 4.071472406004625810e+01
-2.013921876232467412e+01 -6.929390191309164670e+00 1.066139150774842363e+02
-1.210114038524294244e+01 -1.365451533139332341e+01 9.434695684762976953e+01
-1.521194552754990603e+01 1.164488498435122565e+01 3.674229338057293859e+01
-1.895252425112163053e+01 5.722594189848157598e+00 9.553228985578621746e+01
-1.226014541139985070e+01 1.297994733578991777e+01 9.319934842164050792e+01
-6.245479857857579198e+00 1.007686451780498693e+01 1.807497894949768806e+02
-1.394087295058631959e+01 3.765823023444149875e+00 1.460514156018289782e+02
-8.854717972695706152e+00 9.526654933886517185e+00 1.484238856541808218e+02
-7.421730133146220432e+00 3.597064382097836077e+00 2.148047726017010461e+02
-1.210104179738009655e+01 1.161694775266653146e+01 1.284165835532500921e+02
-5.601205604369051017e+00 -9.689503133711081517e+00 1.927462776523429682e+02
-1.531071954926649603e+01 -2.518145941629084561e+00 1.555465672031898521e+02
-9.633639587055579767e+00 -1.231268785094469997e+01 1.478067836871206566e+02
-6.021594921377680265e+00 -3.198668592884876372e+00 2.148233776245333502e+02
-1.487405892066106361e+01 -1.126254698985326108e+01 1.386278753047302814e+02
-1.147275012042215359e+01 1.099112064847180159e+00 1.844453107758334056e+02
-1.588150303660811957e+01 -1.592206091133603962e+01 -3.998647030825789983e+01
-1.767432335793959197e+01 -5.848776482848068170e+00 -9.811076541807933893e+01
-1.401767718480128089e+01 -1.301864495516962705e+01 -9.946486789281652818e+01
-1.826721885562659153e+01 -7.529553249101663681e+00 -2.708712446897273973e-01
-1.313507497031906013e+01 1.381994814880283862e+01 -3.830958375209748112e+01
-1.804937437467221173e+01 5.211274306168625081e+00 -9.650192015383944977e+01
-1.358262586673439642e+01 1.264995611366219919e+01 -9.696398717040617043e+01
-1.853701219022574875e+01 6.611307377825834664e+00 -3.764656536267916853e-01
-6.367368367848490252e+00 9.170902172606572478e+00 -1.820450892506849812e+02
-1.699767200994878991e+01 3.957881905891595054e+00 -1.512555134560774661e+02
-9.553927845385294049e+00 1.195324171972715099e+01 -1.462943742075668467e+02
-6.490719875230722913e+00 3.055124431613865710e+00 -2.043091458951048764e+02
-1.259562929283813304e+01 1.003615356471421016e+01 -1.264372440341606705e+02
-6.279783523216620367e+00 -1.077920170670302724e+01 -1.924362062729501588e+02
-1.658916528259128498e+01 -4.070593145893394826e+00 -1.611277305139762177e+02
-1.005716144489980479e+01 -1.253489616099954240e+01 -1.522005993523950735e+02
-6.448363584518440383e+00 -2.986265913077337242e+00 -2.086922917330529117e+02
-1.277083407665615589e+01 -1.111765654005210990e+01 -1.318509523389243157e+02
-1.251779127797544078e+01 2.903242994743247540e-01 -1.852522497465901665e+02
-2.172494594816461344e+01 -3.400323773589357113e-01 6.248423924481467395e+01
-1.894774992372610711e+01 -2.490051188648731428e-02 -6.271204101011432641e+01
-1.939673347830493100e+01 -7.048242401600563589e+00 3.901698164648877309e+01
-1.880006215181050777e+01 6.285761476153759020e+00 3.647091809228856363e+01
-1.932679452180422430e+01 -4.661535135868088986e+00 -3.586497670419019812e+01
-1.754631580314429584e+01 5.680004590514237783e+00 -3.646731673188311618e+01
1.368949414909791962e+01 -1.336568703426056359e+01 3.787244904890940234e+01
1.814958233525986131e+01 -6.592857708841131092e+00 9.666175250478474368e+01
1.306573353624994382e+01 -1.379866991158931278e+01 9.454256091432911546e+01
1.401549941690713119e+01 1.370285071859045445e+01 3.537403242504126410e+01
1.710562010049346426e+01 4.847063799999336453e+00 9.284196137617449551e+01
1.169796575964733698e+01 1.484630812968799063e+01 9.599483613308716201e+01
4.921600324466043119e+00 1.062026529573746103e+01 1.878088512334454947e+02
1.411227133189375138e+01 4.234997207235297267e+00 1.462070814596774255e+02
1.071308701406904440e+01 1.184692028615741322e+01 1.538367299770398517e+02
6.234862868886333231e+00 3.967688084462403175e+00 2.260658686360337413e+02
1.281671620969946090e+01 1.118807098286787038e+01 1.307374094567786926e+02
6.396596862431046304e+00 -9.722892016860253506e+00 1.807534902054532608e+02
1.540223597587937654e+01 -3.092250556594247524e+00 1.463001930797023249e+02
1.064985562948777975e+01 -1.073897677498132097e+01 1.516194632145243872e+02
6.254748074886545162e+00 -4.039216250110924555e+00 2.100528588007573205e+02
1.318440579056550632e+01 -1.091879082888054775e+01 1.275503803086993031e+02
1.269048468836625609e+01 -1.604629249988798856e+00 1.929990522329029261e+02
1.499287647193106565e+01 -1.321452758860241872e+01 -3.609258013632194206e+01
1.900573366329762592e+01 -4.310693359588500861e+00 -9.534352275701424162e+01
1.230258700318121612e+01 -1.371548314928610246e+01 -9.650788323364362498e+01
1.688218637983803561e+01 -6.680240683125027168e+00 -3.230914021627885324e-01
1.568460457240766459e+01 1.532595876618836783e+01 -3.800241291658464604e+01
1.955664256098438969e+01 5.707009367134317834e+00 -9.584365435930816091e+01
1.407863586999907390e+01 1.587893355549299557e+01 -1.025292409820602018e+02
1.863246908053583439e+01 7.881972966277128734e+00 1.074904691915289229e-01
5.647722581286142685e+00 1.030797159024953125e+01 -1.820907182864804383e+02
1.536513233887546548e+01 4.247967633771187579e+00 -1.459297772482854043e+02
1.139527690296129236e+01 1.180036072667431135e+01 -1.529159358780623279e+02
5.987880643293756577e+00 3.195517215888768359e+00 -2.048887397125010068e+02
1.263747992053922253e+01 1.126458977066510414e+01 -1.302988796538190570e+02
5.932136816138755542e+00 -1.020969297598156977e+01 -1.918233297355193372e+02
1.573031221851400474e+01 -4.115642769663072187e+00 -1.573210654505161301e+02
1.105119503645970802e+01 -1.210836411026324377e+01 -1.472834774465947589e+02
5.568153505428818484e+00 -4.231239828775731127e+00 -2.205926887917935062e+02
1.211104707100684585e+01 -1.088247482290640455e+01 -1.257186271175637131e+02
1.238282403998049119e+01 1.086990334181205942e+00 -1.843417983783279794e+02
2.019890958137612813e+01 5.078371818805367255e-01 6.087595711311833924e+01
1.893132177635601820e+01 -8.207633205047305813e-02 -5.945730603691239224e+01
1.777795580223639504e+01 -6.275001070664742997e+00 3.636856855782300357e+01
1.858273141720470178e+01 6.433299339990832699e+00 3.762980998956729906e+01
1.838031747790448733e+01 -7.043216285006838717e+00 -3.562387190217994259e+01
1.918010437348852903e+01 5.356790923280755123e+00 -3.761633290576756394e+01
8.868939480606721659e+00 -2.012795029423160642e+01 -1.026534353096119512e+00
2.970338096196034616e+00 -2.191669845862387689e+01 -7.498386785062804982e-01
-9.338154844274523469e+00 -1.935940547437414239e+01 7.103827662524534459e-01
-2.402126323780125361e+00 -2.134408316508025649e+01 6.676851651115646158e-01
7.588431429212959323e+00 1.851387296130618765e+01 3.978564048618481452e-01
3.056804928910290098e+00 1.998360048155554836e+01 1.241894760283594135e+00
-7.679602175269338638e+00 1.734593465778372590e+01 -5.298386338027601949e-01
-1.942954037662061761e+00 2.057866503302714278e+01 9.199347522973382318e-01
9.917341594640227243e+00 1.905090804526062342e+01 -3.255745328254688786e+01
7.721774326300691271e+00 1.812940365916700713e+01 -8.705723671164717814e+01
6.855335595142124205e+00 2.100214844036872819e+01 -3.406379356020754301e+01
1.977775530839630980e+00 1.380887317584907947e+01 -1.753453377042687578e+02
5.341090361674942777e+00 1.589990323179829268e+01 -1.369277938550476108e+02
4.062492864351806010e-01 2.243486769156988103e+01 -3.252807080131819362e+01
2.592238793250993378e+00 2.042211636180913459e+01 -8.992679965816273580e+01
4.892810188780170932e+00 2.040589640348173006e+01 -3.283295149277093827e+01
5.737822138514065529e+00 1.930070161796254169e+01 -6.128861224311682321e+01
-8.743117621918312210e+00 1.808814286456452791e+01 -2.925558802414986914e+01
-7.149332048792012451e+00 1.822071033153060426e+01 -8.879203035345253170e+01
-5.682584144965334261e+00 1.942196683952089842e+01 -3.077762145519272963e+01
-1.283139489374264919e+00 1.280057224417805450e+01 -1.604540931436316384e+02
-4.924592215784263871e+00 1.590786958908286941e+01 -1.290509772687518932e+02
-1.210783836879676834e+00 1.404583106382447610e+01 -1.513227049969895290e+02
-1.405934723649628348e-01 2.249429895941676349e+01 -3.397508518625478047e+01
-2.579820726565833500e+00 2.004920392838326038e+01 -9.029534774879026315e+01
-3.326289043236712484e+00 2.123076703076169025e+01 -3.205329616246368829e+01
3.026237556509586146e-01 2.232631707774114105e+01 -6.841745764535410501e+01
-4.391186008558712217e+00 1.972499737075697368e+01 -6.145740775902760333e+01
2.939990586555242036e+00 1.844222228423952359e+01 -1.172267494901789036e+02
-3.961793152125374196e+00 1.790387380487027258e+01 -1.160718878219226866e+02
1.498346364402553532e-01 1.592935460150285287e+01 -1.329172844163548461e+02
4.884417289822825525e-01 2.058312403941443947e+01 -9.962289811689525720e+01
-1.325785648217983059e+00 1.642044879970994486e+01 -1.336061957571109815e+02
-6.641775787756006855e-01 2.077833424261482165e+01 -9.766254368742249881e+01
9.217489230193448790e+00 -1.785278016264465606e+01 -2.969029692763029615e+01
6.919183194828098848e+00 -1.915868184295816690e+01 -8.833287314607422047e+01
6.617420389148107596e+00 -2.009318704382001641e+01 -3.002473636021638370e+01
1.715087152085164268e+00 -1.374128571626665973e+01 -1.609798909104390532e+02
5.475459942224037313e+00 -1.623341482574653938e+01 -1.289606806744090761e+02
-7.159663951517045710e-01 -2.042656307844205799e+01 -3.123836339938511131e+01
2.063612827675796346e+00 -2.003350999397682841e+01 -8.974436866474560759e+01
3.436253570256758927e+00 -1.981917692840772105e+01 -3.252266602932973427e+01
4.121819753783051432e+00 -1.928191131927735569e+01 -6.260544328073109455e+01
-9.828805754376357839e+00 -1.844911336394401147e+01 -3.149867975611807580e+01
-5.897392286375761294e+00 -1.891493092888569194e+01 -8.784979402164239559e+01
-6.194053656063197799e+00 -1.957865187558154574e+01 -2.991365157947371500e+01
-1.504089701387014699e+00 -1.331442146558076267e+01 -1.735610385387922179e+02
-6.432816062928243817e+00 -1.612678150345628936e+01 -1.375356821834912466e+02
-4.879639742285953041e-03 -1.541268375440950145e+01 -1.511356837125020718e+02
-3.097104560459251754e-01 -1.965725192172885372e+01 -3.038723215552927215e+01
-1.296626207457086011e+00 -1.814534681683468165e+01 -8.591610566015678785e+01
-2.857309858775773481e+00 -1.948311986051474776e+01 -2.983147851592539013e+01
2.618395585102988865e-01 -1.939647990992661875e+01 -5.973011570475928522e+01
-4.615819335836345516e+00 -1.965666855224977638e+01 -5.858565408646110484e+01
3.340969791537733879e+00 -1.629116632473478177e+01 -1.158336243232899818e+02
-2.941421817295180929e+00 -1.743605219595320932e+01 -1.162304258153369858e+02
2.074519994917435994e+00 -1.763064670564197556e+01 -1.333372500920663981e+02
9.862078308541045724e-01 -2.036188925034036856e+01 -9.140510688022096986e+01
-1.640193446713857695e+00 -1.474585150313067672e+01 -1.322228451898280639e+02
-9.002630982913979452e-01 -1.980825211703387012e+01 -9.092342564476250288e+01
-2.430641443319893069e-01 9.689521343298457268e+00 -1.882699905324404881e+02
3.452638332601206117e-01 3.400474728900236165e+00 -2.146741920128332026e+02
1.398778432819049788e+00 -1.032718978644261831e+01 -2.151172566505851762e+02
-1.031940970524785617e-01 -3.477747489755025345e+00 -2.452317768135935978e+02
9.374902031172513972e+00 1.643067636544509824e+01 3.011398991690671423e+01
6.064115365339630692e+00 1.799503037507810888e+01 8.476460820034367316e+01
7.289306579986162937e+00 1.962229406343650950e+01 3.061215841122325187e+01
1.444507838274855960e+00 1.279594274507472207e+01 1.684619752552312946e+02
4.884837456219782048e+00 1.602668964818703046e+01 1.312928649362659712e+02
-1.014853726194421407e-01 2.115484532307224441e+01 3.357557723506831593e+01
3.191439177983871556e+00 1.944747290187589783e+01 9.325374954289402751e+01
4.936096372604706239e+00 2.030292672012347666e+01 3.018147539481945074e+01
4.742333794740744679e+00 1.842178404459126284e+01 6.015692297980938008e+01
-1.038103665309808221e+01 1.737728797532469116e+01 2.973615895270259557e+01
-7.160772462848035147e+00 1.774075332953255213e+01 8.622281780654222416e+01
-7.141280312290193777e+00 1.889012938358402849e+01 3.045485985066270018e+01
-2.522988094352484723e+00 1.286188745024062641e+01 1.638881676648503571e+02
-4.461039888168940593e+00 1.557501657285278718e+01 1.292288064534315026e+02
6.207748044759784367e-01 1.736762893899740234e+01 1.609898874487794842e+02
2.450106639813775800e-01 2.185967962731844239e+01 3.459120351293258011e+01
-2.731495523921482871e+00 2.010088811896519090e+01 9.347189266226425275e+01
-5.554921417332178812e+00 2.056786507665518826e+01 3.242209089578046388e+01
-4.212405254716820591e-01 2.196188332514192965e+01 6.775556715947855935e+01
-4.164221937038912635e+00 2.017762858950499805e+01 6.264649713457851021e+01
3.021903363645938256e+00 1.858322878507296139e+01 1.213551889273864646e+02
-3.210159012367007403e+00 1.761083657035334937e+01 1.229169208831523719e+02
9.848737387471505622e-01 1.851203079207596147e+01 1.405537068270797079e+02
1.751040214449362864e+00 2.092191408570442235e+01 1.008542779566045908e+02
-1.470798054786142117e+00 1.655551804117635228e+01 1.413412474334211595e+02
-6.041890636077068555e-01 1.984161646818886027e+01 9.774528885534560629e+01
1.026846007899111690e+01 -1.920584030208629045e+01 3.440455373378242854e+01
7.686318139898103752e+00 -1.947087941127361077e+01 9.195618968823588091e+01
8.237490020802374247e+00 -2.135945198465105932e+01 3.388918019664223635e+01
5.828021801819269765e-01 -1.267267220224593771e+01 1.627324959917478964e+02
6.327688549738192059e+00 -1.522874707973731567e+01 1.290189242508031953e+02
2.199315477849041189e-02 -2.309036960453321186e+01 3.364601747563779810e+01
3.615562125109670788e+00 -2.041898464760076237e+01 9.493790655540446721e+01
4.633832771275370632e+00 -2.248682037293756864e+01 3.304432944906736225e+01
7.470824511681673386e+00 -2.127328730898145892e+01 6.732067488995669180e+01
-1.044444454511649667e+01 -1.815711514754172029e+01 2.926335145840760532e+01
-6.449777429332604228e+00 -1.756572141368016560e+01 7.983499064745603846e+01
-7.447685743285816784e+00 -2.051395449183203823e+01 3.198474127737630468e+01
-1.317427565627812047e+00 -1.413175937144351835e+01 1.644555943476056825e+02
-4.749549979386535448e+00 -1.603444111255945970e+01 1.252739108807465271e+02
-5.977685945576826504e-02 -1.501254402917995989e+01 1.571271931941401476e+02
1.945270301539153424e-01 -2.235260378479750543e+01 3.561734218630981985e+01
-1.928165462076000258e+00 -2.101372683184877843e+01 9.179207132502659761e+01
-3.762134871070409226e+00 -2.179870153674239930e+01 3.251086727171083623e+01
-4.057786882485007740e-01 -2.218325713368349383e+01 6.749434116371250525e+01
-6.681189393616236316e+00 -1.819694410284929376e+01 5.951311263546511299e+01
3.539446017033909708e+00 -1.887657652796792007e+01 1.203896466816772772e+02
-2.065428453691659172e+00 -1.717685305794853079e+01 1.184893151902631132e+02
2.793677955256945733e+00 -1.682213347212747223e+01 1.383089989031118989e+02
3.001667459423970619e-01 -2.078845613932359981e+01 9.914020427641973754e+01
-1.973160800967056483e+00 -1.615671317010728458e+01 1.362157367665762706e+02
-6.310786482068183600e-01 -2.126027368798430572e+01 1.011637072661905563e+02
-9.959541093016671676e-02 8.984883933266132772e+00 2.115499163890127079e+02
-1.736113197267742103e-01 3.802660223567956521e+00 2.279650146089963414e+02
-3.857357581611411401e-01 -9.825412750506215431e+00 2.027581328940043477e+02
-1.675838428697017102e-01 -3.521707967544525975e+00 2.240326213082587685e+02
-1.330974836568929653e+01 -1.595257165945583289e+01 1.990947695374374860e+01
-1.684044942102950415e+01 -1.436046674880918772e+01 6.038801727405924424e+01
-1.259155172498829600e+01 -1.799809404172721017e+01 5.180089691302893584e+01
-2.062547612429717603e+01 -2.871253509377168278e+00 1.158195605057195792e+02
-1.889849687471319228e+01 -8.403739133788434401e+00 9.233681207074454278e+01
-9.530804508993103497e+00 -1.510729498527791570e+01 9.906315496224279116e+01
-1.598617949821178996e+01 -1.336667810916692822e+01 8.617621617501438891e+01
-1.202868435224283949e+01 -1.644341030975710893e+01 8.130820633209934556e+01
-1.506146705319417656e+01 -1.703591150769375417e+01 7.414686113925516509e+01
-1.182793706612339868e+01 1.472961506387252051e+01 1.867656445803370602e+01
-1.470133123852003187e+01 1.016235863120043348e+01 5.241321374928222809e+01
-1.197433445698826482e+01 1.513188384017453458e+01 4.744782556229876747e+01
-1.828652489595758368e+01 3.853748120393483134e+00 1.026071375936482468e+02
-1.769447350532553642e+01 7.459774341134147946e+00 8.459375384588180680e+01
-1.012764900638969756e+01 1.649123130189118314e+01 1.049235142544514900e+02
-1.390751739294570655e+01 1.142525577603490561e+01 8.097697696483315610e+01
-9.924222001919691394e+00 1.634859125072037500e+01 7.551050611366154897e+01
-1.317423468352580862e+01 1.412395020319737782e+01 6.435520627318720699e+01
-2.855855847297098737e+00 9.933680781632331147e+00 1.812656713205472840e+02
-7.039340445103584365e+00 8.643542031731866970e+00 1.737994821330357524e+02
-4.555874417651004649e+00 1.301743954978407025e+01 1.697766036757560357e+02
-3.454916558171436947e+00 8.420622070876145671e+00 2.089672988329515988e+02
-1.720683710108440678e+01 1.810118845052974379e+00 1.304088561786378762e+02
-1.317566136204820104e+01 5.050014489841643694e+00 1.612940448001155005e+02
-1.788883759059704914e+01 5.160855618145094859e+00 1.210791570656990217e+02
-1.035380171429288154e+01 1.190850596254331251e+01 1.286676885685355671e+02
-1.155036251227167021e+01 9.664873672068615917e+00 1.654573868175848190e+02
-6.633050524745016219e+00 1.249835874800023738e+01 1.493661459200654917e+02
-1.001101588895566508e+01 1.201936697223178818e+01 1.226019055314688018e+02
-7.242199592891730653e+00 1.241491476089838564e+01 1.714804938034664019e+02
-3.563769442005806365e+00 1.917184913793753331e+00 2.360177882497548296e+02
-8.647046731151043275e+00 5.719998390002715816e+00 1.900747071285929621e+02
-2.527704046533249649e+00 4.971619176002747942e+00 2.307466392072350629e+02
-4.974486697390799961e+00 6.474234217872331776e+00 1.975262063346537502e+02
-1.355153423467422336e+01 1.261721866685247662e+01 1.014066302079618112e+02
-1.307386058030093778e+01 9.525926754205038094e+00 1.557944279253456443e+02
-1.620911262864605007e+01 7.687468092782481222e+00 1.162665885285621385e+02
-1.346552993815710053e+01 1.207587951409208493e+01 1.077420091370963746e+02
-1.440831705391526540e+01 7.606323262457871159e+00 1.407763953562104859e+02
-1.089198611394860450e+01 1.175482326757395946e+01 1.350234130239286117e+02
-3.512193786513670979e+00 -1.196189949692611521e+01 1.932325056679121928e+02
-9.682493226817753040e+00 -8.971317920749401154e+00 1.929348107908533621e+02
-5.070073169162577997e+00 -1.094755692624168475e+01 1.670313985762939524e+02
-3.072437717461466544e+00 -8.807910155901970128e+00 2.070648192325482455e+02
-1.719217105349330410e+01 -2.608181959913779213e+00 1.381837962507690634e+02
-1.508293202380751730e+01 -6.000210028926734829e+00 1.743693347254011883e+02
-1.858531367654638089e+01 -7.276282362608712084e+00 1.357574452668318941e+02
-1.432380770361000266e+01 -9.794688039684508185e-01 1.499708135478277882e+02
-9.509188815181422783e+00 -1.364177841780435863e+01 1.294653018350626041e+02
-1.060660754929593530e+01 -8.949562909333721450e+00 1.631482370283272303e+02
-6.740705415563771119e+00 -1.384266877991659683e+01 1.483881832080811876e+02
-1.200051554180241276e+01 -1.221860273667098085e+01 1.210208037710089144e+02
-6.399470926092122980e+00 -1.078172933387042143e+01 1.653165457896653834e+02
-3.424060462288816442e+00 -1.725933648540266541e+00 2.276060992942938697e+02
-9.443120411615577581e+00 -5.289753555953002007e+00 2.071671568605520406e+02
-2.375782688612301463e+00 -5.546746560774449719e+00 2.197555553734723333e+02
-5.063481453302987489e+00 -6.155957438120517045e-02 2.140257398046756236e+02
-6.489291794411482073e+00 -6.690672995818808033e+00 2.072482788996283318e+02
-1.456915051767084890e+01 -1.232251838842458191e+01 1.106803736982110991e+02
-1.227559250968769433e+01 -8.445523375719140802e+00 1.624135649752073505e+02
-1.661127422179181323e+01 -9.673465824152998493e+00 1.222122821240051280e+02
-1.340345374333132789e+01 -1.320379122024137430e+01 1.118583493985860571e+02
-1.658347496437308166e+01 -7.548710420544026078e+00 1.566508816736747178e+02
-1.059238410081955095e+01 -1.059139344384810144e+01 1.412806103508766000e+02
-1.124203377157363981e+01 3.425605173251202729e+00 1.865199781811832054e+02
-1.112392281241166359e+01 -3.903512522990779665e+00 1.783442047951632503e+02
-1.329450502068252860e+01 1.062273760891116359e+00 1.654559325379338759e+02
-8.916928760673870968e+00 1.466434042371480340e+00 2.033246575312062987e+02
-1.365873165327669980e+01 -2.371995466693621157e+00 1.663195802146195206e+02
-9.156111133259427604e+00 -2.004525945512499963e+00 1.930366773722433607e+02
-1.390992536732277607e+01 -1.770763615014393011e+01 -1.947846344116469552e+01
-1.828769796892150978e+01 -1.257891102666426875e+01 -6.129696032295758812e+01
-1.377822927335322056e+01 -1.749444841844518095e+01 -5.480405072461518756e+01
-1.492828585614029890e+01 -1.447455183932010847e+01 -6.738021862150822550e-01
-1.997003151342174831e+01 -2.490148633176866078e+00 -1.106508839563838222e+02
-1.893940845626025649e+01 -9.448276058147097700e+00 -8.559242057922170943e+01
-9.450967635077045514e+00 -1.539428933624475704e+01 -1.074369312688709215e+02
-1.597755965841600734e+01 -1.389583860395240045e+01 -8.740154714408295433e+01
-1.240620313847924017e+01 -1.773274508924255244e+01 -8.544937369833027674e+01
-1.584758146742165508e+01 -1.613128263462446199e+01 -7.565557347907220276e+01
-1.890845735002826800e+01 -7.479960074417862259e+00 3.802952041230813762e+01
-1.949561571440613150e+01 -9.015369998001666829e+00 -3.810665391807341251e+01
-1.737213073608580416e+01 -1.117410221990487251e+01 1.922096701805499563e+01
-1.679669812912977278e+01 -1.125359751246407036e+01 -2.070271954772801593e+01
-1.344042036567325304e+01 1.610913785614622995e+01 -1.950227054338320087e+01
-1.517984359246155535e+01 1.194321767709288906e+01 -5.363989412244701072e+01
-1.117651915923582884e+01 1.663379435186348232e+01 -5.054769032728204081e+01
-1.413165347829068708e+01 1.313525366940613281e+01 -1.390412394871513246e+00
-1.920453446099533679e+01 3.170733201545796742e+00 -1.035880147357035810e+02
-1.694308063391390817e+01 6.723052684181464400e+00 -8.469107754741018823e+01
-1.030155299263296342e+01 1.547721771587585060e+01 -1.064694171829605693e+02
-1.579449671253492227e+01 1.159905203320123945e+01 -8.339171724379582429e+01
-1.077134870285300927e+01 1.770636661220373043e+01 -8.250891399278525284e+01
-1.436400485317991205e+01 1.574454668579590155e+01 -6.982904667758892003e+01
-1.684525990085688818e+01 9.054416580113098689e+00 3.560957788189903539e+01
-1.668219390449546680e+01 8.217110900284785302e+00 -3.475727770780004988e+01
-1.562594020773482839e+01 1.079814120834554991e+01 1.741022552909996790e+01
-1.695613826489553233e+01 1.189721459488005451e+01 -1.830860142373183308e+01
-3.957756797981077490e+00 1.050460852236676423e+01 -1.797907556400917315e+02
-8.453310911480542700e+00 8.117511407783723598e+00 -1.790377054656373446e+02
-4.158897750359544787e+00 1.142708911511339309e+01 -1.634676031319865217e+02
-2.665780539268522098e+00 7.188633418191200164e+00 -2.010423343558826730e+02
-1.692610697103698314e+01 1.618890896464850293e+00 -1.342761509361192793e+02
-1.378937441315895285e+01 5.535986664976971561e+00 -1.613982727857563759e+02
-1.564269351209974701e+01 5.037907692366839107e+00 -1.262523853907078575e+02
-9.707054995329585267e+00 1.285039373786852757e+01 -1.279306302602209655e+02
-1.140446607346354746e+01 7.146207106351648797e+00 -1.633223471215802078e+02
-6.879661317259870401e+00 1.296913167268380462e+01 -1.491194762985461182e+02
-9.696071386133699122e+00 1.206728426590887615e+01 -1.207289860281562142e+02
-7.659575834845957054e+00 1.067929146355045233e+01 -1.632544043734193053e+02
-3.051907203852493478e+00 2.148176508630939452e+00 -2.121717763584142347e+02
-9.138173471160587980e+00 3.598673696921125043e+00 -1.961642924708691282e+02
-3.269278306674642476e+00 5.260943386809842970e+00 -2.168029143835329933e+02
-6.023962856205949734e+00 8.036111125981046044e+00 -2.058992271953306954e+02
-1.389050206552765765e+01 1.129448059109017066e+01 -9.942877677535278735e+01
-1.093344127133604005e+01 8.381871300442220729e+00 -1.507350220785983765e+02
-1.533094724408430487e+01 9.401556692190821352e+00 -1.148852481676330086e+02
-1.156944332570490452e+01 1.198732718398770380e+01 -1.086513269661720216e+02
-1.370146322760439084e+01 7.189665410783332433e+00 -1.428199606813487890e+02
-1.042643939693095056e+01 1.239630258322362977e+01 -1.366242414527062010e+02
-3.478036972220901468e+00 -1.097387408490396865e+01 -1.948889922892402637e+02
-9.270962950390700286e+00 -9.061027760686222621e+00 -1.907585498361307543e+02
-5.461244577769041264e+00 -1.364857016299363224e+01 -1.817423542730019790e+02
-4.158673264853669949e+00 -8.555863894951770021e+00 -2.081710033692850175e+02
-1.722666057221141500e+01 -2.716606503086636870e+00 -1.416970451066078454e+02
-1.337978425993684795e+01 -5.166910462199147069e+00 -1.743903292312477333e+02
-1.798754776187696791e+01 -5.618287053139750853e+00 -1.287300387281219969e+02
-1.663797254020480665e+01 3.601858522989553890e-01 -1.614408852103571235e+02
-1.027921432943936964e+01 -1.445397161814550913e+01 -1.397347078647786134e+02
-1.021286370926731202e+01 -8.196462164313455645e+00 -1.626491615013932517e+02
-7.987409627698979442e+00 -1.575140005850374259e+01 -1.661759234269728722e+02
-1.212295397417233467e+01 -1.311740566428382060e+01 -1.219963433762169984e+02
-7.617682399581465091e+00 -1.422640850177758942e+01 -1.779414545059522652e+02
-3.682253025241690736e+00 -2.206987492945335472e+00 -2.245776101636668898e+02
-9.567688786608472995e+00 -4.661230482710345235e+00 -2.016763246422811733e+02
-2.827603528600140859e+00 -4.521135096084532456e+00 -2.174899255669469653e+02
-5.932195613629010822e+00 -1.043170743711696602e+00 -1.957397801274011329e+02
-5.178006559389926267e+00 -6.987858901213761520e+00 -2.053483108636620784e+02
-1.521021355482751858e+01 -1.351959406292227683e+01 -1.020592789926377435e+02
-1.219925946269619921e+01 -9.199616767675342643e+00 -1.580922427541289039e+02
-1.658206177408363757e+01 -9.044996578718629721e+00 -1.190951647128349293e+02
-1.223901280191611463e+01 -1.312220813908466077e+01 -1.121926578854514531e+02
-1.414357124919621711e+01 -6.869565348184707432e+00 -1.441275447850590865e+02
-1.176526143424048243e+01 -1.097821801046237233e+01 -1.383183960349174697e+02
-1.124525180169938032e+01 3.354364921168222491e+00 -1.772422914847800257e+02
-1.024019019738343772e+01 -4.870571814508319441e+00 -1.920179471676300125e+02
-1.485178430120278392e+01 3.103530054175589026e+00 -1.746292586421940598e+02
-9.539750550711717736e+00 1.032314950192192438e+00 -1.872708677691813364e+02
-1.533901709805359204e+01 -1.045949264701561576e+00 -1.877509476069974710e+02
-7.735272647578922189e+00 -1.356868216565568552e+00 -1.855834536808971791e+02
-2.005906369708958081e+01 1.289241786348880536e+00 8.910094614856716078e+01
-1.899143713417751655e+01 3.785324827060237429e-01 3.165876081888134053e+01
-2.220614371170746537e+01 -3.277393649388507413e+00 8.659379350776890760e+01
-1.973141722371511975e+01 4.442543609433847962e+00 8.172989552306967198e+01
-2.001305356191623019e+01 7.683692181612820082e-01 -9.077546726609185157e+01
-2.034001136328530990e+01 -1.212283818701153981e+00 -3.220374983672886771e+01
-1.925971828340334113e+01 -4.328586214117513542e+00 -8.453171920952686946e+01
-1.896194256317780713e+01 2.990825107234251323e+00 -7.839719711132819668e+01
-1.801798695963734787e+01 -9.579889165247550409e+00 5.650149993564469497e+01
-1.817438250106659225e+01 -4.500078871614169529e+00 1.908785669548535679e+01
-2.124671457517206363e+01 -5.944486250195751609e+00 7.682884960779043126e+01
-1.738160663580396914e+01 -6.195424740348314252e+00 1.896476996851102115e+01
-2.102157216499937320e+01 -3.900182916144443013e+00 5.291400099626998355e+01
-1.687435000324879297e+01 8.264947851593483108e+00 5.237455364912907640e+01
-1.766779650808907220e+01 1.944759596645374788e+00 1.815753739827112057e+01
-2.070002683079145456e+01 4.703308884014832714e+00 6.924008794796228017e+01
-1.651230130421863862e+01 7.493552877291396186e+00 1.889980658386119217e+01
-1.986435354635244721e+01 2.746535764309775640e+00 5.149422049849572147e+01
-1.764127807658357128e+01 -9.865425503619199787e+00 -5.342744811551987993e+01
-1.846970542626612755e+01 -4.685657894560001147e+00 -1.847708067094116302e+01
-1.931699442218516793e+01 -4.637674603118898453e+00 -6.865237084229015352e+01
-1.772987113636334300e+01 -6.060903734590718628e+00 -1.777935054201673992e+01
-2.041660288313480009e+01 -3.381858589984817254e+00 -5.135344520141995872e+01
-1.833136345847643511e+01 -5.954702557711040178e+00 -1.062009433993863050e+00
-1.772900449373225484e+01 9.029448108892493607e+00 -5.369896098868448320e+01
-1.869136485976399698e+01 3.494709015306090016e+00 -1.875892171037024525e+01
-1.824321010204123894e+01 5.722933823570216738e+00 -6.966016695048404017e+01
-1.704258220503728793e+01 5.110513061685368896e+00 -1.812941354840550900e+01
-1.863792900243808504e+01 3.262646410040753508e+00 -4.883573703246239717e+01
-1.652972287774335669e+01 4.131996248842724206e+00 -7.506077815088054717e-01
1.349120775030458397e+01 -1.561222584286680615e+01 1.920569666840341938e+01
1.556646740007622221e+01 -1.243033667111270901e+01 5.338350312801071595e+01
1.157834400320239254e+01 -1.687661988538008018e+01 5.045159945958804570e+01
1.841323257849403561e+01 -2.063153572281207104e+00 1.021868207541021008e+02
1.701005595354147459e+01 -7.062265199987129094e+00 8.422840894361920050e+01
9.211946607554677868e+00 -1.680627917672953586e+01 1.050868023333734129e+02
1.424698415454628453e+01 -1.213450119462194721e+01 8.245225372134548536e+01
1.082065912536102203e+01 -1.606015645152418614e+01 7.789881644140274375e+01
1.313111179993331312e+01 -1.551715027062521735e+01 6.776431445796862363e+01
1.269839532348790989e+01 1.470333192190177485e+01 1.814300771054458039e+01
1.477968141777869704e+01 1.230434757952232339e+01 5.111465866435175798e+01
1.178638632439882272e+01 1.544240442727740081e+01 4.681854725871780687e+01
1.836744654025956081e+01 2.348302702968466438e+00 1.027917367818239143e+02
1.604989992605933224e+01 9.197987900053130161e+00 8.032518847086491576e+01
9.620404139996884041e+00 1.488029484149524428e+01 1.031219284920086352e+02
1.488724674429142603e+01 1.269064232884814025e+01 8.327243006188626850e+01
1.074341503235941886e+01 1.599352591820926861e+01 7.631237257492558967e+01
1.234425899815302685e+01 1.447704259261856308e+01 6.633154940910935693e+01
2.407357993459696921e+00 1.046774971591321979e+01 1.860455415228616403e+02
8.509841091754335451e+00 9.632787069698062865e+00 1.846008621827858178e+02
4.905091456339358835e+00 1.253767100526342659e+01 1.683812921825707463e+02
1.522349007076375882e+00 9.423358812733367174e+00 2.176927033144151551e+02
1.549219465527024475e+01 3.130079111435724037e-01 1.289603436451276366e+02
1.334990246267596881e+01 5.855570994733614754e+00 1.656357502551355765e+02
1.479344826243710109e+01 5.573955229537002509e+00 1.217522580060846451e+02
1.153578832163954893e+01 1.523586489781913400e+01 1.385805837841220693e+02
1.040578752189718870e+01 1.000951416504392633e+01 1.667691841893517051e+02
6.014447313900284975e+00 1.303275900247589725e+01 1.517609788833148343e+02
1.114623769201602954e+01 1.431065155738637173e+01 1.273554268063298167e+02
7.387607311634304175e+00 1.135228359438576007e+01 1.675037165280770637e+02
3.874530643989970713e+00 5.211105867018833715e-01 2.330373390923953139e+02
9.424366518336187326e+00 5.276846862417591488e+00 2.055317908402565479e+02
2.874983960599950983e+00 5.944088665735606014e+00 2.204993491630803248e+02
5.513089336980014465e+00 8.415753448730837860e+00 2.175571433982524923e+02
1.360762944250369344e+01 1.226358231963184409e+01 1.011715897287974997e+02
1.262232862817160317e+01 9.290023016110621867e+00 1.555965867840452859e+02
1.624219248215456446e+01 8.868863628298768731e+00 1.102173856680844182e+02
1.242132830868313143e+01 1.264749890913413033e+01 1.137544489684724169e+02
1.463348894394476929e+01 7.721906038983619602e+00 1.434173153788107982e+02
1.016561472759724261e+01 1.139484703994658510e+01 1.393720262471513536e+02
3.372786410398610268e+00 -1.037339898586526843e+01 1.785508092728024963e+02
7.789273759084181847e+00 -9.347057804482163945e+00 1.736708983877941250e+02
4.422104573654133119e+00 -1.236528563684308146e+01 1.707238830116939710e+02
3.082960014380889291e+00 -7.373781609450930752e+00 2.049685530369297339e+02
1.563300281219231280e+01 -2.216564088314902037e+00 1.298781161639296897e+02
1.328651419479446893e+01 -5.633365880445152740e+00 1.591337100955322228e+02
1.775113139359485714e+01 -6.071189088731699712e+00 1.203825148052739706e+02
1.586246305246286958e+01 -4.272417619414685119e-01 1.486603735681701153e+02
1.023291540708221881e+01 -1.385579370076615824e+01 1.328419603196825562e+02
1.191738315781354629e+01 -9.474651411954702951e+00 1.652689011150585543e+02
6.903163626591641844e+00 -1.379309688860767658e+01 1.526728786545650109e+02
1.076826149288155321e+01 -1.410576861337609067e+01 1.229568373862081785e+02
8.246704538499992410e+00 -1.119293809346246071e+01 1.732250813616956862e+02
3.103836143892622967e+00 -1.412264203301144105e+00 2.210266137102121320e+02
7.358048868783113150e+00 -4.657739705624500459e+00 1.913846097029097848e+02
2.467688711663688306e+00 -5.476614407203947543e+00 2.172191757096422862e+02
7.877463850246029686e+00 1.853204896658727341e+00 2.310954612415665679e+02
6.577119885048074543e+00 -7.636748964147299645e+00 1.980910398124071037e+02
1.399161817839475574e+01 -1.199410352927173840e+01 1.022173654487384624e+02
1.298505619205510619e+01 -1.005544137754616862e+01 1.549712873659991317e+02
1.664143005448203994e+01 -8.307754171470500992e+00 1.162103369599403919e+02
1.284764367340510027e+01 -1.166300019185806747e+01 1.075982599012614429e+02
1.436660504668248350e+01 -7.275009933200715651e+00 1.402865009969181926e+02
1.149399173726364687e+01 -1.033257768654423003e+01 1.356755781193157020e+02
1.282400800067319224e+01 4.824405212511721608e+00 1.900856683694284754e+02
1.194924696587721158e+01 -3.130355538766518286e+00 1.870425419877916795e+02
1.410572474308094115e+01 5.919654548838144681e-01 1.667667056880624159e+02
1.027273505861667680e+01 8.853069842015238722e-01 2.228381615056689782e+02
1.397182256671950817e+01 -1.257964440405007878e+00 1.648324310564761674e+02
9.798149042661966845e+00 -2.105560599844262804e+00 2.149900024011662936e+02
1.229901164918440060e+01 -1.444221714555498259e+01 -1.901201400319074253e+01
1.601997867394252850e+01 -1.215730502584805883e+01 -5.417842616913883802e+01
1.164380984120309392e+01 -1.616895959722399212e+01 -5.104764289509098063e+01
1.413882708550525891e+01 -1.326732939521376231e+01 8.264099632333285483e-02
1.830717920425448142e+01 -4.311953552565007897e+00 -1.031981586556273243e+02
1.678803837696395007e+01 -8.627796605705590594e+00 -8.436379357565259340e+01
1.036042326921845991e+01 -1.465522974182066207e+01 -1.059951533815563778e+02
1.621409337489970781e+01 -1.346796840875722623e+01 -8.273473137685940060e+01
1.105840477448234083e+01 -1.575699277377538721e+01 -8.232900746059695507e+01
1.273544693216182111e+01 -1.576888394714892350e+01 -7.032625104243936676e+01
1.695514175983556271e+01 -7.175114283050638697e+00 3.407899596977437540e+01
1.812240428249684854e+01 -8.228315987586650948e+00 -3.430895399847399574e+01
1.506712132694393880e+01 -1.158287558121448235e+01 1.850748634679234428e+01
1.471243070460124791e+01 -1.108040166731516862e+01 -1.889134299382539339e+01
1.271968225188072488e+01 1.542750207980450838e+01 -1.973879038681220166e+01
1.848232089076122620e+01 1.280662379104541948e+01 -5.892994535733719630e+01
1.306756830909246325e+01 1.838427636968219048e+01 -5.478178147955656385e+01
1.557028211906000159e+01 1.175338415745835974e+01 -6.923717777858652278e-01
1.828757432971934804e+01 2.868799172248302831e+00 -1.055971187738497150e+02
1.638676773665417841e+01 8.920351506169522438e+00 -8.471614125568632403e+01
1.178751243012375660e+01 1.557007045358418473e+01 -1.117945945273749970e+02
1.740393790754392711e+01 1.304787695672227876e+01 -8.976945923775870995e+01
1.174672223822968142e+01 1.937042981283940790e+01 -8.802336644455432690e+01
1.581247616135629031e+01 1.628979000965048485e+01 -7.716750954376072968e+01
1.800562694086394799e+01 8.260399974487386388e+00 3.523886934859914533e+01
1.862274972601914413e+01 8.838149966942227209e+00 -3.710151381385148284e+01
1.476238533765569727e+01 1.010662508999450182e+01 1.918308274120510504e+01
1.662757081276420124e+01 1.148659923516557591e+01 -1.871708378592206401e+01
2.809127029975116319e+00 1.046276433978966836e+01 -1.852404008318552258e+02
7.912744796336095732e+00 9.094121715806334549e+00 -1.772019798671466333e+02
5.330853875592754143e+00 1.201711582747185503e+01 -1.759859069461824106e+02
3.001847278313827250e+00 8.063502308477263014e+00 -1.918138915115857799e+02
1.740741116360869256e+01 2.492535168097767428e+00 -1.304607900103823681e+02
1.140653223843815667e+01 5.974935664272205571e+00 -1.579326779655498854e+02
1.591058452230764431e+01 6.244984557338328024e+00 -1.242485947641710453e+02
1.047560684992815006e+01 1.452322712077311628e+01 -1.404829949906942943e+02
1.219378254341424572e+01 9.642378587726962991e+00 -1.708085713809162769e+02
7.766347013260507914e+00 1.471850349903636257e+01 -1.616374756804991932e+02
1.100312974369220065e+01 1.468495770996043959e+01 -1.262856296958967448e+02
8.743023032283405271e+00 1.256710437813800318e+01 -1.718541416919161691e+02
1.512624596730075766e+00 2.400573652623854581e+00 -2.127210074822266108e+02
8.454747768199386115e+00 5.129046741276041210e+00 -1.926462964489790579e+02
2.250391931094416265e+00 5.669917788671289038e+00 -2.034228408143297884e+02
5.264130034128888802e+00 6.139789465378168387e+00 -1.891521395078757450e+02
1.529317761270543485e+01 1.195880553335951646e+01 -1.047244920708403555e+02
1.135577929101952321e+01 9.946882620006739728e+00 -1.567541214692805909e+02
1.519126234293611510e+01 8.540142690588785612e+00 -1.126317319335232838e+02
1.244558841591229026e+01 1.211805098869404418e+01 -1.148869285174216515e+02
1.483543984136482585e+01 8.250321172150767879e+00 -1.395237405445303125e+02
1.233219761718679308e+01 1.191334645482330501e+01 -1.450872434264156823e+02
2.216644930463739893e+00 -1.154457367401129630e+01 -1.860339187232450513e+02
8.410699356586800235e+00 -9.402343853650648953e+00 -1.856308874587772664e+02
5.072870878597901090e+00 -1.144370555605889450e+01 -1.650044366265986469e+02
4.560472551020937182e+00 -8.928324495585831855e+00 -2.230236360430121749e+02
1.811200362191375035e+01 -1.394292407930790345e+00 -1.377447584711224238e+02
1.460245887001634557e+01 -6.675728044005101225e+00 -1.721843193049762704e+02
1.683823898427672106e+01 -4.924220025383964305e+00 -1.276965040851114139e+02
1.599981415214304548e+01 -3.339467126371559735e-01 -1.524460144552205918e+02
9.646308418019405195e+00 -1.407423421720336165e+01 -1.291324977062754726e+02
1.096722720411816887e+01 -9.216116601007746212e+00 -1.624862220557645287e+02
7.402631334408779296e+00 -1.368344625453549490e+01 -1.502486948009096466e+02
1.102481604083464539e+01 -1.174091038044308455e+01 -1.210385320604660109e+02
7.060385031144329027e+00 -9.923495887155370454e+00 -1.631508231242176237e+02
3.717508831595963681e+00 -2.755494869366184929e+00 -2.315874373225065312e+02
9.848882262623913419e+00 -3.459468555568098846e+00 -2.085823836940613489e+02
3.176368708334871283e+00 -5.706739963836389151e+00 -2.403283648387352684e+02
5.237228197483250192e+00 -2.602979622059736209e-01 -2.102388807246788929e+02
6.536215761790481693e+00 -7.225081073070736437e+00 -2.252715968143234306e+02
1.358680975084573817e+01 -1.053564225560413270e+01 -9.935712606569053662e+01
1.213311020751770819e+01 -1.071403758670807349e+01 -1.512789629218601704e+02
1.538647359183196706e+01 -9.258332914006748737e+00 -1.163670328336284712e+02
1.193628556731307278e+01 -1.225202978022670841e+01 -1.096069839724979715e+02
1.518468501732080256e+01 -6.733159247094285149e+00 -1.428140462507299162e+02
1.160383111017431723e+01 -9.907951436871350381e+00 -1.376140756828625911e+02
9.733817137301137734e+00 3.342421884231098872e+00 -1.830199053060974563e+02
1.287743895619338197e+01 -3.514897314110304816e+00 -1.918844533205563607e+02
1.374628655178550751e+01 2.516596423917565328e+00 -1.655175748236487436e+02
8.175548570563643480e+00 2.182500052000625246e+00 -2.016487120162939277e+02
1.432219513862235161e+01 -2.599665087318225432e+00 -1.786334783643470701e+02
8.502969050722553490e+00 -3.853502214845235807e-01 -1.991473771343017916e+02
1.909234134425932439e+01 -6.361389180954429845e-01 8.685029590873278948e+01
1.830112511077961557e+01 -9.850027414812066728e-02 3.077568981566969342e+01
2.022713415756855682e+01 -3.442364580413269870e+00 8.242617758427630292e+01
1.849833237463793267e+01 4.192705789029726127e+00 7.729599647746995572e+01
1.889261780085560360e+01 6.894062128865001415e-02 -8.513760894360733289e+01
1.946266425900358854e+01 7.608735604541023712e-01 -3.207763260627806545e+01
1.817567777489092151e+01 -2.283799203635220376e+00 -7.803399431793025087e+01
1.873462492179091399e+01 3.619913327035468420e+00 -7.985885592080393280e+01
1.789504652253067363e+01 -7.207151215136976319e+00 5.151815816621400757e+01
1.835767888926609359e+01 -4.668635208034871198e+00 1.806809535554655000e+01
1.859361555729543980e+01 -4.226521102311413536e+00 6.837746817860072213e+01
1.828451607239635734e+01 -6.670312177983726443e+00 1.907019060770694452e+01
2.025737892861646117e+01 -4.326985018740656663e+00 5.086603317574532213e+01
1.858931803325245724e+01 9.998660316965393591e+00 5.463271802574735148e+01
1.922439670137585921e+01 3.568054442595040676e+00 1.833907391017595501e+01
1.832371615241957841e+01 5.140246318473398190e+00 6.653576966503503343e+01
1.823620314310271695e+01 7.141703383541316619e+00 1.978898318598615447e+01
1.891525559411771340e+01 2.631219130037257159e+00 4.771090897090179794e+01
1.762797186173908770e+01 -8.217782063799726089e+00 -5.346561883993172870e+01
1.783665419158178267e+01 -3.868437240558581625e+00 -1.914926851098420713e+01
1.909871966225023243e+01 -5.612968807249221648e+00 -6.818304520383364320e+01
1.796511858830295338e+01 -7.433329398239192365e+00 -1.814884968753666072e+01
1.869027187030515336e+01 -3.756065175695758818e+00 -4.880125622001290964e+01
1.708465138753074442e+01 -4.764329044445245742e+00 5.738564769315593894e-01
1.702338943711741948e+01 9.139440073850110480e+00 -5.323681084579069989e+01
1.857009196188701949e+01 4.290833171804275814e+00 -2.086467359548584355e+01
1.819800899817400364e+01 5.938204736614489221e+00 -6.902444445704628606e+01
1.868423814189666032e+01 5.362048003063885737e+00 -1.954703453500094668e+01
1.885412563170988065e+01 3.451994265325367461e+00 -5.048502078645424973e+01
1.800359731895903082e+01 4.867832459474892737e+00 -2.152399434375973364e-01
