1.421660778979913609e+01 -2.307387725407497214e+01 -8.892953355676645744e-02
-1.410727536860009401e+01 -2.290204588954174270e+01 1.929782510364628223e-01
1.426859250315042615e+01 2.307128073198220974e+01 1.462278473131237433e-01
-1.484681643145101582e+01 2.386579415284615635e+01 1.626196189342952181e-01
-3.136701815385450898e-02 1.423489686599002546e+01 -4.387251012432233921e+01
7.455928791593137428e-02 -1.384632863168098460e+01 -4.301852853498165530e+01
-3.307120466431782285e-02 1.375956830481811188e+01 4.259566774979815307e+01
-9.751935332174581361e-02 -1.408536035591707680e+01 4.343805311601877150e+01
-2.291904714539678523e+01 5.150260593091100791e-02 2.188779985972644937e+01
-2.254273968224643809e+01 -4.289141631541184413e-02 -2.104772628688044023e+01
2.369894282535637231e+01 -4.443619548949109474e-03 2.227523564865531824e+01
2.327355345649060681e+01 7.962232875604616233e-03 -2.169014511027532421e+01
1.210003053744719038e-02 -2.597465049544395654e+01 -1.167114365250739721e-01
5.582384489293689550e-02 2.586436749217647346e+01 -2.072171847319345672e-02
8.113995527309972644e+00 2.123640741864205594e+01 -2.003369310377186707e+01
-8.276342047679349889e+00 2.177853647473571996e+01 -2.057795546342603288e+01
8.237353114646587926e+00 -2.170130359326895686e+01 -2.058954451018969678e+01
-8.130419757428782646e+00 -2.156452013738062945e+01 -1.995841679930008183e+01
-1.168644927440454506e-01 2.005572126359855267e-01 -5.319762402725501005e+01
8.171715232677227547e+00 2.144203856835688171e+01 2.038316085087634377e+01
-8.351713165984474330e+00 2.172733971860440150e+01 2.033869672054513345e+01
8.025228870128030323e+00 -2.117433147681730787e+01 2.021115355484314691e+01
-8.495068380539867903e+00 -2.233777364890708128e+01 2.092849678289507054e+01
-4.845714580018462003e-02 8.991508021939165207e-02 5.163794504881502689e+01
-2.092955272966188929e+01 -1.295254716846568854e+01 1.143070928396538122e+01
-2.244930433822525728e+01 1.395041398568577584e+01 1.178349519093261755e+01
-1.339671316159538428e+01 8.146930237073489067e+00 3.963041646728679979e+01
-1.290479763352830389e+01 -7.994182486843923741e+00 3.824305019992453225e+01
-2.146790850192218869e+01 -1.330921425278913794e+01 -1.151695432699028565e+01
-2.225145926082737091e+01 1.382743895690656011e+01 -1.181514111732474781e+01
-1.324817651934592355e+01 8.165812884029968188e+00 -3.945990250266682153e+01
-1.278773051029056873e+01 -7.929641570905159753e+00 -3.855132872794624177e+01
-2.695374465460009006e+01 -4.683011279362595675e-02 8.665363105850951153e-02
2.227203909846963015e+01 -1.372597861611506431e+01 1.163786648608180130e+01
2.203026682054923668e+01 1.365540467702541605e+01 1.174350948728612032e+01
1.311685684879718750e+01 7.972127735294931128e+00 3.874192061954624222e+01
1.334030837222324983e+01 -8.208501710196648204e+00 3.956959348380518549e+01
2.223145909423473299e+01 -1.371169662724181215e+01 -1.192679345794983625e+01
2.153803190294402725e+01 1.327613814566219652e+01 -1.162730669321347676e+01
1.328782613648638034e+01 8.066600924365564751e+00 -3.945399575996332686e+01
1.290587139749555234e+01 -8.000558701718018639e+00 -3.852882354003994436e+01
2.715133224532848644e+01 -1.273333338376062863e-02 5.517943415060076566e-03
7.084696906105690140e+00 -2.506108091914216018e+01 -6.978201568810306343e-02
-7.494688000401046324e+00 -2.610183564684809454e+01 3.192904573527075712e-02
7.286899979913312286e+00 2.576386294477942940e+01 1.705788097063226129e-03
-7.239178613832676135e+00 2.576121313969956361e+01 1.878433408186297102e-02
1.152834425204397562e+01 2.277112679420734054e+01 -9.416112120995407508e+00
4.226391627477614321e+00 1.832286237160048614e+01 -3.196427205859157894e+01
4.280770979377548358e+00 2.490036654421986384e+01 -9.971111999513427193e+00
-1.188741882032870834e+01 2.349870324745713290e+01 -9.636722154289511622e+00
-4.334452440152180230e+00 1.860448994203719408e+01 -3.237490373443226588e+01
-4.274430942689328994e+00 2.462926207330935924e+01 -9.920831563824501487e+00
6.966496484870028649e-02 2.233231300807872799e+01 -2.203321775819098605e+01
1.174929953909075131e+01 -2.318324386582490604e+01 -9.835661914053940080e+00
4.334134762156264031e+00 -1.863341899413609326e+01 -3.224945647276952343e+01
4.224750584482744209e+00 -2.488872050189214491e+01 -9.958088806787113612e+00
-1.161020715945441495e+01 -2.314609649442117956e+01 -9.522835558462624306e+00
-4.167840506231823561e+00 -1.823537636988464072e+01 -3.170219283687058720e+01
-4.438787304368619679e+00 -2.567455202880990583e+01 -1.005732854909782858e+01
-2.456182010214089453e-02 -2.273573666416516303e+01 -2.213344289515138996e+01
8.145162205206299064e-03 7.491829270017284159e+00 -5.292001794327269693e+01
1.260970767755210664e-01 -6.876504913078838044e+00 -4.877672624580160488e+01
1.166744246982645272e+01 2.320821038754240817e+01 9.749870900277088026e+00
4.259505952988841493e+00 1.831505568735681777e+01 3.188271119499247064e+01
4.206062234400998356e+00 2.457833331100618679e+01 9.774659468015155284e+00
-1.211062028412707647e+01 2.383606621901328992e+01 9.818505903363844212e+00
-4.186556886576208392e+00 1.827342484352619678e+01 3.194569707805159808e+01
-4.257061000940674411e+00 2.433266538228366116e+01 9.688825073870754423e+00
-2.177013763236059635e-03 2.169085021730729324e+01 2.148620642647675183e+01
1.135199588963737583e+01 -2.258061728193279194e+01 9.648037743195979843e+00
4.261473541807371923e+00 -1.847114050559774157e+01 3.194008670607254885e+01
4.240707519432257655e+00 -2.427095363474712286e+01 9.735188651239370827e+00
-1.195364279460516066e+01 -2.394954583511141877e+01 1.004713724369703520e+01
-4.420958446465161451e+00 -1.881410142787935058e+01 3.242375401079000596e+01
-4.289079318012627873e+00 -2.465393857276590239e+01 9.907464109317379197e+00
-2.326159607792462405e-02 -2.209466624780326072e+01 2.191161553089276026e+01
8.552643383486317752e-02 6.702014917917629155e+00 4.826559784417176502e+01
3.638779523885484618e-02 -7.094705082969158028e+00 5.048151997615410380e+01
-1.789303385421547077e+01 -1.814062590738222980e+01 5.763793988704859927e+00
-2.199461188079387952e+01 -6.654474094272074147e+00 1.680156849102269234e+01
-1.551490734219101775e+01 -1.826681377186472233e+01 1.697459944492230832e+01
-1.938813780211374649e+01 1.952630302010236463e+01 5.836904092617533735e+00
-2.318127769219091405e+01 7.033643233442546716e+00 1.745513980448870583e+01
-1.632509413621037098e+01 1.919246043661303958e+01 1.661422644226829703e+01
-6.891694736207532479e+00 1.157108476376338935e+01 4.426711655081595609e+01
-1.895926135741742513e+01 4.257554185037835559e+00 3.179626012035608085e+01
-1.137301440771954475e+01 1.584320015682889782e+01 3.104671017387599363e+01
-6.795613671044747228e+00 3.989914886741613653e+00 4.933853954114311335e+01
-1.868315131952378394e+01 1.138828803980089965e+01 2.514589690988530180e+01
-6.847807542186312268e+00 -1.140018177244806807e+01 4.405826549697261640e+01
-1.833682094318481504e+01 -4.141893575457784138e+00 3.105667437012465371e+01
-1.144496584602346978e+01 -1.599590023374941694e+01 3.124378199467608042e+01
-6.760827035101167226e+00 -4.109692018305980632e+00 4.957769204662573514e+01
-1.775928020499383564e+01 -1.092375098415131518e+01 2.421354176779730949e+01
-1.373128208964099350e+01 1.372659538723549622e-01 4.290131220648233068e+01
-1.785535827026541611e+01 -1.801409524487914382e+01 -5.756489480631274525e+00
-2.293650220502948400e+01 -6.945114530686518073e+00 -1.692690106016772233e+01
-1.523663839640374462e+01 -1.778911710704782578e+01 -1.653015672484392695e+01
-2.284983723924178634e+01 -1.409900235355132025e+01 -8.820396734036935193e-02
-1.897253705622552999e+01 1.938057423281017577e+01 -5.612704803091540740e+00
-2.323287759640303562e+01 6.889110530700485846e+00 -1.720798078668624953e+01
-1.570322090572498830e+01 1.844748137441457203e+01 -1.663880753016760750e+01
-2.378617684358509976e+01 1.480828077511767837e+01 4.783078840431016776e-02
-6.864823818944974398e+00 1.152362577065999538e+01 -4.426582846151598005e+01
-1.850202630287460082e+01 4.280706948039044057e+00 -3.112264418359806584e+01
-1.147034870297780706e+01 1.582985064897308725e+01 -3.117454170207571451e+01
-7.067258903991507246e+00 4.467607958581217176e+00 -5.150669763332754769e+01
-1.863041933418672969e+01 1.139165052094020147e+01 -2.505969509369547410e+01
-6.584111052495071448e+00 -1.119444506299226205e+01 -4.292484376246366651e+01
-1.804925360092760300e+01 -4.069568070254990566e+00 -3.054066742616042873e+01
-1.103421099946756279e+01 -1.530837642040784630e+01 -3.028092385194351976e+01
-6.997704685056875817e+00 -4.445333885564711984e+00 -5.115018418586533500e+01
-1.808575100299756144e+01 -1.104439341592830814e+01 -2.443982064428977452e+01
-1.375916588656882844e+01 1.005433252032320729e-01 -4.271892820604345076e+01
-2.575902910896772369e+01 4.635978970347981454e-02 1.030973490479192556e+01
-2.560325580110032107e+01 3.353244845308211985e-02 -1.003496830864809120e+01
-2.564713648847637373e+01 -7.005356341204050707e+00 5.797152808545208202e+00
-2.614248706764297125e+01 7.384550996753535657e+00 5.937791564785678489e+00
-2.606932453332669297e+01 -7.224733571099071661e+00 -6.010576171374075294e+00
-2.647163890579235002e+01 7.235107678923221819e+00 -5.951420794890930566e+00
1.901181546278487744e+01 -1.918064222440009914e+01 5.801539383448626630e+00
2.311775986512076031e+01 -7.034060289311538483e+00 1.741319601291287711e+01
1.596393160360297792e+01 -1.859671692894027117e+01 1.666465791871362256e+01
1.893988585385005763e+01 1.937464386346347922e+01 5.884049232412568387e+00
2.385243615417963525e+01 7.253217609565306923e+00 1.771966777353141964e+01
1.582016625108651553e+01 1.871714260521641648e+01 1.656259306459022085e+01
6.781353418565934987e+00 1.125064464799860353e+01 4.369271828535570990e+01
1.903560350207776608e+01 4.312635134282751359e+00 3.184359576869898945e+01
1.122462090812595648e+01 1.561425826151353036e+01 3.082908654397643033e+01
6.534401733637425380e+00 4.046415857035428054e+00 4.775830916953943017e+01
1.840563268230200933e+01 1.122978965338760027e+01 2.471901129021763310e+01
6.941401661919479160e+00 -1.150816176905405719e+01 4.416117566498061819e+01
1.910396815363660039e+01 -4.192610446884724951e+00 3.178371825283384311e+01
1.124351794256532244e+01 -1.566218990444622072e+01 3.089901238759129853e+01
6.894441782563564658e+00 -4.365192506907186853e+00 4.977165866936346106e+01
1.867798934134291500e+01 -1.140473609320374138e+01 2.509755870749705053e+01
1.350129411037338301e+01 1.965656703366636809e-02 4.239953271937621082e+01
1.880669701554417372e+01 -1.916207361685554744e+01 -5.764710344858334778e+00
2.308975947098354808e+01 -6.990650847830725212e+00 -1.720158319456520601e+01
1.579429307725850506e+01 -1.837593364983100486e+01 -1.676281812558486450e+01
2.377880923432002191e+01 -1.476109033817808935e+01 -6.104234876880921395e-02
1.859678373330503476e+01 1.876889647096898273e+01 -5.503723518057447528e+00
2.348905517433518497e+01 7.120706053274911795e+00 -1.747069708766525409e+01
1.500467819653027846e+01 1.767000742467716634e+01 -1.631778929933000200e+01
2.288208601801053987e+01 1.413314857733447383e+01 8.085611203210511799e-02
6.824008391980567190e+00 1.146023108706694060e+01 -4.424671724499337699e+01
1.892360023865380114e+01 4.205801406553407062e+00 -3.158943597224921973e+01
1.092730827808417793e+01 1.532015316003699468e+01 -3.050286315958238248e+01
7.291650632528261511e+00 4.314990245331967067e+00 -5.129992970379190353e+01
1.829408657916234304e+01 1.112278489083563571e+01 -2.478232410076379111e+01
6.687479397718924190e+00 -1.122627605878281187e+01 -4.323636888156614333e+01
1.840282277705672342e+01 -4.236574945398194458e+00 -3.082835862262872695e+01
1.142385042837226194e+01 -1.577991654959204126e+01 -3.108455224616400514e+01
6.684367408439358726e+00 -4.019108336538707249e+00 -4.829884495888488516e+01
1.865371141168479596e+01 -1.144594487837496111e+01 -2.487905801867003319e+01
1.353253930074767197e+01 3.800444274446482945e-02 -4.246721513807906945e+01
2.646875994214205008e+01 9.034212983522820276e-03 1.052399744722980834e+01
2.625087231456124925e+01 -8.957025659410614016e-02 -1.024890421415453368e+01
2.610701582225360440e+01 -7.240657230778078990e+00 6.041983839491035013e+00
2.581147194249371779e+01 7.107043543045968192e+00 6.071470906282679714e+00
2.638244291345948866e+01 -7.264090072705781331e+00 -5.969310549230187668e+00
2.566849563681840962e+01 7.079245249758016278e+00 -5.910642566665236686e+00
1.069596263997938479e+01 -2.415075697362835427e+01 -1.085374652262666439e-01
3.618867931626783996e+00 -2.566541411925361160e+01 -6.962194903027593695e-02
-1.105766797331968299e+01 -2.523339561295923161e+01 1.500057788691732397e-01
-3.787309935541097072e+00 -2.611675907251738948e+01 -1.114438812273835094e-01
1.077240691621359403e+01 2.455664292329279874e+01 1.019823540966639797e-01
3.674260081271452538e+00 2.610239510759500448e+01 -1.375433671724411167e-01
-1.119980914732768618e+01 2.515452019552167684e+01 -6.788008464785008633e-02
-3.685443674825346072e+00 2.573490207046710410e+01 4.025880279732130251e-02
1.295193202763620199e+01 2.312467079964975980e+01 -4.534392210559073710e+00
9.906866002752870770e+00 2.217503625398559564e+01 -1.473028724610521500e+01
9.489071908402527455e+00 2.461446432194323108e+01 -4.781375888000096275e+00
2.104407792097837682e+00 1.635806748549885015e+01 -3.798492372488855295e+01
6.111670966359048940e+00 1.995768877625065585e+01 -2.586534152517530316e+01
2.232346661314990488e+00 2.572943896460431645e+01 -5.004658890490480516e+00
6.313608515821060863e+00 2.346439427371467801e+01 -1.514625714769086606e+01
5.813356788031162736e+00 2.568496786368864804e+01 -4.863108262043333241e+00
8.017643126891424998e+00 2.431447063472088388e+01 -9.830876134569459524e+00
-1.351630422207608007e+01 2.415419939638338320e+01 -4.713292759979994528e+00
-1.007762704200317927e+01 2.265047532560277688e+01 -1.499948244677846176e+01
-9.748949327988183811e+00 2.519679603747534102e+01 -4.866721734486676887e+00
-2.268439383316233293e+00 1.649058240110775486e+01 -3.826251232303096117e+01
-6.467450133807267854e+00 2.043466960202761484e+01 -2.639228957414358234e+01
2.445921308850580039e-02 1.881563861479079236e+01 -3.293872897341769601e+01
-2.095210203888532075e+00 2.539514878394538755e+01 -4.986500584871084385e+00
-6.209819134622472703e+00 2.327634123186430770e+01 -1.528954770797711937e+01
-5.805268716444961008e+00 2.544082619798055234e+01 -4.966381212836858516e+00
1.149019264524584610e-02 2.455612589745483731e+01 -1.003708883738952728e+01
-7.988436453297492967e+00 2.436258721979783459e+01 -9.888736902313542743e+00
4.101713232893708927e+00 2.224092252164739847e+01 -2.140617881917546583e+01
-4.127066344284566313e+00 2.209796852077955265e+01 -2.160856336509742803e+01
2.166010799629238814e+00 2.081004687524185925e+01 -2.714661221179137129e+01
2.202528364495265123e+00 2.342032020562516337e+01 -1.584956830356808943e+01
-2.202711376657880304e+00 2.083375902866290019e+01 -2.726866013095924046e+01
-2.110675214230474328e+00 2.328709204646541409e+01 -1.578008713309019662e+01
1.308129714613698624e+01 -2.334487618999522596e+01 -4.887046887035675802e+00
9.920032112216887299e+00 -2.253820358338160190e+01 -1.513859230913763021e+01
9.480323745660209411e+00 -2.433078962568973580e+01 -4.944555101853015167e+00
2.184071156652855006e+00 -1.645502801269829618e+01 -3.795129036020458813e+01
6.414420803142825811e+00 -2.044972675571503018e+01 -2.637186875268093544e+01
2.141210392137754770e+00 -2.574337946233333696e+01 -5.045411372897638635e+00
6.347745566280913465e+00 -2.334927227575834863e+01 -1.532220290520114325e+01
5.781688964233504535e+00 -2.521233965892013984e+01 -5.026314228602765333e+00
7.997349111977450242e+00 -2.413766597458814189e+01 -1.003287097811610806e+01
-1.306246284544109315e+01 -2.339398957716431227e+01 -4.581256385207890247e+00
-1.015915655490232439e+01 -2.275339963771384788e+01 -1.470911090161696855e+01
-9.953214485087871211e+00 -2.538069922737055606e+01 -4.673329515699811587e+00
-2.045378893162789868e+00 -1.622326204390115478e+01 -3.749230560383679034e+01
-6.248795510449982160e+00 -1.996158524650330790e+01 -2.570404105727757482e+01
-3.513638678966989753e-02 -1.889512661372865310e+01 -3.285375932148461686e+01
-2.206611526049098160e+00 -2.611029770531993321e+01 -5.041953101428410911e+00
-6.515491386520440464e+00 -2.424948600511505248e+01 -1.517356691010610525e+01
-6.061991357800128988e+00 -2.617447334900780476e+01 -4.899491054361499565e+00
5.252693874784172129e-02 -2.534035990058879761e+01 -1.018723047477773491e+01
-8.323503250002227460e+00 -2.522306029279032202e+01 -9.768681734511357462e+00
4.192913037958490463e+00 -2.220178646835125136e+01 -2.172867564560759135e+01
-4.296880472094310122e+00 -2.255286311698064949e+01 -2.155445638762672189e+01
2.161579717804882339e+00 -2.097618989834199255e+01 -2.720588306426229153e+01
2.177677624545419466e+00 -2.392457487448118769e+01 -1.596019973088574950e+01
-2.238747216093484482e+00 -2.101358636325660711e+01 -2.710523057120304458e+01
-2.104092273441188876e+00 -2.415392472196770868e+01 -1.595320202045126656e+01
-1.287052122423713307e-01 1.099171508587606105e+01 -4.982311678449814707e+01
5.050090898173804910e-02 3.691084609898151569e+00 -5.409266953985808613e+01
1.592915477008429448e-01 -1.014281617757465170e+01 -4.639171819915703310e+01
-1.178775598617723130e-01 -3.459047859060351282e+00 -5.008469055204821530e+01
1.314863302913760812e+01 2.336468780935730649e+01 4.955920348682488985e+00
9.923932485107000545e+00 2.248035145813176783e+01 1.494146863061711983e+01
9.565660611053719009e+00 2.479472334963261559e+01 4.865399555978672907e+00
2.150020366688160767e+00 1.621170542935663406e+01 3.742867777159694498e+01
6.286704837345432395e+00 2.006211900755035416e+01 2.608359782874766353e+01
2.093667323114125622e+00 2.559312233920272561e+01 4.740119920019538746e+00
6.218782397333617595e+00 2.315502547096065555e+01 1.506018147033021570e+01
5.824681948670491494e+00 2.570118738768666589e+01 4.841930031030742931e+00
8.078512089418476094e+00 2.447326773358134844e+01 9.899832676984564372e+00
-1.364160667081402956e+01 2.421288943447219921e+01 4.874501622881034280e+00
-1.023270479066805194e+01 2.285952730732592642e+01 1.498995643923060150e+01
-9.739796044420478083e+00 2.509813386227444454e+01 4.881760859496487193e+00
-2.178839562426030607e+00 1.622710647377306614e+01 3.740139396120694926e+01
-6.276995524389565873e+00 2.024547281166213253e+01 2.607838780801490586e+01
6.757719869095477061e-02 1.833311593293624497e+01 3.221250706122990692e+01
-2.229288270472104205e+00 2.527047972105146201e+01 4.663552662960330331e+00
-6.261932744594940203e+00 2.305509156896939515e+01 1.502112744240058362e+01
-5.927051758099867840e+00 2.544175219108360508e+01 4.798399230392400128e+00
-1.151473284726589434e-02 2.436081833637351579e+01 9.776493354676096814e+00
-8.021231247080882198e+00 2.434235621387356829e+01 9.886009774077777479e+00
4.076254689083577354e+00 2.178493169503556359e+01 2.132882555348528086e+01
-4.090073492392288124e+00 2.164945977988920589e+01 2.124552474897044974e+01
2.210989497991878938e+00 2.029980574444429564e+01 2.664845101990919929e+01
2.096574056466863123e+00 2.294426521271960340e+01 1.554399581114992124e+01
-2.174559073375408769e+00 2.033919181822895439e+01 2.667803340386879540e+01
-2.145527984675094757e+00 2.298903732025340219e+01 1.550926507683871058e+01
1.301084342343873246e+01 -2.296728495360158817e+01 4.515588565210462590e+00
9.745436609241220793e+00 -2.185431135158336602e+01 1.467888448598474227e+01
9.295682759415848651e+00 -2.407011041313983313e+01 4.736710117351794480e+00
2.061240159187686771e+00 -1.633664475406176919e+01 3.789761102097225631e+01
6.288168302278084099e+00 -2.003336432401947320e+01 2.601246470344496231e+01
2.171358353338598057e+00 -2.537291345847056334e+01 4.860552210504224036e+00
6.153157530010733289e+00 -2.268551072425815107e+01 1.510145644414136434e+01
5.690936748656659105e+00 -2.486768919340575223e+01 4.785559238932152404e+00
7.733590794219749043e+00 -2.341885206101829908e+01 9.746829892223646041e+00
-1.313568581550779868e+01 -2.359387874072890412e+01 5.080129108157319884e+00
-1.042166103076124628e+01 -2.356912631645357692e+01 1.541272204952965907e+01
-9.773043453304072870e+00 -2.535296619835824572e+01 4.996456880976679393e+00
-2.231324478342282980e+00 -1.643124277181351189e+01 3.807309188180769866e+01
-6.521725798319287115e+00 -2.076527316323965877e+01 2.662843044930631464e+01
-1.403843086737486534e-01 -1.867520549388166984e+01 3.272855131686346652e+01
-2.109399258257832699e+00 -2.549752475749355796e+01 4.853637936711241885e+00
-6.301411659167652779e+00 -2.372698106572136112e+01 1.537436942064512557e+01
-5.870448190207153694e+00 -2.580361007939420759e+01 4.943892714001306921e+00
-7.086427960647109781e-02 -2.428238786378124558e+01 9.859934904054910021e+00
-8.386117894562142183e+00 -2.507245800290475657e+01 1.015038775365134072e+01
4.071009256959606581e+00 -2.184616634048925832e+01 2.138227272794422973e+01
-4.301890916592369329e+00 -2.214415467867902976e+01 2.186249005711401239e+01
2.174568331407503941e+00 -2.066254088841780145e+01 2.703504961598995848e+01
2.053049938897599791e+00 -2.313471536502378711e+01 1.568779478514503367e+01
-2.328676163907594354e+00 -2.075655956709874772e+01 2.719890242037815042e+01
-2.111014750688213759e+00 -2.320326239666769297e+01 1.577166860437387541e+01
2.395149776519881011e-03 1.017240728200477307e+01 4.617675860270607302e+01
-8.178006725789389864e-02 3.523663019973121813e+00 5.014758036020373311e+01
-2.645748605578460491e-02 -1.059600610337851379e+01 4.825923110990886045e+01
-1.529072185533635574e-02 -3.444488142030560418e+00 5.072585084366652097e+01
-1.593249937042509323e+01 -2.029700571202254267e+01 3.016859549456991196e+00
-1.957384676956819192e+01 -1.574155265934074066e+01 8.469622357394376522e+00
-1.488619587419823631e+01 -2.073749724193803345e+01 8.075649760108772668e+00
-2.229175117338278156e+01 -3.295312354120119913e+00 1.944832058388079332e+01
-2.175963903844524339e+01 -9.838736082882963530e+00 1.398839752042830042e+01
-1.231667518928999883e+01 -2.074392131612186319e+01 1.950582733387983936e+01
-1.835808639011177235e+01 -1.564911404035558995e+01 1.412029053174302362e+01
-1.368637864637689994e+01 -2.100123957812565578e+01 1.359613399984856130e+01
-1.673395347991432658e+01 -1.822921606603087241e+01 1.097959397519624503e+01
-1.745664321000218777e+01 2.202438082330619551e+01 3.216811098086052478e+00
-2.123813367245496408e+01 1.701918954703718256e+01 8.890155047337975347e+00
-1.615093309738579563e+01 2.241831684980961015e+01 8.210290870004349983e+00
-2.339059008374803028e+01 3.520692125582334686e+00 1.999763086181758354e+01
-2.290701381657512670e+01 1.040862049634356801e+01 1.462615153446886573e+01
-1.228809592983815868e+01 2.077420737402841766e+01 1.884742342287844252e+01
-1.972429956518924854e+01 1.682467992805283785e+01 1.455599315535575222e+01
-1.446691726120191213e+01 2.184733531451442445e+01 1.330089217362583298e+01
-1.816124492611843522e+01 1.964683863981412415e+01 1.109955103790570696e+01
-3.503262919780716800e+00 1.287960441339595974e+01 4.442108513508446066e+01
-1.022252870998064544e+01 9.951471608443835493e+00 4.265757540156307925e+01
-5.767054818255023640e+00 1.520318645148426739e+01 3.835423283959048746e+01
-3.359044743987175785e+00 9.169140886499020482e+00 4.810192677138965678e+01
-2.116190783010288712e+01 2.279026310169878222e+00 2.693096269650923347e+01
-1.619758339330978458e+01 6.236963535622097154e+00 3.581396834373222759e+01
-2.160413659665698560e+01 5.677020139010361177e+00 2.445726077469329951e+01
-9.953418292475273432e+00 1.913771495045171633e+01 2.585877820563711538e+01
-1.254963714832229904e+01 1.220867874816573995e+01 3.597526259000846238e+01
-7.845353270786301181e+00 1.737951443190835121e+01 3.201956012512533789e+01
-1.390562929613983556e+01 1.757531065473611420e+01 2.373489105629203522e+01
-9.234880046812358856e+00 1.388573245930581912e+01 3.775255462780735627e+01
-3.441162553488886999e+00 1.990962091816807389e+00 4.973634951276448390e+01
-1.023656642785628357e+01 6.203586191666052407e+00 4.653188204715645782e+01
-3.363477340925813408e+00 5.434373622983883934e+00 4.888146223431252224e+01
-6.901843712079740456e+00 7.924449394133402436e+00 4.877080599892276780e+01
-2.072578601081772121e+01 1.264816749937764229e+01 1.823716133196282030e+01
-1.621879430724099436e+01 9.930919639516924136e+00 3.237565311686268643e+01
-2.119032101515350419e+01 9.300431274793909964e+00 2.123817430033038889e+01
-1.782863354498655895e+01 1.551051982899864257e+01 2.119489620494492499e+01
-1.892185359072244566e+01 7.855039391280290495e+00 2.862975879914502997e+01
-1.530632938034832335e+01 1.395921397607031622e+01 2.863209707338602783e+01
-3.538051496258175277e+00 -1.279037829597405640e+01 4.426797133339369594e+01
-9.815468941282908588e+00 -9.829386108453435966e+00 4.160570387407589976e+01
-5.785617944379391808e+00 -1.549865531016955700e+01 3.888810264569431041e+01
-3.433987019656033368e+00 -9.335276565099931645e+00 4.867481111044799036e+01
-2.069789193291219220e+01 -2.033247298326961161e+00 2.655877559039865687e+01
-1.571992830027809873e+01 -6.103114932062821296e+00 3.500244338153849100e+01
-2.033382999738229913e+01 -5.400176961932890762e+00 2.377026167661721701e+01
-1.917177296436196343e+01 3.890076151216903533e-02 3.224846476417517493e+01
-1.013454181738366700e+01 -1.944492724734368494e+01 2.633089103733899350e+01
-1.231972777471637492e+01 -1.203731389625825265e+01 3.523225378904762550e+01
-8.037398037104319215e+00 -1.773601912985845175e+01 3.254929522493746674e+01
-1.368886919193059981e+01 -1.746709289760310924e+01 2.385598553696146595e+01
-9.235715998629666856e+00 -1.395203083792361909e+01 3.791768210198256384e+01
-3.362705267801125331e+00 -2.026305696412968427e+00 5.062253601342270315e+01
-9.813619058469891243e+00 -6.065541619537646589e+00 4.481948215537936875e+01
-3.419525992321439833e+00 -5.594295150139891426e+00 4.967204421272745662e+01
-6.924492232582832862e+00 -4.666721605951600765e-02 4.964723844915168627e+01
-6.793906245089596396e+00 -7.775997872664061283e+00 4.768761580265830702e+01
-1.946053237546669834e+01 -1.188853083953408607e+01 1.755193673995089299e+01
-1.551504061604792817e+01 -9.570775718081101502e+00 3.119569774565240650e+01
-1.999906615227978790e+01 -8.818758701290516200e+00 2.041367418389004840e+01
-1.698323886511186842e+01 -1.482470787658267675e+01 2.066356242525731801e+01
-1.801423111299255453e+01 -7.547661486369023010e+00 2.785295732678250857e+01
-1.491179210590760462e+01 -1.353706250734927252e+01 2.799805476403144056e+01
-1.367181285499789567e+01 4.007055708425640184e+00 4.193827121013032411e+01
-1.346211361907348802e+01 -3.944630637297415365e+00 4.153146852747243400e+01
-1.657079667473838214e+01 2.234814735740682234e+00 3.771897276608607541e+01
-1.012267210719806521e+01 2.066570366518282853e+00 4.673415019156342254e+01
-1.632378841639692268e+01 -2.047766438414674539e+00 3.735368155731489992e+01
-1.031290659677025090e+01 -2.082329519260708306e+00 4.731240569273919050e+01
-1.585695193964504668e+01 -2.010692025590951815e+01 -2.832800014698225954e+00
-1.974774020408527875e+01 -1.566506559292742118e+01 -8.533594366934286413e+00
-1.453427587240676466e+01 -2.038739327714672811e+01 -7.769927440069360536e+00
-1.819879018996465092e+01 -1.839620885850417409e+01 4.457008195842655784e-02
-2.253051488151092130e+01 -3.444220864557497652e+00 -1.906664087381435380e+01
-2.290253778031013354e+01 -1.040666930109162713e+01 -1.439421937258488882e+01
-1.189961728460036738e+01 -1.986351403238976943e+01 -1.852409838482362758e+01
-1.830169989835296818e+01 -1.551931197618449509e+01 -1.412245899648626946e+01
-1.329651023298360535e+01 -2.022700858287162617e+01 -1.300189050076127373e+01
-1.655021221879433568e+01 -1.804494074249970481e+01 -1.096044133836832302e+01
-2.231301084830516501e+01 -1.379617468471011854e+01 5.570310017551983073e+00
-2.245311116235636106e+01 -1.392094964049193706e+01 -5.762927209657963346e+00
-2.034147767979023058e+01 -1.619234588414487774e+01 2.820765174646687079e+00
-2.035771133499988750e+01 -1.612710780222175444e+01 -2.863976947714340859e+00
-1.720859426923614421e+01 2.192009340415237517e+01 -2.950611479593994613e+00
-2.077385388942055755e+01 1.666911756967353142e+01 -8.813361333167517131e+00
-1.559101882316642929e+01 2.165525406773075190e+01 -7.916079178359145985e+00
-1.947718142550612441e+01 1.969355670799828317e+01 9.217029221642208947e-02
-2.324950367687533515e+01 3.584789744296640546e+00 -1.946017064680330932e+01
-2.278962867800081327e+01 1.027386373692977806e+01 -1.453121541375458747e+01
-1.208972729070126029e+01 2.024578455635474228e+01 -1.894037468695160342e+01
-1.910918781045547377e+01 1.648306515646030590e+01 -1.442984366334882829e+01
-1.381211569361051694e+01 2.093335249106629803e+01 -1.320463785602916218e+01
-1.750362248900380280e+01 1.899553118234541671e+01 -1.091776383010298979e+01
-2.361315391732474467e+01 1.460496898573330071e+01 5.759970443794455441e+00
-2.347012709183688273e+01 1.453330120740142561e+01 -5.735276038822609834e+00
-2.150990316366847921e+01 1.717403942493892188e+01 2.952935839073537849e+00
-2.146870075009476153e+01 1.700883234490494189e+01 -2.761164349802474050e+00
-3.650114888648024358e+00 1.307386589500413621e+01 -4.511602808920406460e+01
-1.013331523585807226e+01 9.922372711074828544e+00 -4.213410061334716517e+01
-5.789216715901731369e+00 1.541804193161168257e+01 -3.893589405472705067e+01
-3.583765231057810752e+00 9.601182971733646099e+00 -4.948732503003866157e+01
-2.066506326708113050e+01 2.195908912986699768e+00 -2.624723342927629588e+01
-1.610853047034323282e+01 6.306023795101433294e+00 -3.581566666308536639e+01
-2.103286330061660081e+01 5.663075874484632344e+00 -2.412308409588220925e+01
-1.000788429257585754e+01 1.915845479203386859e+01 -2.603851332912112326e+01
-1.252660781641957222e+01 1.218900066587488062e+01 -3.565311105914096146e+01
-8.023441578672162677e+00 1.745756627413548756e+01 -3.233388933400503618e+01
-1.377356154160570867e+01 1.750102044931460910e+01 -2.367720029743393795e+01
-9.309629679756167064e+00 1.397228348870304515e+01 -3.784198085264558387e+01
-3.617049372441080823e+00 2.195617976522457049e+00 -5.403172003255558309e+01
-1.017920422631738475e+01 6.390604080177733515e+00 -4.641464838169252261e+01
-3.434836059857075519e+00 5.818643039014729901e+00 -5.102251350528152329e+01
-6.819652722235104214e+00 7.822917916658657767e+00 -4.771231687725887838e+01
-2.066105306787448725e+01 1.264391816021880111e+01 -1.829191197815139702e+01
-1.620765323049961637e+01 9.973305289239620564e+00 -3.230858008125775171e+01
-2.094567315249930672e+01 9.128363128919851022e+00 -2.111273129737534759e+01
-1.761781998969046725e+01 1.531056119779876745e+01 -2.089594073012069231e+01
-1.874573307207380424e+01 7.906889129931648164e+00 -2.853686432638511761e+01
-1.527224056890568349e+01 1.387954305808350419e+01 -2.847712125227043600e+01
-3.376336683960886376e+00 -1.250961451334549146e+01 -4.347557241191393729e+01
-9.785460551635081217e+00 -9.686233475537063597e+00 -4.111016267320137985e+01
-5.415244850848114133e+00 -1.476834920921849736e+01 -3.734034587903810376e+01
-3.350988007114177769e+00 -9.348460790556979205e+00 -4.818072191837431006e+01
-2.020130732541278107e+01 -2.068520995498651871e+00 -2.581781598045743564e+01
-1.559678926281817901e+01 -6.073752294482822833e+00 -3.487172631605446327e+01
-2.058334413739192570e+01 -5.433871743527996401e+00 -2.335417449738943674e+01
-1.842148512680951455e+01 -3.651429951644506733e-02 -3.137649879536486708e+01
-9.601134344194861114e+00 -1.844028940942229156e+01 -2.499466629852891231e+01
-1.216300696753352995e+01 -1.187904403371666007e+01 -3.495529051559636713e+01
-7.552912556454546511e+00 -1.667578802341837374e+01 -3.098652990668136908e+01
-1.343890672157879429e+01 -1.703436587721755302e+01 -2.309108722903797783e+01
-8.950203205167420961e+00 -1.342579149260721394e+01 -3.645118205556808277e+01
-3.719449015932633440e+00 -2.137765555170560994e+00 -5.260905211022143391e+01
-9.903216466591572953e+00 -6.372634718490939321e+00 -4.565685471176070820e+01
-3.585793353644942449e+00 -5.845970176586802403e+00 -5.111045281837234455e+01
-7.463576089656118739e+00 -3.568687585461407380e-02 -5.381010682719867333e+01
-6.751720883113176974e+00 -7.823833956708327264e+00 -4.747041965871289193e+01
-2.005003799665204411e+01 -1.222640039858007199e+01 -1.783553043693455820e+01
-1.567583493847751086e+01 -9.592781179610213371e+00 -3.138340820961509436e+01
-2.055495644783700726e+01 -9.012584610980692190e+00 -2.054197616460014331e+01
-1.688219602905658334e+01 -1.470581774042856971e+01 -2.064223883143853300e+01
-1.819463459605502464e+01 -7.652317039005839483e+00 -2.769272334684138670e+01
-1.475846749059467378e+01 -1.343065599616764239e+01 -2.788861039438584655e+01
-1.371581165183673434e+01 4.291027104783943891e+00 -4.224750303488409031e+01
-1.343752492687175959e+01 -4.082863985359423076e+00 -4.146762022797027214e+01
-1.618101206395748548e+01 2.232892160408493698e+00 -3.700019843113420137e+01
-1.072746012173215391e+01 2.282719122857336025e+00 -4.894282798883848784e+01
-1.602158159986443309e+01 -2.082098045050247315e+00 -3.660769946978837197e+01
-1.074618833776155213e+01 -2.186099013610845798e+00 -4.887790349242923327e+01
-2.450433004887475974e+01 3.141280107572921865e-02 1.600631957858050214e+01
-2.664132023741678523e+01 4.979272675061246350e-02 5.100075880073170254e+00
-2.387464191969480254e+01 -3.347407866650270236e+00 1.390053095769867575e+01
-2.482358979891901640e+01 3.491832872294115209e+00 1.435942746815132232e+01
-2.413577493459932199e+01 7.987496683853038959e-02 -1.560083780836576572e+01
-2.653731863588027196e+01 -1.875228404400973437e-02 -4.989538670539027443e+00
-2.457349742450515961e+01 -3.446011950877808871e+00 -1.363458986890872815e+01
-2.521907130400419206e+01 3.517492378951924792e+00 -1.409779108711537710e+01
-2.391018340253205920e+01 -1.038532010486774659e+01 8.452907402908552470e+00
-2.662915200095707746e+01 -3.574220895983001967e+00 3.046772314603260146e+00
-2.380420511761616709e+01 -6.805991127909727822e+00 1.099257111732059933e+01
-2.526042856948082616e+01 -1.101849463195408774e+01 2.920309119339981496e+00
-2.560450409633844160e+01 -3.506756541238486236e+00 8.160342297868881545e+00
-2.459935466565115192e+01 1.070345650731640319e+01 8.950437294365226393e+00
-2.696970480504308654e+01 3.574499961893543798e+00 3.005045097030151879e+00
-2.479711370851375918e+01 7.146886735714846672e+00 1.151137361115210211e+01
-2.544646967492736422e+01 1.109333617846553821e+01 3.046070050405583096e+00
-2.615901626344735931e+01 3.642463870123783476e+00 8.328115805920406345e+00
-2.464774626795885482e+01 -1.067729665789055638e+01 -8.739162035091130321e+00
-2.674203798048982961e+01 -3.602525635522714431e+00 -3.190001583200253510e+00
-2.483262455719033568e+01 -7.156273196734223241e+00 -1.123523483928596534e+01
-2.531582110787604378e+01 -1.111501419717963834e+01 -3.240465982406061318e+00
-2.612111194752191068e+01 -3.522718283094947722e+00 -8.220716891610608812e+00
-2.626157539086667825e+01 -7.242967659249459622e+00 -1.587510421075652434e-01
-2.441038055698344067e+01 1.057708837542658920e+01 -8.748802378198677232e+00
-2.706091100009347272e+01 3.649839885630958847e+00 -3.031246220293888793e+00
-2.517192548405653341e+01 7.252754623776963783e+00 -1.137968581997750483e+01
-2.543440394559591766e+01 1.117672748196372012e+01 -3.027047160156738137e+00
-2.643705559910250003e+01 3.688895089164345720e+00 -8.263573929813221142e+00
-2.675792178204716976e+01 7.325624703969035423e+00 3.826565457936699499e-02
1.689822679478813328e+01 -2.142760846593649404e+01 2.921130804129334457e+00
2.105656457452584718e+01 -1.681606822296807380e+01 8.758817157657105668e+00
1.540779809201899653e+01 -2.137485752486532320e+01 8.081515211150117395e+00
2.352582216396455195e+01 -3.559983956510106573e+00 1.992289387646433596e+01
2.288308386956470386e+01 -1.038621190980541797e+01 1.461467595243360762e+01
1.208422896234544375e+01 -2.018761608973966304e+01 1.865332750933884398e+01
1.950614228012159401e+01 -1.659944583953189934e+01 1.451602353261637646e+01
1.378339755426819835e+01 -2.097099902795962123e+01 1.314225514533638162e+01
1.762433888961856354e+01 -1.915517030007952926e+01 1.100299744220007625e+01
1.676037507031490037e+01 2.132361874296475079e+01 3.102593335504008287e+00
2.060031365131259307e+01 1.652098678454201774e+01 8.707453004579532418e+00
1.575834872927281616e+01 2.178604391186359734e+01 8.210926527716560841e+00
2.409121520815640238e+01 3.613825111494496589e+00 2.019845873793537194e+01
2.302642926149015068e+01 1.046952947099629760e+01 1.470060831173269200e+01
1.211948824358800358e+01 2.044447306458246771e+01 1.881310087502991379e+01
1.910298596578624952e+01 1.624974847996271521e+01 1.427616301909471730e+01
1.412282210312527475e+01 2.135193688552761770e+01 1.335674827057478531e+01
1.779237727152518289e+01 1.927177567485711052e+01 1.099698929518680579e+01
3.469865435244126939e+00 1.275308802563069399e+01 4.413761392534512851e+01
1.005415116016036592e+01 9.737494382241441926e+00 4.162290506136695711e+01
5.670684615968493603e+00 1.515846113362816183e+01 3.832399335393128581e+01
3.272336090603192194e+00 8.922239486489024429e+00 4.678084785281060931e+01
2.163524115265479608e+01 2.333381444954200745e+00 2.726027188118150946e+01
1.609863462342503126e+01 6.267342083125298835e+00 3.562942138573765050e+01
2.169271146319597321e+01 5.799528325468351397e+00 2.451448988448462174e+01
9.747838439978677272e+00 1.874952001338279572e+01 2.574338746900088282e+01
1.229565194691329388e+01 1.185070916690817633e+01 3.534250615103220383e+01
7.877268246630252158e+00 1.717771317835406464e+01 3.195250384140813438e+01
1.356488835984789709e+01 1.709774872248416244e+01 2.345838351024556445e+01
9.157295346580704987e+00 1.366961853164767682e+01 3.740951404880159714e+01
3.302824168496699020e+00 2.266211495209009108e+00 5.006476451045637077e+01
9.766559875302037952e+00 6.067513343693923034e+00 4.491154924531390691e+01
3.386953722520719356e+00 5.618725319499699999e+00 4.940907460831815001e+01
6.625269633365223676e+00 7.602606780222492588e+00 4.640188351341218720e+01
2.038715646996498521e+01 1.248037629745242505e+01 1.803099206895747741e+01
1.604999393268840535e+01 9.658929169227901568e+00 3.174273999846839089e+01
2.120521603902421504e+01 9.420559886596691967e+00 2.113844556624502502e+01
1.710523273478657913e+01 1.489947974683485121e+01 2.062598878600491048e+01
1.888174193173243509e+01 7.896693777764354216e+00 2.863154069071510932e+01
1.481327951839862678e+01 1.352761412338964142e+01 2.806768850850025032e+01
3.469720012908676932e+00 -1.285124047733996377e+01 4.472944777684961082e+01
1.020841337298233853e+01 -9.952652305623761464e+00 4.251714071840829234e+01
5.625427829331664853e+00 -1.514104124707062660e+01 3.827037898057562870e+01
3.444837150565711603e+00 -9.397703483903615762e+00 4.909961835462222268e+01
2.146964307284246587e+01 -2.077193316496873443e+00 2.712666496279285155e+01
1.624740157247588712e+01 -6.204480778570990118e+00 3.579197038326690006e+01
2.155180322857733444e+01 -5.738926543364449628e+00 2.455415381284367626e+01
1.938665629323523376e+01 3.251220007778669874e-02 3.248915891916070109e+01
9.705778650050589818e+00 -1.874232271307648290e+01 2.555718845711338361e+01
1.247030760298037322e+01 -1.210606063146102152e+01 3.580530928188560580e+01
7.797657343393940899e+00 -1.711838652445046449e+01 3.173324378896710840e+01
1.374636611914016271e+01 -1.737387172544064740e+01 2.357748881103340111e+01
9.152937730300067187e+00 -1.362224477490240027e+01 3.742526985505411119e+01
3.367966706340507876e+00 -2.135566993036338346e+00 5.173391164607922121e+01
1.023340802249742509e+01 -6.264419115156002249e+00 4.627167758594595171e+01
3.486435106766963887e+00 -5.826327190078439244e+00 5.092548975812837853e+01
6.491936513911851669e+00 1.836193190472125078e-02 4.798842859823361096e+01
6.917176469318400578e+00 -7.868334734402102626e+00 4.857684791070092700e+01
2.074477852380266896e+01 -1.268314948140015730e+01 1.814477858821489420e+01
1.616377872744325828e+01 -9.888081840847448234e+00 3.225945812183130812e+01
2.111865440354696233e+01 -9.373018311146147141e+00 2.118260770909865087e+01
1.771375892351123937e+01 -1.531686629177914583e+01 2.113023064984394139e+01
1.897490579675967837e+01 -7.956314110348546187e+00 2.861440670434512157e+01
1.520568019288469941e+01 -1.369123410053879653e+01 2.850500122989275908e+01
1.342194262470910182e+01 3.985895588006530765e+00 4.124086052474422104e+01
1.363445001114531685e+01 -4.000058521488337071e+00 4.180559097429728155e+01
1.666059557096374277e+01 2.226323937392983066e+00 3.774231999163419715e+01
9.696737578579941896e+00 1.926960516726018646e+00 4.443504668411708991e+01
1.662058250128560388e+01 -2.008581266570345747e+00 3.781824889734409822e+01
1.013148095132555149e+01 -2.038901634546097963e+00 4.570491995362611704e+01
1.678272347227911254e+01 -2.153756192444642892e+01 -3.032699128427661428e+00
2.075184054708314818e+01 -1.662782400140087091e+01 -8.650600043792216809e+00
1.544868029194052816e+01 -2.137308355954636241e+01 -8.126623998337510812e+00
1.923256534008063312e+01 -1.943174810762961968e+01 -1.066879107387111100e-03
2.336795439378185435e+01 -3.501725022413000321e+00 -1.955802723491247974e+01
2.278121100161493473e+01 -1.033935092905172759e+01 -1.454588776506034620e+01
1.203555215010169732e+01 -2.022044496197288410e+01 -1.901083389494041498e+01
1.921551898059360752e+01 -1.649062494598052808e+01 -1.441643256739822654e+01
1.367838368896713064e+01 -2.081037183421877401e+01 -1.331074571550380625e+01
1.740618151791490220e+01 -1.895378682349954147e+01 -1.092836177968946387e+01
2.355934326120627986e+01 -1.452243409079336445e+01 5.784183589736167974e+00
2.338690625088252162e+01 -1.460497747757441012e+01 -5.828716676704115862e+00
2.143830855281719749e+01 -1.707658201630448147e+01 2.855475569659663648e+00
2.137289117820292361e+01 -1.708153776245315214e+01 -2.815500917651908352e+00
1.663439737801546059e+01 2.111839406838025823e+01 -2.748932942296233861e+00
2.001177880206407877e+01 1.594086454239514161e+01 -8.499852697404810087e+00
1.498786707428880405e+01 2.086408975018617440e+01 -7.639688767780185685e+00
1.906436747802873910e+01 1.934838888932772960e+01 8.322341737964221442e-02
2.369498873640404213e+01 3.533142229252704158e+00 -1.999851904135757508e+01
2.264268338294401417e+01 1.035710142681242552e+01 -1.462847932970973019e+01
1.162383989804760454e+01 1.952708456564378281e+01 -1.832463327030585276e+01
1.827628507466410568e+01 1.550305635925732339e+01 -1.398475909927417149e+01
1.323954436747296803e+01 2.024596831723562573e+01 -1.287454530277255316e+01
1.678529643261873616e+01 1.828280638222149079e+01 -1.061218926337557811e+01
2.281945388325276269e+01 1.408341680690454467e+01 5.812943312414989627e+00
2.255623520143617000e+01 1.395040206435057684e+01 -5.681247792170910138e+00
2.110871220220601785e+01 1.676340216650716286e+01 2.980667040285255975e+00
2.102153415973943140e+01 1.674246838600176801e+01 -2.656977076698130436e+00
3.416066410423349353e+00 1.292311643301549218e+01 -4.460054041610735709e+01
1.013084208173497025e+01 9.844865828407387554e+00 -4.232314447097550669e+01
5.600450915734623614e+00 1.505419521971991159e+01 -3.815155679233270547e+01
3.515002536291689683e+00 9.679544129749352521e+00 -5.040342552784066754e+01
2.124192487194319057e+01 2.182002461247956493e+00 -2.675564947194728660e+01
1.613261078948077198e+01 6.265745059740170042e+00 -3.585115492044237584e+01
2.143564656046115147e+01 5.701692511429825139e+00 -2.442048778957430955e+01
9.616011114265408111e+00 1.839726966602109925e+01 -2.524894798398435825e+01
1.222104169267714902e+01 1.188068813725837991e+01 -3.524541908269026891e+01
7.615360445834203240e+00 1.696344355389553726e+01 -3.155192269978789454e+01
1.329208347573726279e+01 1.679566824427577032e+01 -2.309101133852832888e+01
9.069734726636871969e+00 1.353880800070916912e+01 -3.734497362177616253e+01
3.643163091494013184e+00 2.196100076226330522e+00 -5.340272598619831257e+01
1.031322862087225367e+01 6.193698852834530477e+00 -4.645084286420625830e+01
3.612660502886704261e+00 6.077548652698546050e+00 -5.392009847690101765e+01
7.083313772977995804e+00 8.131148079254487016e+00 -4.958001795553297342e+01
1.996150162077840307e+01 1.217043838070202177e+01 -1.802775958361106845e+01
1.591764840499964073e+01 9.617215315691336031e+00 -3.196355289630513852e+01
2.117901786517377971e+01 9.266529319816108057e+00 -2.115635755400579043e+01
1.674333472155732849e+01 1.449916836536776188e+01 -2.045565340178975333e+01
1.880993477250262558e+01 7.757713097966867366e+00 -2.860548515512999757e+01
1.468725179667631409e+01 1.333059602987071557e+01 -2.793002431437831135e+01
3.491690359428377022e+00 -1.269005210554514385e+01 -4.419174444585978279e+01
9.861471249762095326e+00 -9.666819282946104153e+00 -4.125501687618000801e+01
5.731289498149473083e+00 -1.527350488254521288e+01 -3.858088750936880729e+01
3.325768097965024594e+00 -8.878061660503988151e+00 -4.639994316074880487e+01
2.086493586789968901e+01 -2.158908631989103988e+00 -2.641155747825674993e+01
1.563640791664870200e+01 -6.141355120395740386e+00 -3.483569136358032381e+01
2.108387723035093231e+01 -5.628260542058801441e+00 -2.366169098863570497e+01
1.895759852948808799e+01 -7.443192331636070552e-03 -3.197163213085163846e+01
1.001197062981522024e+01 -1.916863325966705389e+01 -2.609847170015071782e+01
1.241931005508154229e+01 -1.206755884886024788e+01 -3.519671657998444658e+01
7.992727994335438346e+00 -1.745269855520165692e+01 -3.226394109723506887e+01
1.376673577935101633e+01 -1.742382733850842769e+01 -2.366725634869291639e+01
9.223861333755753122e+00 -1.373220640695965500e+01 -3.741037275354010205e+01
3.340423429938871980e+00 -2.095795989305113682e+00 -5.040741895380716642e+01
9.716161851622663548e+00 -6.041193515186971119e+00 -4.476093657869737541e+01
3.205351278830950168e+00 -5.483686620842878945e+00 -4.791563947596369388e+01
7.046047032571200575e+00 -1.798137377347360233e-01 -4.994606263631554555e+01
6.467948145384922576e+00 -7.406522451284978104e+00 -4.548803245823770425e+01
2.067513968037006222e+01 -1.264776223579089098e+01 -1.829986368960386400e+01
1.607113210046513885e+01 -9.831267177811584546e+00 -3.177921738529737183e+01
2.076015064057386894e+01 -9.109626406799495868e+00 -2.079005706333184733e+01
1.759250324735661763e+01 -1.528374328648144953e+01 -2.083149008591272278e+01
1.865328940674724834e+01 -7.869700812905686682e+00 -2.798220244339429996e+01
1.514981961337013949e+01 -1.375050359946968470e+01 -2.832901969212737114e+01
1.363324959625692934e+01 3.955613345622526644e+00 -4.192511405576757255e+01
1.315628913154815471e+01 -3.952554568708107841e+00 -4.076636400271782890e+01
1.646223819344583461e+01 2.202767936218299472e+00 -3.756912420983783107e+01
1.041967120568441629e+01 2.056802823893270737e+00 -4.676409391407818106e+01
1.611952893565914735e+01 -2.080156559313633302e+00 -3.667624327349412283e+01
1.008208953627600657e+01 -2.046776424312340303e+00 -4.685065650050731278e+01
2.530569454106628413e+01 9.389511265807112816e-02 1.634027119327407007e+01
2.702568508409779469e+01 1.626092317929386799e-02 5.254178973306973255e+00
2.503338454270055635e+01 -3.585373789123974309e+00 1.428576873153365945e+01
2.575748093433463026e+01 3.611391878866185845e+00 1.452533157279526144e+01
2.516886706598147683e+01 3.363159589396524235e-02 -1.607607241416809529e+01
2.696866550334227952e+01 -3.700613421577623324e-02 -5.003491550738824678e+00
2.535601800801082817e+01 -3.602289059757504130e+00 -1.413903616366554061e+01
2.545514638783554418e+01 3.566063404946502757e+00 -1.430999967160278707e+01
2.458513845257068908e+01 -1.072256341251968514e+01 8.926471288274893112e+00
2.701427982118863724e+01 -3.709230123106630028e+00 3.032424344974434138e+00
2.472664861827251315e+01 -7.089877715239076394e+00 1.157471147994764671e+01
2.547444692404910072e+01 -1.112925214426143050e+01 3.083037798047975286e+00
2.613775604028203148e+01 -3.540043903652172474e+00 8.264688625951134071e+00
2.404396587989750245e+01 1.045167175456473529e+01 9.014198382556413591e+00
2.678077459566757312e+01 3.661569734661925590e+00 3.166603859672753263e+00
2.516188442102056655e+01 7.195364302629669417e+00 1.163949706527442451e+01
2.443289557618068031e+01 1.068148296859846980e+01 2.875786700490916559e+00
2.666639342981892469e+01 3.690133451784188168e+00 8.473381119295305908e+00
2.455100511959980025e+01 -1.059655639128248517e+01 -8.797168776602662277e+00
2.709385383839021699e+01 -3.607336117075966797e+00 -3.074204158150285249e+00
2.518526993502687006e+01 -7.195715749494964619e+00 -1.126897029719318333e+01
2.551701530993243949e+01 -1.120246794514998534e+01 -3.023175385400615589e+00
2.643663080815194633e+01 -3.711692635540168705e+00 -8.253901187016193575e+00
2.674171488742919678e+01 -7.435875766205371384e+00 3.103450059946901828e-03
2.386243431639982759e+01 1.031614185811865703e+01 -8.927892119499409418e+00
2.679483108216366460e+01 3.608169736624882606e+00 -2.951526425068990989e+00
2.499632101464905531e+01 7.131848061953470541e+00 -1.148131993856239852e+01
2.432447037220193309e+01 1.059894313341208161e+01 -2.802297639553728903e+00
2.631585063587015938e+01 3.597880061940338159e+00 -8.296893237985157654e+00
2.595099845077395884e+01 7.182230656126408874e+00 -3.866047645923287139e-03
