6.821528879336550233e+01 -1.126324843509378155e+02 -4.461366810725464482e-02
-6.896728406050837634e+01 -1.119845700533918631e+02 -1.981856697583939814e-02
6.850632994262952025e+01 1.122467356774447751e+02 1.168792617739497913e-01
-6.844266957799186457e+01 1.129783109158505567e+02 6.656111018343854879e-02
-3.531685843978318168e-02 7.095786100256809448e+01 -1.144789954671392174e+01
8.706194321899514421e-02 -7.084262840643472714e+01 -1.144370248892356834e+01
-1.051687290286959231e-01 7.079268663979070197e+01 1.141354869565256891e+01
-2.413387454619192116e-02 -7.093126783072953856e+01 1.144673021882556085e+01
-1.121901306390367807e+02 8.230460281933757449e-02 6.670117869121431120e+00
-1.121553018109647297e+02 -1.463846658852105131e-01 -6.632205422107012360e+00
1.123518604793261062e+02 -1.277247059642772076e-01 6.675751442861700191e+00
1.123905030940434671e+02 -2.627040735326666709e-01 -6.705416039069575618e+00
-6.561828349246712211e-02 -1.312243567780914191e+02 9.386808611036495664e-03
-4.235797672044568918e-01 1.310614076669924373e+02 2.988996772888297473e-03
4.167009167242511580e+01 1.062743752434454905e+02 -6.223171440875355565e+00
-4.217531574548410589e+01 1.063866595819522871e+02 -6.236999147614620043e+00
4.186446173680034377e+01 -1.067047972832955054e+02 -6.385053445350691526e+00
-4.207710147409366641e+01 -1.065265140179071608e+02 -6.399777086576126983e+00
4.811633965715419320e-02 3.265041502846524613e-01 -1.345171786916667855e+01
4.183777515854242068e+01 1.063130316980380030e+02 6.282448361060924746e+00
-4.208716554133724941e+01 1.064366213566869419e+02 6.265820550412750656e+00
4.159022558996568364e+01 -1.065510410770362171e+02 6.262436366693130196e+00
-4.224619225399352018e+01 -1.064820435348644736e+02 6.415670255465124150e+00
1.038650572768107239e-01 -9.244867064344482188e-02 1.344226700716263423e+01
-1.078217766112338012e+02 -6.455245429784682187e+01 4.243619586815269962e+00
-1.078121201617441756e+02 6.513788159508774811e+01 4.361943629984258664e+00
-6.656377693550051333e+01 4.104314981938284745e+01 1.060331384930100107e+01
-6.642661543553744252e+01 -4.108947176542586988e+01 1.060966681768457143e+01
-1.078050829249906286e+02 -6.471847560735754712e+01 -4.227692494322650596e+00
-1.077977480419949075e+02 6.493063430005196324e+01 -4.367669631433776622e+00
-6.665387587741176389e+01 4.096742736933045848e+01 -1.062190544517022239e+01
-6.628908680382033936e+01 -4.119275248839899461e+01 -1.054114721945837552e+01
-1.319637941411806707e+02 -1.964985450090326463e-02 1.848871327136955957e-03
1.077297106333738554e+02 -6.502071562784010439e+01 4.321120152844359907e+00
1.079181494433911297e+02 6.470936641251235244e+01 4.292244947129059796e+00
6.656619406865090127e+01 4.111300730068460041e+01 1.061535936437178584e+01
6.668407688021733293e+01 -4.110222367110623054e+01 1.064189015250299164e+01
1.078350894333420911e+02 -6.475319457046511218e+01 -4.296050698843722593e+00
1.076466510127779515e+02 6.493552893400169523e+01 -4.262275315585970503e+00
6.685915252129433384e+01 4.076505634287488533e+01 -1.064701583228497483e+01
6.640426260888199295e+01 -4.131004887519946323e+01 -1.057529465408010338e+01
1.321567039478801178e+02 8.045231716232491281e-02 1.838763817577039042e-03
3.595851507915755718e+01 -1.255944681464376060e+02 3.582242885036551749e-02
-3.533308678242914169e+01 -1.258037634363847275e+02 -1.583932668884083933e-02
3.592749987463858474e+01 1.254858070588236529e+02 -5.825206881193825681e-02
-3.689028051672806185e+01 1.253967849354814064e+02 -1.691313507937154334e-02
5.750251195384477398e+01 1.127699289765773756e+02 -2.910189619967362695e+00
2.181980801036489481e+01 9.238748828584060391e+01 -9.179728599885773832e+00
2.187292229337442251e+01 1.245711559438935723e+02 -3.478502137875075562e+00
-5.762971196880104685e+01 1.130498103645939807e+02 -2.825991960326415864e+00
-2.184573955168460202e+01 9.255554910489868803e+01 -9.194763352263883860e+00
-2.214807852556849710e+01 1.246566244947326396e+02 -3.529178002901343092e+00
-2.443563509605489736e-01 1.128005022693381108e+02 -7.075122530897502315e+00
5.790624691189980666e+01 -1.128573070157139853e+02 -2.967222056269492203e+00
2.196370467448647901e+01 -9.254478511756865089e+01 -9.203254568548169701e+00
2.182879820278626326e+01 -1.248326621784405717e+02 -3.512254625233120819e+00
-5.829920482121764991e+01 -1.126200381992406676e+02 -3.069809649579259503e+00
-2.168439247665563840e+01 -9.245585176734060440e+01 -9.193077788489071978e+00
-2.205220311706567315e+01 -1.247753855044845466e+02 -3.492728864759458318e+00
-1.274363097862295791e-01 -1.127970613205975212e+02 -7.007327258928146563e+00
-4.840669921579843910e-02 3.787398488941937558e+01 -1.308937197632283400e+01
1.037246172754124202e-02 -3.739908907609918742e+01 -1.297020810655217637e+01
5.768606507626753910e+01 1.126862228937406627e+02 2.924007316686656921e+00
2.171096387255169802e+01 9.240207883951899248e+01 9.168295649625207488e+00
2.199858110048718274e+01 1.245091234718426705e+02 3.470209519474665605e+00
-5.799626439139822764e+01 1.128374707716855170e+02 2.803013789615117268e+00
-2.187103976650319126e+01 9.245012244101587839e+01 9.165832826269129541e+00
-2.209462808868190820e+01 1.247603135984101925e+02 3.539849129997703514e+00
-2.964373693495991335e-01 1.127420574117003866e+02 7.059438458082712309e+00
5.749787367832222884e+01 -1.128677713929313313e+02 2.853760485713135786e+00
2.202354807700875483e+01 -9.240437730715144937e+01 9.163860479110136126e+00
2.183228448731060212e+01 -1.248239896277492704e+02 3.496246989747436196e+00
-5.816296819429374665e+01 -1.126817503940993959e+02 3.076080921822659686e+00
-2.158972639951216976e+01 -9.271208364869427498e+01 9.269265682762572567e+00
-2.204188047928805005e+01 -1.246604950364856848e+02 3.463630753890996061e+00
-1.016143722009898442e-01 -1.128328220075124051e+02 7.036755357543683864e+00
-1.789300685008959890e-01 3.759021541120662846e+01 1.302340393336024071e+01
1.513685926219268396e-01 -3.764495494190193625e+01 1.304941598329729402e+01
-9.195923803530868668e+01 -9.281649082506392290e+01 1.984708182064974569e+00
-1.132879255728942525e+02 -3.391307376716148525e+01 5.476431970716200581e+00
-8.033031477025348011e+01 -8.946379497661284574e+01 5.660879873535935580e+00
-9.058092313590864819e+01 9.454550050273827821e+01 2.018641380138908037e+00
-1.135677367203760753e+02 3.406814564119569866e+01 5.613080636949788094e+00
-8.060540156200670481e+01 8.959253941364605112e+01 5.693781736824061745e+00
-3.610561077844179323e+01 5.939663137996613074e+01 1.178584833855799552e+01
-9.238515898182141939e+01 2.080555521827780296e+01 8.805075814089468267e+00
-5.810137285834392884e+01 7.856564373543136526e+01 9.284731752169305352e+00
-3.402889285638099182e+01 2.251206648320575354e+01 1.271314777473678959e+01
-9.149260180082069382e+01 5.510133611795984621e+01 7.437256961446458092e+00
-3.580831291267087835e+01 -5.932622289658710457e+01 1.177876999561005533e+01
-9.230523284159249897e+01 -2.071491806849731176e+01 8.796632892440038987e+00
-5.755418972580756787e+01 -7.861778964592798502e+01 9.236434068940098996e+00
-3.393414248003467293e+01 -2.257275393972818378e+01 1.272836534070705206e+01
-9.113181105637865187e+01 -5.519398835979644247e+01 7.403386195641621370e+00
-6.864242749147946654e+01 -2.197410404728835157e-02 1.094931553349922915e+01
-9.169226337750389177e+01 -9.303753948615211300e+01 -2.008378275907169108e+00
-1.134024596235953481e+02 -3.396485529552040106e+01 -5.534174972043575558e+00
-8.024937330239180255e+01 -8.945807840596201288e+01 -5.653749087592491840e+00
-1.105429559888934818e+02 -7.254851266014952671e+01 8.072390598932312200e-02
-9.098010995188971606e+01 9.421695903890558554e+01 -1.947931457096024888e+00
-1.135123077304997850e+02 3.388664642454399711e+01 -5.575426797888033192e+00
-8.045563523539729545e+01 8.986346948624024833e+01 -5.671759284327606565e+00
-1.096875988655470451e+02 7.395894865992022460e+01 -5.272533708987991313e-02
-3.613480521556172675e+01 5.959582964940211269e+01 -1.182036202305119943e+01
-9.238569395385812300e+01 2.076380036948477681e+01 -8.796730636138159198e+00
-5.824148644730914981e+01 7.846708411005045036e+01 -9.269110413755182520e+00
-3.409650948712455687e+01 2.287311249426031523e+01 -1.274257976612575050e+01
-9.156072295631685165e+01 5.513299952251138336e+01 -7.513004852333843964e+00
-3.565846441309448522e+01 -5.920586940464502845e+01 -1.172781960561890457e+01
-9.220609477593914960e+01 -2.086664915522078800e+01 -8.759291523686483671e+00
-5.756457642258926910e+01 -7.855456955309915656e+01 -9.277345331704617948e+00
-3.394078219370691585e+01 -2.227536031311426612e+01 -1.273599698215809184e+01
-9.123787608447432262e+01 -5.512223766561690752e+01 -7.398175368209268576e+00
-6.860038596012117296e+01 -8.201347915516631060e-02 -1.092931833504535000e+01
-1.266871147524960861e+02 6.918856711999593623e-02 3.190712164209674295e+00
-1.267217466598818731e+02 2.570280957610058814e-01 -3.191193862196793685e+00
-1.253816899801803117e+02 -3.344086285685311566e+01 2.281260677722832586e+00
-1.255715229666189003e+02 3.350212047576808772e+01 2.385063419031939080e+00
-1.254631215213643145e+02 -3.321654476321941729e+01 -2.305510301252083227e+00
-1.255191948835793454e+02 3.373835234109990466e+01 -2.394642634412355697e+00
9.067936331954480522e+01 -9.381185353586749898e+01 1.928075097653904724e+00
1.139238536336210359e+02 -3.365562197415969337e+01 5.656631027383799193e+00
8.004946099268774162e+01 -8.956368952080684664e+01 5.571689855635268529e+00
9.092002790019144243e+01 9.364491782167334577e+01 1.939919081232004627e+00
1.138525633385255986e+02 3.362234161140631983e+01 5.618638915869931694e+00
8.014101072579431673e+01 8.954854843380709895e+01 5.636675952632812958e+00
3.583825823663267585e+01 5.933654093896251425e+01 1.177439931828566166e+01
9.247462265267114390e+01 2.085406107773150097e+01 8.841648121547901695e+00
5.792147587608317139e+01 7.832895409414665266e+01 9.268744641823024821e+00
3.394699108666470977e+01 2.263817386000156517e+01 1.270353947650930948e+01
9.168425283391133007e+01 5.496673609106667158e+01 7.501287923029403615e+00
3.594201796502513702e+01 -5.940113010525681148e+01 1.180304206100652920e+01
9.236791733529793191e+01 -2.061247658411964423e+01 8.793494325006696144e+00
5.818522048078456521e+01 -7.830740154841464573e+01 9.275181025389274581e+00
3.422294895676400728e+01 -2.259018338677464399e+01 1.275796390747371234e+01
9.191091499568786105e+01 -5.467255861371668146e+01 7.534901403597363156e+00
6.867081074014402020e+01 1.576022618765418604e-01 1.093145868574754154e+01
9.099242240582434249e+01 -9.348526070392556164e+01 -1.889539164554339123e+00
1.137804589895407759e+02 -3.377089828566877827e+01 -5.614414984519725316e+00
8.021774761455658620e+01 -8.943468654730426692e+01 -5.570949923406616655e+00
1.095695239767052129e+02 -7.403560150350014624e+01 1.024053364896342772e-02
9.137772384098616385e+01 9.319767997282610850e+01 -1.912306155533834984e+00
1.138438632120704455e+02 3.365059960144188977e+01 -5.595693263126503503e+00
7.979184424254654573e+01 8.980532229090562168e+01 -5.583383979771175731e+00
1.099955512577286498e+02 7.329444986992292854e+01 -9.530755484571383496e-02
3.606365085068689780e+01 5.933547372330616554e+01 -1.180040942524015968e+01
9.262309385614565826e+01 2.064870603608933664e+01 -8.829415015033870162e+00
5.814046898665402097e+01 7.809051760119268693e+01 -9.175881544486172103e+00
3.414371704084017267e+01 2.275203687706974165e+01 -1.274474367334393499e+01
9.180380839207873578e+01 5.490648614864222310e+01 -7.548436028070362624e+00
3.578903618008452270e+01 -5.930176126508989398e+01 -1.174156728782643455e+01
9.229956001927106968e+01 -2.081851311270428440e+01 -8.750566417994241064e+00
5.785485588856490580e+01 -7.855506833225187791e+01 -9.265527829319966102e+00
3.399974383537553280e+01 -2.241377554107010184e+01 -1.269220274049768449e+01
9.160461050563385754e+01 -5.486033276216276278e+01 -7.449769675171211247e+00
6.868441944224582585e+01 -1.827069409241931786e-01 -1.093064711075808404e+01
1.269829991687832234e+02 1.235948518701138477e-01 3.295321675690749519e+00
1.270011141303292419e+02 1.168133146429571056e-01 -3.306685124508527807e+00
1.257300098924006448e+02 -3.382388585438566508e+01 2.394932123180895100e+00
1.257418013554054710e+02 3.374364575253744647e+01 2.429540871255449375e+00
1.257530918527228323e+02 -3.384988823740514619e+01 -2.410331020771045996e+00
1.256418691585796381e+02 3.398394704384021026e+01 -2.319189858912781954e+00
