1.034913494367940334e+00 9.500748948710957542e-01 6.488812356348873100e-01
2.852333160262274347e+00 -1.308488517286547914e+00 -5.795432067978040225e-01
-1.689911643760269255e+00 9.423179673815142154e-02 2.031411343377184653e-01
1.320936997532831336e+00 -2.461647477193416478e+00 -1.089225704046457244e+00
1.374155746997682392e+00 3.428440585470546309e-01 6.501235091651165199e-01
2.019141110726900390e+00 -7.254373239703011400e-01 1.401780179880649513e+00
5.191608049966254246e-01 9.328590249153848601e-01 -7.215505642088190230e-01
-2.945116930687340373e-01 1.014023054491624887e+00 3.531882805378329104e-01
1.778004487200105066e+00 6.311125976421128048e-01 -6.223899503276215661e-01
-1.539082012310629466e+00 -4.155546270657489022e-02 1.232652206564336828e+00
1.699123931548454369e-01 -1.480689739092432067e+00 4.791759229592538194e-01
-1.916098237881412647e+00 5.634345954166994908e-01 -3.419189441736104063e-01
9.309231356908009847e-01 -1.043012513912795702e+00 -8.033210208209945469e-01
8.638949517932927868e-01 -6.488978420713974460e-01 3.300502834470075975e-02
1.480257945945941733e+00 -8.485057820003264473e-01 9.553224056772172679e-01
-2.634335652096627123e-01 7.729238151450222860e-01 1.474099602021142208e-01
3.865234220764082740e-01 -5.541944992451178220e-02 4.202784698917038653e-01
3.918067912000946888e-03 1.407616117911710152e+00 -6.935898366767225820e-01
8.641093243965096427e-02 4.010158507204034106e-02 2.730636384319921284e+00
7.508400297902421139e-01 -4.841800749501535828e-01 4.438758414313039302e-01
-5.931200044167059815e-01 9.685227778105903740e-01 -1.234266074775878907e+00
6.845362708636146820e-01 -2.026244593317398923e-01 -2.426337929206137389e-01
1.192702644317607641e+00 8.278396920847451712e-01 -3.132649952432504242e-02
6.527647735607551571e-02 -5.324794939635866253e-01 -6.801278451823027094e-02
-2.145843251487553338e-01 9.571139996589904664e-01 -5.212903949684948302e-01
-2.724920908590487412e-01 5.811901594970803053e-01 -2.081928378128885260e-01
1.152519548940174943e+00 1.044049713676564295e+00 -2.647108666794213416e-01
-4.027729919393311514e-02 6.849237170349746495e-02 1.581644570341355749e+00
-3.174824003568267328e-01 -1.157833313146735266e-01 -6.688269383645848443e-01
5.099605292646937071e-01 -5.109251202888308585e-01 1.156366859259406077e+00
-1.059015301533309694e+00 1.457252899749204023e+00 -2.091538144082592421e+00
-2.765312460107703374e-01 -3.722091224843513402e-01 1.636260503045417813e+00
-7.428581544569928807e-01 -6.215709329437651975e-01 1.345863256794057827e+00
1.161982033663212510e+00 -1.292694962215001075e-01 1.134105768449050311e+00
-1.239888187831811983e+00 6.464694573688897217e-01 -9.451460659106004913e-02
1.953970677704638670e-01 -1.671864387168816579e-01 7.053570899495361646e-01
5.179402642143535740e-01 3.826911441266552805e-01 -1.292239555882246149e+00
-3.578100574055926852e-01 9.333271014412729272e-02 -1.129064481971203016e+00
3.143142690469129530e-01 -7.778197368422349323e-01 1.522673951748099996e-01
9.960222514381310288e-02 -5.618898959658503722e-01 4.837922723101434341e-02
-2.089225506627038487e-01 1.180410741846277034e+00 -3.585114624954214603e-03
-1.018582963967614163e-01 7.579316903390036497e-01 7.190129497727090202e-01
-1.793249990964481677e+00 3.758155990653844203e-01 -2.246456684488501221e+00
-4.031372723560315563e-02 1.270593888569707897e+00 2.990798638945966759e-01
-4.564822035733694938e-01 -2.208718505935357790e+00 4.813109275051923319e-01
-2.223835037823393534e+00 2.353686397308510925e-01 -3.036725576952601924e-01
-9.455759455836133531e-01 -3.766017740912320777e-01 -5.743903000091361566e-01
2.010038173909954873e-01 2.464074824525101626e+00 -2.344171449100995730e-01
5.892498749225550947e-01 -1.612010624116220869e+00 1.690613793650277419e+00
1.730755436725210483e+00 2.239850872791572800e-01 -1.226435991157601046e+00
4.301693856813721406e-01 -7.839144800243884603e-01 -1.068127370050527825e+00
2.041556817109415889e-01 -1.098458248538929594e+00 -5.594832762833682471e-01
-6.514116082225026617e-03 2.528593232564506632e-01 -1.399905054841393270e-01
-1.138193752984354434e+00 4.396607236371264382e-01 -3.063905966330423072e-02
-6.158131605881280723e-01 -1.743051948057726230e+00 1.164300608288750372e+00
5.865537491183937524e-01 -6.539010152323491143e-01 -5.644771561184108721e-01
5.961830746940043751e-02 -6.963240811586473011e-01 7.377515628716306839e-01
1.004208265296571978e-01 5.960219905235086824e-01 9.106701855812424640e-01
-1.525058828300540625e-01 -2.426168714301902840e-01 -4.130584342198460046e-01
-7.114368799587936776e-01 3.280215268857917255e-01 -4.028427592646836031e-01
2.140742873748179509e+00 1.221166087295472380e+00 -1.111212618512927713e-01
3.945414614632595796e-01 4.936914054259552986e-01 -4.819992614248835294e-01
1.464245610435199296e+00 -1.728573879162093263e+00 -9.280455795553553822e-01
1.143216245852765045e+00 2.443013415035693303e-01 8.445257934962497881e-01
-3.182455834297288066e-01 3.534377200732294888e-01 1.213306058902248852e+00
3.028827905802129461e-01 -8.005593907457896341e-01 -7.218104709846953071e-01
5.592535353761117767e-01 1.601875682470323303e+00 -1.208289610173019918e-01
4.699058807803793147e-01 -1.353673619898529523e+00 8.205282822967627787e-01
7.942613698044953541e-01 9.024164078318321902e-01 -5.836263487862074495e-01
-2.279558421138358770e-01 6.019458579492524553e-02 -4.735895260435222243e-01
9.843293387599876265e-01 6.161969723434825019e-02 -1.219234509449754089e+00
6.025560301675221275e-01 2.669246220305681483e+00 -6.998079176327850481e-01
-2.502311032575340044e-01 1.428291036680540804e+00 -3.826040452107046796e-01
3.777913306256104886e-01 2.441010208818723271e-01 2.336793510424420017e-01
1.390296733214756442e-01 -1.926176028018467268e-01 -1.003479883936137407e+00
-8.149760268108556804e-01 -1.094836747080325967e+00 6.526952952070996794e-01
2.839799084825668785e-01 -6.930480550237902264e-03 -2.355101522088998145e+00
-1.045065241184449878e+00 4.137815466968109979e-01 -7.298186112150074623e-01
1.334706627873625040e+00 -4.778010506014486736e-01 -4.768036184732261651e-01
-3.827271146683443037e-01 1.299496858801376442e+00 1.208593922241935958e+00
3.432117419985422635e-01 9.861704529998590596e-01 -1.108832787761452998e+00
-3.133920781411323908e+00 6.138999316475302753e-02 -1.854730105736995538e-01
4.297003568937812212e-01 8.092229960927131982e-01 -4.371644942935148381e-01
-8.263582692711226585e-01 5.174082358260316816e-01 6.633568150239178840e-02
-2.963447662075469613e-01 1.325123403314730997e+00 7.431886408292617263e-01
1.576804185857134388e-01 1.555771281964947739e-01 4.922621311213851159e-01
-4.123478361836500211e-02 -9.039606746453832109e-02 -1.381021981974991597e+00
-4.247903433895606207e-01 6.576040039374717039e-02 2.576780874308535196e-01
6.292144393117865553e-01 9.078748391101426618e-01 -1.380946682706676309e+00
6.989279618985544396e-02 1.558062333580379377e+00 -2.565844782822608305e-01
3.419134673013546344e-01 -1.350515978062962974e+00 -3.881547382393673029e-01
1.265465524840225564e+00 -2.171721094464773127e+00 1.281494052646865223e+00
-5.147673958256048232e-01 1.095436071713191017e+00 -3.573654997127437838e-01
-1.067703469957373530e+00 1.797600679989753703e+00 1.070486879346306486e+00
1.850546687632162124e+00 2.556139752337581728e-01 -6.981835114220551197e-02
9.085405954315336485e-01 2.542999764320545975e-01 6.018362261018644910e-01
-1.001429147029099020e+00 -1.001560019146042091e+00 4.040371442718884154e-01
-1.506601635429574426e-01 -2.206059769585570762e-01 -4.771050984085306590e-01
-8.533389906208975750e-01 -1.309334427597825590e+00 -5.173013759174381609e-02
3.614080792646842677e-01 1.442809665723644441e+00 -6.218512878225177509e-01
-1.605008112178492929e+00 5.302711677400809842e-01 -4.943917932844232310e-01
7.116079338905236806e-01 6.009202002376620166e-01 1.348336630345922937e-01
5.069583846391317872e-01 6.067879769175670290e-01 -1.237465175340096923e+00
2.581842696574293328e+00 -1.983945494244685026e+00 5.286756449716003559e-01
1.314572053602496848e-01 -1.132227784110442226e+00 3.889902126401771909e-01
1.089918474569025131e+00 -1.279101970217729312e+00 -2.257630938394339815e+00
3.330284032755416179e-01 -1.668603139182092354e+00 4.968726272100263963e-01
-2.059161746531215975e+00 -7.799480261805883385e-01 -1.311946950829865122e+00
-5.342711699368756229e-01 -1.307130327771982570e-01 -1.335021547479111129e-02
-5.036775117737088969e-01 1.676876496764138302e+00 -1.412303448749250734e+00
1.493956375829118333e+00 -1.096964960795067112e+00 -1.013064765621078500e+00
2.678596106745419481e-01 5.532694123257316798e-01 4.289735308512677703e-01
-1.120425984580639689e-01 -7.585758949140603002e-02 -5.748118544983008560e-01
3.894257214774444198e-01 7.837027965974047161e-01 -1.691789293545889583e+00
-3.261268131019222638e-01 1.289931915593573786e+00 -7.472796187884344077e-01
1.894894819151911491e+00 -1.271584893930059135e+00 -2.127810920043595289e+00
-1.503839049760739843e-01 9.444462174598667881e-01 -9.178073973858821288e-01
1.708955016374795521e+00 -2.497296777972070725e+00 1.048203893569577660e+00
-6.289444039246888662e-01 -1.755609543767908010e+00 1.099576544659710692e-01
9.472060100880962397e-01 1.778065864872297785e+00 8.876718117633654037e-01
-2.408191193318749146e-01 -8.555597153390206433e-01 -8.482628877877541607e-01
6.254230004639164120e-01 1.587469810310481622e+00 -1.408194345565445538e+00
-3.443856473857480338e-02 -7.470318810587699143e-02 -1.355914136214216303e-01
-5.711359820040313728e-01 8.888215090496817128e-01 -5.216222054897683147e-02
3.435775440846654538e-01 5.095407611588134156e-01 -1.243611661701106819e+00
-1.737171279316640282e+00 -6.764145087963783221e-01 -9.348039685409026411e-01
1.595155365792194413e+00 9.211235753415093763e-02 2.062644094274668216e+00
4.007886099386765988e-01 1.022925821216942088e+00 2.083769990283156348e-01
-2.559268761242196599e-01 4.185621155068193211e-01 -6.040303825375328284e-01
-7.416301518938148707e-01 -9.391973734971472698e-01 1.465066464773402410e+00
3.322379620386947119e-01 -3.085294689655041722e+00 -8.162659524751357532e-02
1.378780028363350452e+00 8.927717552593220640e-01 -4.813811192954222662e-01
-1.183106514557773714e+00 1.147723375964273762e+00 -2.474165410815547084e+00
-4.282514099511732231e-01 -1.953417260140081213e-01 -1.820301847933909034e+00
1.542782435342279435e+00 3.860233728621711990e-01 1.454950476205064014e+00
-2.191608710569376561e-01 -2.249972820289827702e+00 -1.484705083711431062e+00
-3.405199752628303433e-01 1.745784541814572044e-01 3.482776831510853710e-01
1.291816935656451282e-01 1.719603271891773755e+00 1.472385725471836881e+00
2.885999043042553058e-01 -1.406618872263834197e+00 -1.608388136122235412e+00
-5.437564725132184584e-01 5.162562318098814496e-01 1.038718783688225900e+00
-1.085123933871205981e+00 -1.620532149936333211e+00 -1.763890867207938751e+00
1.655715535080651835e+00 -1.261716590494266654e+00 5.543007731140003891e-01
8.023930850721214258e-02 -1.534164061713597649e+00 -1.345741085764953215e+00
1.244812128595554519e-02 -3.824742990035053247e-01 -3.218269306904612548e-01
1.053374028265796625e+00 -8.154596218286088716e-01 1.306401488049194981e+00
-1.328983727069986021e+00 6.029180113962984144e-02 -1.633278287607831558e+00
1.210885294288669867e+00 -4.967013661073235165e-01 1.020892798301447968e+00
1.024079639372099448e+00 -1.624607016377381363e+00 -2.129409283627524019e+00
7.302017341418823859e-01 -1.366628455001760445e-01 1.625168156249154894e-01
-2.021759216072300386e-03 3.053629137549436767e-01 -8.547684528568940676e-01
-3.030978999467214274e-01 -1.060614041540504787e-01 -4.664368677467688878e-02
1.223514979293377318e-02 -4.721906553541074802e-01 6.743466636528346880e-01
-9.136829057942555954e-01 -1.165829611134234917e-01 -1.152103018367445081e-01
-1.521438326076533787e-01 -8.780352861367579642e-01 -4.039910767623224874e-01
-1.511778077211177185e-01 -9.214067137023418397e-01 2.052214196153476777e+00
-1.718731660571477970e+00 -2.634354416602769700e+00 6.293277656148187349e-01
1.325789392066545336e-01 1.436412539546838563e-01 -2.806331977335490765e-02
-1.129571084875775622e+00 -7.792426719195341689e-02 -7.478278752693429121e-01
8.657820047547948317e-01 -2.849831792527009466e-01 -8.059815736427354826e-01
8.089149434366887936e-01 -1.416158296494732349e+00 -6.655602910834418351e-01
4.451401534520770253e-01 -8.593413898824802111e-01 1.468544703494375048e+00
-1.267630604102655711e+00 3.175180889814947505e-01 -3.433999346793678020e-01
1.214900667789484023e+00 -1.537155177392906635e+00 1.016890510673211789e-01
-9.009589092554404210e-01 -8.350988358446698179e-01 1.952428797284443851e+00
-4.795422039829547178e-01 -5.897652853812913598e-01 1.533527044293095665e-01
6.232579572710388316e-01 -5.192156270555926545e-01 -5.717437237707414521e-01
2.689800168143183789e-01 9.719908918196086267e-01 -1.926165515874192158e+00
-4.755493856343417924e-02 1.264103773750761883e+00 -1.279073115064782717e+00
-5.345864320550345328e-01 1.845866153534174048e+00 -3.043054910143398462e-01
1.618351355003624148e+00 6.913722628994055652e-01 -1.402778540198515111e+00
1.219576382723393110e-01 -7.276667626930513055e-01 1.797838322515241005e+00
-6.827938074809077884e-01 -2.826191440517151765e+00 -2.269781426103995692e+00
-2.491479781044309283e-01 4.640057582216977616e-01 6.856396337684581566e-01
2.178646112020773684e-01 -1.833188212270650874e+00 1.546483048243833203e+00
1.303882823215324782e+00 -7.830924781952324221e-01 -1.621944992357772453e+00
-1.278327856703795229e+00 3.740982189899714205e-01 -3.115541287964267506e-02
5.314995877634914878e-01 -3.797023704899409879e-01 -1.629072601154765376e+00
-5.309605924722797798e-01 8.876962755256187498e-02 2.208582795337033985e-02
1.596885434010530957e-01 1.111570577957367911e+00 -1.939604852496826792e-01
1.130086477305220605e+00 3.376392573923114870e-02 -1.659512199443896052e-01
8.710160580253319962e-01 8.528157812118184466e-01 9.539267004554170988e-04
8.859948080378843294e-01 3.334117302013640538e-01 8.789306823587129669e-01
-3.913129656117386168e-01 -9.558049321198778259e-01 1.914075500207257807e+00
-9.679446605977211071e-01 -7.684865118849243393e-01 2.250083889295534101e-01
7.783515449718847456e-01 -4.839485841701971491e-01 -2.519812934745468413e-01
-6.732866670038470946e-01 1.486711718858358955e+00 -1.174184526704794118e+00
6.964947130524780095e-01 -1.082962066202811879e+00 -4.520473970161778543e-02
2.277033401157437242e-01 1.076027089276042625e+00 -1.102566716606048436e+00
1.686686739334766649e+00 9.649652305201060765e-01 -5.316388219368690660e-01
2.584277354596566378e-01 -7.326323546383353147e-01 1.133642417114328671e+00
7.991561409265989235e-01 -1.761091403109029452e+00 -3.497001679470242985e-01
1.296900605887905567e+00 1.813352949996858365e+00 1.528168864737195626e-02
3.750682262407445400e-01 -1.399733493317797839e+00 3.291064258226841233e-01
-1.020948995295031025e+00 3.423997491242570246e-01 -3.993279070385209462e-01
-4.791248730375495257e-01 1.247191013632018119e+00 -1.328919603074992350e+00
-1.492661690544756503e-01 -3.504072838360624553e-01 -1.418047795055247473e+00
-8.905168945730054242e-01 -3.815879552522615792e-01 1.111657646176802183e+00
-1.392613815217625950e-01 -1.310575551780654158e-01 -1.367287152117540483e+00
-3.417318350344509259e-01 6.983751742331756329e-01 6.423665044929485202e-01
6.958095354499551632e-01 1.007047082126167226e+00 -7.785331282257328400e-01
8.562279107487938967e-01 -3.654072095458674729e-01 -2.272370091249663882e-01
-8.367373825279454946e-01 1.731215146209603928e+00 -1.260499457050032968e+00
-1.079905366426889612e+00 1.176298961539101740e+00 -1.230738172197492819e+00
3.387170038292829921e-01 1.733978458681924240e+00 7.169229975880425654e-01
4.859340951562183819e-01 -1.541568882115309735e+00 -8.043581605236301835e-01
6.162656714842229544e-01 6.933384763202213863e-01 1.158974487479878190e+00
-6.774196621027094301e-01 8.642398415068844875e-01 3.956285761464795048e-01
1.246952435447967300e+00 4.268796933085614587e-01 -5.481451095981300092e-01
-1.179978044007403248e+00 6.271589312219791879e-01 1.801366875741877482e+00
1.625807628960058704e+00 1.182538086278300121e-01 -1.777112338750208298e-01
8.724080891572956187e-01 3.526136188915751646e-01 2.219887127032245389e-01
-1.322153513458836249e+00 -8.353745402750333282e-01 4.660321247132735434e-01
-1.105293620833680324e+00 3.004664493959609550e-01 -1.367704327357071925e+00
1.989906840951634504e+00 -7.549426156436161994e-01 5.181507053770509907e-01
-1.540160096862180250e+00 1.707479407906083102e+00 1.570010962836282942e-01
4.973740084125740091e-01 2.819539261421512566e-01 7.205421280517397831e-01
9.107825341582348466e-01 3.018052250252034052e-01 -1.467646471440588352e+00
-5.516665753282612439e-01 3.070973277947159463e+00 -2.185591434714020953e-01
4.519653763353775888e-01 -2.277428563437559200e-02 3.039207178126006048e-01
2.113790353692896751e-01 2.220663416460186834e+00 9.550284055703900377e-01
-7.326016454279327128e-01 -8.436885224802470606e-01 9.398645604601983949e-01
-1.329999376645407461e+00 -1.012514169995275548e+00 -2.390946292841725551e+00
1.649046574666848952e-01 -7.770133705504363997e-01 6.561784264861049154e-01
-9.692637566246181668e-01 -8.457942391700296048e-01 6.446766651895871059e-01
-4.377181561982889657e-01 -9.316872006409195051e-02 2.458104001841824982e+00
1.064411956526082337e-01 2.280981463520795227e+00 -1.208130811564045448e+00
7.065684156661816706e-01 4.145932579005291441e-01 -1.873476465209332129e-02
1.408947960499970786e-01 -1.612027175528042644e+00 1.616706522773515786e+00
2.887183189326389399e-01 1.977481654308048009e+00 -1.336134815779691509e+00
-1.061342397659466474e+00 -5.987905054759340429e-01 -1.424500717947097428e+00
4.105519494617161924e-01 2.711138427106303816e-01 -1.016164344275899412e+00
2.809199511507971536e-01 -2.155208012758244696e+00 4.382138022699915703e-01
4.192682746006434202e-01 3.820163527735964681e-01 -6.738152489087693986e-02
-1.238833262862707313e-01 -1.299444366168559073e+00 -2.738242961052914648e+00
3.708822620819492433e-01 -5.685471911137328638e-01 -7.922891247697565198e-02
8.628082090568722773e-01 3.849800275587708098e-01 6.553132246801284255e-01
6.386645470557972271e-01 -1.427294918015942438e+00 -5.197759589537095382e-01
8.301184830045775787e-01 -2.909248220125941198e-01 6.057380821850467667e-01
-2.503114559032045161e+00 -4.878274835393229258e-01 -4.210960106435778227e-01
2.298975845718131406e-01 5.638704347370243619e-01 1.148431533289179018e+00
3.201103709423919752e-01 2.027906399212671129e-01 2.120693603381216263e-01
-5.594245144775770173e-01 1.312577385222420734e+00 2.869966251358828102e-01
2.318470378758081749e-02 -1.539048516951550205e+00 9.390360214913548442e-02
1.128344446321023486e+00 -5.668389619785638711e-01 -1.236077265629210720e-01
9.618054707778115331e-01 7.159793604560275859e-02 -1.484772832447658064e-01
-9.190335458128360280e-01 -1.829439306281340771e-01 1.302470616208984966e-01
1.125103845950296444e+00 2.095174035715544059e-01 -5.336342704343640664e-01
-8.622119399587708788e-01 4.718300863999100869e-01 -1.522252871546091013e+00
-4.025772950222128443e-01 1.853388455518546918e+00 6.067771434111790541e-01
1.374728788442727057e+00 -8.754857920978138530e-01 -8.715626062781124395e-01
8.383289216903615504e-01 -1.027926447366117824e+00 6.724198258047618948e-01
-2.360462388373336218e+00 8.159548875670141754e-01 1.813361906276117763e-01
-1.608057928027588401e+00 -5.209659700818253247e-01 2.070204419508015481e-01
4.764913696570819979e-01 -7.604510515257599801e-01 -1.167998511543533402e+00
-8.860714229619909288e-01 1.104032845990076339e+00 -6.048531900594031896e-01
1.692975824115573236e+00 2.519196295167858146e-01 -1.725698084540513655e+00
1.060088773223268666e+00 4.717448906893026428e-01 3.257600935003478471e-01
2.582794105804341545e+00 -3.518263419075822740e-01 1.869335518628657267e-01
6.427001546525298314e-01 -6.178021636170519804e-01 1.216369152567181144e+00
-3.965241691365092858e-02 -1.587057831738708735e+00 8.537891259016928691e-01
-1.009152657279676735e+00 3.000662353802465709e-01 4.039201859302629094e-01
9.799844459997572033e-01 -2.711844493357051800e-01 -2.940679248440297155e-01
-1.309663311378938821e-01 3.749853583939074531e-01 -1.067006021710962260e+00
7.812614128854901141e-01 5.855708090950277091e-03 8.657107508085931658e-01
1.233959724443677075e+00 -6.619250721556414752e-02 -8.807192053749350880e-01
4.404924362793641857e-01 -7.073884746155237879e-01 -8.758280013461624547e-01
-1.580736557993349667e+00 -2.386911947048137306e-01 5.620143153552029647e-01
-3.888518984558991254e-01 4.878122949833544331e-01 -4.029642947404038500e-01
-9.118723574770527529e-01 1.007344074218247565e+00 -2.317413237982318408e-01
-5.276603560286138861e-02 -3.566575293754581377e-01 3.543041998175895380e-01
-1.039475465289060097e+00 1.045465491751368381e+00 2.372915193697248404e-01
-2.852721573442738856e-02 -9.943404621168997481e-01 -7.699074162009661437e-01
1.201470693366648357e+00 4.115905751739822316e-01 -1.396414674491840424e-01
4.321728962678029196e-01 8.093426039652285020e-01 8.070125388073453587e-01
1.042545246037975382e+00 1.107971453240825133e+00 1.670693514491955467e+00
-6.372858272474337671e-01 5.052220152737419978e-01 1.799039487818137273e+00
-1.371895487682021297e+00 -1.070715415806991366e+00 2.058664664411673506e+00
-5.690221858658467413e-01 6.022135117835848428e-01 1.665757346289456764e-01
-8.813528226056065451e-01 6.450018350162447511e-01 -4.781207748335879193e-02
-3.633594075387803768e-01 -1.044694755026080779e+00 -1.241663792143292477e+00
4.438380461684501288e-01 -8.056019975478543316e-01 -6.145313654159505479e-01
-1.095269439137365408e+00 -2.236016994997320317e+00 -1.170264196712618388e+00
-2.002702354210015745e+00 8.942577916978813324e-01 2.463234335780588591e+00
-1.088326761334197645e-02 -4.697942768558280857e-01 5.166693173228762426e-01
-8.522177909596961864e-01 2.443717168085273173e+00 4.334406005797816208e-01
1.657795649610610544e-01 1.192691351561197877e+00 -2.028886858419847450e-01
1.632070363778065636e-01 -1.836688045356369703e-01 1.315364532371388506e+00
8.514623260632401269e-01 7.110571057143881823e-01 2.898433457052206341e-01
5.601272411288839015e-01 2.020992307768395835e-01 -2.346347188374786341e-01
-8.003637748585200329e-02 -2.314655295123310808e+00 1.524723919761900026e-01
-3.825606386695726835e-01 4.161400679227323374e-01 -1.785184135715637554e-01
6.246550318444444860e-01 -2.374076889722736894e+00 1.293143115321520042e+00
-4.887058087043172350e-01 -1.441277290005574807e-01 -8.673783020877941230e-02
-8.241404323164014389e-01 1.639426621335084155e-01 5.163647815606936531e-01
1.505546774175508529e-01 -1.427847517925671106e+00 -8.491147727476748841e-01
-7.843554289961637838e-02 -1.140842491505745571e+00 1.641140174118471240e+00
-3.990399822711444555e-01 -2.144575876572044626e-01 1.688733983671895977e+00
3.018134717702491976e-01 1.795377527806972129e+00 -2.711344565032287601e-01
-1.024537551166391003e+00 6.290510271551896793e-01 -1.158672226942071060e+00
-7.758372064411293012e-01 -2.753978577098983860e-01 -7.734714623033123182e-01
-2.145137837734603925e-01 5.019176615737124258e-01 -1.147152088829686223e+00
-1.075525290664008926e+00 1.408186612390273984e+00 2.653920581066512296e-01
-9.546946254548756283e-02 5.332448812465331311e-01 3.795158244803758518e-01
-4.257206387548967963e-01 1.325321515089247892e+00 -6.514229894598007053e-01
4.374208177068718562e-01 -8.224087975110858650e-01 -6.330456121940654102e-01
3.977009870077993225e-01 -1.932550259502507084e-01 -1.723198861894076617e-01
-3.152113910540111363e-01 -4.885732910738803114e-01 2.942294251373346325e-01
4.226359097337089588e-01 -6.924152484796313178e-01 -4.765206119324457562e-02
8.815550548787849383e-01 7.965102808825669234e-01 -1.269251526089029580e+00
9.751256729503643417e-01 5.205393745579363074e-01 8.459834467926998780e-01
5.974386978443390062e-01 -1.455320735843149027e+00 1.568343201927463904e+00
-1.679482646468058782e+00 -3.826540987730986387e-01 5.613348759150822431e-01
-4.498316038013770446e-01 -7.114543734441072242e-01 -5.072577728421270166e-02
-5.899611440444517685e-01 8.729107917179232956e-01 -6.900337835784492446e-01
-8.562497133755149203e-01 1.172498791384836841e-01 -3.346544477569242115e-01
-1.453410977105015656e+00 6.731166065583030766e-01 2.432741222899072742e-01
3.110819937759374820e-01 1.615103966387731127e+00 2.123474910692242645e-02
-2.576172065521464827e-01 1.514586271513962690e-01 -1.492041681044405266e+00
-5.783314823997931509e-01 -7.414883088105377329e-01 2.834170766592840618e-01
4.288167603648758153e-01 -1.463414280565273451e+00 1.349058930391249245e+00
-6.200942512551627095e-01 1.618603350397904705e-01 1.204523369237820773e+00
6.073680316674504587e-01 3.559292850985238399e-01 -1.639600792598803203e-01
-1.296293984720887194e+00 1.524609257964769871e+00 1.530395138855309145e-01
-4.960609038318893882e-01 1.199015322638793180e+00 -2.179858949338623564e+00
-3.547773611150204509e-01 -1.510089667478637487e+00 6.294218241185315366e-01
-7.708097267131929220e-01 -3.879664507284315556e-01 2.940848331676724214e-01
1.390199484243652917e+00 9.922515336828990895e-01 6.812325857116782180e-01
-4.799956926477506602e-01 3.881192094776831913e-01 -8.183663342207004865e-01
2.568087698938916752e+00 -5.672248088953238954e-01 -6.546034820557052880e-01
1.705406359219089341e+00 2.182079476531456841e+00 -9.872241225719809998e-01
-1.532572627238219187e+00 1.236483133686608227e+00 -2.014394916366598343e-01
1.035461488273311526e+00 3.214360329145226625e-01 -1.249925335451558261e+00
2.884403630064337198e-01 6.321832635771591491e-01 -4.472729578506584591e-01
-4.768932921581038875e-01 -4.492627375720595895e-01 4.355462765883313381e-01
-7.499804457675364189e-01 -7.102946239614509327e-01 6.881225479230334008e-01
4.490206147531464187e-01 1.167811575262747370e+00 4.522605938942902970e-01
4.182719244254483049e-01 -6.280035551828262730e-02 -1.284731467676796024e+00
1.123688131018525604e+00 1.585542832183385986e+00 -4.933313513373016601e-01
9.271708950870845012e-01 -2.702901782510146456e-01 9.576483043262676853e-01
2.729639391455177151e-03 -8.341950177597194926e-01 2.386195804410140217e-02
1.930232796625883096e-01 -4.728428004783685190e-01 -1.658394964645403036e+00
-2.183784191528163277e+00 4.019180864895244287e-01 -2.546582002130115541e-01
-6.409575327636001241e-01 1.698233049186390398e+00 1.312514715108180630e+00
1.562106995489582095e+00 -1.073497990412411118e+00 7.942924608652651708e-01
-2.560597047357710543e-01 1.392037343370917946e-01 9.920248732362382804e-02
5.075749553347489590e-02 -1.625567936658241175e+00 -5.066776589205342907e-01
-1.511328588224483349e+00 1.482227854307721859e+00 2.079525838710087338e-01
2.366383165966551572e-01 1.035022666877001507e+00 -1.878995123106297571e+00
-9.419307753028696717e-02 6.209148941453362935e-01 1.395031646289917937e+00
-1.755096135272906088e-01 7.067872582830083683e-01 -1.129535511079688137e-01
8.878977281581663661e-01 -1.142213087198885813e+00 2.863140274559977660e-01
1.258199692032828887e+00 -8.946836474502186665e-01 -6.860916752250713069e-01
8.869926013089685091e-01 -1.225408979199479109e+00 -9.932754333521350842e-01
-6.944736650169949232e-01 8.184665087070586154e-01 2.029494931008219150e-01
-7.106344142705297573e-01 1.669503038013046670e+00 -1.079876339304279842e+00
3.719497270830268709e-01 2.451769757498605817e-01 -5.288581574795074847e-01
-3.086273451893589925e+00 -9.611062062760235003e-01 -9.713391986711238379e-01
8.469075927716003260e-01 1.557326043778844316e+00 -8.657274953535475381e-01
7.295645093130795344e-02 3.234573028498418101e-01 3.871108616961210780e-01
2.790153412133336008e+00 3.190869889456336428e-01 1.792317670963602394e-01
-9.499971178692097062e-01 1.672182906771341626e+00 -1.081557009210747600e+00
-1.414227445510360948e+00 -1.500390411218499143e+00 2.739665779607947660e-01
-5.475953571893277250e-02 6.680347750708741650e-01 -1.263207728819585041e-01
-9.523979090539812509e-01 -1.668415811283381567e+00 1.276008449602550332e+00
-2.123438292688575757e+00 -1.370346189450242447e+00 -1.512792831513775083e+00
-1.575330679839121562e+00 -9.670327822569900478e-02 8.188514454927816599e-01
-8.527898605450027203e-01 1.977085349866914088e+00 1.767392561078252600e+00
-5.876588501351318605e-01 1.077103311437382027e+00 -2.663373502297874396e-01
-4.244710114309204751e-01 2.181713517868871133e+00 -7.667347432701209220e-01
-5.398050311222494235e-01 -2.226243627095493283e-01 2.181908369783790658e+00
8.753160545717012520e-01 -5.684281532126587155e-01 -1.107910671920185885e+00
9.590356723949181594e-01 -1.105022859229453924e-01 -1.123056521607323610e+00
-7.768452227923561271e-02 -1.019232246710978451e+00 -3.384086012200931415e-01
-1.865246467515928819e+00 2.325413462496407901e-01 1.626756278283598700e+00
1.641697084627672387e-01 -1.596935036138069419e+00 1.257516806051818703e+00
3.859916065048052958e-01 -1.503403335289726250e+00 -1.311148272853975394e+00
-4.504146087194280113e-01 -1.008437933517412510e+00 1.729359788002339471e+00
-5.383043475421954716e-01 -1.277275069420181541e+00 -1.155080665681951668e+00
9.866893295429497723e-02 -1.073954943910708337e+00 -6.886866047127642165e-01
4.869602604560266945e-01 1.875085166131808645e+00 8.218564040214308697e-02
2.836039019505316006e+00 -6.249388241236344399e-01 -7.539194750691302627e-01
-1.775979036691727408e+00 1.914109418548770314e-01 -3.223682657983469035e-02
5.083646138032592576e-01 6.841425818494999422e-01 -1.384403981685708107e+00
-1.648414949333150581e+00 1.782774545659525922e-01 1.215822030760395495e-01
9.770690769691297087e-03 -2.119596729244605626e+00 -1.107624200767581168e+00
-6.667130306639320603e-01 -1.073358008558720877e+00 -1.022925299951628064e+00
-1.756362828828674782e-01 -5.026702695041997959e-01 -5.257500564511892183e-01
7.939053685961061646e-01 -1.545444383373535624e+00 1.998670082286967686e-01
-1.289428193337994966e+00 7.380002790887872921e-01 -1.171931503029681076e+00
-1.993144628049456357e-01 5.303999565632755431e-01 8.805403521093253527e-01
5.878596392059427522e-01 2.166286207653998416e-02 1.686388266773591882e+00
-1.348118723086721982e+00 -2.945333595620708289e-01 1.620593785443247281e-01
-1.431475847574429083e-01 -1.056534899925438253e+00 5.234907081595271405e-01
6.990463608118644423e-01 1.506188920079502003e+00 8.923161734074176454e-01
-7.945117906272555208e-01 -1.115065444817327167e+00 -6.953589764469545464e-01
-3.607515439734732543e-01 -6.268529196802387071e-01 1.447637263931460527e-01
3.535470685533960711e-01 2.759493697654729072e-01 -1.825248908087260480e+00
1.820386094838843283e+00 -7.941711106780757756e-02 1.230359135538666049e+00
1.091248916757040277e+00 3.977640485571076745e-01 -4.495329235892137620e-01
9.010367952114529608e-03 4.038319495235485057e-01 1.717370104811980269e+00
-7.657218932489716634e-01 -1.087237871186495508e-01 -4.615953864376072247e-01
-1.633582781493100877e-01 1.053569443740309586e+00 1.869760665000589628e-01
-2.426749443708886567e-01 1.135842037638765123e-01 1.715991281543352454e+00
9.217018054592471810e-01 1.388325057837554111e+00 3.987228637238795365e-02
-9.127893426630456775e-01 -1.799269244282621250e+00 -8.439165568698376862e-01
4.104580414845970249e-01 4.401627522756819122e-01 -8.077621252160408494e-01
5.507284208777014634e-01 4.163713143609952261e-01 7.755454107590237234e-01
-1.479283124757486467e+00 -7.163306886023028675e-01 -4.092659055468571005e-01
5.360238998099504937e-02 2.547997617797221892e-01 6.754373111281231079e-01
-1.495634106540959740e+00 1.235600110940325180e+00 8.992563626991367798e-01
7.551504589000149759e-01 -9.029239040404986316e-02 2.375393348238087898e-01
9.694763056855760786e-01 -8.300540912669744920e-01 -4.919104000319742820e-01
1.777715000416312530e-01 -3.469399772458911513e-01 -8.747063444497851781e-02
-1.756503518238088923e-01 -3.198108731684342620e-01 9.031867027024265138e-01
8.142053569078104847e-01 -1.138460424607963706e+00 1.114708145705810560e+00
1.925771180268792238e+00 -4.445442485546617917e-01 3.692639447813514941e-01
-2.060293530116646954e-01 -1.048031262963772692e+00 2.197316127246874640e+00
-1.759205420707902201e+00 -9.840222508917837452e-01 -2.919314593181980277e-01
-1.160239308202793973e+00 -6.553019133572904886e-01 -3.541053711124334535e-01
-7.306132749641438551e-01 -6.322914038260194491e-01 4.322369640227403664e-01
-8.580627447289669307e-01 -5.914284419370637869e-01 -1.112880677364993298e+00
-7.751415309824720712e-01 6.305292331235116121e-01 6.881946591375351918e-01
-1.191261053353617344e-01 -1.475293466395492525e-01 -5.032318063409337849e-01
1.648224047696330297e-01 -1.076352849526931221e+00 1.607089102490558030e+00
1.771990922600105156e-01 -1.302665721363482243e+00 -1.041002572827822270e+00
-7.676181793430398859e-01 9.781407406914712777e-01 1.071936930783855990e+00
6.923868957121663836e-01 5.935259514773222334e-01 4.658709162476563637e-01
9.791036196856605089e-01 -1.009477792961736675e+00 -7.255188995066037538e-01
1.075850478550802292e+00 -4.602473950681099657e-01 8.720863314438411784e-01
-7.024953873065131749e-01 -7.777827460155909423e-01 2.341903051553136272e+00
-2.092262307819988010e+00 1.097930456346293271e+00 6.741575919103416359e-01
2.551335787529277616e-02 -1.630236622559644299e+00 1.163933590002352636e+00
-1.728302988509357707e+00 -7.392215330030030840e-01 6.296461004527835748e-01
-4.954994394268670554e-02 -9.900527291090301940e-01 -1.611390364436025679e+00
1.198706401539847421e+00 -2.048393470611175271e+00 9.734895020373645069e-01
-1.933962992898194955e-01 -2.710600357262042071e+00 -2.545363143412915363e-01
-8.344560590254547217e-01 8.874749821929561744e-01 3.004465025111165422e-01
-6.683956020412393784e-01 1.199156055779606378e+00 7.768504581217035021e-01
7.194122747723223910e-01 -4.554553891486616268e-01 1.737857857997926248e+00
3.555857806543744060e-01 -3.986263193645645520e-01 -2.153531037717791197e+00
-4.013841013179179629e-01 1.141379964594314428e-01 -4.852237682822190257e-01
-7.004487123480995781e-01 -4.118762535066189390e-01 2.455201863253890782e-01
-7.030287622857271934e-01 3.795355680183049585e-01 -9.326935510975111754e-01
-3.163371312309286587e+00 -2.052443518373410769e-01 7.141462768829639485e-01
-2.122343706411468356e-01 7.255824787341561555e-01 1.831775218030194385e-01
1.859329277779595835e-01 -1.530554253808863729e-01 3.751677097375900882e-02
-7.369829110918473258e-01 -1.550305395901423744e-01 -3.867702641988253753e-01
8.275329296051112671e-01 1.958843656238150599e+00 -6.331981225445987294e-02
1.219068437256449089e+00 -4.873699296345161969e-01 3.268914916592536302e-01
-6.502654856898483215e-01 8.662704212002449999e-01 1.096761221287471111e+00
1.206437494578633807e+00 -1.324106216177211859e-01 -5.339026596136894343e-01
4.052899080942630183e-01 -5.455281924716051112e-01 1.293755307671633048e+00
4.327668562596383994e-01 -9.126211333571708773e-01 1.386270459853856385e-01
5.390340728838423079e-01 2.401451900017347985e+00 3.634689718134615499e-01
2.377828231907196804e-02 2.332504645128473386e-01 -3.625164459397992589e-01
7.044476237808766639e-01 8.076852728280057292e-01 5.600327356628288789e-02
2.733303798685212671e-01 -9.324066540995075147e-01 1.948758253235342464e+00
-9.401542486611743632e-01 -9.294741503061429988e-01 4.428053653136285184e-02
7.078276630689521731e-01 -6.375529840912725899e-01 -6.065299137132431628e-01
7.491619538855633920e-01 -6.023709558076444093e-02 -7.355735425760624446e-01
2.915919658712323725e-01 -5.680841494148732851e-01 -1.653159395925718256e+00
6.578585678686431626e-01 -7.429823644738295374e-02 -2.297029266222290478e-01
-6.319977356775882682e-02 -1.646174665226618261e+00 2.559229326375893621e-01
1.237286665971539801e+00 3.826327474582492671e-01 -3.393996098989453536e-01
9.582172623470963657e-01 -2.101806435976563692e-01 -6.331012693989789275e-01
1.457746175307493397e+00 -6.772078840973844160e-01 -4.258207993637586619e-01
6.664523719488737452e-01 1.967998286610146003e-02 2.399910746330593980e+00
2.639026525881713603e-01 -1.847847027491689165e+00 3.357950820770009281e-01
-1.092007464252461979e+00 3.775730800273749410e-01 7.670223885759730464e-01
6.261689355610748908e-01 1.626275512796294398e-01 -9.469699666351230061e-01
-7.622142705036740740e-01 3.024046599706224914e-01 -7.835683804257562723e-01
8.430504693349842871e-01 -4.539985991534232213e-01 -1.064867438003663791e+00
9.449567539979644715e-02 -9.294812477261045203e-01 -1.709833889706746213e+00
3.977761885824187549e-01 1.393749747278221873e+00 -7.289033160643927367e-01
1.667172833870990134e+00 7.360798069455553039e-01 1.010261692790771049e+00
2.201338490191171449e+00 1.043642071339876853e+00 -2.117389837551741039e+00
-1.198274640271253522e-01 6.702573089872186918e-01 1.451315681019970993e+00
9.105617252583148025e-01 9.578019663948966755e-01 -3.385593590691891586e-01
-1.373009987204529825e+00 -6.194937521563094185e-01 -1.009196937133535643e+00
8.353523032200222964e-01 -9.567680564068892224e-01 7.119086055990496709e-01
-1.494768007820231448e+00 7.043456029513558425e-01 2.007985937500424534e+00
-2.194533090191659874e-01 1.865051082315231312e+00 -5.824934901153623334e-01
-3.163360607831792182e-01 9.599307472505066996e-02 2.117195969446973969e+00
-1.482560546102361432e+00 6.809632024488695423e-01 -1.870450353075832628e-01
1.520362297680607176e-02 -8.543748103982082287e-02 -3.261558198419310939e-01
-1.270941221522357445e+00 -9.885942377249110069e-02 5.141406034416001747e-01
-1.058560684878205246e-02 -1.342846099892933909e+00 6.968938059739826496e-01
-9.095234300277810213e-02 9.863874446254913275e-01 3.451915475521878940e-01
-1.018438809129858402e+00 2.181435007036652829e-01 -6.304694077841259681e-01
-1.665813710187166841e+00 -5.126862077815236285e-01 -5.252077378907946681e-01
1.742800423914822705e+00 1.634229573421108750e+00 1.478352089384331880e-01
2.283747068329355923e-01 1.413592999210439238e+00 -6.759880357111314186e-01
2.954092586318440294e-01 -2.821511121500687169e-01 -1.017778798232961135e-01
3.608426378343443930e-01 2.191247093749507657e-01 2.310642782081285818e-01
1.159289844892237964e+00 -1.435050512343889473e+00 -2.432519603513433104e+00
-9.324405841971192821e-01 1.193331328956791504e+00 2.124425781536301461e+00
9.453299356398479070e-01 -7.139122734484251165e-01 -2.403265302269652182e+00
-1.379921580375893075e+00 4.510656113357142671e-01 2.224437054463512531e-01
4.094163546552224697e-01 -7.083215667736336707e-01 -3.630398719158140549e-03
-7.180464967837908441e-01 -8.315389970569508904e-01 -1.102128862356579031e+00
-1.684835767780116025e-02 4.157700263324726753e-01 -1.766308057629064843e+00
-8.379469984264233950e-01 -1.654116956824103646e+00 -2.015461287974383620e+00
-4.495942015417288551e-01 -1.667534602811967082e+00 -1.938844890053231129e+00
-1.721541369841792957e+00 -7.542628963915719575e-01 2.675447877971932620e-01
2.727628713568752694e-01 -1.072053543721911861e+00 3.724627182085022969e-01
9.481084798616161782e-03 1.611507985146227284e+00 4.849263257346260736e-01
6.970982877634406272e-01 9.554915450131276078e-01 1.230971360761169642e+00
1.049174348132334567e+00 -1.898646356001141566e-01 4.545492755664045093e-01
5.966161877011918468e-01 -8.878354252972250338e-01 2.463346505990454904e+00
-1.198479784212304722e+00 4.930549601752486355e-01 1.295129501189023369e+00
1.436255640512818843e+00 -6.833794775139987454e-01 8.593425247853800353e-02
-2.055095530123249858e+00 -1.594936905986741538e+00 -1.248476582318818195e+00
-6.541918134897033443e-01 -1.760676406689049289e-01 -1.432029433339219393e+00
-1.890333569465220354e+00 1.420187100333477614e+00 -1.405627581973737827e+00
-3.449466007610363927e-01 1.006601440388124935e+00 -1.446879725870199529e+00
-2.590976450292848954e-01 -5.776111420298501997e-01 -8.622509394981402453e-01
1.467829456021481072e+00 1.062936391761897026e+00 -6.133261696973916210e-01
1.987183890473632197e-01 1.702982138629211217e+00 6.827141875159201678e-01
-1.204632596015820623e+00 -1.176427437811923937e+00 1.716710739421568183e-02
-1.287630321637619257e+00 7.698288653980725482e-02 7.132585045173591709e-01
1.748907813911535714e+00 6.513240085107806498e-01 4.749870031536023579e-02
7.154719869519768904e-01 -9.961361426516780471e-01 -1.464332987570498457e+00
2.514068810096029699e-02 -2.665785873976642240e+00 6.384651981843404434e-01
-7.450611720025897000e-01 3.943172672898488940e-01 1.199425925309729690e+00
-5.922493407070975602e-01 -1.085183379654879099e+00 1.484281729973888853e+00
-3.447511975256604688e-01 -1.114965350816335299e+00 -1.072065917035815552e+00
-2.361373161989040736e-01 -2.651918806894506542e+00 -1.992042509200521727e-01
-9.984714677652311021e-01 -8.138740477713185539e-01 7.906781441418136991e-01
1.814680339805178733e+00 1.412118105306105820e+00 -1.552509320905370416e+00
-2.602952797617892888e-01 -1.433257094851084101e+00 -1.069652244164218002e+00
-1.260420166489754745e+00 3.517604822998953717e-01 -2.756092196201796463e-01
-4.504609996300520391e-01 -7.593518528714212623e-01 4.517095247614836412e-02
1.256158953854253246e+00 5.382111849176930418e-01 -9.474534101089120142e-02
-6.370309477281405064e-01 -9.006988325513675120e-01 3.826064810876778077e-01
1.117005256270108937e+00 -1.458159724756940445e+00 -1.133871369712577515e+00
-1.400494181396487736e+00 8.096438606357331258e-01 -1.011059691424565754e+00
-3.436769445243648136e-02 9.272802457732642889e-01 7.695400710023145852e-01
-6.459964212605313616e-01 -1.223452029080522641e+00 7.395952180583836855e-01
8.015051951040013112e-01 -3.067627056923840634e-01 6.959603628239027229e-01
-1.805913389303414940e+00 -4.633136922485160680e-02 -2.676407554025924118e-01
8.064615693457641843e-01 -1.242090052631732222e+00 -3.549355918132447996e-01
1.917636427974323876e+00 -9.456227217438466504e-01 -1.196688000403258290e+00
-5.928981844253881084e-01 9.929843005712171156e-01 2.630062738249947518e-01
3.585578443799635195e-01 1.682160245810530030e+00 -7.952841174599662999e-01
-7.851781477651592622e-01 -1.330849159519307934e+00 -7.800935764742022993e-01
-1.721457429968650699e+00 3.416994970530787823e-01 7.871699650526819969e-01
-1.143040935196269592e+00 -8.504729226132204944e-01 -2.519478798939721598e-01
1.515007473936718529e+00 8.761103171433012315e-01 -1.196091184132481278e+00
-1.869772177640922184e+00 -1.119001266333014832e-01 7.789704627414233418e-01
1.459911675414018006e+00 5.150780356719967257e-01 6.496730132399514135e-01
-3.029253564841703494e-01 -5.497383140385656564e-01 7.250736252123117787e-01
5.746926037343160765e-01 2.276082467807711285e-01 -1.267025846261189637e+00
-3.410238160903290572e-01 1.233500452281190540e+00 8.293901075989655591e-02
8.566317560508049933e-01 2.234956240401980043e+00 1.799064456994860617e+00
-2.952911893542868593e-02 -1.128169218286186881e-01 1.661780295471330104e+00
8.016772696143209531e-01 1.718704631411148043e+00 5.914688585015313166e-02
-5.977779082674510303e-01 1.261202204644367719e-01 -2.159298698865949273e+00
7.092793782906212097e-02 -8.875045580488677421e-01 1.233377785945444005e+00
-2.474104962754538395e+00 3.783216341229294066e-01 -8.707553189537328153e-01
-8.028768173215486414e-02 -1.479583725947797079e+00 4.647436810009025199e-01
-2.796099726925931894e-01 -1.406150705352957608e-01 2.609500435823341458e-01
4.123355082153435380e-01 4.793937594745505959e-01 -4.301831406402397695e-01
-5.678032689929859433e-01 8.207697914318473620e-01 -1.295076586854367662e+00
-2.106677702048581402e+00 -5.828387652909452488e-01 7.839754247276012888e-01
1.435585820667422963e-01 -1.585295247955915698e-01 -1.232697421918121483e+00
8.735103150384400106e-01 5.596766997929857324e-01 5.384350831566870887e-01
1.914276910795425835e+00 5.008343243615451801e-01 2.978847905305988530e-01
7.487883097236546215e-01 -9.537740394732455163e-02 -5.375745786153386385e-01
-4.244819866323257251e-01 -5.537582282361314112e-01 1.077627407206518839e+00
-1.539739376457992970e+00 -3.903032710159261565e-01 -1.607051930759946012e+00
1.503129995929860796e-01 3.815532387311098561e-01 5.475051297431864361e-01
-1.148951890781949592e+00 4.657713914939115574e-01 2.205012612870069777e-01
3.886091255838331482e-01 9.412854848477589798e-01 1.201906073819737131e+00
2.696921406475574212e-01 -1.743287140287935966e+00 -8.202357664230076617e-01
-1.625601861516006608e+00 -3.757704502349644149e-01 -2.834891355774651900e-01
1.719661632059471534e+00 7.763280169977750944e-01 -1.420359887027598189e+00
1.606028301943852599e-01 5.685497208526323343e-01 1.392768511458559066e+00
6.387684975930234543e-01 1.423306188448023729e-02 -2.833264701100168259e-01
-3.067498525590943159e-01 3.240474099072243597e-01 -6.273290109348602650e-01
9.635414843813645547e-01 2.726126158131531585e-01 5.663131871541376983e-01
-5.856258605562318920e-01 -5.052407520705134436e-01 5.856954316389954007e-01
-2.544033147048572752e-01 -1.477241314685587836e-01 -5.418741391886351400e-01
-9.517359296238514510e-01 1.877833959849106449e-01 -1.320390939414285869e+00
1.188188163066401959e+00 -1.557693124795336281e+00 1.489407392340430236e-01
-6.142577389385610598e-01 -1.717506457183612945e+00 -1.420880094167519259e+00
6.830017021196165272e-01 -6.364505598434735401e-01 -2.965165492628806243e-01
-6.305136554062656939e-02 1.228810845920589756e+00 1.089211458514103698e-01
1.135798869275327361e+00 -6.356716363973838879e-01 -1.279132350578460642e+00
2.361074805629168050e-01 -1.204924994586068721e+00 1.101795814140142937e+00
-5.779188229755720663e-01 -4.392007456040427082e-01 -4.978988498729485235e-01
-1.481260378455024229e+00 7.642917343678838904e-01 -8.759553004653793939e-01
-8.621645956991433879e-01 -2.517285254895697655e+00 3.434533787191940690e-01
-5.724108575731913229e-01 -1.965805523388347575e-01 2.956129563730149901e-01
-1.245103630257056393e+00 -3.968063463752217329e-02 5.562715066078296466e-01
-1.775758909037273181e+00 -5.576456627767634178e-01 4.481329187753244625e-01
1.826901451588165692e-01 -7.473733918885813177e-01 -5.412975092453612413e-01
-1.842235304638789942e-02 -1.034363566155280134e+00 5.937742637465006634e-01
-1.577738296453753852e+00 -8.593525495785246937e-01 1.320631923782416894e+00
1.062801080330211256e-01 -1.815761277917230077e+00 2.773964737772449118e-01
-9.934663116234476732e-01 -1.368762372985519615e+00 1.606259211475142390e+00
-1.754238868892326275e+00 -1.649250012935643106e+00 -4.645342551353566218e-01
2.138612955069062460e-01 -4.645755687949530977e-01 6.587597615431215470e-01
7.215509214278091887e-01 1.882523375306846825e-01 8.436762459294283589e-01
-6.593526634120078223e-01 -6.714154169204739064e-01 -1.066057889223047228e+00
-5.770447058524438289e-01 1.933000141094737001e-01 -2.074244979534962230e+00
1.320875059037490140e-01 8.978330482992388228e-01 -6.712512675474409107e-01
8.671669530236338908e-01 -1.687161570059851901e+00 -1.278187012113373600e+00
1.534561415082883684e+00 2.251921821638176446e-01 -2.173511200570020230e-01
-1.035022391349964099e+00 -3.256700733546217807e-01 7.782285772154398096e-01
-1.552398542449993757e+00 -4.186306215821815058e-01 9.658712900719955696e-01
1.076442357643334180e+00 -9.223662914482173569e-01 -1.278687797771151269e+00
-5.308056077472708134e-01 1.491208018480622899e+00 -1.965237250163188454e-01
-2.689772457862389388e-01 4.353049028894416250e-01 1.607395888735967393e+00
-1.053174705047241089e+00 -5.460591963261717252e-01 -1.959724099117062357e+00
8.713639391514831356e-01 6.918030316293779514e-01 2.613192672196715249e-01
-3.992563226295475221e-01 -6.516989170903877415e-01 -2.817256516659296217e+00
-7.365889803827276872e-01 1.614228956227838907e-01 3.340857487289795036e-01
-1.557180124999185455e+00 -3.421679403917149420e-01 -1.896967332325984190e-01
1.691253275323629512e-01 2.724933667477372756e-01 -1.366784545295866238e+00
6.870554350474321337e-02 1.722449234794407147e+00 -1.314817347289289236e-02
4.742786010880692960e-01 5.561540744593610475e-01 1.111641222418305208e+00
3.131637080507183035e-01 -1.874934646701312602e+00 -9.471720086718540266e-01
-9.747613228534207641e-01 -2.181242489582803923e-01 -1.287723367443050826e+00
-1.096641265680995847e+00 3.836748973183371492e-01 1.101101437893343027e+00
6.255045281374579380e-01 -7.898305152428070075e-01 -1.215984836516022849e+00
7.070802239102912390e-01 -1.017134355587921535e+00 2.352512122610673106e+00
1.237689472223026249e-01 -7.089266368590639855e-01 8.832126103437080156e-01
-1.386245620699002867e-01 -1.533051521739687395e+00 1.491846198625032816e-01
8.738250472445067141e-01 -1.072917208232182951e+00 4.425417588997182516e-01
1.129283424603455266e-01 -1.620414221069475524e-01 -6.983579664087805616e-01
-1.404269055162929547e+00 1.042222365609616896e-01 -1.355545100156703375e+00
-4.446212781577456030e-01 -1.552363423333186887e+00 1.167615494472558080e+00
6.275808678991818823e-01 5.524101464272479500e-01 -5.708796236404719560e-01
3.704507801882604978e-01 1.923703908245198713e-01 -3.352813587747454499e-02
-5.697102252937008560e-01 -4.381102249243501445e-01 -1.151470324933002498e+00
5.992300914278477636e-02 -1.959697020204420603e+00 3.516639991739945459e-01
-1.258881882290639354e+00 -6.861867380253523496e-01 -4.946240693689319401e-01
-1.039207479060174411e+00 1.326722004876285665e-01 -4.430540749994040239e-01
-9.259261824524911422e-01 1.309215509507146491e+00 1.222163030752928092e+00
1.891254836761056213e+00 9.280724018590920110e-01 -4.225650012168026270e-01
7.805863094096998633e-01 1.923716273418630607e+00 7.508454589955427805e-01
2.234736696911008291e-01 1.854587226253828214e-01 6.326053279213482705e-01
