1.577193336357400710e+01 -2.551952425056119722e+01 0.000000000000000000e+00
-1.577193336357400710e+01 -2.551952425056119722e+01 0.000000000000000000e+00
1.577193336357400710e+01 2.551952425056119722e+01 0.000000000000000000e+00
-1.577193336357400710e+01 2.551952425056119722e+01 0.000000000000000000e+00
0.000000000000000000e+00 1.577193336357400710e+01 -5.103904850112238734e+01
0.000000000000000000e+00 -1.577193336357400710e+01 -5.103904850112238734e+01
0.000000000000000000e+00 1.577193336357400710e+01 5.103904850112238734e+01
0.000000000000000000e+00 -1.577193336357400710e+01 5.103904850112238734e+01
-2.551952425056119722e+01 0.000000000000000000e+00 3.154386672714801421e+01
-2.551952425056119722e+01 0.000000000000000000e+00 -3.154386672714801421e+01
2.551952425056119722e+01 0.000000000000000000e+00 3.154386672714801421e+01
2.551952425056119722e+01 0.000000000000000000e+00 -3.154386672714801421e+01
0.000000000000000000e+00 -3.000000000000000000e+01 0.000000000000000000e+00
0.000000000000000000e+00 3.000000000000000000e+01 0.000000000000000000e+00
9.270509831248423538e+00 2.427050983124842531e+01 -3.000000000000000711e+01
-9.270509831248423538e+00 2.427050983124842531e+01 -3.000000000000000711e+01
9.270509831248423538e+00 -2.427050983124842531e+01 -3.000000000000000711e+01
-9.270509831248423538e+00 -2.427050983124842531e+01 -3.000000000000000711e+01
0.000000000000000000e+00 0.000000000000000000e+00 -6.000000000000000000e+01
9.270509831248423538e+00 2.427050983124842531e+01 3.000000000000000711e+01
-9.270509831248423538e+00 2.427050983124842531e+01 3.000000000000000711e+01
9.270509831248423538e+00 -2.427050983124842531e+01 3.000000000000000711e+01
-9.270509831248423538e+00 -2.427050983124842531e+01 3.000000000000000711e+01
0.000000000000000000e+00 0.000000000000000000e+00 6.000000000000000000e+01
-2.427050983124842176e+01 -1.500000000000000178e+01 1.854101966249684352e+01
-2.427050983124842176e+01 1.500000000000000178e+01 1.854101966249684352e+01
-1.500000000000000178e+01 9.270509831248421762e+00 4.854101966249685063e+01
-1.500000000000000178e+01 -9.270509831248421762e+00 4.854101966249685063e+01
-2.427050983124842176e+01 -1.500000000000000178e+01 -1.854101966249684352e+01
-2.427050983124842176e+01 1.500000000000000178e+01 -1.854101966249684352e+01
-1.500000000000000178e+01 9.270509831248421762e+00 -4.854101966249685063e+01
-1.500000000000000178e+01 -9.270509831248421762e+00 -4.854101966249685063e+01
-3.000000000000000000e+01 0.000000000000000000e+00 0.000000000000000000e+00
2.427050983124842176e+01 -1.500000000000000178e+01 1.854101966249684352e+01
2.427050983124842176e+01 1.500000000000000178e+01 1.854101966249684352e+01
1.500000000000000178e+01 9.270509831248421762e+00 4.854101966249685063e+01
1.500000000000000178e+01 -9.270509831248421762e+00 4.854101966249685063e+01
2.427050983124842176e+01 -1.500000000000000178e+01 -1.854101966249684352e+01
2.427050983124842176e+01 1.500000000000000178e+01 -1.854101966249684352e+01
1.500000000000000178e+01 9.270509831248421762e+00 -4.854101966249685063e+01
1.500000000000000178e+01 -9.270509831248421762e+00 -4.854101966249685063e+01
3.000000000000000000e+01 0.000000000000000000e+00 0.000000000000000000e+00
8.197995867380150514e+00 -2.885815073351752247e+01 0.000000000000000000e+00
-8.197995867380150514e+00 -2.885815073351752247e+01 0.000000000000000000e+00
8.197995867380150514e+00 2.885815073351752247e+01 0.000000000000000000e+00
-8.197995867380150514e+00 2.885815073351752247e+01 0.000000000000000000e+00
1.301665693658084422e+01 2.588005441248558469e+01 -1.559351478046526296e+01
4.818661069200692815e+00 2.081341432681347570e+01 -4.212278668656978198e+01
4.873795443493595059e+00 2.853169548885460571e+01 -1.577193336357401066e+01
-1.301665693658084422e+01 2.588005441248558469e+01 -1.559351478046526296e+01
-4.818661069200692815e+00 2.081341432681347570e+01 -4.212278668656978198e+01
-4.873795443493595059e+00 2.853169548885460571e+01 -1.577193336357401066e+01
0.000000000000000000e+00 2.551952425056119722e+01 -3.154386672714802131e+01
1.301665693658084422e+01 -2.588005441248558469e+01 -1.559351478046526296e+01
4.818661069200692815e+00 -2.081341432681347570e+01 -4.212278668656978198e+01
4.873795443493595059e+00 -2.853169548885460571e+01 -1.577193336357401066e+01
-1.301665693658084422e+01 -2.588005441248558469e+01 -1.559351478046526296e+01
-4.818661069200692815e+00 -2.081341432681347570e+01 -4.212278668656978198e+01
-4.873795443493595059e+00 -2.853169548885460571e+01 -1.577193336357401066e+01
0.000000000000000000e+00 -2.551952425056119722e+01 -3.154386672714802131e+01
0.000000000000000000e+00 8.197995867380150514e+00 -5.771630146703505204e+01
0.000000000000000000e+00 -8.197995867380150514e+00 -5.771630146703505204e+01
1.301665693658084422e+01 2.588005441248558469e+01 1.559351478046526296e+01
4.818661069200692815e+00 2.081341432681347570e+01 4.212278668656978198e+01
4.873795443493595059e+00 2.853169548885460571e+01 1.577193336357401066e+01
-1.301665693658084422e+01 2.588005441248558469e+01 1.559351478046526296e+01
-4.818661069200692815e+00 2.081341432681347570e+01 4.212278668656978198e+01
-4.873795443493595059e+00 2.853169548885460571e+01 1.577193336357401066e+01
0.000000000000000000e+00 2.551952425056119722e+01 3.154386672714802131e+01
1.301665693658084422e+01 -2.588005441248558469e+01 1.559351478046526296e+01
4.818661069200692815e+00 -2.081341432681347570e+01 4.212278668656978198e+01
4.873795443493595059e+00 -2.853169548885460571e+01 1.577193336357401066e+01
-1.301665693658084422e+01 -2.588005441248558469e+01 1.559351478046526296e+01
-4.818661069200692815e+00 -2.081341432681347570e+01 4.212278668656978198e+01
-4.873795443493595059e+00 -2.853169548885460571e+01 1.577193336357401066e+01
0.000000000000000000e+00 -2.551952425056119722e+01 3.154386672714802131e+01
0.000000000000000000e+00 8.197995867380150514e+00 5.771630146703505204e+01
0.000000000000000000e+00 -8.197995867380150514e+00 5.771630146703505204e+01
-2.081341432681347570e+01 -2.106139334328489099e+01 9.637322138401387406e+00
-2.588005441248558469e+01 -7.796757390232633256e+00 2.603331387316168843e+01
-1.763355756877419367e+01 -2.064572880706760216e+01 2.551952425056119367e+01
-2.081341432681347570e+01 2.106139334328489099e+01 9.637322138401387406e+00
-2.588005441248558469e+01 7.796757390232633256e+00 2.603331387316168843e+01
-1.763355756877419367e+01 2.064572880706760216e+01 2.551952425056119367e+01
-7.796757390232633256e+00 1.301665693658084422e+01 5.176010882497117649e+01
-2.106139334328489099e+01 4.818661069200693703e+00 4.162682865362695850e+01
-1.275976212528059861e+01 1.763355756877419012e+01 4.129145761413521143e+01
-7.885966681787005328e+00 4.873795443493595059e+00 5.706339097770920432e+01
-2.064572880706760571e+01 1.275976212528059861e+01 3.526711513754838734e+01
-7.796757390232633256e+00 -1.301665693658084422e+01 5.176010882497117649e+01
-2.106139334328489099e+01 -4.818661069200693703e+00 4.162682865362695850e+01
-1.275976212528059861e+01 -1.763355756877419012e+01 4.129145761413521143e+01
-7.885966681787005328e+00 -4.873795443493595059e+00 5.706339097770920432e+01
-2.064572880706760571e+01 -1.275976212528059861e+01 3.526711513754838734e+01
-1.577193336357400888e+01 0.000000000000000000e+00 5.103904850112238734e+01
-2.081341432681347570e+01 -2.106139334328489099e+01 -9.637322138401387406e+00
-2.588005441248558469e+01 -7.796757390232633256e+00 -2.603331387316168843e+01
-1.763355756877419367e+01 -2.064572880706760216e+01 -2.551952425056119367e+01
-2.551952425056119722e+01 -1.577193336357400888e+01 0.000000000000000000e+00
-2.081341432681347570e+01 2.106139334328489099e+01 -9.637322138401387406e+00
-2.588005441248558469e+01 7.796757390232633256e+00 -2.603331387316168843e+01
-1.763355756877419367e+01 2.064572880706760216e+01 -2.551952425056119367e+01
-2.551952425056119722e+01 1.577193336357400888e+01 0.000000000000000000e+00
-7.796757390232633256e+00 1.301665693658084422e+01 -5.176010882497117649e+01
-2.106139334328489099e+01 4.818661069200693703e+00 -4.162682865362695850e+01
-1.275976212528059861e+01 1.763355756877419012e+01 -4.129145761413521143e+01
-7.885966681787005328e+00 4.873795443493595059e+00 -5.706339097770920432e+01
-2.064572880706760571e+01 1.275976212528059861e+01 -3.526711513754838734e+01
-7.796757390232633256e+00 -1.301665693658084422e+01 -5.176010882497117649e+01
-2.106139334328489099e+01 -4.818661069200693703e+00 -4.162682865362695850e+01
-1.275976212528059861e+01 -1.763355756877419012e+01 -4.129145761413521143e+01
-7.885966681787005328e+00 -4.873795443493595059e+00 -5.706339097770920432e+01
-2.064572880706760571e+01 -1.275976212528059861e+01 -3.526711513754838734e+01
-1.577193336357400888e+01 0.000000000000000000e+00 -5.103904850112238734e+01
-2.885815073351752247e+01 0.000000000000000000e+00 1.639599173476030103e+01
-2.885815073351752247e+01 0.000000000000000000e+00 -1.639599173476030103e+01
-2.853169548885460571e+01 -7.885966681787005328e+00 9.747590886987190117e+00
-2.853169548885460571e+01 7.885966681787005328e+00 9.747590886987190117e+00
-2.853169548885460571e+01 -7.885966681787005328e+00 -9.747590886987190117e+00
-2.853169548885460571e+01 7.885966681787005328e+00 -9.747590886987190117e+00
2.081341432681347570e+01 -2.106139334328489099e+01 9.637322138401387406e+00
2.588005441248558469e+01 -7.796757390232633256e+00 2.603331387316168843e+01
1.763355756877419367e+01 -2.064572880706760216e+01 2.551952425056119367e+01
2.081341432681347570e+01 2.106139334328489099e+01 9.637322138401387406e+00
2.588005441248558469e+01 7.796757390232633256e+00 2.603331387316168843e+01
1.763355756877419367e+01 2.064572880706760216e+01 2.551952425056119367e+01
7.796757390232633256e+00 1.301665693658084422e+01 5.176010882497117649e+01
2.106139334328489099e+01 4.818661069200693703e+00 4.162682865362695850e+01
1.275976212528059861e+01 1.763355756877419012e+01 4.129145761413521143e+01
7.885966681787005328e+00 4.873795443493595059e+00 5.706339097770920432e+01
2.064572880706760571e+01 1.275976212528059861e+01 3.526711513754838734e+01
7.796757390232633256e+00 -1.301665693658084422e+01 5.176010882497117649e+01
2.106139334328489099e+01 -4.818661069200693703e+00 4.162682865362695850e+01
1.275976212528059861e+01 -1.763355756877419012e+01 4.129145761413521143e+01
7.885966681787005328e+00 -4.873795443493595059e+00 5.706339097770920432e+01
2.064572880706760571e+01 -1.275976212528059861e+01 3.526711513754838734e+01
1.577193336357400888e+01 0.000000000000000000e+00 5.103904850112238734e+01
2.081341432681347570e+01 -2.106139334328489099e+01 -9.637322138401387406e+00
2.588005441248558469e+01 -7.796757390232633256e+00 -2.603331387316168843e+01
1.763355756877419367e+01 -2.064572880706760216e+01 -2.551952425056119367e+01
2.551952425056119722e+01 -1.577193336357400888e+01 0.000000000000000000e+00
2.081341432681347570e+01 2.106139334328489099e+01 -9.637322138401387406e+00
2.588005441248558469e+01 7.796757390232633256e+00 -2.603331387316168843e+01
1.763355756877419367e+01 2.064572880706760216e+01 -2.551952425056119367e+01
2.551952425056119722e+01 1.577193336357400888e+01 0.000000000000000000e+00
7.796757390232633256e+00 1.301665693658084422e+01 -5.176010882497117649e+01
2.106139334328489099e+01 4.818661069200693703e+00 -4.162682865362695850e+01
1.275976212528059861e+01 1.763355756877419012e+01 -4.129145761413521143e+01
7.885966681787005328e+00 4.873795443493595059e+00 -5.706339097770920432e+01
2.064572880706760571e+01 1.275976212528059861e+01 -3.526711513754838734e+01
7.796757390232633256e+00 -1.301665693658084422e+01 -5.176010882497117649e+01
2.106139334328489099e+01 -4.818661069200693703e+00 -4.162682865362695850e+01
1.275976212528059861e+01 -1.763355756877419012e+01 -4.129145761413521143e+01
7.885966681787005328e+00 -4.873795443493595059e+00 -5.706339097770920432e+01
2.064572880706760571e+01 -1.275976212528059861e+01 -3.526711513754838734e+01
1.577193336357400888e+01 0.000000000000000000e+00 -5.103904850112238734e+01
2.885815073351752247e+01 0.000000000000000000e+00 1.639599173476030103e+01
2.885815073351752247e+01 0.000000000000000000e+00 -1.639599173476030103e+01
2.853169548885460571e+01 -7.885966681787005328e+00 9.747590886987190117e+00
2.853169548885460571e+01 7.885966681787005328e+00 9.747590886987190117e+00
2.853169548885460571e+01 -7.885966681787005328e+00 -9.747590886987190117e+00
2.853169548885460571e+01 7.885966681787005328e+00 -9.747590886987190117e+00
