-4.772735381481384209e+00 3.975991725787796582e+00 2.547093215867793248e+00
3.985590742335104686e+00 3.898774698282126749e+00 1.558746538449810703e+00
-5.228748948741093194e+00 -3.477771511209658772e+00 1.167181246872406541e+00
2.962760931900767947e+00 -5.405625605203757900e+00 8.325731682945015644e-01
-1.502133742191202659e+00 -2.043643569712923380e+00 6.814885614203468833e+00
8.691029415624094145e-01 2.626774844203521031e+00 5.491744687052474205e+00
2.706182150616504578e-01 -2.842161422142198024e+00 -7.828563447349999649e+00
1.642301606005414083e+00 3.268184789188371742e+00 -7.207776188080794455e+00
4.805539285818779760e+00 -1.508175595742047570e-01 -5.538553085406974219e+00
4.051249692746140774e+00 1.861078893268108825e+00 5.359302230840268244e+00
-6.033330257062097246e+00 -1.324644640391617001e+00 -3.858347757609069006e+00
-4.440768659647116756e+00 4.748140862849652422e-01 5.000810653761980973e+00
-3.874245792346190931e-01 4.689260223698617835e+00 1.837085051376451117e-02
1.231046161643811580e-02 -5.367892550419805175e+00 1.553342633283466334e+00
-2.573232328205849573e+00 -3.603319408207005470e+00 4.149396347950180086e+00
1.377563239385787064e+00 -4.554320598721383284e+00 4.054709768938257852e+00
-2.680783780046645415e+00 3.460763870319675917e+00 3.970033737602518986e+00
3.086530913013243449e+00 2.707814938166939633e+00 4.759994434110333295e+00
-9.981375508783085770e-01 -3.872426066192986571e-01 6.616797579684939201e+00
-1.318039967006952695e+00 -4.284658664922023519e+00 -4.597459725221573201e+00
1.752715410404510621e+00 -4.445430883525764543e+00 -4.861962186105500017e+00
-1.418026599176386071e+00 4.466643795130414318e+00 -3.441331631984210659e+00
2.223505374411779201e+00 3.865923048557729835e+00 -4.924191644739048357e+00
1.276189913222653405e-01 -2.194008183089445896e-01 -8.256436786210617385e+00
4.387567864319061428e+00 2.595146696283309407e+00 -1.811400825873342946e+00
5.070800639138134613e+00 -2.834691248364969329e+00 -2.242491755844172374e+00
3.178111924362474028e+00 -1.191917880462262547e+00 -7.323492244676248930e+00
3.410819851123380264e+00 1.833247709821742566e+00 -6.783976265033417441e+00
3.878371073298047644e+00 2.928314610599352719e+00 3.766801329967740308e+00
4.334352220513855158e+00 -3.059248261357473631e+00 2.877443359701234549e+00
2.596511482661741699e+00 -1.546141394286887349e+00 5.632398902826006193e+00
3.071104032633666492e+00 3.074776844459417902e+00 4.947386991286605529e+00
5.505070520187510752e+00 -8.653377736740439780e-03 -1.649452472733048403e-01
-5.045294059587901003e+00 2.160049741165411596e+00 -1.761809210462873310e+00
-5.920812575381285470e+00 -2.307229525151175853e+00 -1.204003698132976696e+00
-3.257960247974053036e+00 -2.561449292614400353e+00 -6.543382638368609783e+00
-3.008179832298698564e+00 1.568397943458238908e+00 -6.887714475698317074e+00
-3.665219414410472609e+00 3.310939084580747149e+00 3.249791396820125300e+00
-4.541535685019262303e+00 -2.950623906727201540e+00 1.851794421628916831e+00
-2.075903081189487409e+00 -1.684760200807281949e+00 6.841695424701472739e+00
-2.550460534123001999e+00 1.620965368815379115e+00 6.383524519707348688e+00
-5.603825542786425196e+00 -8.097210980356777110e-01 -8.209484600039491931e-02
-2.286304707952626192e+00 4.843314056556389247e+00 9.030299479369860993e-01
1.855060248427596648e+00 4.310309159259518630e+00 6.546660721990369414e-01
-2.332189378141618530e+00 -4.813538068975923068e+00 4.809299277462609767e-01
1.717164320687602830e+00 -5.472967030209618500e+00 7.950671276536234178e-01
-3.544415162754085635e+00 -4.060645279057987445e+00 1.960603419479392429e+00
-1.232058996950914143e+00 -3.303099842032398925e+00 5.682386346869275684e+00
-2.060762997479073100e+00 -4.427224621927074999e+00 2.541275116686019242e+00
2.777287550014758022e+00 -5.168854851775110504e+00 2.442103133865423104e+00
3.261444827184553086e-01 -3.281865018883954210e+00 5.904729812290948843e+00
1.353539058476218360e+00 -5.069253980679401472e+00 2.669314539429019195e+00
-4.410764951130820011e-01 -4.326388298386607545e+00 4.697010897352736691e+00
-3.583413736140528716e+00 4.074644816845793827e+00 1.934736732209335841e+00
-7.723767535331821366e-01 2.850636779249990926e+00 5.570438649964901678e+00
-1.597426860699499462e+00 4.241532663281620152e+00 2.294988756897002879e+00
3.697331038115663215e+00 3.571372815333329065e+00 2.550727464800117250e+00
3.663603984523720047e+00 2.707957813114695966e+00 5.434210833514997674e+00
1.471237533177610635e+00 3.787692628117977911e+00 3.101291309527749895e+00
1.847182643993102724e-01 3.529996526696530079e+00 4.459014501103851558e+00
-1.117437336945354964e+00 -1.253233699630718512e+00 6.660578382562678534e+00
-1.503015700964102641e-01 9.110613203073983923e-01 6.363013498166742110e+00
-3.066257596441342770e+00 -4.103922248274064266e+00 -2.429800986897374671e+00
-7.855788695502271546e-01 -3.805586733066825378e+00 -6.523670640559855904e+00
-1.072632323557741074e+00 -5.008778476560203252e+00 -1.435745318638949941e+00
2.611174490682334426e+00 -4.849335792122752231e+00 -2.184638990628350985e+00
5.429972595335096353e-01 -4.098697935556876892e+00 -6.654991038777464674e+00
8.574806273246200483e-01 -5.236139255242011181e+00 -1.588366147277879836e+00
4.642915955902523484e-01 -4.872624388064255463e+00 -4.367810095432884232e+00
-2.469540518990463340e+00 4.788004233141368360e+00 -8.121130105567208046e-01
-3.123025716268386098e-01 3.777727813146693148e+00 -5.933161292225612726e+00
-1.841363314718507782e+00 4.866122368608489346e+00 -1.316591895963337810e+00
3.238760329329287480e+00 4.116676259662735760e+00 -1.860293336579679213e+00
9.295874583316021678e-01 3.706494409731015960e+00 -6.761753527638035166e+00
1.724167041609035333e+00 4.427950052138807990e+00 -2.263695684558272081e+00
4.150644156026466192e-01 4.563595295381375649e+00 -3.782719100708308080e+00
1.840968430442883053e-01 -1.452022355418169042e+00 -8.402576159937174438e+00
1.187803913725535621e+00 1.889558104584617482e+00 -7.901360262389633071e+00
3.644579276931233736e+00 3.826286051319391035e+00 -9.449730258890034484e-01
4.835149337327956154e+00 1.376628648801635935e+00 -3.321219289739585356e+00
3.327851822988125097e+00 3.278327544890481171e+00 -3.596915604030500813e+00
4.083855903591418368e+00 -4.367956443828203916e+00 -1.065530415061188618e+00
5.068004701692963465e+00 -1.660049459284059337e+00 -4.027215593783140868e+00
3.349097359974178900e+00 -3.594270509862801166e+00 -3.844583661753582238e+00
1.612045987713727202e+00 -2.428711244879426356e+00 -7.862282865570051626e+00
4.196115848271285920e+00 -2.044284166800021119e-01 -6.535085800508353415e+00
2.507572016036176077e+00 -3.114664685374162190e+00 -6.644777212154246548e+00
1.344928465280584184e+00 -1.060260234387714107e+00 -8.168745671463330638e+00
4.066753277857464433e+00 -2.061103685818990172e+00 -5.174146879928947840e+00
2.563486679775739852e+00 2.542030843850146660e+00 -7.283283873245203210e+00
4.287257054408791568e+00 3.865045785658788868e-01 -6.186158062040052030e+00
2.677219518747852245e+00 3.483529604415374514e+00 -6.015395935841253205e+00
1.664921686035526927e+00 1.086952265760200209e+00 -7.930672252955048407e+00
4.259338998710468616e+00 1.773007539402981836e+00 -4.861204514941378285e+00
3.175530865968070326e+00 1.946372362894180363e-02 -7.342655883346243861e+00
3.610475773255091614e+00 3.852049105421903263e+00 2.575512832592191437e+00
3.882611494702386423e+00 2.559956798869931216e+00 5.510686558853371331e+00
2.858696680453885364e+00 2.653027719950134422e+00 4.884507569559769280e+00
4.289046412130734787e+00 3.178113274179870551e+00 7.969604499669814546e-01
4.028240316484106742e+00 -4.417555577481359741e+00 1.968106814350733647e+00
4.674247665729425627e+00 -9.080896085319520861e-01 3.916035516216532564e+00
3.407399636657172159e+00 -4.072002444298176371e+00 3.396001807588633792e+00
4.392537913596155974e+00 -3.690153879304724605e+00 4.475925152521698092e-01
9.822293345564914180e-01 -1.939710889737471522e+00 6.344777608094421595e+00
3.539923996547232221e+00 -5.377268267028735560e-02 5.760256150265788300e+00
2.287566976153708964e+00 -3.298315778837419998e+00 5.238391133233315067e+00
1.071819906398906008e+00 -3.617475722419896678e-01 6.255907100368757412e+00
3.822130694405858620e+00 -1.641840529571753748e+00 5.080490705748265334e+00
2.185906907489655548e+00 2.877664830020334463e+00 5.129463605996060771e+00
3.829218996584398571e+00 2.123258644102924197e+00 5.135862860392253815e+00
9.130810249633107833e-01 3.406957800331370745e+00 6.349893963128216967e+00
1.752659274234137143e+00 1.173723180251752263e+00 5.846515418731200953e+00
5.119704033616437222e+00 -1.475433299349529215e-01 5.610915393842965671e+00
2.735369830308589822e+00 7.357113013125226031e-01 5.753502753900942679e+00
5.017233504238157060e+00 -2.643599512422591391e-01 -3.547595727821525990e+00
4.781901778169966200e+00 4.439090418120625881e-01 2.610569931293697188e+00
5.226494977138942843e+00 1.038172257001433785e+00 -5.862566853286343971e-01
5.325904333857690354e+00 -1.465159428668527886e+00 -1.365955196837860042e+00
4.684352384401660352e+00 1.750292343916722615e+00 2.144363351605572898e+00
5.227340369335111703e+00 -1.676722382360831043e+00 1.304757255073028643e+00
-3.727369253181143094e+00 3.838366397631894689e+00 -1.868417671011233239e-01
-5.283921413780705123e+00 3.141850070738119727e-01 -3.525926021391508680e+00
-3.284131023046100939e+00 3.457941955345436025e+00 -3.147783408536402483e+00
-4.693444206537146002e+00 -3.765695059596387395e+00 -3.648154363329587091e-01
-5.824772039538040680e+00 -1.737984252440800015e+00 -3.774566068279276099e+00
-4.250750011394890393e+00 -3.030871962278416376e+00 -3.384439762438351984e+00
-1.427745707141002685e+00 -2.775896973631511333e+00 -7.353474523592067769e+00
-4.343174709087075591e+00 -1.346607070553600627e+00 -6.321534365965555402e+00
-2.770304827951375781e+00 -3.494694110510025098e+00 -5.495051542821604684e+00
-2.031029791221212744e+00 -1.606525048986702009e+00 -7.934536250239929700e+00
-4.941135386368252114e+00 -2.219598043844944080e+00 -4.528869511859579866e+00
-7.541845343985781325e-01 2.371582395345987138e+00 -7.501881043952940864e+00
-4.469700187317912743e+00 -2.647720555402345577e-02 -5.976166035080938244e+00
-2.477085259788464722e+00 2.834370074526438632e+00 -5.607645554006412070e+00
-1.345519833070097704e+00 6.276466887736851241e-01 -8.041234537570865371e+00
-4.136577022512935464e+00 1.850256094684654018e+00 -4.706477381570797647e+00
-2.702530085517604874e+00 -5.321365035875651461e-01 -7.373701997675812692e+00
-2.819705020545911101e+00 5.638689590770869842e+00 1.507157087158195852e+00
-4.293842468141688684e+00 1.413334742651809250e+00 4.543536451105898877e+00
-3.605040547093165237e+00 3.102143822209271207e+00 3.749533961636551727e+00
-4.122415436860141114e+00 3.003129154723416239e+00 8.999704490671737167e-01
-4.533582049396091662e+00 -4.303451325663097293e+00 9.894309284287667872e-01
-4.539875190335336264e+00 -1.513925339733859232e+00 3.749637760352825921e+00
-3.510383435115325579e+00 -3.257788559534758210e+00 3.268285106641487747e+00
-4.187842753578363109e+00 -4.894239643378731408e+00 8.983743095402713097e-01
-1.496036150000978671e+00 -1.239050772738099937e+00 7.326155853385391659e+00
-3.210431564090411971e+00 -7.323733371386031976e-01 6.210583057335809620e+00
-2.074115403866977125e+00 -2.492658181337798595e+00 5.870899025665178073e+00
-1.139362468971116593e+00 -1.613820705669078537e+00 6.832777696063812911e+00
-3.698939013250424956e+00 -1.902199168614977953e+00 5.075043160278875476e+00
-1.031135155279298887e+00 1.888148225622427789e+00 6.285402813940490496e+00
-3.307691221509775570e+00 5.052442253388980120e-01 6.347165591458847622e+00
-2.561201214239927193e+00 2.546023907569303191e+00 5.712555918139970323e+00
-1.864773322210049544e+00 5.011534246708317930e-01 6.503892234166054109e+00
-3.725812793349472685e+00 1.327205785031125629e+00 5.641586576952529519e+00
-2.461980703024755357e+00 -1.760257591227770424e-01 6.561121342793430955e+00
-6.100360911776244066e+00 -1.061949053536638266e+00 -2.483923237179854304e+00
-5.075455151743283544e+00 -9.688659745047557559e-01 2.388439790368059423e+00
-5.711460114204906624e+00 6.468784086281003098e-01 -9.627461902471795563e-01
-5.755041208681127785e+00 -2.063064897086004823e+00 -1.353484722173059929e+00
-4.842643680789383787e+00 9.969976699360313388e-01 1.979170447470135485e+00
-5.108262050350923289e+00 -2.522405356681812094e+00 6.951473433499769650e-01
-4.074835390935592550e+00 4.090695138294341504e+00 8.376019617075884938e-01
-1.150647168132964193e+00 4.695956078969155456e+00 6.017351555384542472e-01
2.912508263193198665e+00 4.150874415960024599e+00 1.167435003593861209e+00
7.307370594342541548e-01 4.521386268547553655e+00 2.498665355946209365e-01
-3.823596601109591209e+00 -4.078770780891146863e+00 2.756731655932613823e-01
-4.796099454488290670e-01 -5.054976407666005755e+00 7.661433748615984474e-01
2.726071277056951736e+00 -5.396921401312227751e+00 9.085124591373147096e-01
9.389212887971881694e-01 -5.579667131341293107e+00 7.878971596127239962e-01
-4.262791811227207184e+00 -4.094693543544757119e+00 1.294624910711707377e+00
-2.518618233918024529e+00 -4.420767444602524243e+00 2.920655159116830379e+00
-3.455341386451381780e+00 -4.476605733220032413e+00 8.698510283852282088e-01
-1.499044380440179181e+00 -2.515728993821861881e+00 6.798870967546414512e+00
-1.282589798962658678e+00 -3.734187561910382147e+00 4.950302180816587239e+00
-1.249911012052441261e+00 -5.183272598742862947e+00 1.800750745938438868e+00
-2.134723738133642801e+00 -4.394474672411245564e+00 3.512164507952608705e+00
-2.249711552118655700e+00 -4.699662747228414261e+00 8.462635825163312697e-01
-2.540520804263969090e+00 -4.520337776931528495e+00 1.784211353608982087e+00
2.684354458330105775e+00 -5.801499610525044481e+00 1.313211132871591191e+00
2.397017772062789209e+00 -4.839711016268411825e+00 3.285007573977022144e+00
2.861285551478466527e+00 -5.317455537743803085e+00 1.336585442754462560e+00
-4.092150897368186380e-01 -2.646144434084834351e+00 6.374247391106782956e+00
1.162718489819031698e+00 -4.025442885744887178e+00 5.083928956644740538e+00
-5.594958104553450218e-01 -2.974868306657896699e+00 6.089493528336223704e+00
1.015318912536247620e+00 -5.098104086365448318e+00 1.978357593193684316e+00
2.247622542024072079e+00 -4.824337660351340595e+00 3.000976307821209943e+00
1.840952184936401892e+00 -5.561654904649562248e+00 1.512921390297391033e+00
-1.453342612215118290e-01 -5.008261048335890919e+00 2.059473865021810735e+00
1.930124999403482811e+00 -5.350605553360109568e+00 1.945790676263170482e+00
-1.035575665347016061e+00 -4.253963833774678349e+00 4.214875686761462958e+00
5.025978693702706224e-01 -4.497579055391093483e+00 4.305783769235802971e+00
-6.500203195692099145e-01 -3.552678958592386138e+00 5.292398102573669938e+00
-5.062573723004425430e-01 -4.780934212035405473e+00 3.086810156385938253e+00
4.340112303978607700e-01 -4.008490182257212986e+00 5.206301313851735557e+00
6.243339757075582197e-01 -4.938605662214119008e+00 3.335492228135003678e+00
-4.422301565552120728e+00 4.104888785567571752e+00 2.084528637177213373e+00
-2.721512228020278368e+00 3.895263337903406509e+00 2.988351210212897957e+00
-3.275829607651972175e+00 4.201678839211033356e+00 1.081481799521210707e+00
-2.154084144646934706e-01 2.929079034140345428e+00 5.456273661451938928e+00
-1.449414598961320078e+00 3.283889688371543603e+00 4.896237164422106325e+00
-4.671514022111766806e-01 4.688963124188684439e+00 1.344771826525934300e+00
-1.701103434930874680e+00 3.871391188490894919e+00 3.334782543123341547e+00
-1.882153866522524144e+00 4.505161461687336555e+00 1.686108793071952050e+00
-2.604542341975935926e+00 4.215009137112214255e+00 2.233202086467448222e+00
3.751099828060228347e+00 3.937011767099591442e+00 1.966554969613516723e+00
2.976047246003728830e+00 3.506251427740249227e+00 3.034927877500685600e+00
2.746769354140875752e+00 3.976852645460501989e+00 1.786326162733901102e+00
1.967677658685012432e+00 2.929872238572668763e+00 5.400433749419343954e+00
2.479004128531518525e+00 3.176261502304924988e+00 5.003650648036128246e+00
1.443970979998161486e+00 3.189808274828440204e+00 5.108415255230005947e+00
5.039923670920476440e-01 4.202610938528915874e+00 1.625632827591822815e+00
2.681054609106882314e+00 3.289018442370470030e+00 3.971872767806271298e+00
1.448462084335760069e+00 4.303552237018989146e+00 1.730048136956063631e+00
-1.390166630379476298e-01 4.209658363249692670e+00 2.596359164161336608e+00
2.341885927555912073e+00 3.917069818014415450e+00 2.619562893164646855e+00
-1.113670606778072170e+00 3.636502500897935697e+00 4.315395030245037233e+00
1.820291376379414405e+00 3.612074467040377712e+00 4.307325646689265319e+00
-2.986802883948276310e-01 3.040938588835768730e+00 5.120545773768863995e+00
-4.037782809789550176e-01 4.074732720526808905e+00 3.539982081444664974e+00
1.592834356204966717e+00 3.024463016929568315e+00 4.836173703376515753e+00
8.989968784503912236e-01 3.875993337010076534e+00 3.480420375490127505e+00
-1.632217073213470426e+00 -1.745347199742948385e+00 6.959296119947095960e+00
-9.633322947192168861e-01 -9.029020214003032896e-01 6.581960707324517657e+00
5.673391019172516758e-01 1.891301920040889151e+00 5.973766579639732122e+00
-7.941886984057221488e-01 8.919485208583474711e-02 6.306399472300459053e+00
-3.954000556169694924e+00 -4.117987756453071135e+00 -7.239929540139625752e-01
-2.321339780139849651e+00 -4.232241600247721891e+00 -3.586004648331580391e+00
-2.700282385135944097e+00 -4.413240163327921906e+00 -7.423003083278103542e-01
-3.340472828096427427e-01 -3.506337120671001006e+00 -7.392676396521612681e+00
-1.153359117731233008e+00 -4.083212447701213499e+00 -5.658625824796229331e+00
-2.411273616094562200e-01 -5.190529205298170190e+00 -6.408238129125322091e-01
-1.332065055366959072e+00 -4.954375050894406662e+00 -3.003510184506176461e+00
-1.574234896457830990e+00 -4.972152935997948831e+00 -3.802212995428115860e-01
-2.383038073912078225e+00 -4.729880664641393118e+00 -1.610693671216601564e+00
2.858842913413300213e+00 -5.249098034688029379e+00 -9.302441818056449430e-01
2.356302188751480120e+00 -4.669482987031108756e+00 -3.181479438335126364e+00
2.271769950670226024e+00 -5.335736726020939180e+00 -1.131839064519559734e-01
8.721861300856075250e-01 -3.356194255037602048e+00 -7.409523999092533231e+00
9.960494128731396390e-01 -4.034297316729413829e+00 -5.956236798333960358e+00
5.656091493154731531e-02 -3.941033506679139542e+00 -6.597492869548064576e+00
2.642191490229389150e-01 -5.327613597592621986e+00 -2.650313763120113464e-01
1.764971446220341633e+00 -4.858607134759157731e+00 -2.869304456167071304e+00
1.276560327125033867e+00 -5.303774690698791261e+00 -3.648995008604294932e-01
3.517391008626502003e-01 -5.086447064568121235e+00 -2.152635383695312044e+00
1.973327127096645039e+00 -5.339199947674052815e+00 -1.497129998066087930e+00
-5.881763741554681957e-01 -4.799852555031197454e+00 -4.360361001722682595e+00
1.195404211831646135e+00 -4.314462026247866788e+00 -5.111338345713801523e+00
-4.258637406755752530e-01 -4.660435838293559563e+00 -5.230808351435041637e+00
-2.165388904111696378e-01 -5.034557009622630197e+00 -3.006258691026359564e+00
-1.082974752953804257e-02 -4.716243191401128243e+00 -5.401857622359398370e+00
1.287231945119428733e+00 -5.011882930939180802e+00 -3.500345276294063002e+00
-3.180332914288065638e+00 4.852611072242791757e+00 2.095519791367764229e-01
-2.776510495555069458e+00 4.541140758160524094e+00 -2.026133888013559758e+00
-2.745819874181330444e+00 4.837265076523742380e+00 1.042399089190689576e+00
1.319604265760261352e-01 3.381493957826362529e+00 -6.944753125017268047e+00
-1.222466878077021368e+00 4.219887495836135649e+00 -4.538883911727400466e+00
-6.233109052030310071e-01 4.713287000696395168e+00 -8.863839650900844358e-01
-2.432401293355858307e+00 4.680672948370895092e+00 -2.111846849574136264e+00
-1.656143138225162792e+00 5.037848839729019090e+00 6.252563650545182872e-02
-2.268371158377699981e+00 5.060525010568554194e+00 -1.878901446171790668e-01
3.359512663172679048e+00 4.060996396487824178e+00 2.791144853602141040e-01
2.328303553808384940e+00 4.074727466723861546e+00 -3.529379937207190121e+00
2.718294434680369243e+00 4.234988688195020501e+00 -5.188467835453018928e-01
1.855350921145662912e+00 3.198854211501531708e+00 -7.247698461349904697e+00
1.210301990436845498e+00 3.723203418992165226e+00 -5.734067284079361393e+00
7.745274826051352646e-01 3.523334257504329159e+00 -6.539288085660388106e+00
9.198150798119407723e-01 4.460227634020101917e+00 -1.428328304139727001e+00
1.602389205213365919e+00 4.228748412190004302e+00 -3.316925513089663990e+00
1.703274380883470940e+00 4.504944922852219591e+00 -6.452802980274929823e-01
-1.326259841230159331e-01 4.769360466794159592e+00 -2.273030496518800181e+00
2.773221320058079975e+00 4.205836888429982601e+00 -1.808348318887956108e+00
-4.546204568456918005e-01 4.535826674799192659e+00 -4.034499358533347291e+00
1.519498484797646709e+00 4.201118557175948176e+00 -4.695785027105276122e+00
-2.553131137868143719e-01 3.917983709030497419e+00 -5.231184453070257590e+00
-1.021869188526123073e+00 4.701246792259436980e+00 -2.724743995115995077e+00
5.034048252616031283e-01 4.036533140161198574e+00 -5.444570496589096642e+00
5.877505224519578020e-01 4.552339095990983964e+00 -3.144033801496083580e+00
2.047961881760676506e-01 -2.126543275120629684e+00 -8.190326458953775202e+00
1.117511671709836285e-01 -7.581965546486421070e-01 -8.235847226218073303e+00
1.503274226917855616e+00 2.886764029539369947e+00 -7.570163789250976549e+00
6.381163609583586638e-01 6.865859808424246147e-01 -8.317084334812921753e+00
4.041055575385241738e+00 3.572784162310322031e+00 7.845685040321447312e-01
4.040332953471543753e+00 3.273889019703451364e+00 -1.722832541735653367e+00
3.259526985114268971e+00 3.945575060993655292e+00 -1.001692921243902301e+00
4.941622507188757396e+00 6.054370923567505836e-01 -4.620919331334626179e+00
4.574146356340861530e+00 2.448450060172561393e+00 -2.627405331803646771e+00
2.550869131490390629e+00 3.833063156064046240e+00 -4.778558568288340247e+00
3.910606882586598942e+00 3.076311410513628442e+00 -2.815707720195665953e+00
2.946151874124475434e+00 3.869465162727100616e+00 -3.346112144083199347e+00
3.207172870107312779e+00 3.887187693840251868e+00 -2.423813368113401978e+00
3.038937425721076835e+00 -5.371755153652206793e+00 -1.712666916672398176e-01
4.533335538364577033e+00 -3.566626480140518307e+00 -1.824376121257746730e+00
3.394299273457950239e+00 -4.624946774101742264e+00 -1.836870495494627109e+00
4.620217610499856242e+00 -8.051954558128640027e-01 -5.162994954235681000e+00
4.845783175892104389e+00 -2.249001919257816340e+00 -3.353319552123657399e+00
2.536114508345330698e+00 -4.283288583368591418e+00 -4.396053959142045109e+00
4.343603730823968334e+00 -2.850362825293582869e+00 -3.633757130457530238e+00
3.274556332638899114e+00 -4.006309572854246603e+00 -3.296704461110701700e+00
3.945440006599875371e+00 -3.791056901432406701e+00 -2.650068431409177361e+00
7.534753504136532110e-01 -2.576775742580082351e+00 -7.986899676059421971e+00
2.341861612089932709e+00 -1.892300484827947216e+00 -7.859447567197060280e+00
1.331675778297743307e+00 -3.147029140874491926e+00 -7.090660326722062479e+00
8.727715915019187420e-01 -1.938782183493360955e+00 -8.375040768104275557e+00
4.504524849702039369e+00 1.442994822823942258e-01 -6.432323501143710764e+00
3.835496654930674598e+00 -1.049024797941969123e+00 -6.788859909504018297e+00
4.766710978980739810e+00 -6.576817695157372023e-01 -5.528284182480022402e+00
1.987691004545044882e+00 -3.924246276020851187e+00 -5.600324571798442008e+00
3.172396736043463061e+00 -2.368110468737799401e+00 -6.994502251731448794e+00
1.699300751983748414e+00 -3.476209628583549094e+00 -6.667732797667025757e+00
2.962265511079145597e+00 -3.548411856849837509e+00 -5.357270958024241914e+00
2.312477894967292169e+00 -2.550265365347452740e+00 -7.321087932734712034e+00
7.863822131357728340e-01 -6.099068812506472925e-01 -8.285821265313213502e+00
2.617145512821026365e+00 -1.167930235617106627e+00 -7.774604406834870751e+00
9.565087490180927965e-01 -1.311600598375860516e+00 -8.213706022468747037e+00
1.681069321528340099e+00 -1.668746839200433429e+00 -8.105319492278336924e+00
4.631119261789503838e+00 -2.589217496313910960e+00 -4.147434490283942843e+00
3.777955765382857045e+00 -1.983562410619575056e+00 -6.322770103364595329e+00
4.747650384074333374e+00 -1.864541092334679684e+00 -4.785873002835017154e+00
3.690266725590483077e+00 -3.101491787957346702e+00 -4.954913399423767295e+00
4.329425755742813742e+00 -1.213352644001680858e+00 -5.902422331736980610e+00
3.282564111873345958e+00 -2.856052210811705017e+00 -6.000174095878579195e+00
2.001090378482242915e+00 2.891703164227849676e+00 -7.370355720840956693e+00
2.855717977090631798e+00 2.202160712860421032e+00 -7.027371320769794316e+00
1.873100930896492544e+00 3.597155283522587510e+00 -6.885204206155235873e+00
1.733466398106718653e+00 2.442360852382666092e+00 -7.627901029562524471e+00
4.236897065488432368e+00 -1.882924902979674908e-01 -6.082810950301968056e+00
3.667421169127769165e+00 9.181288296491979528e-01 -6.784819770759189517e+00
4.736316369155002981e+00 1.050726821182126791e+00 -4.849148697505374805e+00
4.226483440325813135e+00 2.025198293131850735e-01 -6.430191543673481114e+00
1.856436681914944709e+00 3.449879259271644294e+00 -6.088473918320885581e+00
3.162818173850113546e+00 2.627115606278330517e+00 -6.397033591896509108e+00
1.302373486789744739e+00 3.853215585485621819e+00 -6.601985794304650490e+00
2.943272216694003518e+00 3.263947671875577772e+00 -5.131658548846750101e+00
2.346983505035229456e+00 3.473933874489083973e+00 -6.653603628993327135e+00
1.128251483750366768e+00 3.067595506985011378e-01 -8.165226547445943339e+00
2.169111841970421839e+00 1.785666598821854745e+00 -7.483890638443559951e+00
1.142504882706641967e+00 1.378270747568016263e+00 -8.183324365790465293e+00
1.939251466879400088e+00 -1.283719381731610876e-01 -8.012046994367238995e+00
1.832075414268300451e+00 2.002697391649730374e+00 -7.696928994991617756e+00
4.318053388890854549e+00 2.390754989407604114e+00 -3.509501568946009176e+00
3.792293465049972667e+00 1.977197386326140061e+00 -5.984227145770299572e+00
4.571422150398699813e+00 1.469958443908488732e+00 -4.371529153739130535e+00
3.691130790384474114e+00 2.783427010835194171e+00 -4.398053491355388367e+00
4.169766989985793870e+00 1.017318693581447553e+00 -5.777939871493362745e+00
3.473952746375566836e+00 2.845629952061417001e+00 -5.403735031496116115e+00
3.569051599183022727e+00 -8.885097534227918148e-01 -7.182317671320600283e+00
2.978709525192853480e+00 1.061075784977432601e+00 -7.241215793052831806e+00
3.747859662079721765e+00 1.828634522836620480e-01 -6.995306333205875582e+00
2.468934713640333456e+00 -5.657372025797647863e-01 -7.608359189121143729e+00
3.560457760463827892e+00 6.935553260290719946e-01 -7.103532149035562959e+00
2.388929837176057891e+00 6.796440789924793613e-01 -7.651455557925883610e+00
3.739258711922476053e+00 3.792024423562130764e+00 2.591489962868642305e+00
4.077522254055399920e+00 3.247463779957473040e+00 2.740793611402795538e+00
3.690929873380870418e+00 3.570185138382214074e+00 2.028816708132736846e+00
3.943325391588116791e+00 3.669338572921157393e+00 8.089523889019528680e-01
3.602239506365277233e+00 2.732857400826171457e+00 6.056613493680547577e+00
3.931762452092842253e+00 2.489626211273666900e+00 4.351411685521308748e+00
3.218073405957025290e+00 3.161207689962190592e+00 3.678612629218660945e+00
3.748669196603980680e+00 2.856352692027781970e+00 3.790995742743052954e+00
3.745281286054504832e+00 3.425250315167758242e+00 3.101282974456470942e+00
3.545778375722090647e+00 3.257061436569785418e+00 3.665421647446127196e+00
4.445814193342990883e+00 2.810064455311181320e+00 -9.638259180472048548e-01
4.290105432503825256e+00 2.979987666460504059e+00 2.517367997552918180e+00
4.339472535128429342e+00 3.435296502891817205e+00 -2.586100899208286785e-01
3.961057138495756469e+00 3.498988513667519396e+00 1.470818817637573828e+00
3.466416160746785380e+00 -5.031402380277822495e+00 1.186084045903097461e+00
4.389493038357115573e+00 -3.665142102499966192e+00 1.870680754360214859e+00
3.057339303542946141e+00 -5.379030189486199376e+00 1.346704092834698718e+00
3.660840772452779390e+00 -4.973296885620925423e+00 1.422026497909446296e-01
4.458262190151311977e+00 5.063244479473342219e-01 4.769259637224230630e+00
4.632271318905229585e+00 -2.068670939040842871e+00 3.344031996478607827e+00
2.533617933661636901e+00 -4.194879245752946240e+00 3.736307136484457114e+00
3.962331486965423810e+00 -3.471784529181283663e+00 3.161908518989426486e+00
3.300379809945410248e+00 -4.469789731233205998e+00 2.712876860540958557e+00
3.718435965329639714e+00 -4.170777777622255655e+00 2.431358592988575040e+00
4.588143110179998096e+00 -3.509949126985748791e+00 -7.274462625053496057e-01
4.596310207817966287e+00 -3.142356179921698800e+00 1.418613409504241973e+00
3.882808097176845497e+00 -4.376144645644708397e+00 -4.664783417876079419e-01
4.015757704590573240e+00 -4.317579612894834717e+00 8.733306925592624337e-01
-4.517619864155985043e-01 -1.820905306345441899e+00 6.579735846722013726e+00
2.099240159801109229e+00 -1.788302081822674472e+00 6.041961299335514290e+00
7.630635653015250819e-01 -2.654616947656840864e+00 6.295206725625653199e+00
-5.417100806795871470e-01 -1.495348688659341452e+00 6.564812282843066171e+00
4.301359457610965720e+00 9.314487498325866310e-01 5.251266850190761559e+00
2.794749700295405592e+00 -5.120832074619228180e-01 5.994006336583014516e+00
4.112268442153204973e+00 -4.600289402118960119e-02 5.082302648742765605e+00
1.595552668566048382e+00 -4.313002117298652571e+00 4.749570047217215318e+00
2.702200997188168863e+00 -2.526244457607607963e+00 5.491539045988896639e+00
1.121841678986460700e+00 -3.325586246483961173e+00 5.737784278751024480e+00
2.959520318492631308e+00 -3.568935451346206378e+00 4.480455784801156582e+00
1.800535855603366819e+00 -2.550911632452222300e+00 5.724786875004181930e+00
1.890985168577734576e-01 -2.511300835521955710e-01 6.403080181986722685e+00
1.920222337043892669e+00 -1.003312897091058531e+00 6.029617691111323730e+00
1.287498085727634134e-01 -9.834238193809569095e-01 6.358349181113457149e+00
9.592064251069691849e-01 -1.342883793436751683e+00 6.471247572023936634e+00
4.131025510629742215e+00 -2.091213716765116803e+00 3.953868622286880630e+00
3.341538065902277310e+00 -1.546392440527106560e+00 5.516972370411173721e+00
4.209303158900324249e+00 -1.014245100198109206e+00 4.543605881762273313e+00
3.738034603941562839e+00 -3.066364079058739645e+00 4.179419522072852722e+00
3.644375785618931385e+00 -6.528199250557236155e-01 5.347865992179615446e+00
3.223322501565702769e+00 -2.650478564227189082e+00 4.856986442018913053e+00
1.649713607745691091e+00 2.815626532985230135e+00 5.353928960500044631e+00
2.384616072203228576e+00 2.636185810282172248e+00 5.344409265019916866e+00
2.268464903465584381e+00 3.140684820235648544e+00 5.343219979322384461e+00
1.441424788719513073e+00 1.743044892948094171e+00 5.913590937478085507e+00
4.147096244085420658e+00 2.701273063185986256e+00 5.398032508837448340e+00
3.301284986778350472e+00 2.317688589882003658e+00 5.218752424977363802e+00
4.114856519147580549e+00 1.615967250341220796e+00 5.764942663878622753e+00
3.848115760688591180e+00 1.007211887736283229e+00 5.272661835732279201e+00
1.514991855910738261e+00 2.665208208414459268e+00 6.862941058560013907e+00
2.002231356416826813e+00 3.608276183680453553e+00 5.269744569865800088e+00
2.360865507358268722e+00 2.848642772387529831e+00 6.059897223047702397e+00
1.677987523480993559e+00 2.821963103177481447e+00 6.295230583915825129e+00
1.515476287347493178e+00 3.456737862403630235e+00 5.450371488484508475e+00
2.672786040545198638e-01 3.518643349325240588e-01 6.334758714469369778e+00
2.464716804018464380e+00 2.039462444463940205e+00 5.565040383404821434e+00
5.464424620800006904e-01 9.439578574822875545e-01 6.244109141922454143e+00
1.142722992733324894e+00 4.368940413318114224e-01 6.445130401642682472e+00
1.682146342813367390e+00 1.820961044710172727e+00 5.621320072231223541e+00
3.592531663726465929e+00 2.096663707665377352e+00 5.328612983853481921e+00
3.864295262437012823e+00 2.208593738717258947e+00 5.019637207103508025e+00
4.017355626069849528e+00 1.895497794555482285e+00 5.320689895675769776e+00
3.185076198726622287e+00 2.592804734283138401e+00 4.842508889860484445e+00
4.061871748741649135e+00 1.611719792349624480e+00 5.356812297610683338e+00
3.850316801626129770e+00 2.087512386436284118e+00 4.830223325619719787e+00
2.150671815518534036e+00 -1.639182081601106844e-01 6.258413997292293196e+00
2.817961922615797477e+00 1.695990712931215283e+00 5.563851252559122607e+00
3.085736632976548321e+00 2.688815453942288158e-01 5.804058916599750262e+00
1.534300144131442778e+00 2.357344207181723827e-01 6.272844887151958204e+00
3.465711754859139848e+00 1.388518063811711389e+00 5.188881279457927320e+00
1.950892064719192076e+00 1.035975277780453174e+00 5.894383459541866266e+00
4.899712967536419939e+00 -3.564169686044079688e-01 -4.643405574944713621e+00
5.318948642762125978e+00 2.056375514956468031e-01 -2.390769774751289933e+00
4.911362741143662447e+00 2.370355240951265152e-01 -3.552641086401209236e+00
5.011487406764445041e+00 -9.761831779753524785e-01 -3.961485438325554220e+00
4.605796493147110482e+00 8.063098852313105303e-01 4.370337479975017203e+00
5.099948915725025067e+00 1.872761885823009675e-01 1.326494812151752800e+00
4.315764553656854297e+00 1.446655207578569913e+00 4.655750387216359698e+00
4.756599488321889169e+00 -2.875240649261751047e-01 3.593060458955672942e+00
4.959996705642592651e+00 2.068667290214887711e+00 -9.592329679911402174e-01
5.418680352928856081e+00 2.227630683344924145e-01 -5.336527586274273371e-01
4.801000261446029427e+00 1.531666796298031930e+00 -2.363251130589833604e+00
4.787427315067367850e+00 2.152440795930695039e+00 4.193761656769505186e-01
5.079438258333525802e+00 6.812457733895813661e-01 -2.383851603141225795e+00
5.208705914684034433e+00 -2.096883555960341816e+00 -1.774785242243578587e+00
5.368653453352484561e+00 -2.340152816417022663e-01 -1.340321946161139754e+00
5.011740865130761335e+00 -1.504437828855810899e+00 -3.101234441120733987e+00
5.142451699440869106e+00 -2.402561096244278716e+00 -6.667110152170522275e-01
5.456764427890828273e+00 -7.625499427630816340e-01 -2.512361672691558301e+00
4.274703422504613215e+00 2.278038695798703994e+00 3.134141740497306206e+00
5.137243609083312457e+00 6.421143595787128788e-01 9.763345317232061671e-01
4.272030053763862689e+00 1.877716855013503050e+00 3.973239537789302833e+00
4.561090075900559704e+00 2.523600862908099263e+00 1.663329176564635636e+00
4.688683941151889911e+00 1.345315622283817625e+00 2.960054032709281913e+00
4.998759647082297697e+00 1.314265627712751794e+00 7.530537822426091044e-01
4.620437379915845355e+00 -2.540932917508111011e+00 2.032749806572862639e+00
5.292352739079307256e+00 -7.644215070592156325e-01 6.068049957196348654e-01
4.809479782885168753e+00 -1.744455796255250490e+00 3.014927628247004776e+00
4.940778674361071765e+00 -2.487148417760488339e+00 5.025562355730645026e-01
4.832071833749004064e+00 -6.627566840446537100e-01 2.217827559087836686e+00
5.415379644611800103e+00 -1.075346137011043979e+00 -2.039899384115322900e-01
-3.490220027224125943e+00 4.518355322874090696e+00 7.234169239509418148e-01
-4.504642163300834667e+00 2.668446260770737766e+00 -1.342250561847125434e+00
-3.529993889715098643e+00 4.460580968629970222e+00 -7.070537462985848620e-01
-5.567558350346749840e+00 -6.715417800329983589e-01 -4.044473810524024771e+00
-5.211480061832235222e+00 1.147408549503980746e+00 -2.926383248336139165e+00
-1.964511855512132366e+00 4.078713633613147316e+00 -3.456987437995073797e+00
-4.110614265310973181e+00 2.692298265874305319e+00 -2.959655518064449709e+00
-3.203216298879060897e+00 4.239292958178813464e+00 -2.021689696870036190e+00
-4.015604489584556624e+00 3.417775412144235858e+00 -1.695522396351991867e+00
-5.055037115783486357e+00 -3.775397965819208501e+00 8.604625578581678313e-01
-5.131229516341965002e+00 -3.102334519200994567e+00 -1.312223071600348678e+00
-3.891278686495613925e+00 -4.048862860185420409e+00 -1.212073072162765719e+00
-5.994172695118738403e+00 -1.354385288500186801e+00 -3.665252880899274590e+00
-5.936290962060393639e+00 -1.942166962478620418e+00 -2.895301625615883889e+00
-2.811077486383133817e+00 -3.611239120254447599e+00 -4.162255435625774602e+00
-5.217441557658549556e+00 -3.052996421580895348e+00 -2.348293310777279430e+00
-3.578165844883276048e+00 -3.740002304090211283e+00 -2.967853263412484566e+00
-4.386464010994213680e+00 -3.667564808053764835e+00 -1.941966664680300880e+00
-5.207829758758681926e-01 -2.757410680166235029e+00 -7.845758573038833283e+00
-2.440345622462512409e+00 -2.708430182037376177e+00 -7.202885008169718439e+00
-7.812374353740290100e-01 -3.224208130693358321e+00 -7.317690254826210605e+00
-6.979236509531331345e-01 -2.038179573261900579e+00 -8.263084734825113742e+00
-4.993106599564520742e+00 -8.958724996054142631e-01 -5.137020483485877698e+00
-3.726996648025299397e+00 -1.874671735641414649e+00 -6.750911199893318226e+00
-5.328681622214689106e+00 -1.095054656654169900e+00 -4.913685814905283777e+00
-1.907807731494398640e+00 -3.833491015235855670e+00 -5.216392047114672081e+00
-3.285311092872703842e+00 -3.068083577064915968e+00 -5.960581406054878073e+00
-1.539903127937831018e+00 -3.281225521625190655e+00 -6.598363632854678862e+00
-3.603766219533967696e+00 -3.220506084787799317e+00 -4.592600056229164451e+00
-2.209199724713335033e+00 -3.430453105281214388e+00 -6.787002816873055622e+00
-9.734386564831710720e-01 -7.815876569615746172e-01 -8.144475654636455175e+00
-2.602734623916301615e+00 -2.097850116199271753e+00 -7.365201520153159542e+00
-6.385136579458801087e-01 -1.140189755838866281e+00 -8.296925475324638199e+00
-1.542304552460855405e+00 -2.270296358969261963e+00 -7.732838358595787831e+00
-5.642210767454173492e+00 -2.190575731653247260e+00 -2.682081571003071652e+00
-4.415687675236379839e+00 -2.356576591003832544e+00 -5.635219406205468573e+00
-5.268627115083484469e+00 -1.874119232609252172e+00 -4.321355129880919854e+00
-4.738692589081086481e+00 -2.718089444752541439e+00 -3.713845356692938360e+00
-4.634148252529759482e+00 -1.616592786263671755e+00 -5.549190394467303555e+00
-4.109062162215176173e+00 -2.954725100386007330e+00 -5.173051792228046786e+00
2.306318446530324362e-01 2.735006932089060427e+00 -7.547528918518313645e+00
-1.698212684580668652e+00 1.694641687473517733e+00 -7.492411327627991113e+00
-6.581113769201838437e-01 2.943967865243871884e+00 -6.931266919475418398e+00
4.022023665273593007e-01 2.084060168289025849e+00 -7.884344975228728458e+00
-5.300027753091068661e+00 -1.011711193954263566e+00 -4.951748044035511498e+00
-3.747604263664801927e+00 8.655306193509926249e-01 -6.482582461129976714e+00
-5.079233180823432114e+00 -1.621708553027425559e-01 -4.920154048078072329e+00
-4.317806435301640988e+00 -4.908630704753337848e-01 -6.404045241926667131e+00
-1.862886767422044176e+00 3.463361649463404746e+00 -4.677354340171344660e+00
-2.377671794135361782e+00 2.314618332563871395e+00 -6.326620158561149232e+00
-1.278631156313933426e+00 3.382427715858790762e+00 -5.864221011230807079e+00
-2.533279928565615791e+00 3.346022298846398790e+00 -4.541963269296562800e+00
-1.630782245509909245e+00 2.695767467868907197e+00 -6.866647041922018246e+00
-4.767883802138929150e-01 -1.701203892282348359e-03 -8.225437591063123222e+00
-1.888073943320815795e+00 1.041221272911871720e+00 -7.667406863449320653e+00
1.120668223016249992e-01 8.278821854819744530e-01 -8.171405556082222077e+00
-1.565439842331543652e+00 -4.359659360508702508e-01 -7.949236681038055252e+00
-5.783334559825368260e-01 1.629229408886718744e+00 -7.854142412569131260e+00
-4.835216826215886776e+00 2.053597735390781498e+00 -3.470908813402164839e+00
-3.744801789186170016e+00 1.688832282358172510e+00 -5.890462720864887203e+00
-4.971256365830029722e+00 1.059139512710094211e+00 -4.211581211390549306e+00
-3.580709961434848321e+00 2.521409303633267651e+00 -4.329864463121665175e+00
-4.502094194970147178e+00 9.037705310718557872e-01 -5.681667034668630656e+00
-3.149051081989914458e+00 2.461385864591674189e+00 -5.466223336493694518e+00
-3.060775674681092795e+00 -1.343310115555739426e+00 -7.197000528676326780e+00
-2.986183275797016368e+00 6.549550243055599630e-01 -7.160125078398061227e+00
-3.662879102232939221e+00 -8.938121295740699690e-01 -7.058071016792446528e+00
-2.293302830336645837e+00 -1.025094162513785490e+00 -7.850588601513085685e+00
-3.755217267944535031e+00 -9.845743079349422722e-02 -6.783694405039101483e+00
-2.194627448699141503e+00 8.653967813116981989e-02 -7.813239504967104843e+00
-3.706966121069970033e+00 4.787441668983356990e+00 2.030223144671456037e+00
-3.830204428948934758e+00 3.863304709431507611e+00 1.853104101226937139e+00
-4.249732364445638844e+00 4.464594990583488965e+00 1.176577741672368838e+00
-3.591681209765885008e+00 4.602276376295010962e+00 1.392066794964287313e+00
-4.365384290859892324e+00 8.224722702867955926e-01 4.902507169888199456e+00
-4.084366445923190980e+00 2.783405318498697323e+00 3.748872417519377720e+00
-3.163993779853478294e+00 3.567799321979653104e+00 3.504037083295786559e+00
-3.665769722644144579e+00 3.866000586317935195e+00 2.738546899967114534e+00
-3.585285504125337752e+00 3.880988958893757612e+00 2.543739442448791355e+00
-3.766648636981018150e+00 4.096441450567339437e+00 1.607969408793795241e+00
-4.555281739813908715e+00 3.116906993867466724e+00 -2.726318115126055708e-01
-4.174100751469258519e+00 2.761944573548527959e+00 2.323496604770948437e+00
-3.770156680427956264e+00 4.044697365149679591e+00 4.059978920372792066e-01
-3.921400553669608602e+00 4.008404420824888348e+00 1.780251680172502127e+00
-5.033422791060927715e+00 -3.873288420593490322e+00 7.476737311318759627e-01
-4.442416114829498497e+00 -3.338950680038913710e+00 1.551238011854930487e+00
-4.340379561966321909e+00 -3.835734104726200133e+00 1.182256509134048450e+00
-4.283991892082340769e+00 -4.652275833337114364e+00 1.167995281355849402e+00
-4.431256883267089997e+00 -4.215514399487013675e-01 4.422426660646274321e+00
-4.738254454893618295e+00 -2.109533273237480966e+00 2.527234294477811005e+00
-2.933584743917181825e+00 -3.796120152234083278e+00 3.273213189294295500e+00
-4.362709896380120966e+00 -2.802231706212238382e+00 2.783507610076771055e+00
-3.865473689478100106e+00 -3.762761060333791541e+00 2.383952256376512757e+00
-4.495261431328152035e+00 -3.454283889450680434e+00 2.342292144902051287e+00
-4.860107033792360198e+00 -3.766781706625846216e+00 2.032702112836792113e-02
-4.854454521673233991e+00 -3.523472896330591020e+00 9.399760044337940323e-01
-4.341629619293473574e+00 -4.606788669881082932e+00 1.046588527111136646e-01
-4.248121535473153187e+00 -4.755765370273806525e+00 1.540355565082492273e+00
-1.602275577035664922e+00 -1.345823838973383646e+00 7.470245916248570595e+00
-1.712779681133816290e+00 -1.582832185424132954e+00 7.070746836940718261e+00
-1.812421600704145153e+00 -2.350601548288530296e+00 6.584253366583513234e+00
-1.383534405424831748e+00 -1.641068263941054095e+00 6.853151683983788267e+00
-3.847171009310769829e+00 -1.375868911822839546e-01 5.706984906385951462e+00
-2.692478782338407317e+00 -1.411318408387154610e+00 6.450138164616620706e+00
-3.849656290116083568e+00 -6.833613400663769433e-01 5.104097661233709893e+00
-2.275795468844692859e+00 -3.118587830774571135e+00 5.135135749878530831e+00
-2.273847319460201355e+00 -2.026408002160849264e+00 6.200142022162373756e+00
-1.680752364721112890e+00 -3.039605892270471177e+00 5.849904971637820417e+00
-2.639000545121818142e+00 -3.295312527039120365e+00 4.396383908276932928e+00
-1.756616507897522439e+00 -2.148118928723789622e+00 6.925345166930839014e+00
-9.570463119567628185e-01 -1.030938540055991837e+00 6.767226189791081481e+00
-1.165259311697927735e+00 -1.794493279435857902e+00 6.845843943668033837e+00
-8.450447669131926354e-01 -7.550936941559918125e-01 7.254583484662913584e+00
-7.586027141573854493e-01 -1.475567891256146291e+00 7.443234234370533109e+00
-4.248677547397141652e+00 -2.088148289379748057e+00 3.615018651044890508e+00
-3.119979441655472030e+00 -1.892873088359799283e+00 5.661430667813331929e+00
-4.162179539455387101e+00 -1.516224137882923095e+00 4.317699274960946632e+00
-3.696375362521918007e+00 -2.646078669123250293e+00 3.943009926400530052e+00
-3.565059128614164852e+00 -1.356807660840400054e+00 5.733371079543110760e+00
-3.015731906374844673e+00 -2.804661550691486482e+00 5.051874951880719777e+00
-2.040305158147968367e-01 2.339991698730190972e+00 5.910491323481671166e+00
-2.309603539705303632e+00 1.723263343186821617e+00 6.358113362556875536e+00
-9.808536494567503539e-01 2.143600541671367044e+00 6.183402461979278009e+00
-3.311093464412198095e-01 1.565189803159800386e+00 6.179784811490803165e+00
-3.822676354409264121e+00 3.462989780653937810e-01 5.662774706145812686e+00
-3.297046486425899037e+00 8.085853853439294303e-01 6.494607173098533970e+00
-3.827618619676236733e+00 8.694112040832168153e-01 5.722635824845265340e+00
-3.494472409651221856e+00 8.008635028218123730e-02 6.199212879121314579e+00
-2.194675650652191834e+00 2.777107575160476571e+00 5.383199879593705717e+00
-3.204040402386818531e+00 2.052382669379422708e+00 5.689340051521501351e+00
-1.584305960849668571e+00 2.304161270528766625e+00 6.007513264847133883e+00
-2.725812437488086104e+00 3.054147163993917946e+00 4.741405669304720405e+00
-2.377134776973167885e+00 1.896400257274932999e+00 6.215255790070248310e+00
-1.517633357470719480e+00 -5.670069293683188683e-02 6.438021086595207443e+00
-2.145219146743038152e+00 1.069119425984608629e+00 6.357785791912649920e+00
-1.076289981810360841e+00 7.751697446160004112e-01 6.277887377208496211e+00
-1.542651268984097657e+00 -5.845528573319944687e-01 6.764772342268384975e+00
-1.407504072422634422e+00 1.274415712680682766e+00 6.390196949748583322e+00
-3.722870436492943469e+00 2.463603304696391216e+00 4.569232319308017765e+00
-3.532099808283483799e+00 1.190029255122405871e+00 6.241470225510241221e+00
-4.094898263983366427e+00 1.781055493647354382e+00 4.726452886211849780e+00
-3.543245823015753082e+00 2.342309399181945917e+00 4.732611183958367995e+00
-3.753538145750707766e+00 8.730520991403123432e-01 6.005545275962782981e+00
-3.327968386290074854e+00 2.448734922099194744e+00 5.333641528046791258e+00
-2.218923790173628507e+00 -1.173396698070082955e+00 6.572101173054343271e+00
-2.651465091144194819e+00 6.959855465147337661e-01 6.470954152277752058e+00
-2.820929251299272966e+00 -4.865459944847517204e-01 6.408900326791325597e+00
-1.736324271486321402e+00 -1.152161519874761231e+00 6.723296378582007016e+00
-3.001638641234505300e+00 8.719032388800961042e-02 6.431685670168883817e+00
-2.039553663449793941e+00 4.407352314471557619e-02 6.842741721507456631e+00
-6.048383747527078746e+00 -1.228827209112324237e+00 -3.499541221385913836e+00
-5.852813286505044843e+00 -7.936922687033138857e-01 -1.667355096678788007e+00
-5.529187012645414789e+00 -2.878896462272480528e-01 -3.162717899060741633e+00
-6.008648785079369503e+00 -1.254876098815833618e+00 -3.484215176851229057e+00
-4.666897354117805818e+00 -6.644300854344348251e-01 3.910029995803272040e+00
-5.049539167934768535e+00 -4.111903770753672083e-01 1.373513842533073293e+00
-4.687003649285461648e+00 1.622210035276375473e-01 3.637181815255618567e+00
-4.686328105608573935e+00 -1.266881979885331688e+00 3.107877923883224813e+00
-5.263463977690848949e+00 1.489456249772337815e+00 -1.386924867539458983e+00
-5.762843199215694767e+00 -3.041147914197714353e-01 -4.657939422434249632e-01
-5.401735839539283823e+00 6.222791322951541915e-01 -2.422621174056577953e+00
-4.774878240179361022e+00 1.942481530615227214e+00 -5.991613005058415292e-02
-5.763202123243057251e+00 -1.564644656033608860e-01 -1.819544697488292950e+00
-6.030315562700478971e+00 -1.145420499132453251e+00 -2.626969253989540842e+00
-5.827951923328338779e+00 -1.434037901943439497e+00 -5.929490910229490153e-01
-6.267365030653793134e+00 -1.476448003488892047e+00 -2.671743607907780316e+00
-5.114236585186881179e+00 -2.998318843648134724e+00 -1.245138902407229908e+00
-5.812843376060643052e+00 -1.363009995035667998e+00 -1.895425533081726011e+00
-4.516696074242156911e+00 1.815453372753962569e+00 2.703945760170789470e+00
-5.373900226849102069e+00 2.774504091147074747e-01 8.392424976416673621e-01
-4.465165722039978746e+00 1.357016343398976366e+00 3.781545270324735863e+00
-4.806606788865291691e+00 1.710301137915766656e+00 1.094859247455672868e+00
-4.963211261176640576e+00 2.100646744682910239e-01 2.670176992587808495e+00
-5.369926484251362986e+00 8.644046410194523578e-01 3.202375616286242122e-01
-5.060668887143652483e+00 -2.787873120650507186e+00 9.365773972250187596e-01
-5.566459724052369218e+00 -1.187625649809795458e+00 8.475494921059459896e-01
-4.927296864283126965e+00 -1.974569073667673536e+00 2.278671156443797585e+00
-4.850988071675498503e+00 -3.527443298559502338e+00 -7.603749911884284396e-01
-4.946459363044726665e+00 -1.867101547407791884e+00 1.824919771700280968e+00
-5.594123451370445643e+00 -2.262465100938820139e+00 -2.712703460582967518e-01
