1.419474002721660781e+02 -2.296757182550507821e+02 0.000000000000000000e+00
-1.419474002721660781e+02 -2.296757182550507821e+02 0.000000000000000000e+00
1.419474002721660781e+02 2.296757182550507821e+02 0.000000000000000000e+00
-1.419474002721660781e+02 2.296757182550507821e+02 0.000000000000000000e+00
0.000000000000000000e+00 1.419474002721660781e+02 -2.551952425056119722e+01
0.000000000000000000e+00 -1.419474002721660781e+02 -2.551952425056119722e+01
0.000000000000000000e+00 1.419474002721660781e+02 2.551952425056119722e+01
0.000000000000000000e+00 -1.419474002721660781e+02 2.551952425056119722e+01
-2.296757182550507821e+02 0.000000000000000000e+00 1.577193336357400710e+01
-2.296757182550507821e+02 0.000000000000000000e+00 -1.577193336357400710e+01
2.296757182550507821e+02 0.000000000000000000e+00 1.577193336357400710e+01
2.296757182550507821e+02 0.000000000000000000e+00 -1.577193336357400710e+01
0.000000000000000000e+00 -2.700000000000000000e+02 0.000000000000000000e+00
0.000000000000000000e+00 2.700000000000000000e+02 0.000000000000000000e+00
8.343458848123579230e+01 2.184345884812357781e+02 -1.500000000000000000e+01
-8.343458848123579230e+01 2.184345884812357781e+02 -1.500000000000000000e+01
8.343458848123579230e+01 -2.184345884812357781e+02 -1.500000000000000000e+01
-8.343458848123579230e+01 -2.184345884812357781e+02 -1.500000000000000000e+01
0.000000000000000000e+00 0.000000000000000000e+00 -3.000000000000000000e+01
8.343458848123579230e+01 2.184345884812357781e+02 1.500000000000000000e+01
-8.343458848123579230e+01 2.184345884812357781e+02 1.500000000000000000e+01
8.343458848123579230e+01 -2.184345884812357781e+02 1.500000000000000000e+01
-8.343458848123579230e+01 -2.184345884812357781e+02 1.500000000000000000e+01
0.000000000000000000e+00 0.000000000000000000e+00 3.000000000000000000e+01
-2.184345884812357781e+02 -1.350000000000000284e+02 9.270509831248421762e+00
-2.184345884812357781e+02 1.350000000000000284e+02 9.270509831248421762e+00
-1.350000000000000284e+02 8.343458848123579230e+01 2.427050983124842176e+01
-1.350000000000000284e+02 -8.343458848123579230e+01 2.427050983124842176e+01
-2.184345884812357781e+02 -1.350000000000000284e+02 -9.270509831248421762e+00
-2.184345884812357781e+02 1.350000000000000284e+02 -9.270509831248421762e+00
-1.350000000000000284e+02 8.343458848123579230e+01 -2.427050983124842176e+01
-1.350000000000000284e+02 -8.343458848123579230e+01 -2.427050983124842176e+01
-2.700000000000000000e+02 0.000000000000000000e+00 0.000000000000000000e+00
2.184345884812357781e+02 -1.350000000000000284e+02 9.270509831248421762e+00
2.184345884812357781e+02 1.350000000000000284e+02 9.270509831248421762e+00
1.350000000000000284e+02 8.343458848123579230e+01 2.427050983124842176e+01
1.350000000000000284e+02 -8.343458848123579230e+01 2.427050983124842176e+01
2.184345884812357781e+02 -1.350000000000000284e+02 -9.270509831248421762e+00
2.184345884812357781e+02 1.350000000000000284e+02 -9.270509831248421762e+00
1.350000000000000284e+02 8.343458848123579230e+01 -2.427050983124842176e+01
1.350000000000000284e+02 -8.343458848123579230e+01 -2.427050983124842176e+01
2.700000000000000000e+02 0.000000000000000000e+00 0.000000000000000000e+00
7.378196280642136173e+01 -2.597233566016577697e+02 0.000000000000000000e+00
-7.378196280642136173e+01 -2.597233566016577697e+02 0.000000000000000000e+00
7.378196280642136173e+01 2.597233566016577697e+02 0.000000000000000000e+00
-7.378196280642136173e+01 2.597233566016577697e+02 0.000000000000000000e+00
1.171499124292275980e+02 2.329204897123702551e+02 -7.796757390232631479e+00
4.336794962280623622e+01 1.873207289413212777e+02 -2.106139334328489099e+01
4.386415899144235908e+01 2.567852593996914834e+02 -7.885966681787005328e+00
-1.171499124292275980e+02 2.329204897123702551e+02 -7.796757390232631479e+00
-4.336794962280623622e+01 1.873207289413212777e+02 -2.106139334328489099e+01
-4.386415899144235908e+01 2.567852593996914834e+02 -7.885966681787005328e+00
0.000000000000000000e+00 2.296757182550507821e+02 -1.577193336357400888e+01
1.171499124292275980e+02 -2.329204897123702551e+02 -7.796757390232631479e+00
4.336794962280623622e+01 -1.873207289413212777e+02 -2.106139334328489099e+01
4.386415899144235908e+01 -2.567852593996914834e+02 -7.885966681787005328e+00
-1.171499124292275980e+02 -2.329204897123702551e+02 -7.796757390232631479e+00
-4.336794962280623622e+01 -1.873207289413212777e+02 -2.106139334328489099e+01
-4.386415899144235908e+01 -2.567852593996914834e+02 -7.885966681787005328e+00
0.000000000000000000e+00 -2.296757182550507821e+02 -1.577193336357400888e+01
0.000000000000000000e+00 7.378196280642136173e+01 -2.885815073351752602e+01
0.000000000000000000e+00 -7.378196280642136173e+01 -2.885815073351752602e+01
1.171499124292275980e+02 2.329204897123702551e+02 7.796757390232631479e+00
4.336794962280623622e+01 1.873207289413212777e+02 2.106139334328489099e+01
4.386415899144235908e+01 2.567852593996914834e+02 7.885966681787005328e+00
-1.171499124292275980e+02 2.329204897123702551e+02 7.796757390232631479e+00
-4.336794962280623622e+01 1.873207289413212777e+02 2.106139334328489099e+01
-4.386415899144235908e+01 2.567852593996914834e+02 7.885966681787005328e+00
0.000000000000000000e+00 2.296757182550507821e+02 1.577193336357400888e+01
1.171499124292275980e+02 -2.329204897123702551e+02 7.796757390232631479e+00
4.336794962280623622e+01 -1.873207289413212777e+02 2.106139334328489099e+01
4.386415899144235908e+01 -2.567852593996914834e+02 7.885966681787005328e+00
-1.171499124292275980e+02 -2.329204897123702551e+02 7.796757390232631479e+00
-4.336794962280623622e+01 -1.873207289413212777e+02 2.106139334328489099e+01
-4.386415899144235908e+01 -2.567852593996914834e+02 7.885966681787005328e+00
0.000000000000000000e+00 -2.296757182550507821e+02 1.577193336357400888e+01
0.000000000000000000e+00 7.378196280642136173e+01 2.885815073351752602e+01
0.000000000000000000e+00 -7.378196280642136173e+01 2.885815073351752602e+01
-1.873207289413213061e+02 -1.895525400895640473e+02 4.818661069200694591e+00
-2.329204897123702551e+02 -7.017081651209370818e+01 1.301665693658084422e+01
-1.587020181189677714e+02 -1.858115592636084443e+02 1.275976212528060039e+01
-1.873207289413213061e+02 1.895525400895640473e+02 4.818661069200694591e+00
-2.329204897123702551e+02 7.017081651209370818e+01 1.301665693658084422e+01
-1.587020181189677714e+02 1.858115592636084443e+02 1.275976212528060039e+01
-7.017081651209370818e+01 1.171499124292276264e+02 2.588005441248558824e+01
-1.895525400895640189e+02 4.336794962280624333e+01 2.081341432681347570e+01
-1.148378591275254053e+02 1.587020181189677430e+02 2.064572880706760571e+01
-7.097370013608303907e+01 4.386415899144235198e+01 2.853169548885460571e+01
-1.858115592636084159e+02 1.148378591275253626e+02 1.763355756877419012e+01
-7.017081651209370818e+01 -1.171499124292276264e+02 2.588005441248558824e+01
-1.895525400895640189e+02 -4.336794962280624333e+01 2.081341432681347570e+01
-1.148378591275254053e+02 -1.587020181189677430e+02 2.064572880706760571e+01
-7.097370013608303907e+01 -4.386415899144235198e+01 2.853169548885460571e+01
-1.858115592636084159e+02 -1.148378591275253626e+02 1.763355756877419012e+01
-1.419474002721660781e+02 0.000000000000000000e+00 2.551952425056119722e+01
-1.873207289413213061e+02 -1.895525400895640473e+02 -4.818661069200694591e+00
-2.329204897123702551e+02 -7.017081651209370818e+01 -1.301665693658084422e+01
-1.587020181189677714e+02 -1.858115592636084443e+02 -1.275976212528060039e+01
-2.296757182550507821e+02 -1.419474002721660781e+02 0.000000000000000000e+00
-1.873207289413213061e+02 1.895525400895640473e+02 -4.818661069200694591e+00
-2.329204897123702551e+02 7.017081651209370818e+01 -1.301665693658084422e+01
-1.587020181189677714e+02 1.858115592636084443e+02 -1.275976212528060039e+01
-2.296757182550507821e+02 1.419474002721660781e+02 0.000000000000000000e+00
-7.017081651209370818e+01 1.171499124292276264e+02 -2.588005441248558824e+01
-1.895525400895640189e+02 4.336794962280624333e+01 -2.081341432681347570e+01
-1.148378591275254053e+02 1.587020181189677430e+02 -2.064572880706760571e+01
-7.097370013608303907e+01 4.386415899144235198e+01 -2.853169548885460571e+01
-1.858115592636084159e+02 1.148378591275253626e+02 -1.763355756877419012e+01
-7.017081651209370818e+01 -1.171499124292276264e+02 -2.588005441248558824e+01
-1.895525400895640189e+02 -4.336794962280624333e+01 -2.081341432681347570e+01
-1.148378591275254053e+02 -1.587020181189677430e+02 -2.064572880706760571e+01
-7.097370013608303907e+01 -4.386415899144235198e+01 -2.853169548885460571e+01
-1.858115592636084159e+02 -1.148378591275253626e+02 -1.763355756877419012e+01
-1.419474002721660781e+02 0.000000000000000000e+00 -2.551952425056119722e+01
-2.597233566016577697e+02 0.000000000000000000e+00 8.197995867380152291e+00
-2.597233566016577697e+02 0.000000000000000000e+00 -8.197995867380152291e+00
-2.567852593996914834e+02 -7.097370013608305328e+01 4.873795443493595947e+00
-2.567852593996914834e+02 7.097370013608305328e+01 4.873795443493595947e+00
-2.567852593996914834e+02 -7.097370013608305328e+01 -4.873795443493595947e+00
-2.567852593996914834e+02 7.097370013608305328e+01 -4.873795443493595947e+00
1.873207289413213061e+02 -1.895525400895640473e+02 4.818661069200694591e+00
2.329204897123702551e+02 -7.017081651209370818e+01 1.301665693658084422e+01
1.587020181189677714e+02 -1.858115592636084443e+02 1.275976212528060039e+01
1.873207289413213061e+02 1.895525400895640473e+02 4.818661069200694591e+00
2.329204897123702551e+02 7.017081651209370818e+01 1.301665693658084422e+01
1.587020181189677714e+02 1.858115592636084443e+02 1.275976212528060039e+01
7.017081651209370818e+01 1.171499124292276264e+02 2.588005441248558824e+01
1.895525400895640189e+02 4.336794962280624333e+01 2.081341432681347570e+01
1.148378591275254053e+02 1.587020181189677430e+02 2.064572880706760571e+01
7.097370013608303907e+01 4.386415899144235198e+01 2.853169548885460571e+01
1.858115592636084159e+02 1.148378591275253626e+02 1.763355756877419012e+01
7.017081651209370818e+01 -1.171499124292276264e+02 2.588005441248558824e+01
1.895525400895640189e+02 -4.336794962280624333e+01 2.081341432681347570e+01
1.148378591275254053e+02 -1.587020181189677430e+02 2.064572880706760571e+01
7.097370013608303907e+01 -4.386415899144235198e+01 2.853169548885460571e+01
1.858115592636084159e+02 -1.148378591275253626e+02 1.763355756877419012e+01
1.419474002721660781e+02 0.000000000000000000e+00 2.551952425056119722e+01
1.873207289413213061e+02 -1.895525400895640473e+02 -4.818661069200694591e+00
2.329204897123702551e+02 -7.017081651209370818e+01 -1.301665693658084422e+01
1.587020181189677714e+02 -1.858115592636084443e+02 -1.275976212528060039e+01
2.296757182550507821e+02 -1.419474002721660781e+02 0.000000000000000000e+00
1.873207289413213061e+02 1.895525400895640473e+02 -4.818661069200694591e+00
2.329204897123702551e+02 7.017081651209370818e+01 -1.301665693658084422e+01
1.587020181189677714e+02 1.858115592636084443e+02 -1.275976212528060039e+01
2.296757182550507821e+02 1.419474002721660781e+02 0.000000000000000000e+00
7.017081651209370818e+01 1.171499124292276264e+02 -2.588005441248558824e+01
1.895525400895640189e+02 4.336794962280624333e+01 -2.081341432681347570e+01
1.148378591275254053e+02 1.587020181189677430e+02 -2.064572880706760571e+01
7.097370013608303907e+01 4.386415899144235198e+01 -2.853169548885460571e+01
1.858115592636084159e+02 1.148378591275253626e+02 -1.763355756877419012e+01
7.017081651209370818e+01 -1.171499124292276264e+02 -2.588005441248558824e+01
1.895525400895640189e+02 -4.336794962280624333e+01 -2.081341432681347570e+01
1.148378591275254053e+02 -1.587020181189677430e+02 -2.064572880706760571e+01
7.097370013608303907e+01 -4.386415899144235198e+01 -2.853169548885460571e+01
1.858115592636084159e+02 -1.148378591275253626e+02 -1.763355756877419012e+01
1.419474002721660781e+02 0.000000000000000000e+00 -2.551952425056119722e+01
2.597233566016577697e+02 0.000000000000000000e+00 8.197995867380152291e+00
2.597233566016577697e+02 0.000000000000000000e+00 -8.197995867380152291e+00
2.567852593996914834e+02 -7.097370013608305328e+01 4.873795443493595947e+00
2.567852593996914834e+02 7.097370013608305328e+01 4.873795443493595947e+00
2.567852593996914834e+02 -7.097370013608305328e+01 -4.873795443493595947e+00
2.567852593996914834e+02 7.097370013608305328e+01 -4.873795443493595947e+00
1.089059441266883539e+02 -2.470617237329057048e+02 0.000000000000000000e+00
3.724710537446109981e+01 -2.674184981283527236e+02 0.000000000000000000e+00
-1.089059441266883539e+02 -2.470617237329057048e+02 0.000000000000000000e+00
-3.724710537446109981e+01 -2.674184981283527236e+02 0.000000000000000000e+00
1.089059441266883539e+02 2.470617237329057048e+02 0.000000000000000000e+00
3.724710537446109981e+01 2.674184981283527236e+02 0.000000000000000000e+00
-1.089059441266883539e+02 2.470617237329057048e+02 0.000000000000000000e+00
-3.724710537446109981e+01 2.674184981283527236e+02 0.000000000000000000e+00
1.307992433563803445e+02 2.335309206830842186e+02 -3.936011364390385125e+00
1.012604132191166286e+02 2.278560981480453620e+02 -1.150841198055143266e+01
9.672177424137630908e+01 2.495622421650634237e+02 -3.949661140561937955e+00
2.189329922969194797e+01 1.662233456358937929e+02 -2.351529127259913921e+01
6.401330784465550039e+01 2.048361210440795332e+02 -1.820475447815442394e+01
2.220546562542781999e+01 2.666758519606872255e+02 -3.992133124217739581e+00
6.444277118629015888e+01 2.405717615308592769e+02 -1.158562156762776318e+01
5.943159741778895722e+01 2.609260012986585480e+02 -3.983774304837074620e+00
8.133989735517266695e+01 2.473859273016282430e+02 -7.922482519771965492e+00
-1.307992433563803445e+02 2.335309206830842186e+02 -3.936011364390385125e+00
-1.012604132191166286e+02 2.278560981480453620e+02 -1.150841198055143266e+01
-9.672177424137630908e+01 2.495622421650634237e+02 -3.949661140561937955e+00
-2.189329922969194797e+01 1.662233456358937929e+02 -2.351529127259913921e+01
-6.401330784465550039e+01 2.048361210440795332e+02 -1.820475447815442394e+01
0.000000000000000000e+00 1.897848982316988042e+02 -2.133845204886648972e+01
-2.220546562542781999e+01 2.666758519606872255e+02 -3.992133124217739581e+00
-6.444277118629015888e+01 2.405717615308592769e+02 -1.158562156762776318e+01
-5.943159741778895722e+01 2.609260012986585480e+02 -3.983774304837074620e+00
0.000000000000000000e+00 2.602425411362580689e+02 -7.992141034037023140e+00
-8.133989735517266695e+01 2.473859273016282430e+02 -7.922482519771965492e+00
4.223730556086233889e+01 2.268480290383275246e+02 -1.557775469184550232e+01
-4.223730556086233889e+01 2.268480290383275246e+02 -1.557775469184550232e+01
2.190829993738369552e+01 2.106551800917341950e+02 -1.860718747840341081e+01
2.222736660862924651e+01 2.465052730917207384e+02 -1.198821155105553515e+01
-2.190829993738369552e+01 2.106551800917341950e+02 -1.860718747840341081e+01
-2.222736660862924651e+01 2.465052730917207384e+02 -1.198821155105553515e+01
1.307992433563803445e+02 -2.335309206830842186e+02 -3.936011364390385125e+00
1.012604132191166286e+02 -2.278560981480453620e+02 -1.150841198055143266e+01
9.672177424137630908e+01 -2.495622421650634237e+02 -3.949661140561937955e+00
2.189329922969194797e+01 -1.662233456358937929e+02 -2.351529127259913921e+01
6.401330784465550039e+01 -2.048361210440795332e+02 -1.820475447815442394e+01
2.220546562542781999e+01 -2.666758519606872255e+02 -3.992133124217739581e+00
6.444277118629015888e+01 -2.405717615308592769e+02 -1.158562156762776318e+01
5.943159741778895722e+01 -2.609260012986585480e+02 -3.983774304837074620e+00
8.133989735517266695e+01 -2.473859273016282430e+02 -7.922482519771965492e+00
-1.307992433563803445e+02 -2.335309206830842186e+02 -3.936011364390385125e+00
-1.012604132191166286e+02 -2.278560981480453620e+02 -1.150841198055143266e+01
-9.672177424137630908e+01 -2.495622421650634237e+02 -3.949661140561937955e+00
-2.189329922969194797e+01 -1.662233456358937929e+02 -2.351529127259913921e+01
-6.401330784465550039e+01 -2.048361210440795332e+02 -1.820475447815442394e+01
0.000000000000000000e+00 -1.897848982316988042e+02 -2.133845204886648972e+01
-2.220546562542781999e+01 -2.666758519606872255e+02 -3.992133124217739581e+00
-6.444277118629015888e+01 -2.405717615308592769e+02 -1.158562156762776318e+01
-5.943159741778895722e+01 -2.609260012986585480e+02 -3.983774304837074620e+00
0.000000000000000000e+00 -2.602425411362580689e+02 -7.992141034037023140e+00
-8.133989735517266695e+01 -2.473859273016282430e+02 -7.922482519771965492e+00
4.223730556086233889e+01 -2.268480290383275246e+02 -1.557775469184550232e+01
-4.223730556086233889e+01 -2.268480290383275246e+02 -1.557775469184550232e+01
2.190829993738369552e+01 -2.106551800917341950e+02 -1.860718747840341081e+01
2.222736660862924651e+01 -2.465052730917207384e+02 -1.198821155105553515e+01
-2.190829993738369552e+01 -2.106551800917341950e+02 -1.860718747840341081e+01
-2.222736660862924651e+01 -2.465052730917207384e+02 -1.198821155105553515e+01
0.000000000000000000e+00 1.089059441266883539e+02 -2.745130263698952433e+01
0.000000000000000000e+00 3.724710537446109981e+01 -2.971316645870585660e+01
0.000000000000000000e+00 -1.089059441266883539e+02 -2.745130263698952433e+01
0.000000000000000000e+00 -3.724710537446109981e+01 -2.971316645870585660e+01
1.307992433563803445e+02 2.335309206830842186e+02 3.936011364390385125e+00
1.012604132191166286e+02 2.278560981480453620e+02 1.150841198055143266e+01
9.672177424137630908e+01 2.495622421650634237e+02 3.949661140561937955e+00
2.189329922969194797e+01 1.662233456358937929e+02 2.351529127259913921e+01
6.401330784465550039e+01 2.048361210440795332e+02 1.820475447815442394e+01
2.220546562542781999e+01 2.666758519606872255e+02 3.992133124217739581e+00
6.444277118629015888e+01 2.405717615308592769e+02 1.158562156762776318e+01
5.943159741778895722e+01 2.609260012986585480e+02 3.983774304837074620e+00
8.133989735517266695e+01 2.473859273016282430e+02 7.922482519771965492e+00
-1.307992433563803445e+02 2.335309206830842186e+02 3.936011364390385125e+00
-1.012604132191166286e+02 2.278560981480453620e+02 1.150841198055143266e+01
-9.672177424137630908e+01 2.495622421650634237e+02 3.949661140561937955e+00
-2.189329922969194797e+01 1.662233456358937929e+02 2.351529127259913921e+01
-6.401330784465550039e+01 2.048361210440795332e+02 1.820475447815442394e+01
0.000000000000000000e+00 1.897848982316988042e+02 2.133845204886648972e+01
-2.220546562542781999e+01 2.666758519606872255e+02 3.992133124217739581e+00
-6.444277118629015888e+01 2.405717615308592769e+02 1.158562156762776318e+01
-5.943159741778895722e+01 2.609260012986585480e+02 3.983774304837074620e+00
0.000000000000000000e+00 2.602425411362580689e+02 7.992141034037023140e+00
-8.133989735517266695e+01 2.473859273016282430e+02 7.922482519771965492e+00
4.223730556086233889e+01 2.268480290383275246e+02 1.557775469184550232e+01
-4.223730556086233889e+01 2.268480290383275246e+02 1.557775469184550232e+01
2.190829993738369552e+01 2.106551800917341950e+02 1.860718747840341081e+01
2.222736660862924651e+01 2.465052730917207384e+02 1.198821155105553515e+01
-2.190829993738369552e+01 2.106551800917341950e+02 1.860718747840341081e+01
-2.222736660862924651e+01 2.465052730917207384e+02 1.198821155105553515e+01
1.307992433563803445e+02 -2.335309206830842186e+02 3.936011364390385125e+00
1.012604132191166286e+02 -2.278560981480453620e+02 1.150841198055143266e+01
9.672177424137630908e+01 -2.495622421650634237e+02 3.949661140561937955e+00
2.189329922969194797e+01 -1.662233456358937929e+02 2.351529127259913921e+01
6.401330784465550039e+01 -2.048361210440795332e+02 1.820475447815442394e+01
2.220546562542781999e+01 -2.666758519606872255e+02 3.992133124217739581e+00
6.444277118629015888e+01 -2.405717615308592769e+02 1.158562156762776318e+01
5.943159741778895722e+01 -2.609260012986585480e+02 3.983774304837074620e+00
8.133989735517266695e+01 -2.473859273016282430e+02 7.922482519771965492e+00
-1.307992433563803445e+02 -2.335309206830842186e+02 3.936011364390385125e+00
-1.012604132191166286e+02 -2.278560981480453620e+02 1.150841198055143266e+01
-9.672177424137630908e+01 -2.495622421650634237e+02 3.949661140561937955e+00
-2.189329922969194797e+01 -1.662233456358937929e+02 2.351529127259913921e+01
-6.401330784465550039e+01 -2.048361210440795332e+02 1.820475447815442394e+01
0.000000000000000000e+00 -1.897848982316988042e+02 2.133845204886648972e+01
-2.220546562542781999e+01 -2.666758519606872255e+02 3.992133124217739581e+00
-6.444277118629015888e+01 -2.405717615308592769e+02 1.158562156762776318e+01
-5.943159741778895722e+01 -2.609260012986585480e+02 3.983774304837074620e+00
0.000000000000000000e+00 -2.602425411362580689e+02 7.992141034037023140e+00
-8.133989735517266695e+01 -2.473859273016282430e+02 7.922482519771965492e+00
4.223730556086233889e+01 -2.268480290383275246e+02 1.557775469184550232e+01
-4.223730556086233889e+01 -2.268480290383275246e+02 1.557775469184550232e+01
2.190829993738369552e+01 -2.106551800917341950e+02 1.860718747840341081e+01
2.222736660862924651e+01 -2.465052730917207384e+02 1.198821155105553515e+01
-2.190829993738369552e+01 -2.106551800917341950e+02 1.860718747840341081e+01
-2.222736660862924651e+01 -2.465052730917207384e+02 1.198821155105553515e+01
0.000000000000000000e+00 1.089059441266883539e+02 2.745130263698952433e+01
0.000000000000000000e+00 3.724710537446109981e+01 2.971316645870585660e+01
0.000000000000000000e+00 -1.089059441266883539e+02 2.745130263698952433e+01
0.000000000000000000e+00 -3.724710537446109981e+01 2.971316645870585660e+01
-1.662233456358937929e+02 -2.116376214533922564e+02 2.432588803299105873e+00
-2.048361210440795332e+02 -1.638427903033898474e+02 7.112589760517279203e+00
-1.542379479666413431e+02 -2.140152919000060194e+02 6.390685969473892669e+00
-2.335309206830842186e+02 -3.542410227951346968e+01 1.453324926182003729e+01
-2.278560981480453620e+02 -1.035757078249628904e+02 1.125115702434628950e+01
-1.225774349296776222e+02 -2.046425634128996762e+02 1.405289552600862990e+01
-1.909188309203678386e+02 -1.624052578520373515e+02 1.115244103380553575e+01
-1.393528374137864887e+02 -2.115319585580945727e+02 1.038459044366976158e+01
-1.748012113482005248e+02 -1.896236586207108701e+02 8.880137777333061422e+00
-1.662233456358937929e+02 2.116376214533922564e+02 2.432588803299105873e+00
-2.048361210440795332e+02 1.638427903033898474e+02 7.112589760517279203e+00
-1.542379479666413431e+02 2.140152919000060194e+02 6.390685969473892669e+00
-2.335309206830842186e+02 3.542410227951346968e+01 1.453324926182003729e+01
-2.278560981480453620e+02 1.035757078249628904e+02 1.125115702434628950e+01
-1.225774349296776222e+02 2.046425634128996762e+02 1.405289552600862990e+01
-1.909188309203678386e+02 1.624052578520373515e+02 1.115244103380553575e+01
-1.393528374137864887e+02 2.115319585580945727e+02 1.038459044366976158e+01
-1.748012113482005248e+02 1.896236586207108701e+02 8.880137777333061422e+00
-3.542410227951346968e+01 1.307992433563803445e+02 2.594788007589824730e+01
-1.035757078249628904e+02 1.012604132191166144e+02 2.531734423867170491e+01
-5.751617372526503402e+01 1.542379479666413431e+02 2.377947687777844621e+01
-3.554695026505745403e+01 9.672177424137630908e+01 2.772913801834038239e+01
-2.116376214533922564e+02 2.189329922969195508e+01 1.846926062621042064e+01
-1.638427903033898474e+02 6.401330784465551460e+01 2.275956900489772394e+01
-2.140152919000060194e+02 5.751617372526504113e+01 1.713754977407126034e+01
-1.003719693042498022e+02 1.909188309203678102e+02 1.804502865022637081e+01
-1.264760597340776940e+02 1.225774349296775938e+02 2.273806260143329538e+01
-7.992123999599753859e+01 1.748012113482005248e+02 2.106929540230120779e+01
-1.386113691322209434e+02 1.745760037853875417e+02 1.692762635297314588e+01
-9.346131399302785780e+01 1.393528374137864887e+02 2.350355095089939894e+01
-3.592919811795966467e+01 2.220546562542781999e+01 2.963065021785413222e+01
-1.042705941086498598e+02 6.444277118629014467e+01 2.673019572565103275e+01
-3.585396874353367735e+01 5.943159741778895722e+01 2.899177792207317594e+01
-7.130234267794770631e+01 8.133989735517266695e+01 2.748732525573646868e+01
-2.046425634128996762e+02 1.264760597340776656e+02 1.361971499218640069e+01
-1.624052578520373231e+02 1.003719693042498022e+02 2.121320343559642296e+01
-2.115319585580945727e+02 9.346131399302785780e+01 1.548364860153183109e+01
-1.745760037853875701e+02 1.523486371767583307e+02 1.540126323691343835e+01
-1.896236586207108701e+02 7.992123999599753859e+01 1.942235681646672063e+01
-1.523486371767583307e+02 1.386113691322209434e+02 1.939733375393194947e+01
-3.542410227951346968e+01 -1.307992433563803445e+02 2.594788007589824730e+01
-1.035757078249628904e+02 -1.012604132191166144e+02 2.531734423867170491e+01
-5.751617372526503402e+01 -1.542379479666413431e+02 2.377947687777844621e+01
-3.554695026505745403e+01 -9.672177424137630908e+01 2.772913801834038239e+01
-2.116376214533922564e+02 -2.189329922969195508e+01 1.846926062621042064e+01
-1.638427903033898474e+02 -6.401330784465551460e+01 2.275956900489772394e+01
-2.140152919000060194e+02 -5.751617372526504113e+01 1.713754977407126034e+01
-1.920460684397984039e+02 0.000000000000000000e+00 2.108721091463320008e+01
-1.003719693042498022e+02 -1.909188309203678102e+02 1.804502865022637081e+01
-1.264760597340776940e+02 -1.225774349296775938e+02 2.273806260143329538e+01
-7.992123999599753859e+01 -1.748012113482005248e+02 2.106929540230120779e+01
-1.386113691322209434e+02 -1.745760037853875417e+02 1.692762635297314588e+01
-9.346131399302785780e+01 -1.393528374137864887e+02 2.350355095089939894e+01
-3.592919811795966467e+01 -2.220546562542781999e+01 2.963065021785413222e+01
-1.042705941086498598e+02 -6.444277118629014467e+01 2.673019572565103275e+01
-3.585396874353367735e+01 -5.943159741778895722e+01 2.899177792207317594e+01
-7.192926930633322513e+01 0.000000000000000000e+00 2.891583790402867749e+01
-7.130234267794770631e+01 -8.133989735517266695e+01 2.748732525573646868e+01
-2.046425634128996762e+02 -1.264760597340776656e+02 1.361971499218640069e+01
-1.624052578520373231e+02 -1.003719693042498022e+02 2.121320343559642296e+01
-2.115319585580945727e+02 -9.346131399302785780e+01 1.548364860153183109e+01
-1.745760037853875701e+02 -1.523486371767583307e+02 1.540126323691343835e+01
-1.896236586207108701e+02 -7.992123999599753859e+01 1.942235681646672063e+01
-1.523486371767583307e+02 -1.386113691322209434e+02 1.939733375393194947e+01
-1.401997922266095031e+02 4.223730556086232468e+01 2.520533655981416388e+01
-1.401997922266095031e+02 -4.223730556086232468e+01 2.520533655981416388e+01
-1.674646873056306902e+02 2.190829993738370263e+01 2.340613112130379747e+01
-1.078939039594998235e+02 2.222736660862924651e+01 2.738947478796897173e+01
-1.674646873056306902e+02 -2.190829993738370263e+01 2.340613112130379747e+01
-1.078939039594998235e+02 -2.222736660862924651e+01 2.738947478796897173e+01
-1.662233456358937929e+02 -2.116376214533922564e+02 -2.432588803299105873e+00
-2.048361210440795332e+02 -1.638427903033898474e+02 -7.112589760517279203e+00
-1.542379479666413431e+02 -2.140152919000060194e+02 -6.390685969473892669e+00
-1.897848982316988042e+02 -1.920460684397984039e+02 0.000000000000000000e+00
-2.335309206830842186e+02 -3.542410227951346968e+01 -1.453324926182003729e+01
-2.278560981480453620e+02 -1.035757078249628904e+02 -1.125115702434628950e+01
-1.225774349296776222e+02 -2.046425634128996762e+02 -1.405289552600862990e+01
-1.909188309203678386e+02 -1.624052578520373515e+02 -1.115244103380553575e+01
-1.393528374137864887e+02 -2.115319585580945727e+02 -1.038459044366976158e+01
-1.748012113482005248e+02 -1.896236586207108701e+02 -8.880137777333061422e+00
-2.268480290383275246e+02 -1.401997922266095031e+02 4.693033951206925458e+00
-2.268480290383275246e+02 -1.401997922266095031e+02 -4.693033951206925458e+00
-2.106551800917341950e+02 -1.674646873056306902e+02 2.434255548598188934e+00
-2.106551800917341950e+02 -1.674646873056306902e+02 -2.434255548598188934e+00
-1.662233456358937929e+02 2.116376214533922564e+02 -2.432588803299105873e+00
-2.048361210440795332e+02 1.638427903033898474e+02 -7.112589760517279203e+00
-1.542379479666413431e+02 2.140152919000060194e+02 -6.390685969473892669e+00
-1.897848982316988042e+02 1.920460684397984039e+02 0.000000000000000000e+00
-2.335309206830842186e+02 3.542410227951346968e+01 -1.453324926182003729e+01
-2.278560981480453620e+02 1.035757078249628904e+02 -1.125115702434628950e+01
-1.225774349296776222e+02 2.046425634128996762e+02 -1.405289552600862990e+01
-1.909188309203678386e+02 1.624052578520373515e+02 -1.115244103380553575e+01
-1.393528374137864887e+02 2.115319585580945727e+02 -1.038459044366976158e+01
-1.748012113482005248e+02 1.896236586207108701e+02 -8.880137777333061422e+00
-2.268480290383275246e+02 1.401997922266095031e+02 4.693033951206925458e+00
-2.268480290383275246e+02 1.401997922266095031e+02 -4.693033951206925458e+00
-2.106551800917341950e+02 1.674646873056306902e+02 2.434255548598188934e+00
-2.106551800917341950e+02 1.674646873056306902e+02 -2.434255548598188934e+00
-3.542410227951346968e+01 1.307992433563803445e+02 -2.594788007589824730e+01
-1.035757078249628904e+02 1.012604132191166144e+02 -2.531734423867170491e+01
-5.751617372526503402e+01 1.542379479666413431e+02 -2.377947687777844621e+01
-3.554695026505745403e+01 9.672177424137630908e+01 -2.772913801834038239e+01
-2.116376214533922564e+02 2.189329922969195508e+01 -1.846926062621042064e+01
-1.638427903033898474e+02 6.401330784465551460e+01 -2.275956900489772394e+01
-2.140152919000060194e+02 5.751617372526504113e+01 -1.713754977407126034e+01
-1.003719693042498022e+02 1.909188309203678102e+02 -1.804502865022637081e+01
-1.264760597340776940e+02 1.225774349296775938e+02 -2.273806260143329538e+01
-7.992123999599753859e+01 1.748012113482005248e+02 -2.106929540230120779e+01
-1.386113691322209434e+02 1.745760037853875417e+02 -1.692762635297314588e+01
-9.346131399302785780e+01 1.393528374137864887e+02 -2.350355095089939894e+01
-3.592919811795966467e+01 2.220546562542781999e+01 -2.963065021785413222e+01
-1.042705941086498598e+02 6.444277118629014467e+01 -2.673019572565103275e+01
-3.585396874353367735e+01 5.943159741778895722e+01 -2.899177792207317594e+01
-7.130234267794770631e+01 8.133989735517266695e+01 -2.748732525573646868e+01
-2.046425634128996762e+02 1.264760597340776656e+02 -1.361971499218640069e+01
-1.624052578520373231e+02 1.003719693042498022e+02 -2.121320343559642296e+01
-2.115319585580945727e+02 9.346131399302785780e+01 -1.548364860153183109e+01
-1.745760037853875701e+02 1.523486371767583307e+02 -1.540126323691343835e+01
-1.896236586207108701e+02 7.992123999599753859e+01 -1.942235681646672063e+01
-1.523486371767583307e+02 1.386113691322209434e+02 -1.939733375393194947e+01
-3.542410227951346968e+01 -1.307992433563803445e+02 -2.594788007589824730e+01
-1.035757078249628904e+02 -1.012604132191166144e+02 -2.531734423867170491e+01
-5.751617372526503402e+01 -1.542379479666413431e+02 -2.377947687777844621e+01
-3.554695026505745403e+01 -9.672177424137630908e+01 -2.772913801834038239e+01
-2.116376214533922564e+02 -2.189329922969195508e+01 -1.846926062621042064e+01
-1.638427903033898474e+02 -6.401330784465551460e+01 -2.275956900489772394e+01
-2.140152919000060194e+02 -5.751617372526504113e+01 -1.713754977407126034e+01
-1.920460684397984039e+02 0.000000000000000000e+00 -2.108721091463320008e+01
-1.003719693042498022e+02 -1.909188309203678102e+02 -1.804502865022637081e+01
-1.264760597340776940e+02 -1.225774349296775938e+02 -2.273806260143329538e+01
-7.992123999599753859e+01 -1.748012113482005248e+02 -2.106929540230120779e+01
-1.386113691322209434e+02 -1.745760037853875417e+02 -1.692762635297314588e+01
-9.346131399302785780e+01 -1.393528374137864887e+02 -2.350355095089939894e+01
-3.592919811795966467e+01 -2.220546562542781999e+01 -2.963065021785413222e+01
-1.042705941086498598e+02 -6.444277118629014467e+01 -2.673019572565103275e+01
-3.585396874353367735e+01 -5.943159741778895722e+01 -2.899177792207317594e+01
-7.192926930633322513e+01 0.000000000000000000e+00 -2.891583790402867749e+01
-7.130234267794770631e+01 -8.133989735517266695e+01 -2.748732525573646868e+01
-2.046425634128996762e+02 -1.264760597340776656e+02 -1.361971499218640069e+01
-1.624052578520373231e+02 -1.003719693042498022e+02 -2.121320343559642296e+01
-2.115319585580945727e+02 -9.346131399302785780e+01 -1.548364860153183109e+01
-1.745760037853875701e+02 -1.523486371767583307e+02 -1.540126323691343835e+01
-1.896236586207108701e+02 -7.992123999599753859e+01 -1.942235681646672063e+01
-1.523486371767583307e+02 -1.386113691322209434e+02 -1.939733375393194947e+01
-1.401997922266095031e+02 4.223730556086232468e+01 -2.520533655981416388e+01
-1.401997922266095031e+02 -4.223730556086232468e+01 -2.520533655981416388e+01
-1.674646873056306902e+02 2.190829993738370263e+01 -2.340613112130379747e+01
-1.078939039594998235e+02 2.222736660862924651e+01 -2.738947478796897173e+01
-1.674646873056306902e+02 -2.190829993738370263e+01 -2.340613112130379747e+01
-1.078939039594998235e+02 -2.222736660862924651e+01 -2.738947478796897173e+01
-2.470617237329057048e+02 0.000000000000000000e+00 1.210066045852092920e+01
-2.674184981283527236e+02 0.000000000000000000e+00 4.138567263829011189e+00
-2.495622421650634237e+02 -3.554695026505745403e+01 1.074686380459736768e+01
-2.495622421650634237e+02 3.554695026505745403e+01 1.074686380459736768e+01
-2.470617237329057048e+02 0.000000000000000000e+00 -1.210066045852092920e+01
-2.674184981283527236e+02 0.000000000000000000e+00 -4.138567263829011189e+00
-2.495622421650634237e+02 -3.554695026505745403e+01 -1.074686380459736768e+01
-2.495622421650634237e+02 3.554695026505745403e+01 -1.074686380459736768e+01
-2.405717615308592769e+02 -1.042705941086498598e+02 7.160307909587794839e+00
-2.666758519606872255e+02 -3.592919811795966467e+01 2.467273958380868937e+00
-2.473859273016282430e+02 -7.130234267794770631e+01 9.037766372796962600e+00
-2.465052730917207953e+02 -1.078939039594998235e+02 2.469707400958805810e+00
-2.609260012986585480e+02 -3.585396874353367735e+01 6.603510824198773221e+00
-2.405717615308592769e+02 1.042705941086498598e+02 7.160307909587794839e+00
-2.666758519606872255e+02 3.592919811795966467e+01 2.467273958380868937e+00
-2.473859273016282430e+02 7.130234267794770631e+01 9.037766372796962600e+00
-2.465052730917207953e+02 1.078939039594998235e+02 2.469707400958805810e+00
-2.609260012986585480e+02 3.585396874353367735e+01 6.603510824198773221e+00
-2.405717615308592769e+02 -1.042705941086498598e+02 -7.160307909587794839e+00
-2.666758519606872255e+02 -3.592919811795966467e+01 -2.467273958380868937e+00
-2.473859273016282430e+02 -7.130234267794770631e+01 -9.037766372796962600e+00
-2.465052730917207953e+02 -1.078939039594998235e+02 -2.469707400958805810e+00
-2.609260012986585480e+02 -3.585396874353367735e+01 -6.603510824198773221e+00
-2.602425411362580689e+02 -7.192926930633322513e+01 0.000000000000000000e+00
-2.405717615308592769e+02 1.042705941086498598e+02 -7.160307909587794839e+00
-2.666758519606872255e+02 3.592919811795966467e+01 -2.467273958380868937e+00
-2.473859273016282430e+02 7.130234267794770631e+01 -9.037766372796962600e+00
-2.465052730917207953e+02 1.078939039594998235e+02 -2.469707400958805810e+00
-2.609260012986585480e+02 3.585396874353367735e+01 -6.603510824198773221e+00
-2.602425411362580689e+02 7.192926930633322513e+01 0.000000000000000000e+00
1.662233456358937929e+02 -2.116376214533922564e+02 2.432588803299105873e+00
2.048361210440795332e+02 -1.638427903033898474e+02 7.112589760517279203e+00
1.542379479666413431e+02 -2.140152919000060194e+02 6.390685969473892669e+00
2.335309206830842186e+02 -3.542410227951346968e+01 1.453324926182003729e+01
2.278560981480453620e+02 -1.035757078249628904e+02 1.125115702434628950e+01
1.225774349296776222e+02 -2.046425634128996762e+02 1.405289552600862990e+01
1.909188309203678386e+02 -1.624052578520373515e+02 1.115244103380553575e+01
1.393528374137864887e+02 -2.115319585580945727e+02 1.038459044366976158e+01
1.748012113482005248e+02 -1.896236586207108701e+02 8.880137777333061422e+00
1.662233456358937929e+02 2.116376214533922564e+02 2.432588803299105873e+00
2.048361210440795332e+02 1.638427903033898474e+02 7.112589760517279203e+00
1.542379479666413431e+02 2.140152919000060194e+02 6.390685969473892669e+00
2.335309206830842186e+02 3.542410227951346968e+01 1.453324926182003729e+01
2.278560981480453620e+02 1.035757078249628904e+02 1.125115702434628950e+01
1.225774349296776222e+02 2.046425634128996762e+02 1.405289552600862990e+01
1.909188309203678386e+02 1.624052578520373515e+02 1.115244103380553575e+01
1.393528374137864887e+02 2.115319585580945727e+02 1.038459044366976158e+01
1.748012113482005248e+02 1.896236586207108701e+02 8.880137777333061422e+00
3.542410227951346968e+01 1.307992433563803445e+02 2.594788007589824730e+01
1.035757078249628904e+02 1.012604132191166144e+02 2.531734423867170491e+01
5.751617372526503402e+01 1.542379479666413431e+02 2.377947687777844621e+01
3.554695026505745403e+01 9.672177424137630908e+01 2.772913801834038239e+01
2.116376214533922564e+02 2.189329922969195508e+01 1.846926062621042064e+01
1.638427903033898474e+02 6.401330784465551460e+01 2.275956900489772394e+01
2.140152919000060194e+02 5.751617372526504113e+01 1.713754977407126034e+01
1.003719693042498022e+02 1.909188309203678102e+02 1.804502865022637081e+01
1.264760597340776940e+02 1.225774349296775938e+02 2.273806260143329538e+01
7.992123999599753859e+01 1.748012113482005248e+02 2.106929540230120779e+01
1.386113691322209434e+02 1.745760037853875417e+02 1.692762635297314588e+01
9.346131399302785780e+01 1.393528374137864887e+02 2.350355095089939894e+01
3.592919811795966467e+01 2.220546562542781999e+01 2.963065021785413222e+01
1.042705941086498598e+02 6.444277118629014467e+01 2.673019572565103275e+01
3.585396874353367735e+01 5.943159741778895722e+01 2.899177792207317594e+01
7.130234267794770631e+01 8.133989735517266695e+01 2.748732525573646868e+01
2.046425634128996762e+02 1.264760597340776656e+02 1.361971499218640069e+01
1.624052578520373231e+02 1.003719693042498022e+02 2.121320343559642296e+01
2.115319585580945727e+02 9.346131399302785780e+01 1.548364860153183109e+01
1.745760037853875701e+02 1.523486371767583307e+02 1.540126323691343835e+01
1.896236586207108701e+02 7.992123999599753859e+01 1.942235681646672063e+01
1.523486371767583307e+02 1.386113691322209434e+02 1.939733375393194947e+01
3.542410227951346968e+01 -1.307992433563803445e+02 2.594788007589824730e+01
1.035757078249628904e+02 -1.012604132191166144e+02 2.531734423867170491e+01
5.751617372526503402e+01 -1.542379479666413431e+02 2.377947687777844621e+01
3.554695026505745403e+01 -9.672177424137630908e+01 2.772913801834038239e+01
2.116376214533922564e+02 -2.189329922969195508e+01 1.846926062621042064e+01
1.638427903033898474e+02 -6.401330784465551460e+01 2.275956900489772394e+01
2.140152919000060194e+02 -5.751617372526504113e+01 1.713754977407126034e+01
1.920460684397984039e+02 0.000000000000000000e+00 2.108721091463320008e+01
1.003719693042498022e+02 -1.909188309203678102e+02 1.804502865022637081e+01
1.264760597340776940e+02 -1.225774349296775938e+02 2.273806260143329538e+01
7.992123999599753859e+01 -1.748012113482005248e+02 2.106929540230120779e+01
1.386113691322209434e+02 -1.745760037853875417e+02 1.692762635297314588e+01
9.346131399302785780e+01 -1.393528374137864887e+02 2.350355095089939894e+01
3.592919811795966467e+01 -2.220546562542781999e+01 2.963065021785413222e+01
1.042705941086498598e+02 -6.444277118629014467e+01 2.673019572565103275e+01
3.585396874353367735e+01 -5.943159741778895722e+01 2.899177792207317594e+01
7.192926930633322513e+01 0.000000000000000000e+00 2.891583790402867749e+01
7.130234267794770631e+01 -8.133989735517266695e+01 2.748732525573646868e+01
2.046425634128996762e+02 -1.264760597340776656e+02 1.361971499218640069e+01
1.624052578520373231e+02 -1.003719693042498022e+02 2.121320343559642296e+01
2.115319585580945727e+02 -9.346131399302785780e+01 1.548364860153183109e+01
1.745760037853875701e+02 -1.523486371767583307e+02 1.540126323691343835e+01
1.896236586207108701e+02 -7.992123999599753859e+01 1.942235681646672063e+01
1.523486371767583307e+02 -1.386113691322209434e+02 1.939733375393194947e+01
1.401997922266095031e+02 4.223730556086232468e+01 2.520533655981416388e+01
1.401997922266095031e+02 -4.223730556086232468e+01 2.520533655981416388e+01
1.674646873056306902e+02 2.190829993738370263e+01 2.340613112130379747e+01
1.078939039594998235e+02 2.222736660862924651e+01 2.738947478796897173e+01
1.674646873056306902e+02 -2.190829993738370263e+01 2.340613112130379747e+01
1.078939039594998235e+02 -2.222736660862924651e+01 2.738947478796897173e+01
1.662233456358937929e+02 -2.116376214533922564e+02 -2.432588803299105873e+00
2.048361210440795332e+02 -1.638427903033898474e+02 -7.112589760517279203e+00
1.542379479666413431e+02 -2.140152919000060194e+02 -6.390685969473892669e+00
1.897848982316988042e+02 -1.920460684397984039e+02 0.000000000000000000e+00
2.335309206830842186e+02 -3.542410227951346968e+01 -1.453324926182003729e+01
2.278560981480453620e+02 -1.035757078249628904e+02 -1.125115702434628950e+01
1.225774349296776222e+02 -2.046425634128996762e+02 -1.405289552600862990e+01
1.909188309203678386e+02 -1.624052578520373515e+02 -1.115244103380553575e+01
1.393528374137864887e+02 -2.115319585580945727e+02 -1.038459044366976158e+01
1.748012113482005248e+02 -1.896236586207108701e+02 -8.880137777333061422e+00
2.268480290383275246e+02 -1.401997922266095031e+02 4.693033951206925458e+00
2.268480290383275246e+02 -1.401997922266095031e+02 -4.693033951206925458e+00
2.106551800917341950e+02 -1.674646873056306902e+02 2.434255548598188934e+00
2.106551800917341950e+02 -1.674646873056306902e+02 -2.434255548598188934e+00
1.662233456358937929e+02 2.116376214533922564e+02 -2.432588803299105873e+00
2.048361210440795332e+02 1.638427903033898474e+02 -7.112589760517279203e+00
1.542379479666413431e+02 2.140152919000060194e+02 -6.390685969473892669e+00
1.897848982316988042e+02 1.920460684397984039e+02 0.000000000000000000e+00
2.335309206830842186e+02 3.542410227951346968e+01 -1.453324926182003729e+01
2.278560981480453620e+02 1.035757078249628904e+02 -1.125115702434628950e+01
1.225774349296776222e+02 2.046425634128996762e+02 -1.405289552600862990e+01
1.909188309203678386e+02 1.624052578520373515e+02 -1.115244103380553575e+01
1.393528374137864887e+02 2.115319585580945727e+02 -1.038459044366976158e+01
1.748012113482005248e+02 1.896236586207108701e+02 -8.880137777333061422e+00
2.268480290383275246e+02 1.401997922266095031e+02 4.693033951206925458e+00
2.268480290383275246e+02 1.401997922266095031e+02 -4.693033951206925458e+00
2.106551800917341950e+02 1.674646873056306902e+02 2.434255548598188934e+00
2.106551800917341950e+02 1.674646873056306902e+02 -2.434255548598188934e+00
3.542410227951346968e+01 1.307992433563803445e+02 -2.594788007589824730e+01
1.035757078249628904e+02 1.012604132191166144e+02 -2.531734423867170491e+01
5.751617372526503402e+01 1.542379479666413431e+02 -2.377947687777844621e+01
3.554695026505745403e+01 9.672177424137630908e+01 -2.772913801834038239e+01
2.116376214533922564e+02 2.189329922969195508e+01 -1.846926062621042064e+01
1.638427903033898474e+02 6.401330784465551460e+01 -2.275956900489772394e+01
2.140152919000060194e+02 5.751617372526504113e+01 -1.713754977407126034e+01
1.003719693042498022e+02 1.909188309203678102e+02 -1.804502865022637081e+01
1.264760597340776940e+02 1.225774349296775938e+02 -2.273806260143329538e+01
7.992123999599753859e+01 1.748012113482005248e+02 -2.106929540230120779e+01
1.386113691322209434e+02 1.745760037853875417e+02 -1.692762635297314588e+01
9.346131399302785780e+01 1.393528374137864887e+02 -2.350355095089939894e+01
3.592919811795966467e+01 2.220546562542781999e+01 -2.963065021785413222e+01
1.042705941086498598e+02 6.444277118629014467e+01 -2.673019572565103275e+01
3.585396874353367735e+01 5.943159741778895722e+01 -2.899177792207317594e+01
7.130234267794770631e+01 8.133989735517266695e+01 -2.748732525573646868e+01
2.046425634128996762e+02 1.264760597340776656e+02 -1.361971499218640069e+01
1.624052578520373231e+02 1.003719693042498022e+02 -2.121320343559642296e+01
2.115319585580945727e+02 9.346131399302785780e+01 -1.548364860153183109e+01
1.745760037853875701e+02 1.523486371767583307e+02 -1.540126323691343835e+01
1.896236586207108701e+02 7.992123999599753859e+01 -1.942235681646672063e+01
1.523486371767583307e+02 1.386113691322209434e+02 -1.939733375393194947e+01
3.542410227951346968e+01 -1.307992433563803445e+02 -2.594788007589824730e+01
1.035757078249628904e+02 -1.012604132191166144e+02 -2.531734423867170491e+01
5.751617372526503402e+01 -1.542379479666413431e+02 -2.377947687777844621e+01
3.554695026505745403e+01 -9.672177424137630908e+01 -2.772913801834038239e+01
2.116376214533922564e+02 -2.189329922969195508e+01 -1.846926062621042064e+01
1.638427903033898474e+02 -6.401330784465551460e+01 -2.275956900489772394e+01
2.140152919000060194e+02 -5.751617372526504113e+01 -1.713754977407126034e+01
1.920460684397984039e+02 0.000000000000000000e+00 -2.108721091463320008e+01
1.003719693042498022e+02 -1.909188309203678102e+02 -1.804502865022637081e+01
1.264760597340776940e+02 -1.225774349296775938e+02 -2.273806260143329538e+01
7.992123999599753859e+01 -1.748012113482005248e+02 -2.106929540230120779e+01
1.386113691322209434e+02 -1.745760037853875417e+02 -1.692762635297314588e+01
9.346131399302785780e+01 -1.393528374137864887e+02 -2.350355095089939894e+01
3.592919811795966467e+01 -2.220546562542781999e+01 -2.963065021785413222e+01
1.042705941086498598e+02 -6.444277118629014467e+01 -2.673019572565103275e+01
3.585396874353367735e+01 -5.943159741778895722e+01 -2.899177792207317594e+01
7.192926930633322513e+01 0.000000000000000000e+00 -2.891583790402867749e+01
7.130234267794770631e+01 -8.133989735517266695e+01 -2.748732525573646868e+01
2.046425634128996762e+02 -1.264760597340776656e+02 -1.361971499218640069e+01
1.624052578520373231e+02 -1.003719693042498022e+02 -2.121320343559642296e+01
2.115319585580945727e+02 -9.346131399302785780e+01 -1.548364860153183109e+01
1.745760037853875701e+02 -1.523486371767583307e+02 -1.540126323691343835e+01
1.896236586207108701e+02 -7.992123999599753859e+01 -1.942235681646672063e+01
1.523486371767583307e+02 -1.386113691322209434e+02 -1.939733375393194947e+01
1.401997922266095031e+02 4.223730556086232468e+01 -2.520533655981416388e+01
1.401997922266095031e+02 -4.223730556086232468e+01 -2.520533655981416388e+01
1.674646873056306902e+02 2.190829993738370263e+01 -2.340613112130379747e+01
1.078939039594998235e+02 2.222736660862924651e+01 -2.738947478796897173e+01
1.674646873056306902e+02 -2.190829993738370263e+01 -2.340613112130379747e+01
1.078939039594998235e+02 -2.222736660862924651e+01 -2.738947478796897173e+01
2.470617237329057048e+02 0.000000000000000000e+00 1.210066045852092920e+01
2.674184981283527236e+02 0.000000000000000000e+00 4.138567263829011189e+00
2.495622421650634237e+02 -3.554695026505745403e+01 1.074686380459736768e+01
2.495622421650634237e+02 3.554695026505745403e+01 1.074686380459736768e+01
2.470617237329057048e+02 0.000000000000000000e+00 -1.210066045852092920e+01
2.674184981283527236e+02 0.000000000000000000e+00 -4.138567263829011189e+00
2.495622421650634237e+02 -3.554695026505745403e+01 -1.074686380459736768e+01
2.495622421650634237e+02 3.554695026505745403e+01 -1.074686380459736768e+01
2.405717615308592769e+02 -1.042705941086498598e+02 7.160307909587794839e+00
2.666758519606872255e+02 -3.592919811795966467e+01 2.467273958380868937e+00
2.473859273016282430e+02 -7.130234267794770631e+01 9.037766372796962600e+00
2.465052730917207953e+02 -1.078939039594998235e+02 2.469707400958805810e+00
2.609260012986585480e+02 -3.585396874353367735e+01 6.603510824198773221e+00
2.405717615308592769e+02 1.042705941086498598e+02 7.160307909587794839e+00
2.666758519606872255e+02 3.592919811795966467e+01 2.467273958380868937e+00
2.473859273016282430e+02 7.130234267794770631e+01 9.037766372796962600e+00
2.465052730917207953e+02 1.078939039594998235e+02 2.469707400958805810e+00
2.609260012986585480e+02 3.585396874353367735e+01 6.603510824198773221e+00
2.405717615308592769e+02 -1.042705941086498598e+02 -7.160307909587794839e+00
2.666758519606872255e+02 -3.592919811795966467e+01 -2.467273958380868937e+00
2.473859273016282430e+02 -7.130234267794770631e+01 -9.037766372796962600e+00
2.465052730917207953e+02 -1.078939039594998235e+02 -2.469707400958805810e+00
2.609260012986585480e+02 -3.585396874353367735e+01 -6.603510824198773221e+00
2.602425411362580689e+02 -7.192926930633322513e+01 0.000000000000000000e+00
2.405717615308592769e+02 1.042705941086498598e+02 -7.160307909587794839e+00
2.666758519606872255e+02 3.592919811795966467e+01 -2.467273958380868937e+00
2.473859273016282430e+02 7.130234267794770631e+01 -9.037766372796962600e+00
2.465052730917207953e+02 1.078939039594998235e+02 -2.469707400958805810e+00
2.609260012986585480e+02 3.585396874353367735e+01 -6.603510824198773221e+00
2.602425411362580689e+02 7.192926930633322513e+01 0.000000000000000000e+00
